##1331418323997908999##
1331418694581444610
1331418864249409537
1331418864954044416
1331419325027262464
1331422306267230208
1331422518503223296
1331423637874896899
1331426188175224832
1331427450232909827
1331427835639160833
1331429886502825985
1331433797456420864
1331436825630699524
1331438625515507714
1331442742812086272
1331442842179399680
1331443117044748288
1331443968622665728
1331446861358632960
1331446992166416385
1331448102058926080
1331451507447898113
1331452067899191299
1331452715956920320
1331452947503460354
1331453678113476608
1331454017550110720
1331458189334892545
1331458837598117888
1331459318839975939
1331460119016697857
1331460496696995840
1331460689567887361
1331461650516480001
1331472515240255488
1331473400087384070
1331474314244329474
1331475237368578048
1331475679175733248
1331475965965443075
1331477846687178752
1331478938862940160
1331479004763873280
1331479428883509250
1331479810837794816
1331480962396524545
1331481119162851334
1331481345927901184
1331482080509911041
1331482085064929281
1331485604283027457
1331485679654723587
1331487014621949953
1331487627464282118
1331488075663499264
1331489683281502208
1331491439029719040
1331491895269330945
1331492018435067904
1331492255962632193
1331493272141914112
1331493840516157440
1331496168912785416
1331496187300556801
1331497340675428353
1331498025282392067
1331498492959842304
1331499580748394497
1331499786500009985
1331500331344211968
1331500889648078850
1331500916109959168
1331503296998219776
1331504726253461511
1331505771633397760
1331505884455972864
1331506291223781376
1331506834302251010
1331507081724227584
1331507514391863296
1331508356482215937
1331509512499507201
1331510556692504579
1331510645007773697
1331511290221752323
1331511823292633089
1331512098288001024
1331513515195109382
1331514145569722368
1331515577509306368
1331516296517873666
1331516888246005761
1331517115057254402
1331517635687817216
1331517948071190531
1331518902527021056
1331519849336627202
1331520274215407617
1331521006599598080
1331522607141822464
1331524665559420934
1331525401714323459
1331525798931681282
1331526044650762244
1331527340250320896
1331527956997562369
1331528307637149697
1331528683467771910
1331528934119403520
1331529196217176064
1331530267094298624
1331530451673112576
1331530970583937027
1331531131792011264
1331531758479826944
1331532996458012673
1331534070736674816
1331534394289500160
1331534665233133568
1331534896901320705
1331535256646774786
1331535627393904640
1331535948409151488
1331536141191966721
1331536608353542146
1331536807167729664
1331536815849934848
1331537071702466560
1331537190489366528
1331537678958030848
1331537918637330433
1331538366266011648
1331538688451497986
1331538964939988993
1331539266602754048
1331540994660196352
1331541132375896066
1331541575030239234
1331541694156836867
1331544523827253248
1331544580295192576
1331544716152860673
1331545242730893312
1331545360578326528
1331545520792346624
1331545625176002561
1331545688317030402
1331547126875238401
1331547796844015617
1331548709310631943
1331549017998811136
1331549076714889219
1331550293058838529
1331550843481567232
1331551434836500482
1331551856640860161
1331552632746479617
1331553947685937152
1331554068079194113
1331554682653782016
1331555495753166849
1331557634294607872
1331558687404646400
1331559108680560640
1331559430417211400
1331559976565870597
1331560811186237443
1331560952291069953
1331562491416109056
1331563453337759744
1331563732766511104
1331564576471724032
1331564928130539520
1331564962746142726
1331565576720961537
1331565695218425857
1331568136273977344
1331569364357754880
1331571611892387848
1331572083357310976
1331572153091825665
1331572500996747264
1331573678086250496
1331573971129692160
1331574500916387844
1331575144704307202
1331576231385567234
1331576370070253569
1331577156040847362
1331577586212802560
1331577623437316101
1331577660603052034
1331580556904161281
1331580583122767875
1331580972366704640
1331581400458424321
1331582417623273473
1331583141165883392
1331585563292536833
1331585657643405323
1331586443093880834
1331588071490420740
1331589186399375360
1331589493854449677
1331590062300131329
1331590287089676288
1331590496980963332
1331591035424825351
1331593686405308418
1331594234655334404
1331594250857959424
1331595531710304256
1331596254124634114
1331596369635717121
1331596424954466306
1331597113394950145
1331597913022214145
1331600933474738180
1331600976537653252
1331602190700597249
1331603231823294467
1331603267755892741
1331603388405063682
1331603782774517760
1331607144802770946
1331608783152406528
1331609354064302082
1331609501389164544
1331612046866059265
1331612263585812482
1331613640441688072
1331614110010707970
1331614205460566018
1331614457169129473
1331616156919140352
1331616439963365376
1331617126247960576
1331620931060592640
1331621854801440768
1331623432539267072
1331623543952584704
1331624245072457733
1331624409887608832
1331624836792283137
1331624972381511680
1331625676261236737
1331627750751412224
1331628209302016001
1331628593198358531
1331630428944539651
1331631376332967939
1331632797149253634
1331634252828594177
1331634421473177600
1331635192738570242
1331636078747525122
1331637134135091200
1331638353540866048
1331638790960672771
1331639467627700224
1331641894640742405
1331644130670370821
1331644868527964162
1331646619520020481
1331650128516702208
1331651126324834304
1331651422031581186
1331653600712544263
1331653659747348481
1331654170877812740
1331656595835674625
1331656697073512452
1331657572076621824
1331658357275549705
1331662451021131777
1331662911744438272
1331663138471731201
1331668613242220553
1331674657129435138
1331675349705498625
1331675977961889795
1331676765954183172
1331678381981753345
1331678790980931588
1331680757459333125
1331686483208663040
1331689706585812994
1331690175567630338
1331690445752197127
1331692756935258113
1331694729738719234
1331696062118162437
1331696249637101569
1331697265484980224
1331699613179523073
1331700775282765824
1331701113087782914
1331701466965405698
1331702296426778625
1331702580334956544
1331703655003787264
1331707503315460109
1331709765479768065
1331710303545995264
1331718607219384326
1331720427476021257
1331723246555844609
1331726322842865667
1331728898535600128
1331743873635389441
1331748675790524416
1331750312475062275
1331754145318133761
1331757709578924032
1331761294857396224
1331800154677137409
1331810246780723200
1331820513187033094
1331823570440384512
1331836197354823680
1331846128061587456
1331902838163845122
1331902992077950979
1331906417385754625
1331936289025822721
1331950809219796992
1331965222714814464
1331977770071695363
1332013311202906116
1332027817505271809
1332034447919763456
1332613793231343616
1333078272398274561
##1331397150618636288##
1331400502723096576
1331400762413494274
1331409240481783809
1331412529390776322
1331441066508247040
1331447079072362497
1331450696873467904
1331461106485915648
1331483332736069633
1331487038701506561
1331494871262244865
1331495561837555712
1331506792661196801
1331520567388876804
1331523556551880705
1331525180112457729
1331525449680347137
1331536879259447296
1331557518250815490
1331559714665205761
1331569912276545537
1331596109068857346
1331600162624589825
1331617332620390407
##1331692087377539072##
1331692118805520391
1331692159377043465
1331692174560333825
1331692177941032960
1331692186656776197
1331692225219145737
1331692245146357762
1331692261256597505
1331692279535448064
1331692291078098945
1331692297185079302
1331692343209103363
1331692351169892354
1331692392160899078
1331692393545003010
1331692414860480513
1331692420594081792
1331692517251829766
1331692521441923075
1331692534662373380
1331692624445632514
1331692708944089090
1331692721266970625
1331692730267955201
1331692766007595008
1331692895129268225
1331692900221063170
1331692950196203521
1331692973596225542
1331693083176656899
1331693240278511616
1331693306603073537
1331693334868398087
1331693379797868548
1331693522156720129
1331693589039095811
1331693592369360899
1331693665182494722
1331693725395935236
1331694062425034755
1331694189231435776
1331694194184871938
1331694203403984896
1331694247892938753
1331694324980064265
1331694343556632578
1331694371889143810
1331694458363146242
1331695150448472064
1331695217184010241
1331695278160830464
1331695435602391040
1331695699080204288
1331695741820153862
1331695759604011010
1331696082800283651
1331696314044870664
1331696386925096963
1331697152834351104
1331697213290946560
1331697390278021120
1331697407218823172
1331697506762317825
1331697643798532096
1331697798220275714
1331697931729199110
1331698084716421120
1331698128848871425
1331698202421174277
1331698232901193731
1331698236596293632
1331698280871432202
1331698303831068673
1331698543002869766
1331698583020728322
1331699042502512646
1331699709975490561
1331699859318042625
1331699957154385921
1331700376861634563
1331700576963473410
1331701519910129667
1331701578777178120
1331702608160038913
1331702734119178240
1331702742990123008
1331703492629639169
1331703711454945286
1331704174501916673
1331704205548064768
1331704235126362112
1331704870282387461
1331705702990147584
1331705961636048898
1331706020809363467
1331706431599423488
1331706567738191876
1331707091497738243
1331707128868990976
1331707923484073985
1331708057211056133
1331708118263324675
1331708316402278401
1331708488314204162
1331708961129701383
1331711111704489988
1331712075547226113
1331713046918684680
1331713550675550208
1331715585252749314
1331715605397958660
1331716173520572417
1331719777853857795
1331719789090377734
1331721486688808967
1331721696970203136
1331722109589090304
1331723795346944003
1331724721415737345
1331725679474438145
1331725914925903886
1331728977023684610
1331729180204167170
1331729517128392704
1331729800290062336
1331731858808246272
1331732900073639938
1331734545171959813
1331736308595748867
1331738544201752576
1331738964567461890
1331739879374524417
1331741680706478080
1331743089984204800
1331747063776894976
1331748154090414082
1331752191481274369
1331759963417550849
1331765178208301058
1331765505812815873
1331769366501855232
1331777875821932544
1331792464655552512
1331795268598190080
1331796518072954881
1331801816380698625
1331816264646488065
1331820445809602562
1331824356238962694
1331824720963055618
1331831590503243776
1331839786571755525
1331842605026570242
1331843036419149824
1331852634425352192
1331856509215662080
1331869466087600128
1331870407507447809
1331873354152898563
1331874529992388608
1331876936054935552
1331878336147181569
1331890890206556162
1331899122555744257
1331907970502782976
1331908042754027520
1331911330782195714
1331914310248001543
1331914867054407681
1331915729436815360
1331919810863706113
1331920160270245889
1331940804139618305
1331955219434008576
1331965909104287744
1331986853021540354
1331994852792348672
1332010816019832838
1332021279726178304
##1331404503967363072##
1331506316750299136
1331571599317798914
1331593309731610624
1331627079150964736
1331632482819731459
##1331525332445388804##
1331525474800037889
1331525799183347718
1331525882931011584
1331526478044033024
1331526490564030467
1331526596877021185
1331526718608257025
1331527176714407936
1331527329932333056
1331527777191866369
1331528056549367808
1331529023244148737
1331529032966557697
1331529111462957056
1331529162083983360
1331529168216072195
1331529274608717824
1331529483266953216
1331529546823327744
1331529670374924290
1331529810917650432
1331529971651796992
1331530160319959041
1331530304633380864
1331530953974550535
1331531079333896193
1331531106160668673
1331531476467404801
1331531566019907584
1331531813802618880
1331531821696364545
1331531954991341570
1331532325050572801
1331532725514342400
1331532947665641473
1331533089038807042
1331533316516958208
1331533380383543298
1331533383332139008
1331533653147602945
1331533659481001985
1331533728842194944
1331533810052292610
1331533903069319169
1331534128680984576
1331534205336084481
1331534283975110659
1331534884611960834
1331534908867698688
1331534963792097281
1331535254092472326
1331535300582137857
1331535415279579137
1331535449404354560
1331535625594560512
1331535808067760128
1331535960962715651
1331536253242707968
1331536270225530880
1331536444154896384
1331536683226034184
1331536832417378307
1331537402263900163
1331538040385396736
1331538466287575041
1331538544024809474
1331538595895767042
1331538738820866051
1331539807437271041
1331539945773785091
1331540044478287872
1331540751038242818
1331540777940430852
1331540940511735812
1331541215330885632
1331541645985271815
1331541810624290818
1331542610629029888
1331543531706576896
1331543839321026562
1331544073656791041
1331544978993147905
1331545136594120704
1331545138204717062
1331545271357104128
1331546422659919874
1331546735529906176
1331546886856118272
1331546912844091395
1331548578620338176
1331549216733323265
1331549452562206720
1331549481502994433
1331549482849361920
1331550065203290112
1331550086401302529
1331550298373058561
1331550681426243585
1331552029156790272
1331552367335124993
1331552562651213828
1331553338668814336
1331554002358689800
1331554317162131456
1331554952628604930
1331555676393525248
1331555997182210048
1331556091403104259
1331556931828387840
1331559273483149314
1331561701280518145
1331561915827499009
1331561975973892097
1331562786804158464
1331563706841518080
1331564050384375819
1331564965870907401
1331566544363589634
1331566872618266626
1331567169545646080
1331569967083495426
1331570446253350912
1331571073222053888
1331574695502680065
1331575085518426113
1331576835524661249
1331577428989382659
1331577674163245056
1331579114126516227
1331580129546543105
1331581131406401540
1331581160464461827
1331583876666372097
1331587324841500674
1331587734411112458
1331588013168717830
1331589280364367874
1331596668970659847
1331599591880478723
1331618836127354882
1331621961080983555
1331623049934893058
1331627786113576964
1331679262001258503
1331688588203986949
1331690133117145090
1331691815209197571
1331692251551068160
1331704609698668544
1331704951245070339
1331795334826233865
1331805114718367744
1331852225912713218
1332001484335157254
1332019817176584194
1332323357044445186
1332360674610192386
##1331401923803672576##
1331402557072269317
1331402730599026688
1331403221164814340
1331423331497684992
1331430013590233091
1331488077160779779
1331488306941603841
1331531403557789697
1331536812318318592
1331538251639828482
1331550345399595009
1331550380275208193
1331552139869564929
1331552441658118145
1331557710492524547
1331559772043218945
1331565860826341384
1331570682665324545
1331579193596010498
1331581677597061120
1331583326860218370
1331586140961435649
1331590023968411648
1331591219353440261
1331592266360758273
1331600379721682944
1331607984623988736
1331608465408659458
1331616919686963206
1331620100311568386
1331620896646303744
1331621463703564288
1331621509031407617
1331622419631644675
1331623860719005696
1331626610026483714
1331633002460352517
1331634628881428482
1331635538584014856
1331637433193148416
1331640084026822659
1331649958806687748
1331655229700530179
1331658291030712324
1331678613784174592
1331687796453543937
1331692508754141185
1331702100758327298
1331718578924556289
1331886824940253184
1331923791790923778
1332078382356586497
1360392385063182336
##1331560795835084801##
1331560844371644419
1331560940970586113
1331560947769634816
1331560951687110656
1331560959463337986
1331560963716341760
1331561119782146050
1331561203353743360
1331561258089373696
1331561317187117057
1331561436246646785
1331561438155071489
1331561472699326466
1331561486762840064
1331561736583966720
1331562015668793345
1331562043103727616
1331562301598658563
1331562302378815488
1331562317889343488
1331562715601580032
1331562748396904448
1331562941267795969
1331562962918772736
1331563052412645377
1331563273980960769
1331564039613374464
1331564060287098880
1331564225437847554
1331564713088593920
1331565301113163776
1331565342561275904
1331565467845193734
1331565921773776896
1331566153240616961
1331566191115005958
1331566688794517510
1331567614531936258
1331567626389164032
1331568277336756225
1331568282843959296
1331568822873174016
1331569009641271301
1331569133469700098
1331569153774325760
1331570020904787968
1331571015231606787
1331571171628879873
1331571287345467397
1331572054857015297
1331572139993026562
1331572778529660932
1331573187109412865
1331573616136347648
1331574267897667584
1331575217827811330
1331575252346875904
1331575895824470017
1331578364763791362
1331578826221101056
1331580469071269889
1331580805991325696
1331580924115423233
1331585649376366593
1331585861306228738
1331586377117470720
1331588158006452234
1331588807825760257
1331590489070505984
1331595195893358594
1331606592714846214
1331608770686963712
1331610673948844039
1331611668657414144
1331625838064885763
1331630650022105093
1331635498432000001
1331635515142123521
1331636326312140801
1331644977437437952
1331649791739260930
1331671346007461888
1331685987337056256
1331694750638936064
1331707652339085312
1331718586755403778
1331727459880984576
1331743606038810624
1331754127207096321
1331768091529895940
1331793770506039296
1331820095300112384
1331898680232861696
1331940986046599169
1332089386113118215
1332786079850754056
##1331403116621803521##
1331461712344715267
1331463848193351680
1331469823008776192
1331470839468990466
1331473484556492800
1331475107273961472
1331476809045725185
1331477704730947584
1331477996029534213
1331478504580460545
1331481175559430144
1331485764660695041
1331486432561680385
1331489844607004678
1331502978109493248
1331503720048300032
1331512564287758340
1331513721949184002
1331566168096825344
1331568537153003521
1331582968402472963
1331584072469147648
1331590950695694337
1331600674900021250
1331606390557843458
1331620553514487811
1331620918561542152
1331622132934189058
1331624646152757250
1331625375575715842
1331634906280189962
1331637758083952644
1331637872093519874
1331639362518446083
1331641021789310980
1331645063529689092
1331648445665468416
1331651894872322048
1331656230625046541
1331658016601550848
1331662809978036231
1331667538263027721
1331671382267207682
1331671525225758720
1331682619805863939
1331716610890067978
1331720829785296898
1331721436554293250
1331758449470955521
1331759088246591489
1331769942283341824
1331883765350752256
1331985986524418051
1332001818847670274
1332004139241500675
1332030043388850181
1332197179268734976
1332368199472570369
1332517220614860802
##1331477789749481472##
1331477898428116992
1331478149239091202
1331478164468543490
1331478264343310337
1331478531533058048
1331478663016173569
1331479047512215552
1331479121747173376
1331479153053458432
1331479320129363968
1331479347958583297
1331479616071086080
1331479783000186880
1331479822799867907
1331480309322412032
1331480663262965761
1331481013508317184
1331481138418900993
1331481161718173696
1331481548386918400
1331481712891752449
1331482324609929216
1331483298317611010
1331483311777124352
1331483658713227265
1331483669412917250
1331484397523054593
1331490733912711169
1331490875743084545
1331491154114850816
1331491306443567104
1331491529924468736
1331491767586316288
1331492508107497472
1331493287019098113
1331493746895187980
1331495067090120704
1331499588038103041
1331502486914469888
1331502738308468736
1331503665568505856
1331504841550671874
1331505890592231424
1331511941764886530
1331517014922424321
1331520938500902912
1331530701217390592
1331532606538719232
1331535116678606855
1331538586253090816
1331539424627335170
1331548567824179200
1331556838530293764
1331556881052164097
1331556908050878466
1331556995770486785
1331557365360058368
1331557565667348480
1331557711897632769
1331559934685753349
1331560962848141312
1331562907730108416
1331563488758673413
1331565404360151041
1331565678613188608
1331566493163790337
1331567079435198465
1331567493815660546
1331582138559377411
1331602844168957953
1331603662058237953
1331604113163948037
1331605747025768448
1331615401093058561
1331628635300749314
1331631043552612353
1331636809240031240
1331676206643687425
1331719846778769414
1331725963982479369
1331728053182099465
1331798038885576705
1331884194117660672
1332299713220120581
1332326632942694401
1333451485837893633
1339155217904971778
1341544921333968897
1348971204317736960
##1331736512376025090##
1331736556537860107
1331736560698609667
1331736578394370048
1331736580579602433
1331736632144371714
1331736691762204675
1331736739443052544
1331736757855989763
1331736976547057664
1331737011384971272
1331737021220605952
1331737264670564354
1331737284996116484
1331737372917190658
1331737603859746817
1331737726039830529
1331737772726611974
1331737777549897728
1331737778699313153
1331737788354596872
1331737794998374404
1331737861394214914
1331737895431000065
1331737917694369792
1331737996857651205
1331738059382140928
1331738092919808000
1331738109810257921
1331738146644615171
1331738218102972417
1331738332615872512
1331738420549476358
1331738460034641925
1331738601399480321
1331738663131230210
1331738678322925568
1331738781704130560
1331738798133309440
1331738835269640202
1331738881658597383
1331738917121503236
1331739034994024448
1331739078023405569
1331739184940388354
1331739389030961152
1331739398552096770
1331739482752770049
1331739515711533056
1331739632447475716
1331739703914221570
1331740350956888065
1331740613235109890
1331740765228294144
1331740936825679872
1331740956765409287
1331741092690219015
1331741270956527618
1331741980435607554
1331742311794008065
1331742327342325761
1331742333302435841
1331742458108129283
1331742497270272000
1331742546444361728
1331742588265783298
1331742730461061120
1331743156921110528
1331743203414994947
1331743672933683202
1331743788260319232
1331744578634911744
1331745351708139521
1331745903326208000
1331746088026562563
1331746529238020102
1331746719500038145
1331746753981329415
1331747087449534466
1331747236460507136
1331749110710480898
1331749131895910401
1331749610872827904
1331749791534108678
1331750508856569856
1331751377891102720
1331751405774917637
1331751833463906304
1331752146308640770
1331752385794994176
1331753000604487680
1331753660758577164
1331753985728983040
1331754043648126977
1331755693582454790
1331755757340127232
1331756933926309888
1331758475005874177
1331758550494949377
1331759707757940738
1331760227788742663
1331760577887219712
1331760601631166468
1331762264207192064
1331763184563326977
1331763997557874690
1331764005204074499
1331764185504550918
1331764228244578305
1331764797763891212
1331766232446590977
1331767758372048897
1331768196035186690
1331769662653296640
1331774998374207491
1331777794469228545
1331780074631290880
1331780114196144128
1331780477468991488
1331780823062900741
1331781818702569472
1331784121354510337
1331786338471989248
1331787889932431360
1331789228267728896
1331789786219245568
1331792012635500544
1331792029702115328
1331797177207812099
1331798485969096706
1331798978678173697
1331799120227528707
1331799378881818624
1331800365004632065
1331802786909065216
1331802806282579971
1331803741004189699
1331804170341535751
1331805244112723969
1331807232196042752
1331808074219347969
1331809660488314880
1331809679274614785
1331809828549832704
1331810291399667712
1331811404404416512
1331812122641227781
1331812315914711042
1331813111381291016
1331813871124942848
1331814141229748224
1331818499589738499
1331819380892704768
1331819541156990978
1331820587539427328
1331824805646127106
1331825858408046598
1331828133528539136
1331829215851929604
1331829517854384130
1331830370912841728
1331833833277300738
1331833870417862663
1331835681740558337
1331836007923245058
1331836190039961602
1331837443193049089
1331840511246733312
1331841178107568129
1331841880523419648
1331846315899285512
1331846716736352256
1331846877843771392
1331848607675375617
1331849077974327296
1331850904627187712
1331851537338036224
1331851671207620608
1331851819937656838
1331852923903610884
1331854504799694849
1331855436098793474
1331856331372957699
1331856700555583492
1331856929723981824
1331857100478275584
1331857895260975105
1331858353128148993
1331859225098776576
1331859289212915714
1331859776075075586
1331860391270486016
1331864186968813569
1331867694317047808
1331868332514025472
1331871189321588742
1331871255499313154
1331872373356851201
1331872669160132609
1331872784943869953
1331873782743621637
1331877538004602880
1331878669254529024
1331882159351746560
1331882996207669248
1331895960641953792
1331906377686675457
1331908164481130498
1331909815187218432
1331920019186397186
1331924199275950081
1331932466811179009
1331934189160194048
1331938453001482240
1331944497522106368
1331951574680293377
1331954083545145347
1331957293181771777
1331959718709956611
1331960489191104514
1331962491300155393
1331970011422990353
1331973531933011969
1332005148550369283
1332017006594437125
1332019084549087236
1332023250323435522
1332027953316847624
1332050840564076545
1332054718990995462
1332060732695998468
1332072316881297409
1332087276386590721
1332162147242151936
1332232314739453952
1332383574813765639
1332494244804747265
1333712514757103616
1335636648256790530
1336733043869016068
##1331393950947618816##
1331394418277015558
1331394438644592640
1331394609465991170
1331394695805669376
1331395447861153793
1331395768461058049
1331396385812459520
1331397224706805762
1331397227890282496
1331397829953196033
1331400175026380803
1331400467235139584
1331400554396987392
1331401580915159043
1331402781215875072
1331403254438252545
1331406069973868547
1331409517452595200
1331425834389921792
1331487572372168705
1331506713908940800
1331538918957834241
1331560960591618052
##1331656093056069634##
1331671290621603847
1331671773822201866
1331711181367767040
1331716862137266176
1331743299703504897
##1331415774699905025##
1331416434661060611
1331579753095114752
1331599074496286722
1331644791793328134
##1331408633784098816##
1331408717003284482
1331410058626936834
1331410908715896832
1331418328838115331
1331429318694670337
1331476207498563584
##1331731995307683848##
1331732150245339137
1331733096257957890
1331733133352464385
1331733495035686914
1331734385473826818
1331735237055942657
1331735253539491841
1331735630909411328
1331739844918333442
1331743189607313416
1331743505589342214
1331749416890404864
1331755714335952898
1331763527661531138
1331766046647312384
1331789019697573888
1331793428225667073
1331805859790385152
1331808045605777408
1331810073044279297
1331811772634951680
1331814324428546050
1331819828408152064
1331830981955899392
1331832397235630082
1331832502416257024
1331836680769314822
1331842917795827713
1331843076659302401
1331847578636398592
1331873448969326593
1331880153086128129
1331884145656655874
1331906729051889665
1331935036426383361
1331940197320302593
1332004637466091521
1332217939844603904
1332248358682025984
1332355658851684353
##1331387120716537857##
1331387507192295425
1331388386519740417
1331388893976031233
1331393966223323136
1331394941248040960
1331397058947936256
1331412287702372353
1331418056191598592
1331427109655474177
1331445160085958657
1331461689158545408
1331471211222732800
1331473288481173504
1331490994378993665
1331491048665845760
1331516979853873152
1331519060115415040
1331576625251700736
1331584032853929990
1331764797248073730
##1331401274546327559##
1331401574917279745
1331401614217908225
1331401971958489093
1331402056733700096
1331403001693659138
1331403178332610561
1331404669386625031
1331410488723451906
1331476467084095489
1331485285897670657
1331549096470048769
1331564604007321600
1331583059192406016
1331615812902334466
1331618685887385601
1331620615581732865
1331625078832959490
##1331402317351030787##
1331402472519299073
1331402863331962880
1331404231643959297
1331408698556747777
1331424456884035592
1331433617373933569
##1331394220582711304##
1331394809530109955
1331395624491753474
1331398747562061825
1331498002087890946
1331511760675856386
1332090790085074944
##1331414820680327170##
1331481491377885185
##1331564828683620353##
1331565181936181251
1331583059540537344
1331595476286771203
1331598422772690944
1331618587128311808
1331624286969278468
##1331408447745781761##
1331409321436057606
##1331411292557619203##
1331432303994744837
1331441250315218957
1331459164263079936
1331459663905366017
1331469838292840448
1331473078791131136
1331482485562241025
1331482824780738560
1331487492869136385
1331493671594758146
1331496529518096385
1331498768294961153
1331499991232356360
1331500382732873732
1331504078980075520
1331505040931086336
1331511761342779392
1331513323817463810
1331513500431224832
1331514868931948544
1331519715882262528
1331524461015805952
1331525260789821440
1331538949051994113
1331542336006971393
1331545847604129794
1331546891977363456
1331555627731181568
1331562680587612161
1331564963178180611
1331565643196477444
1331567019783811072
1331567497120768000
1331569490518282242
1331571394988175360
1331571657836802049
1331586021486710784
1331589600863776770
1331590084584497153
1331590404114944000
1331592085804371980
1331592515548565505
1331592617939832834
1331598527630282753
1331604449224220674
1331619572986880006
1331620364934406145
1331631792051396609
1331632592031019009
1331633543089442822
1331643984242937858
1331653358390824968
1331656417707745282
1331682188987949057
1331682221971943426
1331683176612306946
1331732954897330185
1331758742908657664
1331843595813482497
1331863745321168898
1331947607992770563
1331951440139530241
1332088858339663874
1332447246869286914
1332450276075327495
##1331409138052698113##
1331410443819212800
1331432348949340160
1331433895133405187
1331459311638372355
1331459639280619520
1331469885403172867
1331473187008368640
1331482455791046656
1331482731168063488
1331487476574265349
1331493693736562692
1331496488925597697
1331498801077620737
1331500020399542273
1331500353137876994
1331504058327248902
1331505012623749120
1331511789964713985
1331513283942248449
1331513524561059841
1331514846362415104
1331519683871318018
1331524327934660608
1331525236349693953
1331538935718285312
1331539368645959680
1331542315907813376
1331545815328940035
1331546859119194112
1331555574098632704
1331562650837389312
1331564927644020736
1331565548421980160
1331566978365071360
1331567509938577411
1331569477662748675
1331571357189025794
1331586074443980801
1331589626490990594
1331590101051330561
1331590356400549891
1331592553293107201
1331592627087699968
1331598452829065216
1331604473303674883
1331619596709859333
1331620371775295488
1331632655968788480
1331644082045718537
1331656417720365058
1331682163310223360
1331682195728183297
1331683122208010245
1331732960282808321
1331757735193481216
1331758712399294464
1331843556357627908
1331863754389266433
1331947625474633728
1331951462470004740
1331976350173982720
1332088870654136322
1332447303068774401
##1331391829217071107##
1331392228871335942
1331392305220161536
1331393253216821249
1331498089513934848
1331511883128565761
1331685013348298753
1332090873014857728
##1331389125316931584##
1331415814919106561
##1331388948577480705##
1331389403512664071
1331390933989003264
1331390946802536450
1331394237422776323
1331406906699767809
1331470754941198342
1331545388747284488
##1331479898645401601##
1331480536817209344
1331481005774008320
1331481192286334976
1331481382611279872
1331481899848638466
1331483229216444421
1331485796562571264
1331486769221656579
1331493031292317698
1331493256941744128
1331493865346502657
1331499813892976640
1331500864100577280
1331504513065357312
1331506439555342342
1331509352927277058
1331520726197825538
1331537247179595777
1331537895706988545
1331585059648888832
1331589000646316033
##1331577743012671489##
1331577947560480771
1331578107803938823
1331578165706289157
1331578310468526080
1331578426017386502
1331578583677022209
1331578647480836096
1331578703638384642
1331578766716493825
1331578918919397377
1331578971343958016
1331579020425752579
1331579091837984768
1331579203519541248
1331579320754712576
1331579424634855425
1331579498035372033
1331579574413627392
1331579656219353090
1331579708778180613
##1331415690310520832##
1331417144093978624
1331417153141174274
1331417303657967622
1331417759037714432
1331420721164193794
1331422150771826688
1331424453989953536
1331425638323003392
1331426314008604674
1331431347907416073
1331434549264453633
1331435799481610244
1331437165646114818
1331437187271958528
1331438858869858306
1331443556452610048
1331445761326899200
1331447260585095169
1331447732582707201
1331450027714162688
1331458250856869890
1331464185222483969
1331468901658615809
1331472545804120069
1331473319971983362
1331474442984296448
1331478425136197633
1331480782678974464
1331488595157377024
1331501639254085632
1331501950354001920
1331505490447261696
1331505875236827139
1331516445432442882
1331521575229730817
1331521917103312897
1331528815496093696
1331533185805643776
1331536565487677440
1331542994097500162
1331544000118054912
1331551893869506566
1331555679203692544
1331577997384708101
##1331559777445552129##
1331559876523384835
1331559961013460992
1331560078328143877
1331560199929401347
1331561218432249857
1331565292795752448
1331566067227963394
1331578859804889089
1331579177045282816
1331591760116637698
1331592716808032257
1331593382972502019
1331595176519888898
1331596210302578688
1331598294812864514
1331619545388380160
1331621920857591808
1331654128544538630
1331673762278895617
1331707702217674754
1331804615134892032
1331811933557813251
1331838504817594368
1331853141533396992
1331872812357853185
1331878182916677633
1331897226105417728
1331904221797638144
1331927915953532929
1333400179152744449
##1331569813362249728##
1331569872514539522
1331577257320648706
1331578746508292097
1331578891404791812
1331583288092323847
1331589226522157056
1331607523951042561
1331610832149618694
1331612926378078211
1331643380493848576
1331685665898106887
1331735189354115076
1331741680677117952
1331836606324617217
1332048686600384514
1340884098760511488
##1331408193717669888##
1331563965286141952
##1331740470217682947##
1331740528141078530
1331740720743460871
1331740838179840000
1331740890256318464
1331740901861978113
1331741059970371587
1331741128232738822
1331741302980026368
1331741795957551104
1331742536583557121
1331742610692722688
1331742999966003201
1331743387192582144
1331743759265132547
1331745589932011522
1331751476050489352
1331753746632675329
1331755242191527938
1331756454026629122
1331756888535523330
1331759663373758464
1331762501361528832
1331765573831766016
1331790006785110017
1331821942450630656
1331833355818725379
1331844999512809476
1331861062887596032
1331871260872208387
1331911640472809473
1331929943417233409
1331946776534913025
1332030109688225792
1332087835722133504
1332205361391161344
##1331402082126098432##
1331403259664355328
1331404907660906497
##1331584196905750531##
1331606902065815557
1331606952653295618
1331606962572840960
1331606974308511744
1331606988208435200
1331606995380604928
1331606998534778880
1331607006680117250
1331607016993906688
1331607132626702336
1331607152000176136
1331607191690862608
1331607230614003717
1331607436604698624
1331607687705079808
1331607821411028992
1331610828412432384
1331621581811015680
1331637374263160846
1331747755363086337
1331908526336258058
1331917173229543424
##1331734231102451712##
1331734360752578560
1331734653275926528
1331735700912353281
1331736918573404165
1331737026459295744
1331738071138701314
1331739593759191040
1331740698585014273
1331797901677371394
1331804112669843457
1331808628643418112
1331851108252258304
1331966834317385732
##1331739458178330624##
1331739559235825664
1331739607210266624
1331739624310534146
1331739743013523456
1331739788383227906
1331740112061935616
1331740147809996803
1331740488274210816
1331741046049546242
1331741864471433216
1331742718377287680
1331744942474080258
1331745718923649024
1331746787829420038
1331747310670393344
1331750065669623808
1331758877008945152
1331758966012047362
1331765247246471169
1331773415494127618
1331773596696522754
1331786000587235328
1331796297116999682
1331796469515497473
1331799767333089286
1331801232147685376
1331805977159610370
1331806566484348928
1331812772909346816
1331813096634114049
1331821289154207745
1331822601161891841
1331822955165343746
1331833673914703872
1331847360553639937
1331854502866153475
1331883629811806208
1331885868177629189
1331893894527803392
1331909051941351424
1331913578937520128
1331945129654050817
1331990496290500612
1331992344963543041
1332002417135718401
1332008862442983425
1332014713518088192
1332109843935719424
1332158652426440704
1332478254670696450
##1331483254113914883##
1331490346556125184
##1331486996250890241##
1331490781773885441
1331494090001821703
1331520991009398784
1331542546514849793
1331559882949074945
1331560506205810690
1331567418787901440
1331671578266849280
1331733348859973641
##1331555205083787264##
1331555251598614529
1331555284200906756
1331555510835957763
1331556037003014144
1331556186718687234
1331556786734850049
1331556923955666944
1331557377393496064
1331558556005502977
1331560234951839744
1331569408897134598
1331574476010647555
1331574628570030087
1331586299837333505
1331611697941983234
1331702661884862465
##1331693388991782920##
1331694447227252740
1331720558854238208
##1331402612793610246##
1331402930956754946
1331404926396866560
1331404961960300544
1331417220279382019
1331489002407534592
1331613500788133889
##1331719312801861633##
1331719370507214859
1331719459766235136
1331720439337512962
##1331500173596504065##
1331500529164439553
1331502286439391232
1331505476043988993
1331506280251396096
1331519677491802112
1331582128472158210
1331588133662679040
##1331387465043767298##
1331531799030345728
##1331674790881583106##
1331675094213677059
1331675356177326082
1331677817193558022
1331680469512040450
1331681095532900356
1331684692656009217
1331815072025489409
##1331729547558072324##
1331729779297558533
##1331683414777487363##
1331683527478415360
1331684629716357120
1331685001402920961
1331688848074698755
##1331393945499279360##
1331413169517060097
1331471233230270467
1331556224333131776
##1331504670590857216##
1331504811150364673
1331505219696549891
##1331486998478065670##
1331490807820513280
1331491675433275395
1331521003642613760
1331560564213100546
1331733336667136002
##1331414848736014338##
1331479900298096647
1331629310554349569
##1331729934906175488##
1331855999888728064
1332290682623578112
##1331395407356829698##
1331408826743083008
##1331737991044354054##
1331738373887832065
1331740819473227778
1331741976333606912
1331743841553149953
1331749118415409154
1331777269396889600
1331983795734589441
##1331398756542132224##
1331398965259096064
##1331738849987485700##
1331739994323636227
1331740151744237570
1331744078166429696
1331746068208480262
##1331409602295050241##
1331409849192755202
1331938022615605248
##1331734144523640832##
1331735241082494977
1331735411207643142
1331741665619480577
1331865878879723521
##1331715699669151745##
1331977815659569152
1331988482143694850
##1331404104384569344##
1331433153567842305
##1331475051183550464##
1331476984740917249
1331516884857081856
1331756811096117248
1331841172025843719
##1331583152272384006##
1331604248459681794
1331717954283724801
1331733780479025159
1332056290265337857
##1331633154621386755##
1331633204751708161
1331633445240508418
##1331739712994881536##
1331739790467854338
1331845576313466880
##1331401771630153728##
1331443025294331905
##1331416199494823936##
1331417437934411777
##1331516111083466753##
1331602057233575939
##1331565789447598082##
1331565905629884438
1331570445930422272
1331582592341188608
##1331486809868673024##
1331616965090299905
1331617660023476225
1331618822713991168
##1331654006612111363##
1331654284618981379
1331655294909296643
1331655776528715777
1331812044862070789
1332035087408508935
##1331739876388171779##
1331740545283203075
1331741937431433218
1331743428233859072
##1331388263530074112##
1331388270413017088
1331601776584368128
##1331398445551128577##
1331398993109192704
1331399400334241792
1331402393276342272
1331448417260888067
##1331400984183140353##
1331401085441994755
##1331401222369153024##
1331401592088780800
1331401702709342208
##1331410003371167744##
1331583601805324288
1331643217960460294
1331649029973929988
##1331570115155030017##
1331570483679043585
1331570850089357314
1331571497475985408
1331600697687683078
##1331406527102652417##
1331578318668369920
##1331741296160071683##
1331741500917637123
1331742596360761348
1331744021505511425
1331745395387588610
1331746809518170113
1331747121482129410
1331756907179233280
##1331388819636097024##
1331388917703184384
##1331412772136120320##
1331415891091787783
1331516931053072384
##1331413805469982720##
1331415076629319684
##1331504344634626049##
1331504454697357312
1331504859745579008
1331505990764736513
##1331549206532775940##
1331552099289747458
1331559639733907456
1331573316684025856
##1331736925783224322##
1331738795461505024
##1331396991172087808##
1331397179307683840
1331397374233747456
1331397814941851648
1331397887952089088
1331397932898152448
1331398030436806659
1331398495081799685
1331403217977167873
##1331622469275410437##
1331623441645133831
1331654079517487107
1331689517187788802
1331934235352059905
1332004932224999424
1332265241623851008
1334552579645255685
##1331681703128166406##
1331690509341954052
##1331730381742231553##
1331733986268368898
1331734784532492289
##1331387448023162881##
1331567878781415425
##1331392177520439298##
1331474925635383299
##1331402082092527618##
1331404074755952640
##1331478614974533632##
1331479627047579648
1331485102975627264
1331566676006068224
##1331556727075041280##
1331558063879446528
1331563511126908929
1331569569274720259
1331584826311372800
##1331562739605573632##
1331565760045592578
1331570224894763012
1331578887768313860
1331585891752685568
##1331585642648772609##
1331585942549827586
1331605288844210176
1331608576608112640
1331618705193758723
1331947531119587329
##1331643495354916866##
1331644024025964552
1331687051029323779
##1331650350974177280##
1331657194534735876
1331691999892824068
1331793832837525504
1331940234569900032
##1331694702752636931##
1331700396641955841
1331741251675303939
1331951551741497344
##1331729912747724802##
1331735386360475648
1331735876402106369
1331736728193871872
1331740979079081984
1331767253008867329
1331845390619041792
1332760684371865600
##1331391083843031040##
1331454681684602880
##1331400306106757121##
1331400637997834241
1331401271803326466
1331401708421996544
1331403971345469443
1331425381488979968
##1331404870348398592##
1331448508889624582
1331575727150526466
##1331591869093064705##
1331637742728568832
##1331614878310739972##
1331735326973456385
1332230945651499018
##1331677321389101056##
1331685791966310405
##1331721071414939651##
1331722810763456517
1331736507640590337
##1331734230859194369##
1331734302317563904
1331734976950378501
1331751234789904386
1331872279760941056
##1331738733989810176##
1331740239564509184
1331740831670292481
1331792670939881473
1332002674947059714
##1331387777896902656##
1331389425276817411
1331389537503879169
1331390352998215687
##1331390365434318848##
1331456483603718144
1331487976765927429
##1331395545257086977##
1331395608343687171
1331395665109323776
1331395707023056898
1331396009352695813
1331397384115421184
1331399222684504065
##1331397876136734720##
1331398339380785152
##1331399722867826691##
1331399982201659399
##1331402668695293953##
1331441676800450569
##1331407409877721090##
1331411774495657986
1331571594720915457
##1331417320728694790##
1331418533130067968
##1331577016727048195##
1331577452418707456
1331584171614101504
##1331578649028472833##
1331583347538190338
##1331623159448154115##
1331623221951655936
1331685155195514881
##1331634025388273672##
1331640007833038851
##1331662291440381953##
1331662532248006659
1331683611171581953
##1331725903102169088##
1331727049812287489
1331732571814760456
##1331740074405453824##
1331740249274376192
1331740481483644928
1331740532431785987
1331740873101602818
##1331388404639129600##
1331411905156706306
1331416129152159744
1331448088255475713
##1331390881006497793##
1331404776404365313
##1331402720742436864##
1331557415662219264
##1331404745961926656##
1331458832212652034
##1331413901204983808##
1331496546349813761
1331496780635250689
##1331432250886524932##
1331454273322950656
##1331506663824760832##
1331510475117441027
##1331517452010860546##
1331519345965592577
1331566043211444224
##1331562361652731913##
1331562473284136960
1331562660534554625
1331650499188232192
1331940946431397888
1332493509853655046
##1331562538144833539##
1331930419256848385
1331994800682360832
1332205613863088132
##1331562575079862272##
1331562885202513921
1331639702710054913
##1331648838759804931##
1331648910096543745
1331649147955458052
##1331649182483025922##
1331649353925189634
##1331738392460226560##
1331739081924079619
1331741399453151232
1331759280274497536
##1331387120729133061##
1331412072777846784
1331444958042206209
##1331392847363399682##
1331465672463880193
##1331397678996070401##
1331397990444101632
##1331402086190178304##
1331411577048887299
1331415558965915648
##1331404428990144513##
1331409321347985412
1333546037211000843
##1331417636706672641##
1331418147430215686
1331422939833626624
1331427289310105600
##1331557023473922055##
1331562846895878144
##1331606459193446400##
1331694067323981832
1331696952279511042
##1331621330945499142##
1331630684000161793
##1331623645131780096##
1331624079745576969
1331684981496754178
##1331657867884171265##
1331658686532554752
1331660199862657026
1331799713906089989
1331832804968108033
##1331726726305640450##
1331871197982810113
##1331741796196605952##
1331741891625431041
1331742540207419393
1331743782954536960
1331751409944059906
##1331387334886109185##
1331390216314249217
##1331390562679877643##
1331484178253307906
1331503421472579586
##1331392303123079169##
1331529457543360513
##1331398847466266625##
1331400075579437057
##1331417576937828354##
1331419197797244928
##1331523699078541315##
1331523876455591943
##1331525139922608128##
1331557525741826050
##1331547440680460288##
1331549491862917121
##1331632211494375433##
1331669433715220481
##1331644609848553475##
1331644963218714632
##1331669498802417664##
1331676772421804033
##1331669937774014465##
1331670143727005705
1331670506265858050
##1331734972332433410##
1331737915974627328
##1331390300800114688##
1333597694091272192
##1331392638801600512##
1331394074453086210
##1331397923196825604##
1334534995512320000
##1331400772341403648##
1331443270849875975
##1331402678761472000##
1331490042640994306
##1331410765241192448##
1331489783256899585
##1331416608355573766##
1331454406441709571
##1331417147487232002##
1331417245608796161
##1331534636950941698##
1331540395587756040
##1331534638339207168##
1331540407252037634
##1331561139080146944##
1331573823481720834
##1331563779793031168##
1331563883283312641
1331564702502162432
##1331564633866559493##
1331564723096195072
##1331565340149616640##
1331565504759291904
##1331565411163402240##
1331570068430458885
1331584386119118848
##1331577061564162054##
1331622012779982848
##1331593090151411713##
1331595797469786115
##1331596950156832768##
1331707564992700425
##1331619957642326019##
1331620109719379969
##1331634991999168512##
1331635368752525319
##1331659598441443334##
1331929151872393217
##1331666692494270467##
1331691431715622914
##1331702644046434311##
1331705599508221952
##1331737804645265410##
1332379839144353792
##1331739076731559938##
1331741588591153155
1331749259734110213
1331757607653138434
1331840136871546880
1331867770313732096
##1331739971724713986##
1331743237187448835
##1331741406361243651##
1331742916537167872
1331743881726136320
1331749298334208003
1331857157311111168
##1331389518570721282##
1331390036537958400
##1331391259970314241##
1331392172130791426
##1331391741166051329##
1331392313248067584
##1331396099035324419##
1331397845606346753
##1331396109277728769##
1331399016169558018
##1331402220580073474##
1331405661670944769
##1331402315824328706##
1331409227445907459
##1331406584023572480##
1331424328945168386
##1331412749126152192##
1331510323690561536
##1331415914646999040##
1331510303193001984
##1331535075658313729##
1331535083363328003
##1331560927603417089##
1331593874930806784
##1331562072312778754##
1331589427131461635
##1331562514744832000##
1331597523182608390
##1331563009236475904##
1331580626592534528
##1331575655058780160##
1331632468764536835
1331814651055796224
##1331579538552320001##
1331661218013179913
##1331583395235831809##
1331584591635869699
##1331631864134725641##
1331914866056192003
##1331658216804151297##
1331658281740333059
##1331662169801420802##
1331725908982509569
##1331674013765132288##
1331835908472119296
1331836351654879232
##1331725307926163473##
1331783302169174016
##1331734414397759490##
1331736476279836672
##1331736351998431233##
1331737026778046464
##1331736428934533123##
1331852169117655042
1331861986389463040
##1331736866920476672##
1331744541121064960
1333031467551748102
##1331740394720210944##
1331740774925541376
##1331740835818446848##
1331744643982258177
1331825042716549120
1331926043121381378
1331954304094269443
##1331501214299795456##
1331861249638928385
1331861676220682240
1331881234784542720
1332179873121660928
1332694760004476928
##1331586937564532738##
1331641653396955141
##1331628872601919491##
1331929529649143808
##1331709842369736705##
1331928904794304513
##1331725355854467077##
1331992015832289285
##1331730850258579468##
1331783286025228288
##1331731773483606017##
1331783270091149313
1331801892402442240
1331899107527553024
##1331738140885839875##
1331848551752720386
##1331740542955376640##
1331744498947395586
##1331741343950004230##
1334293496384147456
##1331741968792162306##
1331856381071265792
