1328488018504605696
1328488018521501699
1328488019846959104
1328488020270485505
1328488020929110017
1328488326085693441
1328488404892389378
1328488449259737088
1328489850656485380
1328490144320647168
1328490312818434049
1328490970766331905
1328491026110144513
1328491811749457921
1328492258044350465
1328492485665021957
1328492685070643200
1328493410962071557
1328493806015160320
1328493828660224001
1328494309323268097
1328494309457457152
1328494343376736256
1328495036175159296
1328495086364221440
1328495162335621125
1328495567492833288
1328495567744471043
1328495568310550529
1328495568382025728
1328495663601111046
1328495898280726528
1328496145581170700
1328496865499820040
1328496893815611393
1328497717279137794
1328498030161653761
1328499013335855106
1328499100971626502
1328499466433912835
1328499821720850440
1328500019847114752
1328500995014479872
1328501541674889216
1328502462899216384
1328502651533860865
1328502795272646656
1328502814700691461
1328503119743909888
1328503120624685057
1328503122273185792
1328503177818333187
1328503248169410561
1328503373964992512
1328503554747887616
1328503698847391751
1328504000669511681
1328504010987462657
1328504080214450177
1328505095542222848
1328505421796175872
1328505788256686084
1328507972616589312
1328507989993656320
1328508382215622656
1328508653842796545
1328508821422092288
1328509773239771137
1328510079923068931
1328510167755972609
1328510256163459072
1328510405388488705
1328510555091574785
1328510668144848899
1328510669084233729
1328511214603939840
1328511706868428801
1328511937286725633
1328511978885816323
1328512422265679872
1328512817658552320
1328513174107271169
1328513188388868099
1328513286481043456
1328513397269426176
1328513399840452608
1328513414868643843
1328513483034537984
1328513485727297536
1328513529041838082
1328513729655427073
1328513731425349632
1328513845799890945
1328513849239203841
1328513850774331397
1328513902515195904
1328514073906974720
1328514082681458688
1328514143691923456
1328514224650334215
1328514248209801217
1328514369127387137
1328514406364426242
1328514412106420231
1328514462794584064
1328514518197133319
1328514548458991616
1328514555740352512
1328514562463764480
1328514620940824576
1328514702477983745
1328514930010705921
1328515124643176450
1328515304616411136
1328515311063224321
1328515321498644481
1328515363676561410
1328515379220664322
1328515381628182528
1328515517267775488
1328515598880550916
1328515643067551746
1328515663628034048
1328515700374315008
1328515775917912065
1328515778812014594
1328515841495883779
1328515856062697474
1328515931694362624
1328515959418728448
1328515994122395648
1328516072211849216
1328516126226206720
1328516203774496769
1328516236502818816
1328516312021299201
1328516435912617987
1328516466178658304
1328516778411094019
1328516799277764608
1328516819423010816
1328516834937671685
1328516848195801089
1328516886926077952
1328516974238904320
1328517088806400005
1328517157374791685
1328517197317206017
1328517201700286464
1328517226698133504
1328517293136023552
1328517356017037312
1328517396550791168
1328517481644888064
1328517789217415168
1328517974253207553
1328517975037587456
1328518009334472704
1328518060853125120
1328518178956251138
1328518197398691842
1328518217766227970
1328518218194034696
1328518218575540224
1328518220358291456
1328518221188587520
1328518221725659136
1328518236749455360
1328518246572679170
1328518292378685441
1328518319716982785
1328518377749565446
1328518388839309315
1328518396296695813
1328518397311770625
1328518475346751488
1328518507429048320
1328518531814731782
1328518567977947137
1328518648361865216
1328518684101455872
1328518735099998209
1328518745023766528
1328518757694705664
1328518774052577283
1328518813663498240
1328518983012605953
1328519043096186889
1328519243642626048
1328519438304505858
1328519659939917825
1328519670266269697
1328519707230679040
1328519902169358337
1328519943311273984
1328519974063837189
1328520066783174660
1328520074710446080
1328520284006191104
1328520505062809600
1328520683714977798
1328520707958071297
1328520741797576704
1328520763075387392
1328520776312647682
1328520785846284288
1328520970274021376
1328520981397315584
1328520993627893760
1328520998015143936
1328521083532636160
1328521302509019136
1328521416677920768
1328521428459802626
1328521591723089920
1328521612421894144
1328521740301991938
1328521747461705728
1328521794341498880
1328521853854507008
1328521948301848577
1328521982804103169
1328521994363695105
1328522027171508227
1328522232654606336
1328522317975183367
1328522326397378561
1328522361017143296
1328522495184367618
1328522650600222720
1328522651913084928
1328522666786033665
1328522766623133696
1328522769290694657
1328522822302507009
1328522864316850177
1328522909531443202
1328523010647617536
1328523017220190209
1328523026791542785
1328523052108439554
1328523227707092993
1328523338042445832
1328523341699948544
1328523394246127616
1328523484088180736
1328523638946017287
1328524017674964992
1328524133907521538
1328524214492667904
1328524457732763648
1328524465072959495
1328524466956091393
1328524504168095745
1328524505577295872
1328524816262041600
1328524909157429250
1328525145431019521
1328525230726320129
1328525295020871682
1328525306144182277
1328525309684178944
1328525344081649670
1328525355494354946
1328525468753158144
1328525579788947462
1328525614450675714
1328525784630300673
1328525817899577344
1328525859381268481
1328525941736402949
1328525963630682120
1328525963886555136
1328525975748022272
1328526128487731201
1328526181751250949
1328526310780461056
1328526589915754496
1328526609155043330
1328526622115377153
1328526717779111941
1328526761940946944
1328526847487971328
1328526997220454401
1328527051654123520
1328527153630228481
1328527470488920067
1328527510888394758
1328527516135526400
1328527555125710849
1328527700038987778
1328527797959204865
1328527816141524992
1328527855802867712
1328528031556669441
1328528052989685760
1328528081540231168
1328528283072344064
1328528326638661635
1328528333735424000
1328528393852293120
1328528456045486080
1328528581572632577
1328528625436667904
1328528698681778177
1328528816336199680
1328528828042457090
1328528857964666880
1328528970225250305
1328528986570420229
1328528990664085505
1328529017897693184
1328529091167981575
1328529184545759234
1328529293392162816
1328529293585092608
1328529322928459776
1328529353735630848
1328529358819102722
1328529419544240130
1328529674314657793
1328529813645221890
1328529859539300353
1328529982767951873
1328530056117846018
1328530062996488195
1328530203593887745
1328530251736117248
1328530331868262404
1328530652791263232
1328530735226040320
1328530737700556800
1328530772681236485
1328530789387087874
1328530800329986049
1328530808538324994
1328530965052977152
1328530970404937729
1328531020531060737
1328531068132188163
1328531079788191744
1328531470156238848
1328531531325902849
1328531753766694915
1328531754152579073
1328531765154209794
1328531797920133121
1328531810259701762
1328531893130829824
1328531913171144705
1328531931395461122
1328532067014021120
1328532111297552384
1328532191031267329
1328532309570629633
1328532369532399616
1328532429951430658
1328532448410562560
1328532461647781891
1328532510788218882
1328532513422274561
1328532531944284160
1328532626861395968
1328532710122541058
1328532738408853504
1328532813046456320
1328532838891876353
1328532920349433857
1328533054252527620
1328533118328971264
1328533124830142465
1328533200553926656
1328533202781106184
1328533287929843713
1328533304111472643
1328533318359543808
1328533320137801732
1328533320196521984
1328533366858248192
1328533387225804800
1328533399930343424
1328533423594606593
1328533427960868864
1328533472814772224
1328533531610505217
1328533535473459201
1328533551755784192
1328533590662144006
1328533639047639046
1328533709767790593
1328533763119312897
1328533826470076416
1328534008142163970
1328534032032870401
1328534115574972416
1328534286132195331
1328534309251260417
1328534370207068161
1328534392277524481
1328534529292849153
1328534702509215745
1328534728828456960
1328534776144343041
1328534811988865027
1328534878367997953
1328534919547670531
1328534970084843521
1328535078109122561
1328535084744536071
1328535199873961984
1328535251480678405
1328535263203782656
1328535292157054976
1328535403490631683
1328535469752250368
1328535578367975424
1328535827681521665
1328535836791607297
1328535859478597634
1328535876335505410
1328535886766682112
1328535988193419272
1328536003615862784
1328536028366462976
1328536194150436866
1328536200488087552
1328536221501407232
1328536306071298049
1328536319321108481
1328536320025751553
1328536374031622150
1328536433016115200
1328536459700264962
1328536509314707456
1328536643737939970
1328536987717017600
1328537040259084288
1328537053810847744
1328537102741626880
1328537126477193216
1328537151299084288
1328537182823387138
1328537276587110402
1328537279745433603
1328537319943643136
1328537387216097280
1328537480061186049
1328537483542454274
1328537500026101761
1328537526232096768
1328537545626542086
1328537577545216000
1328537626203271174
1328537627830620161
1328537656834265088
1328537784777203713
1328537853056458752
1328537877744119815
1328537892784918534
1328537910258393088
1328537918475022337
1328537951379349505
1328537965887369216
1328538030068609024
1328538157084794921
1328538167746703360
1328538261330010113
1328538298059530240
1328538349741637632
1328538389507956739
1328538426107420679
1328538609436114944
1328538612816863232
1328538710414159872
1328538868744916999
1328538937422475267
1328538952937185280
1328538978929307648
1328539018993283077
1328539030657634306
1328539096059351040
1328539315790630913
1328539340167929857
1328539451434393602
1328539477170642945
1328539546716426241
1328539550071840768
1328539567658586112
1328539584976871424
1328539593260535808
1328539651578204171
1328539660809695232
1328539715163856899
1328539800853487617
1328540000124858369
1328540103652876288
1328540410277466114
1328540555693989888
1328540856144498694
1328540857562263553
1328540866479153152
1328540867276234753
1328540895227080705
1328540966500896768
1328541030761852935
1328541117323894784
1328541171782651906
1328541199666470915
1328541259741401088
1328541366738178048
1328541461374144515
1328541495595593729
1328541498107891719
1328541564075991040
1328541639212752901
1328541671336927232
1328541717197426688
1328541735283265537
1328541854921596928
1328541857840726016
1328541870478286850
1328542006612725761
1328542008739237890
1328542301753389059
1328542427477667840
1328542462927900673
1328542494779432960
1328542575867916288
1328542849944662016
1328542966194040832
1328543085953945601
1328543193252683776
1328543207026810881
1328543213146284032
1328543231966109698
1328543310248611840
1328543340426637312
1328543386702385153
1328543660074553344
1328543802395602944
1328543806837444609
1328543859790508032
1328543875628228608
1328543957299703815
1328543971665174528
1328544123079561224
1328544137113710594
1328544137671487488
1328544141018603520
1328544291103367168
1328544296623099906
1328544308916604930
1328544335089033218
1328544408397099010
1328544439204270080
1328544530665238528
1328544649863176192
1328544762832580610
1328544780087939074
1328544822941126658
1328545021432385537
1328545053707472897
1328545053908799489
1328545067737427969
1328545075656265729
1328545114206187521
1328545210914254850
1328545242807742464
1328545416510644225
1328545420033847301
1328545454464905216
1328545458889912320
1328545582298910721
1328545702356639744
1328545806316613633
1328545895223324672
1328545940911874051
1328546009484505090
1328546072336142338
1328546184668057601
1328546207493464066
1328546253630828546
1328546372719620098
1328546462389694464
1328546496430608384
1328546557906579459
1328546594195697665
1328546624205942785
1328546829223464961
1328546836563582977
1328546877600575490
1328546917844987905
1328546926749491200
1328547009591087105
1328547072841138177
1328547124540268551
1328547129372110849
1328547164725788674
1328547189505859587
1328547212285063168
1328547228412207110
1328547252231663617
1328547454510395394
1328547488660398081
1328547497330024449
1328547597741658113
1328547794626502656
1328547836032638982
1328548047316520965
1328548174756155398
1328548183828553730
1328548271833436162
1328548415710629889
1328548415760982017
1328548415928602626
1328548416444456960
1328548416633257986
1328548416977244160
1328548417115746304
1328548417967169537
1328548418491473921
1328548419124817920
1328548452616302593
1328548454511964161
1328548455594172418
1328548468911181825
1328548469032718337
1328548672527872001
1328548726089125888
1328548836940390401
1328548839641452546
1328548846734073856
1328548872176754693
1328548989680160768
1328549063533469697
1328549248892284928
1328549302227132416
1328549305943265280
1328549355163430912
1328549365074567168
1328549365141688320
1328549395143520257
1328549410377183232
1328549458414592000
1328549475401523202
1328549507211079680
1328549513963909121
1328549535287795712
1328549535350657024
1328549614266556425
1328549632377548800
1328549706276941825
1328549721804337152
1328549733816815622
1328549864284827649
1328550011387383810
1328550177356001280
1328550261372170240
1328550429253271552
1328550439621636098
1328550475071954944
1328550501210845184
1328550586271354882
1328550701706977280
1328550774788534274
1328550779280617472
1328550809244753920
1328550879679623175
1328550898168107009
1328550966472413184
1328551000467271681
1328551059913105408
1328551190154645510
1328551274548260864
1328551295729405953
1328551306416500741
1328551357826129921
1328551365589807105
1328551417674670080
1328551490374537218
1328551695333412873
1328551698382675969
1328551799033356295
1328551842012336130
1328551968747511808
1328552115216773122
1328552158040629248
1328552198230450179
1328552204110884864
1328552511637172225
1328552606801793024
1328552625344745477
1328552718957486080
1328552764943765505
1328552783927185409
1328552823005597699
1328552840030253056
1328552873211400194
1328552972008173568
1328552972977057792
1328553032783630341
1328553288988569601
1328553313181241344
1328553317681803264
1328553448938168323
1328553463509364736
1328553528915267584
1328553532169994241
1328553584821235712
1328553677787967489
1328553698612670467
1328553727867891714
1328553766317158400
1328553824907358208
1328553957350846464
1328553972865622017
1328554158543265793
1328554322557333504
1328554413791862785
1328554465440518144
1328554492506279937
1328554531576307712
1328554574009995266
1328554762720120833
1328554824036651008
1328554946397155328
1328555028655845377
1328555035635150848
1328555042455117825
1328555123489067009
1328555246193414144
1328555247300718592
1328555272219090949
1328555391685439489
1328555440276385792
1328555455464022017
1328555476573958147
1328555504835194880
1328555563991568387
1328555634170736640
1328555660208902144
1328555701455761414
1328555715368202241
1328555730916532224
1328555792610582531
1328555814399905794
1328555883178184705
1328555977222795264
1328555995765813248
1328555997611388930
1328556059485745154
1328556177203081216
1328556225886367745
1328556254806106112
1328556277736361985
1328556278571036672
1328556280374562817
1328556352269033475
1328556416081268736
1328556562852556800
1328556596268503041
1328556601356201984
1328556612479553538
1328556671849926657
1328556731501309953
1328556740368064513
1328556762585329665
1328556918001033217
1328556952490827776
1328556952687874048
1328557021470339073
1328557112050544641
1328557132745207809
1328557274852429825
1328557507833454597
1328557516876296192
1328557581678370816
1328557658455089152
1328557659545546752
1328557718593032193
1328557750956285952
1328557825119940609
1328557877586440197
1328557893080248320
1328557926232023040
1328557962785411073
1328557963259342848
1328558046478561282
1328558118415032321
1328558133418078209
1328558138157502465
1328558211125874694
1328558242339831808
1328558243984134144
1328558285348364291
1328558400456814593
1328558424565616641
1328558472913448965
1328558484061892608
1328558507130560512
1328558603616317440
1328558632427016193
1328558665373200385
1328558676614012928
1328558734025449472
1328558737888600066
1328558784311160832
1328558825515986946
1328558931564752896
1328558949872885760
1328558960182505476
1328559051173732352
1328559145818222594
1328559184246435840
1328559186326794240
1328559231470104576
1328559392585867264
1328559399061889034
1328559556482519040
1328559563772223489
1328559694319906816
1328559722019090432
1328559742957064193
1328559752163565568
1328559812909674496
1328559891435442177
1328559892928585728
1328559977942970368
1328560030405234688
1328560030950547456
1328560090845237248
1328560130808377345
1328560134264475648
1328560134512144384
1328560137418596353
1328560155336736768
1328560158293704709
1328560183434498049
1328560190396960768
1328560194452910081
1328560283263111168
1328560291932741638
1328560346009907200
1328560355489030145
1328560465434324993
1328560482157023232
1328560483738259456
1328560492365963268
1328560514071482368
1328560549915930624
1328560603603083264
1328560619658883073
1328560685521973249
1328560878061580289
1328560998807027712
1328561091534843905
1328561120056135687
1328561320036343808
1328561337467883526
1328561340051546112
1328561348377243648
1328561428589137920
1328561430031966208
1328561494833979392
1328561546881081345
1328561581039513601
1328561651365392384
1328561787118227462
1328561873717956610
1328561881745924096
1328561910070075392
1328561980672798721
1328562013656723456
1328562022473211905
1328562047009890304
1328562088676118528
1328562143420157952
1328562328112132096
1328562364975812613
1328562390905081856
1328562414707761154
1328562434202873857
1328562452217421825
1328562474627567616
1328562498296012801
1328562526691483648
1328562555724435463
1328562568953294848
1328562573994766336
1328562623013675008
1328562670535127041
1328562736171782144
1328562813233717248
1328563011997601793
1328563043106775040
1328563146047574017
1328563225147940864
1328563256491974656
1328563275336859648
1328563284346335233
1328563302990041088
1328563304009248770
1328563370346352647
1328563378277769217
1328563431239200769
1328563516048105472
1328563516064804864
1328563516220043266
1328563517348335616
1328563517746626560
1328563536444989441
1328563564471328775
1328563565154996226
1328563566220353536
1328563627192766464
1328563653692567554
1328563657362518017
1328563664144764929
1328563677797212160
1328563706394009604
1328563716930072576
1328563736383111168
1328563748634816513
1328563773225963520
1328563793648082945
1328563900825149440
1328563923105296384
1328563945574178817
1328563955946688512
1328563971088060417
1328563977060835328
1328564082245578753
1328564104483704833
1328564271572283398
1328564277834358784
1328564281496002570
1328564283547021319
1328564398068277249
1328564405177634816
1328564501025796096
1328564538308956160
1328564564636655616
1328564573205639168
1328564577106276352
1328564691149479937
1328565095388078083
1328565152011198464
1328565159229616128
1328565245133066240
1328565253152649216
1328565327257628677
1328565329417613312
1328565462351929344
1328565596670332930
1328565642270797824
1328565662776762368
1328565756859183104
1328565785833447424
1328565832490897408
1328565846885736450
1328565898412765186
1328565974543503360
1328565990200909825
1328566015077343232
1328566069712261120
1328566218811437058
1328566230240927744
1328566270518849536
1328566290689257477
1328566296359931904
1328566301955149824
1328566384150933504
1328566423812247554
1328566448525074432
1328566482939375616
1328566497753636869
1328566502379892736
1328566553965715457
1328566594063233024
1328566649499377664
1328566691547197447
1328566701697490945
1328566878927720450
1328566965569515521
1328567015997644800
1328567056514633729
1328567138794283010
1328567219954065411
1328567226606161920
1328567254984908807
1328567290082824193
1328567290145644544
1328567307321421825
1328567337038057475
1328567382789513216
1328567404113375232
1328567586435502080
1328567592169185280
1328567611714658305
1328567719751462912
1328567723736109056
1328567804627398656
1328567827499016192
1328567850127273984
1328567854183178245
1328567864937295872
1328567871082012673
1328567937448497155
1328568061692170241
1328568066003841025
1328568085276712960
1328568112254509060
1328568232278700038
1328568315065856000
1328568374247510017
1328568386075435008
1328568443788996613
1328568445278048263
1328568527436046337
1328568534742556672
1328568548461932544
1328568637289066498
1328568640392859652
1328568667454496768
1328568746265485312
1328568780411334658
1328568806470512646
1328568843011239946
1328568952096772106
1328569040701362177
1328569069239476226
1328569105109102592
1328569142736281601
1328569169294618625
1328569180271112192
1328569279848067075
1328569319828189189
1328569537348898816
1328569623986515969
1328569626398167041
1328569733831159809
1328569771894435841
1328569801648779265
1328569858284457986
1328569859605663744
1328569994142167040
1328570024659984390
1328570145283989504
1328570198232879104
1328570265278816256
1328570321239220227
1328570392072630274
1328570469231046656
1328570474830438400
1328570617889742848
1328570671916527616
1328570683090214915
1328570702476292098
1328570705496203264
1328570811389800448
1328570944441491457
1328570953484341252
1328570959373230083
1328571041208295425
1328571043091525636
1328571047411650560
1328571053854035968
1328571064931139585
1328571064964747266
1328571065224847360
1328571065493237761
1328571065690320896
1328571065984049154
1328571085227483142
1328571094794690560
1328571102512156673
1328571106656202757
1328571149043830784
1328571200214347776
1328571220422483969
1328571229545099265
1328571252504743936
1328571329835126792
1328571476572827648
1328571480691585031
1328571485896773633
1328571510672535552
1328571543065141251
1328571544738607104
1328571581614985217
1328571586396499968
1328571603261779969
1328571665735950336
1328571813748727810
1328571827086614529
1328571839573012480
1328572034759225345
1328572157664899078
1328572176472158208
1328572178451861504
1328572191009628162
1328572276804087810
1328572289839927297
1328572326334656514
1328572370953646082
1328572388028674053
1328572388829761538
1328572585286787072
1328572689401966593
1328572725829505030
1328572776446365697
1328572788349820932
1328572790769938432
1328572858059075586
1328572949872435200
1328572980075573255
1328572987503763456
1328573016238927874
1328573025520906240
1328573044604932096
1328573098438897669
1328573156576137217
1328573188561907714
1328573201035784193
1328573270619205632
1328573289338449924
1328573306207948802
1328573410155368454
1328573459341987841
1328573501045944324
1328573507937181700
1328573515038154753
1328573522529148935
1328573552161853444
1328573667018743820
1328573762711773194
1328573895872557063
1328573930572042240
1328573949081423873
1328573955645579267
1328573958480916481
1328574036369174529
1328574062768103425
1328574066459029506
1328574071521615873
1328574136961142786
1328574168502251520
1328574170888867840
1328574172981846017
1328574173006999552
1328574184717508610
1328574223317602307
1328574281077448704
1328574290921480195
1328574321237823494
1328574353940897793
1328574356453289984
1328574553132584961
1328574559243689984
1328574568248860673
1328574583272828928
1328574754777862148
1328574785903845376
1328574807877758978
1328574840136110080
1328574868519051264
1328574882477641729
1328574898265092097
1328574899091369987
1328574905802174464
1328574972785270784
1328574988283207680
1328575027026026496
1328575032675741698
1328575084794142722
1328575092406820864
1328575109452410880
1328575178889113601
1328575247143067650
1328575292382867456
1328575482426757123
1328575529981718528
1328575571262107649
1328575644448542722
1328575667550760960
1328575674932731905
1328575723410485251
1328575774287400961
1328575813994901505
1328575852754448384
1328575950875930632
1328575956336975872
1328575996598038528
1328576007872327680
1328576041120649217
1328576144296308738
1328576169604767754
1328576193990422534
1328576296922865667
1328576358696574981
1328576526984605697
1328576564297162752
1328576573390409728
1328576598979784704
1328576617782894593
1328576698716213248
1328576710032449537
1328576833433067522
1328576854849105920
1328576868207955969
1328576884570021890
1328576886117634050
1328576984872529920
1328577027826454530
1328577041864790016
1328577074286747651
1328577126707187712
1328577182306889728
1328577258043400200
1328577279639871490
1328577287550349312
1328577325798191105
1328577334060994562
1328577365128204293
1328577365862178818
1328577389887184898
1328577398900740100
1328577468245176324
1328577657181794305
1328577680980258817
1328577735975964675
1328577781979115520
1328577839763951621
1328577880767537153
1328577890527682562
1328577934412681217
1328577975101558784
1328578060568981504
1328578098707763200
1328578100548997121
1328578159135121408
1328578184342802434
1328578211081498626
1328578237497225219
1328578247181946882
1328578249044209664
1328578298159509504
1328578320045322240
1328578363016028161
1328578386520891392
1328578441462099968
1328578480494227457
1328578532621111297
1328578562086100997
1328578572022386690
1328578614904770560
1328578615353757696
1328578615424913408
1328578617740308480
1328578618696495104
1328578654331408385
1328578669619662855
1328578676456382466
1328578719783456768
1328578733691850761
1328578785394962432
1328578799072579584
1328578850448699392
1328578856073236481
1328578858925355008
1328578874280734725
1328578921013669888
1328579067294191616
1328579091411447808
1328579104472506368
1328579155403952128
1328579181047918592
1328579193723084803
1328579266544623616
1328579286983467008
1328579297402032128
1328579310026977284
1328579315269820416
1328579345313574916
1328579468953268228
1328579551631380480
1328579627200225280
1328579628357869574
1328579677938724865
1328579782230085634
1328579790224416769
1328579799246393347
1328579844548997121
1328579850584657929
1328579857597526021
1328579894939447296
1328579896357085185
1328579928875552770
1328579933950660611
1328579940015616000
1328579975096700929
1328580032105766917
1328580070160658436
1328580088858816513
1328580125630328835
1328580142764056579
1328580149789544448
1328580221814050816
1328580246799609856
1328580251476250624
1328580265514557442
1328580283940081665
1328580368342147075
1328580500102017025
1328580538408587264
1328580539901743106
1328580547266957312
1328580573405831170
1328580592380866562
1328580698500968453
1328580706646323201
1328580709104152577
1328580764829691904
1328580800263188481
1328580803677319169
1328580814116954112
1328580822354563072
1328580860220743687
1328580906936832000
1328580950880620545
1328580955909533697
1328581007881199616
1328581040923873285
1328581107168763905
1328581108158574592
1328581143495663616
1328581149212504064
1328581167428333573
1328581182141952001
1328581201842626561
1328581384953344001
1328581428456665088
1328581432030191618
1328581470114471940
1328581491987771396
1328581549583966210
1328581551416877059
1328581605766664192
1328581610174898178
1328581634677903360
1328581684875419648
1328581729385394176
1328581762675519488
1328581775577255938
1328581804970962944
1328581891432263681
1328581892673769473
1328581895421108228
1328581896771661825
1328581897996410881
1328581900693348352
1328581904476594177
1328581913544708099
1328581924449873923
1328581928451182595
1328581972378198017
1328581986701733890
1328582019023056896
1328582039667437570
1328582043568115712
1328582108315521024
1328582110068830208
1328582114841911297
1328582122379108354
1328582143254142976
1328582162241740800
1328582173369257985
1328582212665675778
1328582222018990081
1328582242566889472
1328582309642113026
1328582323357577216
1328582368987394055
1328582389757427712
1328582410414530562
1328582415128858632
1328582489431040001
1328582521395818498
1328582522771533824
1328582535299862529
1328582581273636864
1328582609941766145
1328582612605087748
1328582658276855810
1328582667097534466
1328582673120563200
1328582742607618049
1328582765537878017
1328582859544727553
1328582926934691842
1328582949936226307
1328582973675986952
1328583040344469506
1328583054860947457
1328583079347286026
1328583095403098112
1328583130211610627
1328583139313258496
1328583141494231040
1328583156522430465
1328583245240348675
1328583245462720515
1328583285761593345
1328583319559299073
1328583370935312384
1328583419618615297
1328583428699250688
1328583648044584963
1328583648153542656
1328583660531015680
1328583698032308225
1328583757822091266
1328583777426296832
1328583797621874689
1328583798037114883
1328583809378512902
1328583832304562177
1328583924235243520
1328583929411096579
1328583949929558017
1328583963712114689
1328583995169394692
1328584028270817281
1328584047598112769
1328584047757549573
1328584055655436292
1328584063976951809
1328584073808400387
1328584075741982722
1328584078472441856
1328584080984772610
1328584101692141572
1328584130343342082
1328584143400218625
1328584166829674498
1328584232441090050
1328584299998814220
1328584301793972230
1328584321884712960
1328584346933092353
1328584370232434690
1328584395981262852
1328584465501851652
1328584478286098432
1328584509592399872
1328584626164682753
1328584628572196870
1328584647480135680
1328584711271292931
1328584732209258508
1328584735036149767
1328584737217187840
1328584739431780353
1328584741780676608
1328584747954679810
1328584980839227394
1328584985671032839
1328585002678951936
1328585044286447616
1328585135260921861
1328585142143692800
1328585155225776133
1328585164612653058
1328585219797110784
1328585242224025601
1328585261102624768
1328585304933064707
1328585344942567426
1328585353826070531
1328585389406351362
1328585464329216000
1328585466132762626
1328585512362381312
1328585515482877952
1328585526505594881
1328585627982508033
1328585644667510789
1328585648429801480
1328585673100636163
1328585676078592002
1328585680734261249
1328585681657016321
1328585718919294976
1328585727525986304
1328585733892927490
1328585751748112386
1328585755040550913
1328585887278632968
1328585894635442177
1328585919608262658
1328585936234557440
1328585948775510016
1328586008032636930
1328586041763262466
1328586051598897157
1328586108138106881
1328586165419724801
1328586165541163008
1328586169685331969
1328586176152940544
1328586180951150593
1328586203009048579
1328586219639492619
1328586231291244544
1328586247980392449
1328586265982361602
1328586305958187010
1328586321716277249
1328586384333041664
1328586430671679490
1328586520266235906
1328586533532819456
1328586569217957888
1328586574234349568
1328586579896651776
1328586634460356609
1328586649136148480
1328586688155758593
1328586712587636739
1328586713606868992
1328586752555094017
1328586757990920192
1328586777339244545
1328586799434883075
1328586815918530563
1328586827167633409
1328586847027671044
1328586861045026819
1328586896319131648
1328586915285700612
1328586970390474755
1328586980989542402
1328586985515134977
1328586993194979329
1328586998521737216
1328587010697818117
1328587020944470017
1328587068331659270
1328587078133813248
1328587150368116736
1328587198002835457
1328587220631121924
1328587305796427777
1328587312759001094
1328587345902309376
1328587359160590337
1328587376353038336
1328587397332930560
1328587418489016321
1328587430698610688
1328587443193393153
1328587454828384258
1328587469776973826
1328587488684888065
1328587495748104192
1328587496670818305
1328587517613002752
1328587546583052291
1328587549623939072
1328587662316474372
1328587699167617025
1328587703911411713
1328587776175042561
1328587777018109953
1328587823239344130
1328587840490450952
1328587963731767296
1328587986011820036
1328587997583986690
1328588104161222656
1328588109718675456
1328588123908005889
1328588129956208646
1328588164710195200
1328588269576204290
1328588292602949632
1328588313662533633
1328588317756153857
1328588329215021057
1328588358868758530
1328588405106675714
1328588426057314304
1328588433414119424
1328588484131565568
1328588499914805249
1328588530252210181
1328588560476364800
1328588602146742274
1328588617908891657
1328588646593728513
1328588656894939136
1328588681175764997
1328588695201574914
1328588712914137090
1328588736272216065
1328588738218381312
1328588739908612096
1328588745898143744
1328588756430032898
1328588786796818433
1328588839821172737
1328588855835041792
1328588900512751622
1328588908700053504
1328588918044958720
1328588998525194252
1328589003877191680
1328589031106621440
1328589051159572483
1328589051763560456
1328589136610152449
1328589218218725384
1328589244965785601
1328589256206540802
1328589284128002054
1328589294483730435
1328589379351289856
1328589411152490496
1328589420094746625
1328589463002488832
1328589501795545089
1328589530727903232
1328589595668307968
1328589617176731651
1328589649556758529
1328589691256496129
1328589699942936582
1328589704611160073
1328589731437875200
1328589740766072834
1328589747590193153
1328589769459306499
1328589818197139456
1328589826266959875
1328589906839474178
1328589939370582021
1328589948220559361
1328589952544874498
1328589954348425221
1328589966591610880
1328590028432429056
1328590076486541312
1328590147059937281
1328590183755812864
1328590190714232832
1328590200583360514
1328590203729170433
1328590313364058114
1328590316379705346
1328590327008157696
1328590332347490307
1328590343336587266
1328590354694758400
1328590386722435074
1328590409552064513
1328590424517304326
1328590437955891201
1328590498001526786
1328590539109916672
1328590590427140107
1328590654411337730
1328590669955424257
1328590703123951617
1328590707985145858
1328590709557956608
1328590718730899456
1328590789925105664
1328590813048303616
1328590824293150721
1328590863556075521
1328590885160882177
1328590907638247426
1328590928743895040
1328590938424401922
1328590946154504192
1328590955935637505
1328590970946981888
1328590974826786819
1328590985023139840
1328590986218532864
1328591014878121984
1328591042434707458
1328591057777471490
1328591067919290368
1328591069626380291
1328591084943970304
1328591088668569601
1328591093022265346
1328591116950794240
1328591163889229824
1328591174681169927
1328591190170755074
1328591195291983878
1328591204523634689
1328591219161698304
1328591275948462080
1328591298836762624
1328591304155148290
1328591305937723392
1328591407041409024
1328591449395380224
1328591460095160320
1328591483369304064
1328591495595761666
1328591531536764929
1328591564558503944
1328591572322148352
1328591662298390528
1328591670934433792
1328591691696263168
1328591712546074624
1328591717315080201
1328591720204951552
1328591740668882945
1328591744561258497
1328591746285121536
1328591761179107328
1328591769039147009
1328591797522739202
1328591837616099329
1328591837850972166
1328591865134911490
1328591889113763841
1328591944268865539
1328591950371565568
1328591961075425280
1328591968008613888
1328592006189342726
1328592028322713602
1328592053165547520
1328592054046298114
1328592059838685190
1328592076309663746
1328592094471000064
1328592144270036992
1328592162993414149
1328592163161198594
1328592204428787712
1328592209650782212
1328592223726931968
1328592231415033858
1328592279519506439
1328592292505128960
1328592328076955649
1328592330572619776
1328592333043081222
1328592403025031168
1328592403918426114
1328592408557346816
1328592455831318529
1328592464588976131
1328592480116281344
1328592484176441345
1328592522411728897
1328592529483239425
1328592567152349184
1328592653605285888
1328592657799655425
1328592682969653250
1328592686169944066
1328592714154307590
1328592716868038659
1328592718717706241
1328592726246436865
1328592727378964481
1328592740612009987
1328592743522848768
1328592758735507456
1328592765555511300
1328592784341741568
1328592792843644933
1328592821096493070
1328592870673100800
1328592884715704320
1328592944199311361
1328592950499151873
1328592959349067776
1328592960104112131
1328592973949505539
1328592977598492672
1328593018874703872
1328593057290330114
1328593071790026757
1328593085526396931
1328593220469665793
1328593223019884545
1328593264652537856
1328593321023901696
1328593332952592390
1328593346642718721
1328593367324913665
1328593375721885699
1328593383984668674
1328593418801573888
1328593430218498048
1328593462527217664
1328593462531395584
1328593487512690688
1328593500301090820
1328593500343046145
1328593524921602048
1328593526632947720
1328593565606424580
1328593574842294272
1328593584120074240
1328593609617256450
1328593625081667585
1328593638998351872
1328593658409578496
1328593714223013890
1328593715066138624
1328593715619913729
1328593715812655104
1328593717050056704
1328593717628968961
1328593718752935936
1328593723098361865
1328593739120582656
1328593745563054080
1328593751875391489
1328593769214652419
1328593777888550924
1328593801473118213
1328593828341833729
1328593846981292041
1328593891285667841
1328593894163050497
1328593900945149954
1328593903105269761
1328593903726043139
1328593916753551360
1328593921165959168
1328593947116134403
1328593984093032448
1328594001755332609
1328594006457069569
1328594007589605379
1328594017156730882
1328594019006504960
1328594071963783169
1328594118747033600
1328594130000338945
1328594188817076224
1328594191090331648
1328594226867806208
1328594229531205633
1328594282702368768
1328594345075871748
1328594368119402497
1328594430169899008
1328594461207781381
1328594512898355200
1328594572449091584
1328594597300367360
1328594632226336770
1328594664178540564
1328594666447642625
1328594681127694337
1328594717341265920
1328594776938192897
1328594782315229184
1328594800971571200
1328594821875986435
1328594829094379526
1328594842738364416
1328594886107557889
1328594939849138184
1328594953962991617
1328594966021611523
1328594976255643651
1328594983285387269
1328595051107258371
1328595063325286400
1328595069029523458
1328595082379997184
1328595127770771458
1328595149484650500
1328595165301403650
1328595180153401344
1328595243143487494
1328595247853662209
1328595261313196033
1328595349322260481
1328595350282776576
1328595363926843393
1328595414472384514
1328595415147696129
1328595447410282496
1328595451453562880
1328595452271472643
1328595544789442562
1328595601991344133
1328595661504335873
1328595693246816257
1328595711395569664
1328595714734252033
1328595727812075524
1328595732086067202
1328595764814237702
1328595774477889536
1328595804819427329
1328595812738330625
1328595877225750529
1328595888672026629
1328595928836665345
1328595969622089730
1328595977020780545
1328595984960671744
1328596050710499329
1328596061988982784
1328596128435220482
1328596164342657025
1328596218918952967
1328596226976198656
1328596241899540481
1328596249344430080
1328596254495039490
1328596261260435456
1328596272056573953
1328596275227398144
1328596277706317829
1328596278683590659
1328596283150495744
1328596309851451490
1328596310065356802
1328596328147005446
1328596340516007937
1328596406806908929
1328596417238151172
1328596432157335553
1328596438004228102
1328596446250213376
1328596473781612546
1328596516844548097
1328596597408735233
1328596668024037381
1328596682477539329
1328596684696326147
1328596721119662080
1328596742808473601
1328596744821760001
1328596829815140352
1328596937935884293
1328596948656459782
1328596988510744577
1328597065052659714
1328597073479016448
1328597081901178885
1328597096132390917
1328597114910371840
1328597130324422660
1328597180479909892
1328597183566913539
1328597232749309952
1328597238067695616
1328597251531431938
1328597254073147392
1328597296938938368
1328597297563918337
1328597320557088772
1328597333244866560
1328597378383966208
1328597381663879168
1328597402606067712
1328597412311658497
1328597473510699014
1328597482700484608
1328597489121943552
1328597504049483776
1328597508717686785
1328597561964437505
1328597601827119107
1328597610597330944
1328597615030792194
1328597623855583232
1328597676955480064
1328597700716204033
1328597735386312704
1328597735793111043
1328597738657898496
1328597791036362753
1328597792613425154
1328597793951375360
1328597794421153792
1328597902902616065
1328597906723631104
1328597914910920704
1328597962528796673
1328598038051512320
1328598101326761988
1328598157945671682
1328598183568609281
1328598198886273024
1328598225050365952
1328598226954543104
1328598230658113537
1328598267744178176
1328598393845932032
1328598401873743872
1328598421364740097
1328598429426200577
1328598438985015298
1328598450368376832
1328598451383316480
1328598500670660608
1328598518680973312
1328598571852181506
1328598632371789825
1328598660075098113
1328598664617619456
1328598682225270788
1328598721781784579
1328598747341840385
1328598747576614912
1328598825108467715
1328598833706770433
1328598838265995266
1328598846071582722
1328598869937164289
1328598874089529348
1328598895367217153
1328598933401112576
1328598946852253696
1328598947280150528
1328598981325316096
1328598999234994177
1328599012103106560
1328599033225547776
1328599098543452160
1328599131263262720
1328599133154840578
1328599134870319104
1328599138389401601
1328599138506780673
1328599139194646529
1328599142541750274
1328599157188272131
1328599157699989504
1328599163072897030
1328599166122070016
1328599171880906753
1328599180366008320
1328599182123421698
1328599219507253250
1328599240298393600
1328599244136124417
1328599288625164290
1328599382774734849
1328599394204180481
1328599397064732672
1328599411853811712
1328599418224975872
1328599423497216001
1328599441117417475
1328599460197396481
1328599471719149570
1328599480023867392
1328599526823833601
1328599558717403137
1328599640707624962
1328599641798144001
1328599663566524418
1328599668415225858
1328599672332619776
1328599674798927872
1328599688543657986
1328599697536266240
1328599700283543555
1328599714711953408
1328599724040081408
1328599740594974721
1328599766993924097
1328599770223570945
1328599794420506624
1328599813038993409
1328599850569625600
1328599859042070529
1328599866575114240
1328599869209108480
1328599895394095104
1328599907394052096
1328599909822582785
1328599909830963200
1328599967980802048
1328599982539202560
1328599991326289921
1328600005708574721
1328600005754535936
1328600005800845313
1328600021760094210
1328600046397493250
1328600057243951105
1328600063904505856
1328600066555338753
1328600079792484352
1328600081902301184
1328600093147205635
1328600096473296896
1328600114118733824
1328600121781735429
1328600133693542403
1328600143248183296
1328600252866326529
1328600316883968000
1328600316955267072
1328600402347110401
1328600413977841665
1328600427282255874
1328600481711714306
1328600496811220993
1328600500716138501
1328600511776485377
1328600522799058946
1328600548392767488
1328600571364904964
1328600572577116160
1328600600372764673
1328600621939892225
1328600674410655744
1328600703934279680
1328600705058430976
1328600725627219968
1328600728932323330
1328600776848060417
1328600795856646145
1328600826932322304
1328600885648363520
1328600891977576449
1328600895207186433
1328600911153926144
1328600929134915586
1328600934147035136
1328600936240046080
1328600955022168065
1328600958197243904
1328601003105595393
1328601030532222979
1328601035066241026
1328601085477597185
1328601101021622272
1328601122890715140
1328601138174767104
1328601175936151554
1328601180960944129
1328601184937123840
1328601228364951553
1328601237311410178
1328601254965207040
1328601255690842116
1328601263928344576
1328601264263983104
1328601264326848514
1328601264331116544
1328601265178353664
1328601265446682624
1328601281649401858
1328601295742230528
1328601304323723264
1328601324347338755
1328601329628028932
1328601332018720768
1328601332962512896
1328601370727952384
1328601387962347520
1328601388465737728
1328601407226847238
1328601416156504064
1328601423995695104
1328601428223520768
1328601483768631297
1328601487228997632
1328601494220894209
1328601494959087617
1328601522050109440
1328601555470331905
1328601587338645505
1328601599569252352
1328601605864910849
1328601610155683840
1328601630464503808
1328601632570044416
1328601652161634304
1328601712316256256
1328601750224449538
1328601751239487488
1328601780587016192
1328601780872237060
1328601785544679424
1328601789768364033
1328601843526750209
1328601845548322816
1328601923155529729
1328601924988530688
1328601969678831619
1328601986489606144
1328602003275210755
1328602033260269572
1328602042592600066
1328602073676587009
1328602079716397063
1328602113602187264
1328602117834231809
1328602184066461696
1328602243944374276
1328602342787346433
1328602347556233216
1328602370339721216
1328602409837469697
1328602479488081920
1328602518801231872
1328602526015516672
1328602533456211969
1328602569585922048
1328602592637804544
1328602656265424898
1328602707981176834
1328602714088091648
1328602727425912832
1328602728512294912
1328602770727972865
1328602773932400640
1328602799005966336
1328602814482960386
1328602825379733505
1328602898595540992
1328602901338599424
1328602941339693060
1328602947299762177
1328602985698631682
1328603040262316034
1328603063670738946
1328603068288655361
1328603068439650305
1328603096994492417
1328603145656791042
1328603183518789633
1328603200056942592
1328603207279538176
1328603262585630721
1328603292755169281
1328603338838044673
1328603352775659520
1328603370056245250
1328603371729793024
1328603378969145344
1328603396845277184
1328603420320796672
1328603429405667330
1328603430701723650
1328603434296233984
1328603436850536449
1328603529464995842
1328603537090207747
1328603545906634753
1328603566756532224
1328603585681219585
1328603610125578242
1328603611908231169
1328603626248560640
1328603630342115330
1328603662185271297
1328603664970371073
1328603678153043968
1328603684134129664
1328603700600987649
1328603709799067649
1328603714081480705
1328603715570429953
1328603718942658564
1328603734331580417
1328603755655426050
1328603782264086529
1328603785246240769
1328603807627046912
1328603814614749187
1328603831370964994
1328603845723893760
1328603846877327360
1328603850136281088
1328603860773040130
1328603881329356800
1328603892536512513
1328603892607758338
1328603898651795458
1328604017572909057
1328604078285393920
1328604084111351808
1328604085671645185
1328604101882634242
1328604131855097858
1328604148347101187
1328604157343911938
1328604178852220929
1328604181473669121
1328604202940198914
1328604315565645827
1328604324100976641
1328604351338778624
1328604406598742017
1328604442984321025
1328604498764427264
1328604549372915712
1328604559334387714
1328604585901043712
1328604607350714369
1328604610446176257
1328604663218921473
1328604663558582274
1328604666805039104
1328604686790832129
1328604694684573697
1328604719393206273
1328604721876267010
1328604749885792259
1328604766474219520
1328604766818230272
1328604778050576385
1328604806664122369
1328604814255808514
1328604821260218370
1328604823797854209
1328604835265044480
1328604891636502528
1328604966194454532
1328604976256520192
1328604984380977152
1328605009420947457
1328605058741760001
1328605061350629376
1328605085220425728
1328605085996376067
1328605107471208449
1328605125062090753
1328605132918059008
1328605148038524930
1328605157416955904
1328605171883106305
1328605190258388994
1328605196805677056
1328605253328105472
1328605278326165504
1328605284919627776
1328605292448329729
1328605307854008321
1328605316485967872
1328605331220533252
1328605385402552321
1328605393342377984
1328605409691701251
1328605459561975811
1328605473021579265
1328605491430367232
1328605494697725952
1328605515044311040
1328605527329345536
1328605539534860289
1328605542391062534
1328605553820569600
1328605565900251139
1328605570488807424
1328605601056874498
1328605606140391425
1328605612813455360
1328605638067429376
1328605640906969088
1328605657143128064
1328605659118579713
1328605701988610050
1328605721785667584
1328605787770527744
1328605810499477505
1328605823485042688
1328605836684513282
1328605841885376512
1328605844985016322
1328605872499683329
1328605876937256960
1328605908872687618
1328605913490526208
1328605920574795776
1328605956725477378
1328605972751904769
1328605984697307139
1328606005299712001
1328606018641809409
1328606024882921472
1328606028980740099
1328606045489524736
1328606045552451584
1328606045917286400
1328606076942561281
1328606091425566721
1328606098715238400
1328606134698188801
1328606154579120129
1328606220001931264
1328606220299751424
1328606239291478016
1328606287630905345
1328606293213536257
1328606299832119297
1328606326101057536
1328606333680185344
1328606349597487109
1328606361987543043
1328606365275877377
1328606397416738817
1328606401149726720
1328606402705756160
1328606419004903425
1328606420363845632
1328606447874306049
1328606451636588544
1328606487112003584
1328606537770799104
1328606539758915584
1328606571719499777
1328606576601686018
1328606599448059904
1328606605466857474
1328606606687412226
1328606632633389058
1328606674077310977
1328606683967451139
1328606710492180481
1328606719036043267
1328606724077596673
1328606725625303041
1328606738581499905
1328606753009840129
1328606755622948865
1328606764158300161
1328606786803339265
1328606799730184194
1328606830428303360
1328606839983005696
1328606843233558529
1328606843430703110
1328606857175379969
1328606877824012293
1328606922195525633
1328606948015616000
1328606949588525057
1328606963844984833
1328606996917051392
1328607005800599556
1328607008560394241
1328607051451420673
1328607053259157504
1328607075992276993
1328607095135072258
1328607099966906368
1328607104932966400
1328607147115032576
1328607150244048897
1328607174633938944
1328607216954449920
1328607239402377220
1328607249758121984
1328607303784919042
1328607315323457536
1328607340304674816
1328607364321337348
1328607364925288450
1328607373703917569
1328607391273922562
1328607399746412544
1328607446726750209
1328607455211892739
1328607468553957377
1328607490636910593
1328607508655693825
1328607509402308609
1328607511478472706
1328607542474395649
1328607555531075586
1328607583503081472
1328607592583749633
1328607637525684224
1328607651220090880
1328607681725272064
1328607700285059072
1328607720493158400
1328607762838908928
1328607811568365569
1328607824495194112
1328607855331651586
1328607880287809536
1328607905709486081
1328607927356301313
1328607954816430082
1328607967395123202
1328607993194307584
1328608008302157825
1328608022747340801
1328608059212533760
1328608060693237760
1328608064858185729
1328608068817592321
1328608069375373313
1328608092179804160
1328608099511447552
1328608113629536256
1328608150359068672
1328608168444911616
1328608228956106755
1328608239064412160
1328608239261454336
1328608283331072002
1328608314754785281
1328608331993395202
1328608343032786945
1328608361940725761
1328608367129071616
1328608384166354944
1328608390470365184
1328608404294815747
1328608424792363008
1328608431041900544
1328608456945897477
1328608459621883904
1328608471982485504
1328608476264796162
1328608497169281028
1328608519969513473
1328608525719834624
1328608527582171136
1328608531176624128
1328608548830515201
1328608562050859010
1328608563523162113
1328608624248229889
1328608628220321795
1328608665654468609
1328608683538968582
1328608695488540672
1328608726182457344
1328608786525933568
1328608796156030977
1328608813637914625
1328608814237708288
1328608814761906177
1328608818398261248
1328608819300057089
1328608819426025472
1328608857023778816
1328608858378530821
1328608859339038721
1328608863843704834
1328608864179277824
1328608866070827010
1328608875239575553
1328608889949073409
1328608895149993984
1328608914267648001
1328608922240954368
1328608965714915333
1328608975001149442
1328608984077643776
1328608987852443650
1328608989089832961
1328608989530173440
1328609005959323648
1328609038431637504
1328609064952205313
1328609081599340545
1328609091061764096
1328609104122826755
1328609104135417859
1328609118429573121
1328609142416740353
1328609149714894848
1328609159454076928
1328609175425912832
1328609187023171584
1328609195147530240
1328609203905306624
1328609265804775425
1328609287447449603
1328609298361049088
1328609333026893824
1328609336520749056
1328609389301936129
1328609392627953664
1328609430057979915
1328609453642493952
1328609458772127745
1328609503529607171
1328609507862339584
1328609513629421571
1328609514048917507
1328609517232386050
1328609535834120192
1328609568600051718
1328609571078889473
1328609571926134786
1328609580176334848
1328609584110592002
1328609658450407426
1328609664288878593
1328609670072774656
1328609686061461504
1328609694571749377
1328609694605340672
1328609702138277889
1328609702817705985
1328609740847538176
1328609742382641152
1328609742441369600
1328609745763184641
1328609793003687936
1328609799307751426
1328609807285293056
1328609811366354945
1328609813203476480
1328609816487600128
1328609843985469441
1328609853124845568
1328609871659474945
1328609892186337280
1328609913338286081
1328609954421481474
1328609958783541248
1328609970657619969
1328609972280766467
1328609974340161537
1328609994552569858
1328610001645137920
1328610001825492992
1328610018904711169
1328610060776448001
1328610060860346368
1328610064391925762
1328610072302333952
1328610081055846400
1328610110554451970
1328610112739663872
1328610118913634305
1328610129441419264
1328610143798521858
1328610164665094146
1328610172395249665
1328610180129562625
1328610191445798912
1328610192964063232
1328610204355792896
1328610216418697219
1328610219069476867
1328610235532120064
1328610274996330496
1328610290393620480
1328610294558461952
1328610300740956161
1328610304092114944
1328610324304568320
1328610371607941120
1328610389739917314
1328610392050966529
1328610392260669440
1328610421297864705
1328610429019578368
1328610432769208320
1328610435952746496
1328610438024744963
1328610441862504449
1328610471361048577
1328610478558486528
1328610481842642944
1328610484107571202
1328610485202202625
1328610489555955712
1328610501597794310
1328610512918228995
1328610522024075265
1328610523441721345
1328610525861777408
1328610542353866754
1328610551530987521
1328610553254846464
1328610566546526208
1328610572913549314
1328610587752935426
1328610598138097665
1328610608628068352
1328610621261295616
1328610624688037888
1328610629486252034
1328610647567982592
1328610648503283712
1328610649388290048
1328610656107589632
1328610667402825728
1328610668409446400
1328610694430855170
1328610728836788224
1328610744393412608
1328610753197248512
1328610786743357440
1328610811896623105
1328610811934347264
1328610811955318784
1328610838219984897
1328610841449672706
1328610842712092677
1328610853235650561
1328610861292941313
1328610880066637826
1328610883992432642
1328610887960301568
1328610942339461121
1328610954574172160
1328610959653539840
1328610963604574208
1328610970277699589
1328610973016596480
1328610981581377536
1328611001579794432
1328611094345248768
1328611097671249920
1328611098958983169
1328611118827319298
1328611145486364675
1328611147721940992
1328611182236798976
1328611188553478149
1328611204747628546
1328611209738915840
1328611220426002432
1328611221705269248
1328611241057804290
1328611242047574016
1328611246292283392
1328611269688107008
1328611272921911297
1328611273014206467
1328611275849560064
1328611297450217472
1328611297794068481
1328611298628648960
1328611299614466048
1328611301040545793
1328611306937716737
1328611317901627396
1328611330430005254
1328611330434076672
1328611342195044352
1328611342962585600
1328611377016090624
1328611382770749442
1328611395563302912
1328611399497617409
1328611404744626177
1328611418581635077
1328611421739954176
1328611422197178368
1328611422293594113
1328611432670392320
1328611433270177798
1328611435992260608
1328611452685611011
1328611457030873088
1328611469005639680
1328611476102406144
1328611520801099778
1328611545258094593
1328611560730882048
1328611572156157957
1328611585879908352
1328611585942835200
1328611593446420481
1328611605278547975
1328611612283072517
1328611634126991361
1328611637998268416
1328611640573628417
1328611642477867009
1328611671594717184
1328611671825408001
1328611672186122240
1328611683187757056
1328611685716914176
1328611690087378945
1328611694361374726
1328611703353913345
1328611706306609153
1328611736350584832
1328611743627702272
1328611768868999171
1328611799520964611
1328611815606063108
1328611817342590976
1328611819951452161
1328611891539832833
1328611913274699776
1328611952222986241
1328611955817508870
1328612010943258624
1328612078991663105
1328612088277774337
1328612097492721665
1328612115071045632
1328612116970999809
1328612139620294657
1328612140148813824
1328612140157165568
1328612146025017350
1328612148386406400
1328612164974882816
1328612194687332352
1328612227415494661
1328612241395118081
1328612259187347457
1328612266657406976
1328612270562308096
1328612271636033536
1328612274114846725
1328612285858930688
1328612291550601221
1328612300006318080
1328612313155383303
1328612328019996673
1328612329840373760
1328612341836107776
1328612358806188032
1328612367144464385
1328612373075202048
1328612373402411008
1328612385821700096
1328612388904505344
1328612389286268928
1328612400921243650
1328612437667573760
1328612439244550144
1328612447431823362
1328612458769035264
1328612460409069568
1328612472157216768
1328612511608950784
1328612538091769857
1328612558786482177
1328612576079597568
1328612583524413445
1328612584942080000
1328612602587525120
1328612615287939072
1328612627799478273
1328612638385954816
1328612645801488384
1328612656169750528
1328612656895434753
1328612676453474304
1328612687580966912
1328612716957888512
1328612722351673345
1328612726097195008
1328612726931922945
1328612747165245440
1328612750948524033
1328612756912807943
1328612770565287936
1328612811799465985
1328612848419831808
1328612849590013952
1328612852899385344
1328612852928634881
1328612854098841600
1328612856107917312
1328612858188361728
1328612901545005056
1328612906708119554
1328612982549516288
1328612992573984770
1328612995576918017
1328613009976078336
1328613022458372101
1328613034416361473
1328613058319687680
1328613065521291264
1328613072718671872
1328613102506524672
1328613103538323456
1328613108236038144
1328613129387958272
1328613139714281472
1328613145078861824
1328613211101401088
1328613217703239681
1328613219896860674
1328613221754933249
1328613234396569600
1328613243103928323
1328613268919885824
1328613280907223041
1328613297416003584
1328613311559118848
1328613312469364736
1328613330924212224
1328613345260429312
1328613346875150342
1328613369423814657
1328613384456196096
1328613388100964352
1328613411010342921
1328613433743466496
1328613467239161857
1328613493780647936
1328613512072081411
1328613546658312192
1328613563779477506
1328613577176080384
1328613579625521153
1328613590299971586
1328613607974858752
1328613618041163778
1328613632624783361
1328613657270497280
1328613682608295936
1328613717852950531
1328613731119448066
1328613781031841797
1328613788426383361
1328613847268171776
1328613873356771328
1328613874225049601
1328613876485808129
1328613951274422275
1328614001492848647
1328614016600707074
1328614041451945985
1328614061605576705
1328614153972494336
1328614178240802818
1328614214768922624
1328614218573213700
1328614220519399425
1328614238542311425
1328614238726852610
1328614243588075520
1328614244074524680
1328614266992287745
1328614292736929793
1328614294586585088
1328614321094475776
1328614337418850307
1328614352220516355
1328614358721699841
1328614362332995584
1328614363226312704
1328614396222971904
1328614404405989378
1328614432277196800
1328614460601274369
1328614470357282817
1328614478368403456
1328614515412439040
1328614522731585541
1328614605917204488
1328614611919261696
1328614615568113664
1328614618479128578
1328614648120307713
1328614656181633024
1328614675672686598
1328614690877018112
1328614708186845184
1328614723580030977
1328614744492797952
1328614797269553152
1328614826424332293
1328614838290014208
1328614838789083143
1328614844229169154
1328614867281080320
1328614871370502151
1328614889284390912
1328614906887888897
1328614919042904065
1328614962449829888
1328615003281383424
1328615025850847232
1328615029449650176
1328615061468962818
1328615105467039745
1328615116758192128
1328615141307510784
1328615143136256001
1328615160286679042
1328615161079410689
1328615162673307649
1328615172118818817
1328615184827633669
1328615224518258688
1328615242457370625
1328615247180075008
1328615304503627777
1328615309234868227
1328615319007588353
1328615352780124161
1328615369653817350
1328615372241694720
1328615380500291585
1328615380705828864
1328615400821633024
1328615402931433472
1328615439019225093
1328615450545188864
1328615451140759553
1328615470631673856
1328615525027614720
1328615562486951936
1328615566484140032
1328615581063503873
1328615628022951936
1328615629386117120
1328615643462168576
1328615647731998721
1328615672713269249
1328615681164709890
1328615684130136064
1328615705915297794
1328615712424865792
1328615713377021953
1328615714240991232
1328615717458075652
1328615734335983616
1328615736261173248
1328615761498304514
1328615764795006977
1328615767932329984
1328615776190951431
1328615840644816898
1328615859854651392
1328615880134103041
1328615880616521729
1328615880809472001
1328615885750358016
1328615886677225472
1328615893442715651
1328615895116238849
1328615912757399552
1328615944294424582
1328615951785472001
1328615983033036800
1328615983842549760
1328615998195462144
1328616004868509696
1328616012934209536
1328616022564368385
1328616032899043328
1328616044525744128
1328616058215927810
1328616067753779200
1328616067887992832
1328616092164616193
1328616102482546688
1328616126260142081
1328616145117646849
1328616159462219777
1328616167154585600
1328616183113912325
1328616208078409728
1328616260490420225
1328616298532704257
1328616304627027973
1328616306925592576
1328616328228446209
1328616335098646533
1328616352396025857
1328616363380895744
1328616363481501696
1328616363984707584
1328616364072865792
1328616364374978560
1328616365503221761
1328616370096001026
1328616371018747904
1328616371140247553
1328616389372948481
1328616391990239232
1328616410579398656
1328616411418255361
1328616413427347456
1328616442212872193
1328616453118058497
1328616454892048385
1328616471862398977
1328616493249163268
1328616499544723456
1328616503445499904
1328616542037225472
1328616546990776324
1328616559842111490
1328616589885911040
1328616623029116928
1328616636534951937
1328616696849035266
1328616706936365056
1328616707997523969
1328616742466297856
1328616752431783938
1328616857193082882
1328616882551877632
1328616911614205952
1328616938831048705
1328616940500381703
1328616982430801921
1328617024021536775
1328617027607597060
1328617051162816512
1328617062525235201
1328617114480095232
1328617114521964545
1328617128820355072
1328617129189527552
1328617134583390208
1328617146499424258
1328617179235934209
1328617208533159936
1328617226224726017
1328617232071581696
1328617239562637312
1328617253735055360
1328617258915074049
1328617260597075969
1328617292066852865
1328617294864510977
1328617322903461889
1328617332609064963
1328617340058144768
1328617361478479874
1328617394898677760
1328617404545593344
1328617408924422144
1328617461420265476
1328617499458482176
1328617502004416514
1328617504500019201
1328617506471284736
1328617511303122946
1328617517271506944
1328617525748363266
1328617541950959616
1328617580756602885
1328617591460540420
1328617603514949632
1328617609785450496
1328617618505347072
1328617621894410240
1328617622032756738
1328617678169403392
1328617715351883776
1328617727502798850
1328617766790852608
1328617767168208897
1328617784855687173
1328617797996441600
1328617798373871618
1328617814647840768
1328617834973425665
1328617874102095873
1328617926589603841
1328617947154309121
1328617979274289154
1328617995606908931
1328618002590404610
1328618008022020096
1328618079186726913
1328618132433297408
1328618135294013440
1328618147037974530
1328618169276264448
1328618182135963650
1328618211122819073
1328618212305547266
1328618212515336193
1328618213064777728
1328618246686248960
1328618248053661697
1328618253783011328
1328618254038949889
1328618258694631426
1328618275018838016
1328618278252646403
1328618279225733120
1328618282027528192
1328618293314408450
1328618294224564225
1328618302604779520
1328618314223001600
1328618488567623681
1328618564073517056
1328618614979784706
1328618628661403650
1328618726225219584
1328618728062406656
1328618788443525121
1328618864687636484
1328618880072343552
1328618880093343745
1328618885881466882
1328618978617470984
1328619027976089600
1328619080136396800
1328619122918367233
1328619372013883393
1328619412786647040
1328619564918337537
1328619645629329408
1328619724331212801
1328619796611653634
1328619825321611264
1328620054053842944
1328620109200502785
1328620189026496513
1328620214641160193
1328620327795089409
1328620406945755136
1328620421365846022
1328620474704736258
1328620549828980738
1328620593147592705
1328620657177976833
1328620689570615296
1328620850187210758
1328620902494457856
1328621059495645184
1328621141091561475
1328621151011139584
1328621331731144706
1328621343013793795
1328621396910489600
1328621396969226242
1328621408503668737
1328621409136996352
1328621412005912576
1328621439298236417
1328621458428407810
1328621499817857024
1328621571632750592
1328621638502342657
1328621650087206912
1328621730269687808
1328621803611320325
1328621916643602433
1328621950978174976
1328622002891010048
1328622017382375424
1328622071623147521
1328622091667722242
1328622103818596352
1328622239923757059
1328622312413949953
1328622566932668416
1328622604979200000
1328622618036015104
1328622686432620544
1328622735099097089
1328622741872926720
1328622831278514179
1328622903554957312
1328622906771849216
1328622919073861638
1328623002280468480
1328623061122359296
1328623086179143680
1328623198607388672
1328623277779116033
1328623300780625920
1328623472118001664
1328623507748642817
1328623522390880260
1328623535003201541
1328623623771463680
1328623709708541952
1328623727693754369
1328623778969116673
1328623913547403266
1328623913727787008
1328623917876060161
1328623919012605953
1328623919310532609
1328624049350533120
1328624094363967488
1328624162378821632
1328624293601812480
1328624404021071874
1328624544983224320
1328624573080887296
1328624623689359361
1328624659097661441
1328624741624713218
1328624849477132289
1328624973217492993
1328625206110412800
1328625327015407618
1328625334401560576
1328625530959253504
1328625552459231232
1328625564253614080
1328625708474753024
1328625811344285696
1328625906370433026
1328625912066273281
1328625928491110400
1328626305592676353
1328626333337997313
1328626334432681984
1328626397120749569
1328626490007826432
1328626701346238464
1328626781490962432
1328626798125608962
1328626883760689153
1328626954535366657
1328627087729696769
1328627113935704066
1328627134324240385
1328627424888819712
1328627457302401025
1328627473899253761
1328627577645371400
1328627702627184640
1328627711879901184
1328627943963242497
1328628000800333824
1328628032366669825
1328628058903941121
1328628074813026304
1328628081704247298
1328628140948721664
1328628149488414720
1328628211945775106
1328628262571024388
1328628402102956032
1328628407140233216
1328628674346807297
1328628724024086534
1328628761735147520
1328628766520782848
1328628766877372416
1328628938407636994
1328628946460499973
1328628946515202048
1328628961589473283
1328629066254184450
1328629291156959232
1328629455745642497
1328629518874124288
1328629549253406721
1328629578575859719
1328630014062063616
1328630066960535552
1328630110493282304
1328630196501688327
1328630217590648832
1328630252424351744
1328630433660231682
1328630515344289792
1328630519760818178
1328630621711822850
1328630875928588289
1328631012671311873
1328631048633266176
1328631101699592192
1328631116908146688
1328631177549393920
1328631193236086784
1328631194376953858
1328631251918589952
1328631292150378496
1328631463437189120
1328631465299492864
1328631471402348544
1328631493665677313
1328631602461757441
1328631634090921984
1328631643427508224
1328631686972715010
1328631868204474368
1328632037121650691
1328632417767272449
1328632576358162432
1328632645421576193
1328632721803866113
1328632892747083778
1328632958144696320
1328633013744381952
1328633017028407297
1328633048687063041
1328633066894581760
1328633367521320961
1328633370067300352
1328633370679648258
1328633395128246274
1328633412593266689
1328633529723473929
1328633773563457537
1328633930589859842
1328634077184991233
1328634104221491200
1328634114069688322
1328634443733536768
1328634502176903168
1328634519503724545
1328634664651776000
1328634722612867073
1328634731014000640
1328634836291096577
1328634985511854085
1328635012120457216
1328635084912676866
1328635197978533888
1328635238063497223
1328635238340120576
1328635238428262401
1328635430238117893
1328635727958200322
1328635844874342400
1328635845700689920
1328635921454002177
1328636000877355009
1328636043860598786
1328636049246085120
1328636357921673216
1328636465698525186
1328636496270790657
1328636507708649472
1328636657013321729
1328636889386061825
1328636923779354629
1328637004079362052
1328637024564371456
1328637028578320384
1328637088976302080
1328637198837702656
1328637273957675009
1328637369847861248
1328637443776655360
1328637470716649472
1328637482771099649
1328637486873141249
1328637536621780992
1328637565759533057
1328637739743449089
1328637832529924096
1328637878579105793
1328638002227277825
1328638020610912256
1328638051715862528
1328638098499100672
1328638225796227072
1328638559096610816
1328638582958010369
1328638592906895365
1328638622996762624
1328638642831634432
1328638873161916419
1328638951737929728
1328639013499121664
1328639013574516738
1328639016921571328
1328639018897080321
1328639134710292480
1328639264582754305
1328639289111011328
1328639412880764930
1328639479746277376
1328639526936391680
1328639620960149504
1328639733526827008
1328639756851441665
1328640260037890053
1328640289699934211
1328640571573932035
1328640589559189505
1328640630755647496
1328640651660058624
1328640755959783424
1328640807361015808
1328640809814683648
1328641008821792770
1328641012600872961
1328641129173164033
1328641380722335746
1328641497059766273
1328641529427202048
1328641529594982406
1328641626596634626
1328641662789226497
1328641686977847296
1328642185131159552
1328642243620720642
1328642389808910336
1328642493668347904
1328642575801135105
1328642674878976000
1328642699449298944
1328642787747631106
1328642787894456321
1328642903132999680
1328642936603615232
1328642991553191936
1328643185212596224
1328643200169496577
1328643245283438592
1328643255014219778
1328643328469061633
1328643610003333120
1328643614071812096
1328643720548409344
1328643806036692993
1328643923598827522
1328644063642447873
1328644242865065987
1328644262012071936
1328644274255171585
1328644277396713472
1328644308375924737
1328644316856799239
1328644405193039877
1328644527230509057
1328644722836074496
1328644769405231106
1328644961869426694
1328645103964008448
1328645166664704000
1328645208385462272
1328645210616770560
1328645304191655936
1328645432927465474
1328645525936230401
1328645735504621568
1328645743742218242
1328645861962883073
1328645892384165888
1328645955231625216
1328646204419436546
1328646405972512769
1328646476399042568
1328646564479344642
1328646610558083073
1328646619609395200
1328646658683523072
1328646810387230720
1328646867064938496
1328646867866034178
1328646951936602112
1328647232074211329
1328647245219115008
1328647292241518594
1328647457706708992
1328647471900352514
1328647499050070017
1328647512501137408
1328647587226918917
1328647721369133056
1328647813803220992
1328648017461846017
1328648234085052422
1328648400036896768
1328648406068326400
1328648591406194689
1328648604525998082
1328648645084913665
1328648857488666624
1328648979660288000
1328649079136673792
1328649079237222400
1328649080894091264
1328649280840613889
1328649306178527234
1328649456930217987
1328649520452947969
1328649648920276993
1328649715320283136
1328649738095370240
1328649835986251779
1328649895792799746
1328650004517490689
1328650074046541825
1328650246793129984
1328650328821133312
1328650337335582721
1328650516595961856
1328650614453231616
1328650682384179200
1328650692228165632
1328650774423998464
1328650807215001602
1328650807252840451
1328650863229939712
1328650881085157376
1328651016267554821
1328651083720351745
1328651091194605569
1328651173453238272
1328651175139422208
1328651254772412416
1328651284082208768
1328651340923465729
1328651361496543233
1328651428857061379
1328651502370648067
1328651526177517569
1328651595710685184
1328651627939577857
1328651804700237824
1328651818172362752
1328652014910402568
1328652269643059206
1328652691313217536
1328652742198521857
1328653559496323072
1328653788060798976
1328653851919069185
1328653934475550725
1328653970215198728
1328654061940436994
1328654112712364032
1328654117946867718
1328654213539368962
1328654243922915329
1328654345752211461
1328654466946621441
1328654483052752896
1328654530452578304
1328654567647666177
1328654676234018817
1328654723000438784
1328654773525106688
1328655200719134720
1328655210093420544
1328655301516681216
1328655389399900161
1328655459641929728
1328655492021940224
1328655658472906752
1328655727179730944
1328655779931566087
1328655979962109953
1328656067816026113
1328656180344999938
1328656294451011589
1328656390047625217
1328656546759389184
1328656628875472897
1328656629194051584
1328656723943559168
1328656854646452226
1328657100680155136
1328657110805196800
1328657148113530881
1328657220234596352
1328657224277880840
1328657350799089664
1328657366762590209
1328657369153343488
1328657401910874113
1328657470256975874
1328657562485592064
1328657660833619968
1328657781696696320
1328657832439320576
1328657887657340929
1328657982796795910
1328658095690616832
1328658423483936772
1328658462969049088
1328658643588407298
1328658818637705216
1328658903748534272
1328659013173653506
1328659086943072256
1328659138373709825
1328659145789206534
1328659386634563584
1328659420251877378
1328659468226355200
1328659586786717697
1328659711642767362
1328659733302095873
1328659776860000258
1328659859500388352
1328659885001728000
1328659998914834432
1328660020867821568
1328660028790804481
1328660132989952000
1328660225390415873
1328660230780182529
1328660390004334592
1328660525144805376
1328660664974520320
1328660708641353729
1328660765834874886
1328660859770580992
1328660967333507073
1328661116852039683
1328661209323876354
1328661223659933697
1328661243062853635
1328661255293337601
1328661301929914368
1328661662803619841
1328661690494443520
1328661888478162946
1328661911290978309
1328661913958567937
1328661956383870976
1328661986004131848
1328662004480020481
1328662025271201793
1328662049375752194
1328662200890830853
1328662218150469633
1328662224701960193
1328662253382610944
1328662294306361345
1328662442050785280
1328662516541628416
1328662545973071872
1328662573621911552
1328662600406724608
1328662671030448128
1328662761568604161
1328662780661084160
1328662782535995393
1328662804887461888
1328662886974173185
1328662918490157058
1328662930318118913
1328662932813721602
1328662941206503424
1328663151525711873
1328663162493788161
1328663180986490880
1328663200494182401
1328663296547893248
1328663329783635969
1328663458573856768
1328663506212753410
1328663526337114112
1328663531676438528
1328663637511254017
1328663648210923520
1328663689008979970
1328663699209510912
1328663753924243458
1328663831091027976
1328663876431466502
1328663882383175680
1328663919309811713
1328663921159524352
1328663962859270144
1328663968106340353
1328663969679237121
1328663970862010369
1328663980043362304
1328663987957981185
1328664000012414977
1328664113816473601
1328664154442502146
1328664155663044610
1328664184935034882
1328664213783519233
1328664225401671680
1328664243634384896
1328664248008978438
1328664275615948800
1328664356687581185
1328664428754182144
1328664430423330817
1328664496450265088
1328664513013551106
1328664524149420032
1328664577312219136
1328664605430849536
1328664607850946561
1328664677157662720
1328664677790982145
1328664682522157056
1328664690675884032
1328664705364357120
1328665003419979776
1328665072147828737
1328665169350758400
1328665169996652544
1328665242214289408
1328665254079959040
1328665262644748289
1328665326922452992
1328665404617723905
1328665436842553347
1328665436993458177
1328665437173915650
1328665437178109953
1328665447995219968
1328665449987526658
1328665525841518597
1328665714304159746
1328665735770628097
1328665835670548483
1328665887264690177
1328666055481421824
1328666141405933571
1328666147621842944
1328666170724151297
1328666195839627264
1328666197395709952
1328666199459311617
1328666213589905409
1328666268711477248
1328666277288808449
1328666300051230720
1328666302383353856
1328666501918969856
1328666523628687360
1328666695276310530
1328666712053571584
1328666815548022784
1328666820061048832
1328666886649892864
1328666975632044032
1328667004425936896
1328667060361191430
1328667133895708672
1328667200576757761
1328667239155863553
1328667286509596672
1328667325776719874
1328667363869339648
1328667386329886720
1328667407309819906
1328667419896897540
1328667485961396224
1328667789041807361
1328667809912659970
1328667865382334468
1328667944948277248
1328667947171270656
1328667978192314368
1328668150620106752
1328668173336502278
1328668288461774848
1328668362344443904
1328668386650431494
1328668403779907586
1328668426429227010
1328668476047757312
1328668501838540800
1328668611775488000
1328668643421458437
1328668777572167680
1328668901232828416
1328668923412156417
1328668942282461184
1328669086486769665
1328669137137242114
1328669181047398401
1328669214991847424
1328669215352528901
1328669219102150656
1328669221077749760
1328669329081196544
1328669376195801089
1328669471897235456
1328669500728864768
1328669510707142659
1328669624246931457
1328669657096654850
1328669714277666817
1328669776009441282
1328669792048443393
1328669854472220672
1328669887364030464
1328669908125835264
1328670037767573505
1328670051512307712
1328670126212780032
1328670299425042436
1328670439481221121
1328670492581040133
1328670532817072128
1328670620259938304
1328670624139579393
1328670652891602946
1328670685913370624
1328670885193125888
1328670895330766851
1328670959075778560
1328671092609855489
1328671142635331589
1328671149149089793
1328671185618481155
1328671205159817218
1328671219126767616
1328671350362411010
1328671394826162176
1328671407908261889
1328671417441849344
1328671539487760388
1328671623793274881
1328671701668945920
1328671728512458756
1328671728550047744
1328671832543817729
1328671889041092609
1328671941956407296
1328671944183517184
1328671954166034432
1328671962328145921
1328671985149353984
1328672030963752960
1328672034747002881
1328672063876370434
1328672140456054784
1328672158135050240
1328672307246723074
1328672325093363713
1328672392659529729
1328672451186798592
1328672561220231169
1328672570019778560
1328672572104470528
1328672580421693440
1328672636822499328
1328672678492901376
1328672684155285504
1328672686185336834
1328672688144060417
1328672690165649408
1328672694116765696
1328672695886733312
1328672698915041283
1328672700546637824
1328672703310671874
1328672705449701377
1328672707169411075
1328672709425901568
1328672711028187138
1328672712907239424
1328672765793144832
1328672910916132864
1328672950560698369
1328672950887833600
1328673165606866944
1328673342480674817
1328673397463773184
1328673590980513793
1328673634160955392
1328673644009189376
1328673672182325248
1328673768210915335
1328673832715104256
1328673932359118848
1328673979549282306
1328674085367320577
1328674125527851010
1328674171472269312
1328674195740495872
1328674199678967810
1328674245031899136
1328674253785468936
1328674267270160384
1328674368877187074
1328674392625328128
1328674434656456706
1328674572112195585
1328674601640079361
1328674775070289923
1328674903600599046
1328674927260602370
1328674986303877120
1328675049847533568
1328675124594282496
1328675221730172929
1328675312058724355
1328675370065948673
1328675379666673665
1328675430732328966
1328675482968133637
1328675514815553538
1328675529688494080
1328675708151980033
1328675809285058562
1328675836699045889
1328675889081688064
1328676006689816580
1328676054005899264
1328676112503812096
1328676166178381825
1328676197530808320
1328676211208359937
1328676245505249280
1328676279579779077
1328676281899167745
1328676391425089536
1328676536468246529
1328676722712186881
1328676755654184962
1328676762335600640
1328676762356572160
1328676763636002822
1328676764068032512
1328676764739104768
1328676802873729024
1328676893097422849
1328677016305078273
1328677031605899264
1328677102414082048
1328677116347609088
1328677249684475907
1328677267107614720
1328677288465100801
1328677372367953920
1328677482229329922
1328677510045982726
1328677516991627264
1328677558884429826
1328677571773538305
1328678033075679233
1328678233408221184
1328678413457035265
1328678532382330881
1328678573448814603
1328678620202733568
1328678744555393024
1328678883877654528
1328679243321106433
1328680122841518082
1328680456464834561
1328680762183462915
1328681230762733570
1328681339969802242
1328681390360162304
1328681643842920449
1328682699586990081
1328683701304233984
1328683948604534784
1328684154821742592
1328684301098115072
1328685250965286913
1328685432515817472
1328685514178908160
1328685734618927104
1328687190281482241
1328687224758693891
1328687841891770369
1328688173107580929
1328688538863472642
1328688903289778177
1328688981828120576
1328690115045175296
1328690152726736898
1328692462253187075
1328692721154891776
1328693219224379393
1328693858557947905
1328694121142300674
1328695067154976768
1328695251821858816
1328696091383111687
1328697533242208259
1328698705155940352
1328699412327985152
1328702159777566721
1328702204350492672
1328702915171782656
1328706634844090368
1328708775910535168
1328709343802437634
1328709688209399808
1328709778881785856
1328710031584489472
1328710600315301888
1328711258741338113
1328711318984077315
1328711885940776960
1328712256343904256
1328712403396255750
1328712561521532928
1328714672221138944
1328714935573090306
1328715258454831106
1328715294047674370
1328715930365521922
1328716095931473926
1328716816462585857
1328717284735651841
1328717833879040006
1328718037768343552
1328719260127031296
1328720717102379008
1328720740535906305
1328721392720891904
1328722063360622592
1328722241727721476
1328722259264086017
1328722550407491586
1328722764509945866
1328722833795584001
1328723846107701248
1328724073308942338
1328725487796051968
1328725728108621825
1328727672210460672
1328728751954403332
1328729616966627328
1328729907111866369
1328730039815450628
1328731025116160003
1328732073822138368
1328732130067746817
1328732638933348355
1328734492740231168
1328735845449420801
1328736525270609923
1328739547103043585
1328740054836142080
1328744716146446336
1328744955456663553
1328750587895275523
1328751423790706689
1328751890750902272
1328752948441214976
1328754073236107265
1328757140262154240
1328757743814127618
1328759474484600841
1328759810934910977
1328763068105564161
1328763360675045377
1328765009804005376
1328765054515367940
1328765532091379714
1328766309056847872
1328766554331361281
1328767082880774145
1328767492093833217
1328767850568364032
1328768035382038531
1328768480125083649
1328772164003262466
1328774147657379840
1328774904171401218
1328775752796475395
1328779677067063312
1328780060095098890
1328780951854473216
1328781542441836545
1328781582421827585
1328782459815686146
1328782961727000578
1328783040970182656
1328783143113986050
1328784183448264707
1328784580808220674
1328785067070599173
1328786112035368962
1328786266310258691
1328786350452187138
1328786419607801858
1328786627922186240
1328787232975622150
1328787618960699393
1328787706730717184
1328788385033555971
1328788711832772609
1328788991047561217
1328789478555709442
1328789882878251008
1328790013811671040
1328790013816037376
1328790013962817536
1328791516161200134
1328791962661646351
1328792324885897217
1328793277294915599
1328794640624062473
1328795041184288770
1328795544320307200
1328795784716881925
1328795863431475202
1328796888137674752
1328797224483041280
1328797473431805953
1328798538625642498
1328798870395084806
1328798895271522304
1328799002201034755
1328799232069947393
1328799505727229952
1328800938241486858
1328801037650694146
1328801328492109824
1328801332409593861
1328801678460669955
1328802161988349953
1328802356641853442
1328802602239320068
1328803768209649666
1328803986191884291
1328804169050968080
1328804734350798851
1328805448858759168
1328807416897662978
1328808087558512640
1328809235732459522
1328809605896564737
1328810250154221575
1328810560113283074
1328812657999155200
1328813566284210186
1328813709389651979
1328814933379833858
1328816138692698113
1328817321956290563
1328817441372246016
1328818807633301506
1328818905444462593
1328820211718508544
1328820483219976203
1328821021596667904
1328821535193391106
1328821580022079491
1328821706388070400
1328822914553159684
1328823018638991362
1328823494239522816
1328825229553135616
1328825240466538496
1328825409794928640
1328825528393097219
1328825581799165952
1328825633372311552
1328826931391979529
1328827163940937740
1328827306702462976
1328827636685090817
1328827718876753927
1328827725486952451
1328827775378141190
1328827963136122880
1328828030467321856
1328828545255284737
1328828632710705152
1328828730471571456
1328829505214017539
1328829547949805568
1328830250843770881
1328830257697316866
1328830272952020992
1328830278714920964
1328830520185266180
1328830711311298561
1328830765552066561
1328830852609024002
1328830988798087168
1328831218494926856
1328831408740110340
1328831465451360266
1328831678203228160
1328831771853664257
1328831854796034050
1328831909699473410
1328832323979239429
1328832408746156032
1328832492409933827
1328832658760228870
1328832684894941186
1328832699881189376
1328832720890449922
1328832751395606536
1328832789744070657
1328832956568395776
1328832971625951234
1328833278019842054
1328833593704112135
1328834160161591302
1328834182982873088
1328834287404199937
1328834289471991818
1328834291091070976
1328834293603463169
1328834384682749953
1328834919532011524
1328834945763127297
1328834981368619010
1328835158129209348
1328835198742650881
1328835308901765122
1328835311229566976
1328835523851538447
1328835847525965825
1328835882519060482
1328836073401823233
1328836564823257097
1328836584863649795
1328836813713268737
1328836997776027648
1328837417298751488
1328837592058564616
1328837663617658880
1328837823034650626
1328837998063083522
1328838154649001985
1328838169865965572
1328838262815928320
1328838823908958214
1328838959665999879
1328839001155964930
1328839081053335555
1328839081309073408
1328839081334288386
1328839653705850880
1328839971113984007
1328840155298410500
1328840186470535168
1328840208633225216
1328840214215843842
1328840224588357632
1328840228950450177
1328840241885614086
1328840257559785473
1328840313121742848
1328840315164368897
1328840330779750403
1328840339306672130
1328840339612831746
1328840339747180545
1328840357279375361
1328840367299579912
1328840380973010945
1328840553480548352
1328840564817670146
1328840574741458946
1328840587076890625
1328840709370245129
1328840733634269193
1328840804123746305
1328840842954551302
1328840850017824774
1328840868078489603
1328840919303512066
1328840920071098376
1328840954841886722
1328840992569647109
1328840999863529473
1328841004632461314
1328841095288131585
1328841100380004354
1328841156273311745
1328841203874455553
1328841229665177600
1328841236371755015
1328841239341371392
1328841241493008384
1328841242432585728
1328841278319104003
1328841295851368454
1328841312393711616
1328841335961481222
1328841356555345927
1328841360577757184
1328841363782176769
1328841366839853059
1328841367888474113
1328841381406760967
1328841384871276546
1328841396569206785
1328841413073760256
1328841418719318018
1328841506946502660
1328841521387466755
1328841524927295488
1328841590346031111
1328841685468590081
1328841693723054081
1328841697946693632
1328841705794187266
1328841708889640960
1328841741504536577
1328841781086199812
1328841809326387200
1328841863227465729
1328841897847238660
1328841900120547331
1328842037530144769
1328842105020502016
1328842116462686209
1328842131096674309
1328842216874323969
1328842224541503492
1328842257810776072
1328842333002100744
1328842349422776326
1328842427126386688
1328842432545513474
1328842444583153666
1328842559523786754
1328842569644695575
1328842576343035905
1328842587248209925
1328842604386148353
1328842627907772416
1328842629153492996
1328842703954644998
1328842732119396354
1328842779812913153
1328842823622406146
1328842850424008705
1328842855956230144
1328842856182607874
1328842857105428480
1328843079416209417
