1320153097151209472
1320153123202150400
1320153278248898561
1320154281073401856
1320154469087219712
1320154965181071361
1320155702015479813
1320156348856741888
1320156872058556416
1320157907976146945
1320158391436718080
1320158546227494913
1320158796346494976
1320159892989239296
1320160435186864128
1320160928353181701
1320160950687858688
1320161131529457667
1320161855336271877
1320162017651662849
1320162357474168833
1320162542593990656
1320162911533338624
1320163045704957952
1320164601280057344
1320165209978392577
1320166303768956931
1320168062600073216
1320168196373016581
1320168198197555200
1320168200244322305
1320168216052682752
1320168512657174535
1320168709886005249
1320168739766194177
1320170632500383747
1320170915070660613
1320171192356143104
1320171893803155456
1320171972664434695
1320171981220814849
1320172039873941510
1320172964164362255
1320173240904548352
1320173442336018433
1320173580014026752
1320173940434755584
1320174095271628800
1320175436597374976
1320175625513193473
1320175692269510657
1320176187222691840
1320176927949410304
1320177263061684228
1320177386781102082
1320177434445176833
1320177479374508032
1320177498269896704
1320177561985519616
1320177612682104832
1320178492353449984
1320178794087448577
1320179692704571400
1320181171246956545
1320182423678640128
1320183183204323329
1320183214166736896
1320183277093879808
1320183296144429057
1320183297863868416
1320183483923369984
1320183913701146624
1320184346851016704
1320184563621048320
1320187069101125633
1320187079826022401
1320187080513912832
1320187713727856640
1320188552978677760
1320188677801259013
1320188882831446016
1320189507262685185
1320190037569507333
1320190111619964931
1320190232604585984
1320190395213582338
1320190634800615425
1320190927764398080
1320191223676678145
1320191918236667910
1320193197088382978
1320194620609814529
1320194922213986304
1320195569315446784
1320195935255879680
1320196297811496961
1320197401521643521
1320198032701460481
1320198043195629568
1320198115836776448
1320198191229341697
1320198395483607047
1320198897126526977
1320199364329996289
1320200541159514112
1320200944278175744
1320201860503031808
1320202180977197057
1320203689374699520
1320204790861889536
1320205489620254726
1320205612773498881
1320206343928729600
1320206828119142401
1320207952599449600
1320208126293966849
1320208210175746050
1320208272968790016
1320208461943156736
1320209166653362177
1320210477406949376
1320210500270067713
1320211875242627072
1320212498340073472
1320212556842225664
1320213293441683456
1320213475004645376
1320213595112824832
1320213648414019585
1320214649783111682
1320214780767031296
1320214828930260992
1320215086829572098
1320215378866429953
1320215768605331463
1320216880817328129
1320217647192080385
1320217820387528704
1320218714218823680
1320219156600508416
1320219647086628864
1320219847435878400
1320219905032073216
1320219914880405504
1320219988897267714
1320220061924196358
1320220097471012865
1320220124293615616
1320220148142399488
1320220148717047808
1320220210549358593
1320220214122975233
1320220220297039872
1320220236147249153
1320220240756748288
1320220271253606400
1320220283731673089
1320220330229641216
1320220355924021248
1320220462299910144
1320220480402542592
1320220506528878593
1320220508156235776
1320220528305688577
1320220580956745733
1320220615849185281
1320220625806495745
1320220628297916418
1320220635025506304
1320220696782508033
1320220714524413952
1320220773953449984
1320220811639332866
1320220815019986946
1320220819201601536
1320220881969467393
1320220886453145601
1320220917553860614
1320220920745787397
1320220932976353281
1320220948671463424
1320220963124936705
1320221045874397184
1320221093903405056
1320221111469133825
1320221112958177281
1320221126103060481
1320221146470645760
1320221150962745350
1320221210249134080
1320221214808440832
1320221223507427330
1320221237344407552
1320221254285221888
1320221254461411329
1320221283213299712
1320221296270151680
1320221296651870208
1320221370324758528
1320221381301276674
1320221419968618496
1320221422585843713
1320221431523872768
1320221437467164672
1320221479058001923
1320221507898015744
1320221532866609154
1320221543104942081
1320221558019919873
1320221578089664512
1320221582577586177
1320221583923908611
1320221682104229890
1320221697136611331
1320221723325857793
1320221747942227968
1320221769022791682
1320221788928958465
1320221794138247169
1320221794998038529
1320221809032060929
1320221817349591042
1320221836773363713
1320221874064748544
1320221928360214528
1320221944982155264
1320221998698680321
1320222002658017280
1320222011671629824
1320222026183905280
1320222130710208512
1320222167263490054
1320222189484974086
1320222222271811586
1320222224347992064
1320222227393093634
1320222234967986176
1320222270829232128
1320222289997291520
1320222299979714561
1320222307739193344
1320222324063338496
1320222359119368192
1320222365008146433
1320222373891768320
1320222382250954752
1320222418208784384
1320222444905500673
1320222478367707137
1320222554959810560
1320222559414136833
1320222566414503936
1320222593820037121
1320222595984347138
1320222622739800065
1320222663709700097
1320222722119602178
1320222726364270592
1320222727563808773
1320222782194581504
1320222782559539200
1320222854949064704
1320222885873594378
1320222952617541632
1320222980128018432
1320223011446861825
1320223013955129345
1320223059157127173
1320223061141000192
1320223076890673154
1320223081789521921
1320223103125946368
1320223166866784256
1320223207824281601
1320223261377073157
1320223291144097792
1320223317350121472
1320223383288713217
1320223439018393600
1320223481326436352
1320223491250147328
1320223534229192704
1320223542558994432
1320223554961551361
1320223561240530946
1320223588788690951
1320223635253186561
1320223635592851460
1320223665510928384
1320223729977331714
1320223747744407552
1320223757689065472
1320223763238162433
1320223864509562880
1320223876371107846
1320223889490837505
1320223898198298624
1320223947779117056
1320223951172370432
1320223999213928449
1320224002376454146
1320224019115839488
1320224074505818112
1320224095598989312
1320224152268296192
1320224193884098565
1320224203988226048
1320224232446566400
1320224252877033472
1320224261836017664
1320224270346260482
1320224277971554309
1320224315967741953
1320224393889566720
1320224409764888577
1320224420112310272
1320224427536191489
1320224452026785792
1320224497576873984
1320224532867796992
1320224532909654024
1320224539402506241
1320224540400754689
1320224544825708545
1320224561540059137
1320224568053817344
1320224599586504704
1320224632037834758
1320224660097826816
1320224684860997632
1320224711993888769
1320224725663178753
1320224726577446912
1320224734953590785
1320224745732952065
1320224755602104320
1320224762912755712
1320224797662609408
1320224804960653312
1320224865937461249
1320224879707303936
1320224882488188928
1320224898409693184
1320224899231789057
1320224917565177857
1320224943397916672
1320224989220659201
1320224999932891136
1320225049194995712
1320225049585090566
1320225059097792517
1320225061626908672
1320225074323070976
1320225100025745411
1320225119231377409
1320225130728083456
1320225218544230400
1320225260197842944
1320225349033132033
1320225363247628289
1320225369807519744
1320225378892472325
1320225392037330944
1320225412778201090
1320225432017473536
1320225436975194113
1320225451391045632
1320225474237300736
1320225505862426624
1320225538892587008
1320225652197515265
1320225667779276802
1320225714323468288
1320225760238587904
1320225788747198464
1320225803326705664
1320225820489764866
1320225840924426240
1320225842178461697
1320225854820143104
1320225923908669441
1320225968754204672
1320225981869756416
1320225982779981824
1320225989843189760
1320226000085671936
1320226048005541888
1320226089264766977
1320226090296684544
1320226090858627073
1320226102674161664
1320226125906432003
1320226158491959297
1320226166188494848
1320226182474989568
1320226193627619329
1320226219405811712
1320226220374659073
1320226227840536578
1320226240356286464
1320226254117916673
1320226283394093058
1320226299139547138
1320226315325276160
1320226339874623488
1320226355838070785
1320226395709181952
1320226399668604930
1320226406807240705
1320226413274943489
1320226491486097408
1320226532326055937
1320226552999780352
1320226579843145731
1320226712953651203
1320226715835289600
1320226719748554753
1320226806411284480
1320226810685231104
1320226831434457088
1320226938292756480
1320226945485996034
1320226954730242049
1320226966772002816
1320226989563875328
1320227020492636160
1320227029808254977
1320227121835507714
1320227167851208704
1320227207676153861
1320227217553657856
1320227225858355200
1320227342342623232
1320227382821781506
1320227405450051586
1320227472743464961
1320227488577032193
1320227534198476802
1320227541622423553
1320227568256241665
1320227637088976896
1320227675521404928
1320227710380236800
1320227765145243649
1320227809885900800
1320227832195371008
1320227850801319937
1320227862906011648
1320227900877099008
1320227958058029059
1320227961086369793
1320227975745445890
1320227991012724737
1320227999367782400
1320228020393775104
1320228128313192450
1320228160177397760
1320228189420113920
1320228220122398720
1320228254247194625
1320228281933832193
1320228331061710849
1320228354604388353
1320228362531504130
1320228366969077760
1320228377857527810
1320228387739340800
1320228402306142208
1320228402406871040
1320228402679435265
1320228430365982720
1320228474938920965
1320228479301013504
1320228490944389123
1320228507587366912
1320228586914254849
1320228595025887232
1320228595432853504
1320228610410762240
1320228615473274880
1320228669080637441
1320228687720140801
1320228700928024582
1320228766757650433
1320228783157280768
1320228830347464704
1320228853651066880
1320228873687175168
1320228890955100161
1320228912933359616
1320228921061838848
1320228954737868801
1320228979408883713
1320228987042488320
1320228988774764545
1320228994734870528
1320228994931982338
1320229036522688517
1320229062233722880
1320229097935613959
1320229110556155904
1320229131439820802
1320229140100976642
1320229155217264640
1320229198301220865
1320229208971464704
1320229271827320832
1320229300176670720
1320229327624151042
1320229344472666113
1320229348058726400
1320229355272966145
1320229366765420547
1320229384066826240
1320229414546833408
1320229486181441536
1320229489532612613
1320229503856238594
1320229506859270144
1320229519077347328
1320229547900653569
1320229642792505344
1320229658605092866
1320229680708976641
1320229694965452800
1320229714276061185
1320229717983846400
1320229742835093504
1320229742990266368
1320229749013291009
1320229834870738944
1320229857364672512
1320229874032910337
1320229894673059841
1320229904554905601
1320229905314009089
1320229962364964864
1320230017872351232
1320230019462025218
1320230022519586816
1320230043591860224
1320230043805765634
1320230069965590528
1320230139825971200
1320230145563787265
1320230158327042048
1320230202593714176
1320230240405180417
1320230282063216644
1320230311972769792
1320230317471506433
1320230336006074368
1320230337281167361
1320230366284632064
1320230422538801152
1320230427374792704
1320230440695902210
1320230498082394118
1320230522111614976
1320230527559925760
1320230572732633090
1320230611815157765
1320230642689449984
1320230696510758912
1320230702521135104
1320230720309284864
1320230731478716416
1320230816715341826
1320230822901960705
1320230846650003458
1320230943328768000
1320230959099400192
1320231000987832321
1320231001994526720
1320231002346835968
1320231003089260550
1320231035041386496
1320231060555399168
1320231064162492416
1320231066796515328
1320231093568667649
1320231105698607105
1320231110941392896
1320231131829178369
1320231152658112513
1320231190960418816
1320231247566770176
1320231310741377024
1320231342039273473
1320231371122552832
1320231405356503041
1320231416513351680
1320231450801651716
1320231453725282306
1320231462013181952
1320231471257452545
1320231503264088068
1320231528253763590
1320231559602053120
1320231607052238849
1320231615092719618
1320231677281603584
1320231677810147339
1320231694172028929
1320231801495879680
1320231824753307650
1320231916986077189
1320231942634299393
1320231958186741765
1320231960090988544
1320231961961660417
1320231979116335108
1320232015929757697
1320232020983898112
1320232040143486976
1320232048624361472
1320232053112188928
1320232075581153280
1320232075794984960
1320232079104278528
1320232110825811969
1320232117679304704
1320232117700157440
1320232136109182976
1320232213393321985
1320232226303447042
1320232266770120705
1320232322344562688
1320232331551137793
1320232369291493376
1320232369358503937
1320232388199436290
1320232403730898944
1320232457837432834
1320232504729763840
1320232538749739009
1320232548354691073
1320232613517381632
1320232647612837888
1320232673638600706
1320232769239265280
1320232816710459393
1320232822905462784
1320232828810989568
1320232836566220801
1320232860058529795
1320232888516960256
1320232915641520129
1320232927884693506
1320232951217639425
1320232967722205184
1320232972642037760
1320232997669490688
1320233039373438976
1320233071850016768
1320233078682509312
1320233080674787333
1320233130335363078
1320233159607410688
1320233169237516289
1320233202812858368
1320233218294108161
1320233301983006720
1320233358966820864
1320233369058349056
1320233388930965505
1320233400784007168
1320233433520623616
1320233452533329920
1320233519084412928
1320233584008060928
1320233601661796352
1320233625720360960
1320233627481944066
1320233627578470400
1320233636436824065
1320233661845864449
1320233663435517953
1320233676261699585
1320233701914124289
1320233708645998593
1320233716174684160
1320233717080752128
1320233727855894529
1320233728808026113
1320233729315475456
1320233735208525827
1320233741453828097
1320233791697334272
1320233840347144192
1320233858294480897
1320233943883485185
1320233965198999552
1320233966817939457
1320233973772144641
1320233996278747136
1320234029061492736
1320234052444672000
1320234065220521984
1320234067829395456
1320234078747111424
1320234130458710016
1320234140172718080
1320234141112242176
1320234143213551617
1320234148292890625
1320234161572089856
1320234250663350274
1320234253301448704
1320234256556314624
1320234319865151488
1320234355034255360
1320234387909345280
1320234417433038850
1320234425079255042
1320234445367091200
1320234460223160321
1320234463175950336
1320234469119434752
1320234491793854464
1320234499117113344
1320234522860990464
1320234584307617798
1320234601026101249
1320234623440424966
1320234670588645376
1320234717753544704
1320234765044371456
1320234769809014784
1320234771105140736
1320234786758270976
1320234803854217220
1320234818895024129
1320234847990841344
1320234850616594432
1320234856417198080
1320234867351867392
1320234905473744897
1320234908678115329
1320234916249030656
1320234920967626753
1320234942928982016
1320234968426205184
1320235017163911168
1320235048176619522
1320235098449547264
1320235116719898624
1320235144519819264
1320235198550867969
1320235221342670848
1320235276334206976
1320235294579433473
1320235306596126720
1320235325067825152
1320235364955598848
1320235367862239232
1320235371729461248
1320235382609498112
1320235428646146055
1320235454436986880
1320235473407803392
1320235485193789440
1320235512448286720
1320235529980563456
1320235539132502016
1320235554341007360
1320235583663493120
1320235583780868096
1320235635001708544
1320235636947865603
1320235645126758405
1320235692803432451
1320235696905474049
1320235722100670465
1320235724495519744
1320235753666957312
1320235774122643461
1320235775393484801
1320235786281811968
1320235812861153281
1320235830850584576
1320235854221221888
1320235865763991552
1320235867798196224
1320235967672913925
1320236002942877696
1320236059637276672
1320236079828566016
1320236108047933441
1320236113928310785
1320236141875003392
1320236144060223495
1320236144731144194
1320236165459546112
1320236192621801472
1320236200813363205
1320236266101919746
1320236323043684352
1320236338176733184
1320236346112344064
1320236357994725376
1320236371299139584
1320236372976861184
1320236382191783936
1320236397173899264
1320236399619166208
1320236442262667264
1320236454925271041
1320236457928347648
1320236487754080257
1320236493647024130
1320236504669716481
1320236540031893509
1320236545991954437
1320236548655370241
1320236550530138112
1320236559917076480
1320236594780164096
1320236623733395457
1320236627990618112
1320236708638695428
1320236748513955840
1320236796068900870
1320236809855635456
1320236832039161857
1320236904986574848
1320236938151026688
1320236971172765697
1320236982128332800
1320236999484313601
1320237063296458752
1320237064751820800
1320237092606300160
1320237147551576064
1320237183018635265
1320237184264404994
1320237206557118464
1320237209946148864
1320237223816712192
1320237243479576576
1320237274949443584
1320237314497515522
1320237321443287040
1320237333321568257
1320237335070593025
1320237350165843969
1320237390150197248
1320237402405793793
1320237406797299712
1320237430755176448
1320237434341384192
1320237458957754370
1320237465400115201
1320237465563746304
1320237477995700224
1320237484442341377
1320237486052941824
1320237486711492608
1320237491081908224
1320237494223372290
1320237557280608256
1320237561948811264
1320237596467974145
1320237608513974272
1320237650989731840
1320237701254254593
1320237711387656192
1320237726571110400
1320237787417878528
1320237817889435648
1320237828614328320
1320237843223019521
1320237849703337985
1320237856057688065
1320237925037232128
1320237925242720257
1320237933920739328
1320237974978760704
1320237985812668418
1320237997816676352
1320238019203530752
1320238024626737153
1320238026996449282
1320238042267979776
1320238046369939456
1320238072479600641
1320238076803846144
1320238093170036737
1320238107313274880
1320238113818615808
1320238166327046144
1320238181040689153
1320238198522609664
1320238228272779264
1320238240016814080
1320238262359855104
1320238273676136449
1320238285944479744
1320238288494538754
1320238312439926784
1320238349760811008
1320238360645017603
1320238391548649472
1320238425384144897
1320238445747458048
1320238450566746112
1320238485853396992
1320238493638025216
1320238496003620865
1320238505746989056
1320238510268350464
1320238558100291584
1320238577666621440
1320238595626717186
1320238613263679488
1320238631823511553
1320238637066473472
1320238644758761473
1320238660848021504
1320238690380165124
1320238704896675840
1320238744423858176
1320238759967903744
1320238762429997058
1320238792939372544
1320238793497128960
1320238814917525506
1320238816880459776
1320238829383581697
1320238854331387904
1320238856038395904
1320238882592595968
1320238899608903681
1320238905485152256
1320238934711042050
1320238937252745217
1320238960178794496
1320238966197637121
1320238993053765633
1320238995939491847
1320238998942568449
1320239000955850752
1320239016420278272
1320239039606362112
1320239040881451008
1320239050989731842
1320239074955956225
1320239082677686272
1320239083512356870
1320239101837234177
1320239110196441088
1320239112335597570
1320239142555574272
1320239154752520192
1320239182292393986
1320239217272827904
1320239236990328832
1320239237921411072
1320239296436207616
1320239322193383425
1320239344821698560
1320239383631585280
1320239391550377985
1320239420843372544
1320239449381416961
1320239452371980289
1320239465063944194
1320239542184611840
1320239555749072896
1320239562006892544
1320239574489141248
1320239574640099329
1320239608169283584
1320239640624975872
1320239662926073857
1320239667397230592
1320239679493623809
1320239687173345281
1320239692256845825
1320239718722883584
1320239735885975552
1320239750230478849
1320239757453123584
1320239806132199424
1320239809827344384
1320239812612411392
1320239852307304448
1320239860414898176
1320239873119440898
1320239880358723584
1320239885115064326
1320239887858212864
1320239911392378880
1320239912331972608
1320239919038607360
1320239949753483266
1320239974525161472
1320239990316597248
1320240046616793088
1320240111267860480
1320240113495035905
1320240169799254016
1320240189097365505
1320240211322916864
1320240232680259587
1320240251223277569
1320240259083440128
1320240263500017664
1320240269862838277
1320240324669771776
1320240331477176321
1320240335700807686
1320240365610409984
1320240390365208576
1320240405439545345
1320240432895291392
1320240544166137858
1320240556954497025
1320240565544493057
1320240610989715458
1320240622113067009
1320240653398384640
1320240681936367625
1320240701943275520
1320240702039744512
1320240708834525185
1320240728782635008
1320240749431095297
1320240808629514240
1320240814245675008
1320240828892270592
1320240867400101888
1320240928427225088
1320240937184989184
1320240938241974273
1320240952213229568
1320240953966366725
1320240983121035270
1320240990511398912
1320241000598700040
1320241016142766080
1320241017510047745
1320241033226104832
1320241036552228864
1320241066176614400
1320241069733388288
1320241072283488256
1320241078453325826
1320241081716539392
1320241100716638209
1320241120245354497
1320241129808416769
1320241138704502785
1320241150817689600
1320241157910253568
1320241177287823361
1320241178613370880
1320241182702788609
1320241189866622977
1320241193142419462
1320241198989254656
1320241199362527233
1320241202860621824
1320241224343838722
1320241232979906562
1320241254563794944
1320241343143284736
1320241359178113029
1320241364290949121
1320241393823027200
1320241440715399171
1320241465059139586
1320241506343583744
1320241511569698822
1320241513973141504
1320241566292856832
1320241567018422336
1320241598714859520
1320241607820693505
1320241611247407104
1320241619015208965
1320241619468255232
1320241634509029377
1320241638002860035
1320241651831418880
1320241683255144449
1320241687281750017
1320241711113785346
1320241717518520320
1320241727396073472
1320241735205781504
1320241735600058369
1320241765421584385
1320241775081103360
1320241776712732672
1320241781892579328
1320241790704812035
1320241795071180806
1320241803451301890
1320241812594954240
1320241825433735168
1320241838469619712
1320241879204679680
1320241907637850112
1320241927170785282
1320241929024643073
1320241958938435584
1320242010469634048
1320242037913014274
1320242059303944192
1320242115717234689
1320242128027590659
1320242150823632897
1320242154032275456
1320242170167808001
1320242191885881344
1320242217617862656
1320242227705151489
1320242230356021248
1320242247644991491
1320242253240127488
1320242271963566081
1320242294495166465
1320242352305393665
1320242370345160704
1320242374019350528
1320242379538968576
1320242380344315904
1320242389076877314
1320242410916630528
1320242423524708352
1320242427395977216
1320242431711973376
1320242454474391552
1320242454675771393
1320242462099755009
1320242464138137601
1320242468877701120
1320242470723162112
1320242493175304192
1320242503367479298
1320242519398060033
1320242538691911680
1320242552545607681
1320242564562374656
1320242586653700096
1320242600591450112
1320242635404120064
1320242638734430208
1320242650923008002
1320242663849971714
1320242668786667520
1320242672439861248
1320242685421158400
1320242687228850176
1320242697232248833
1320242710737989632
1320242739456462848
1320242775191846914
1320242783920230402
1320242790257905664
1320242792115916802
1320242817231446016
1320242821895458817
1320242837120757761
1320242840224530432
1320242860403396610
1320242864383791104
1320242871166009344
1320242927415795713
1320242960370442240
1320242966619881472
1320242972001247234
1320242977600581632
1320242980536635392
1320242994554015744
1320242994558177280
1320242999004200965
1320243004569980928
1320243014003003392
1320243015739428865
1320243015949164544
1320243023704395781
1320243024450998273
1320243025029771264
1320243038464188416
1320243051936219136
1320243111604424704
1320243197436715008
1320243211026206721
1320243226209517568
1320243250318483456
1320243303082852352
1320243303577755648
1320243327241945089
1320243348372918273
1320243371911282688
1320243377758142465
1320243388101349378
1320243390760570880
1320243396661989376
1320243405545504768
1320243426810617856
1320243446687346688
1320243501611819011
1320243506531663872
1320243530405740544
1320243531219410945
1320243546914492423
1320243556938821632
1320243588500959233
1320243590765961216
1320243639205978112
1320243664631795714
1320243667672682497
1320243679458676736
1320243693736103942
1320243694067470338
1320243694713270272
1320243694713405443
1320243694889558016
1320243696319696896
1320243712807632896
1320243714435022849
1320243720441286656
1320243721267564546
1320243734307622912
1320243755732131845
1320243771464769536
1320243773050421248
1320243775122345985
1320243789458526208
1320243792277012481
1320243796672716801
1320243796815319040
1320243845766983680
1320243887454171136
1320243929636286465
1320243930424803328
1320243943846576128
1320243946128289792
1320243948632395781
1320243953673920518
1320243961227845634
1320243961538220032
1320243964776226819
1320243973638807559
1320243987505123329
1320244007918850050
1320244008870924288
1320244017104359425
1320244020673728512
1320244021697126401
1320244022485655553
1320244035257290752
1320244042085638146
1320244073278672896
1320244078655774720
1320244102013792256
1320244103519625218
1320244115762827264
1320244124331790338
1320244128907747328
1320244135102717952
1320244146263699456
1320244152639082496
1320244161241636866
1320244181105868800
1320244252379615239
1320244276501139457
1320244322130907137
1320244338522206208
1320244347313541121
1320244349238652929
1320244394994393088
1320244419648520193
1320244456931557377
1320244460400291840
1320244498354622464
1320244517824507905
1320244529337929728
1320244558610006022
1320244559457193984
1320244579879292929
1320244585814253568
1320244595935072257
1320244629346844673
1320244635130843139
1320244664272900099
1320244683793158144
1320244686511050753
1320244774541135872
1320244803406266369
1320244831432605702
1320244833978638336
1320244840928509953
1320244842790850560
1320244843365330944
1320244874826993664
1320244880849985536
1320244896817729536
1320244970461290496
1320244971140677633
1320244971153334272
1320245017945014272
1320245036089565186
1320245061960015872
1320245084072431616
1320245106155335681
1320245113361174528
1320245119912714242
1320245152565334016
1320245165966098434
1320245188007284737
1320245195938693120
1320245219510681600
1320245236422107136
1320245280210649088
1320245282819407872
1320245304843771904
1320245315577020418
1320245334493319169
1320245341996810241
1320245348712013826
1320245398762565634
1320245399744110594
1320245407369355264
1320245466085412866
1320245516400295936
1320245525829091333
1320245580849942530
1320245580942217225
1320245595806773248
1320245621383696385
1320245626827919360
1320245667822997504
1320245730548776960
1320245735061819392
1320245736370507776
1320245741403635712
1320245749813268480
1320245762991730689
1320245808344846336
1320245810924236800
1320245850736594945
1320245867857719297
1320245896437764096
1320245899155615744
1320245934656245761
1320245941337804801
1320245951542513665
1320245953253748736
1320245971792613377
1320245979329798144
1320245985356939265
1320246026914201600
1320246032735797253
1320246056379179008
1320246062821593088
1320246094576615424
1320246094941638659
1320246107541307392
1320246115023937538
1320246122498183169
1320246129401991168
1320246134992998400
1320246158015533057
1320246158812381185
1320246179582611456
1320246190684983296
1320246202349256705
1320246203917926402
1320246231025725440
1320246239930318849
1320246264232054784
1320246284163440641
1320246291235016704
1320246303868309504
1320246320993427456
1320246332469239809
1320246362408128513
1320246371870511104
1320246372461936641
1320246388324732928
1320246393542508544
1320246407446626304
1320246418737692672
1320246429961564161
1320246440292122624
1320246449880399872
1320246460961689601
1320246471862702081
1320246477529272320
1320246481568321536
1320246531421835264
1320246539751727107
1320246551957168129
1320246559188148224
1320246563827048449
1320246580256047104
1320246587872989184
1320246596647505920
1320246598257999872
1320246601131188224
1320246612241821702
1320246614527803393
1320246623293919233
1320246632043188225
1320246633435713536
1320246635633455104
1320246649042751489
1320246701375082496
1320246716772323328
1320246730198294529
1320246731393667073
1320246756056158208
1320246783679864832
1320246804504522752
1320246808828911616
1320246814340153344
1320246844044288001
1320246847483629568
1320246849274408960
1320246854219694080
1320246888789147648
1320246900600328195
1320246900864421889
1320246926273662976
1320246944166543360
1320246949757521921
1320246983148392450
1320246986482876416
1320246996549206016
1320247046348115968
1320247057546944512
1320247059883134981
1320247067139244032
1320247094481981445
1320247101956259840
1320247113121468416
1320247140573130752
1320247152594046976
1320247158214447104
1320247188228870146
1320247216326443010
1320247227714076672
1320247238434631680
1320247247515357185
1320247248488484864
1320247282449682433
1320247282684645379
1320247287004733440
1320247314519412737
1320247321683283969
1320247330067697664
1320247410468278272
1320247427824222213
1320247436787503104
1320247468794195969
1320247481796562944
1320247491686813696
1320247493280530435
1320247559026364416
1320247559848448002
1320247573349912577
1320247602298949632
1320247613606821894
1320247623618539524
1320247638550335488
1320247645852602368
1320247657189810179
1320247676252901376
1320247676525563904
1320247722482503680
1320247755730767874
1320247790430261253
1320247797132689409
1320247825935044608
1320247841487544320
1320247855559356417
1320247891697541120
1320247908495724552
1320247965127233543
1320248006617255936
1320248056957308929
1320248073143148545
1320248090738163712
1320248110015283202
1320248147944288256
1320248154768506880
1320248169788211201
1320248190461947906
1320248193096056832
1320248222644842501
1320248293591580672
1320248303708033024
1320248304752623617
1320248360306180096
1320248385983647746
1320248403331289089
1320248428308402181
1320248430942425088
1320248435161915393
1320248446457176064
1320248447476391936
1320248451645509632
1320248458968707072
1320248459354689536
1320248479608934400
1320248505953374210
1320248519379255299
1320248525528203265
1320248542712258562
1320248542783569920
1320248575360667648
1320248577516576774
1320248595677929472
1320248638392668160
1320248693124157441
1320248696500555777
1320248727022542848
1320248743304855553
1320248878810226688
1320248884787089409
1320248909067845632
1320248955314241536
1320248957977624578
1320248997173448706
1320249017155129344
1320249048478240768
1320249054346022912
1320249127230373888
1320249128513929216
1320249164727525376
1320249174496104448
1320249192657358848
1320249226056564736
1320249248861081600
1320249263704711168
1320249295027798018
1320249310605414401
1320249341831938049
1320249355903926273
1320249379832332288
1320249405883191296
1320249410798952449
1320249413659406338
1320249414708023296
1320249418436775937
1320249418780676097
1320249451718598663
1320249452892925954
1320249464288890882
1320249472924995584
1320249499751751680
1320249507683143680
1320249527169933312
1320249574385221632
1320249600486367232
1320249632002289665
1320249634363723777
1320249649010233346
1320249655356231680
1320249661471457280
1320249675866382336
1320249683265150976
1320249686779924480
1320249689330122754
1320249690470965249
1320249720124616704
1320249725707309057
1320249728500719616
1320249767209873409
1320249769399406598
1320249778861707270
1320249780849774594
1320249785874587648
1320249794279997443
1320249808049799168
1320249855344861186
1320249877708800001
1320249880728752128
1320249910848081926
1320249933203726338
1320249950308044800
1320249956150747137
1320249981224296449
1320249985368113152
1320250020659081216
1320250054972743680
1320250058076553216
1320250071036866560
1320250074493050880
1320250080247619584
1320250081648533505
1320250095414239232
1320250141622808577
1320250142612721664
1320250163210948615
1320250170106351616
1320250172492959744
1320250175089238018
1320250192285794309
1320250223281737728
1320250249345191936
1320250258388115457
1320250276889100290
1320250277618982912
1320250283717500933
1320250295843172353
1320250308640018432
1320250324288929792
1320250324918112256
1320250329175347200
1320250330387533824
1320250339015221248
1320250350474022913
1320250374524227585
1320250390575828993
1320250414974029824
1320250425568841733
1320250446297157633
1320250459127484416
1320250502916001792
1320250508133732352
1320250522276941829
1320250528421601280
1320250538999582720
1320250545022652416
1320250555139227648
1320250560357015552
1320250572671488000
1320250584084189187
1320250598722330625
1320250615524691968
1320250619182141441
1320250629835624449
1320250650333249537
1320250662253436929
1320250674278330368
1320250704636805122
1320250750669361152
1320250759087296513
1320250789462495232
1320250834731585536
1320250848518246400
1320250850116276224
1320250856395210753
1320250894533918721
1320250894735331329
1320250900867371011
1320250908391952385
1320250915291615233
1320250924980445184
1320250928646205440
1320250941086535682
1320250961403793408
1320250962779557888
1320251040374136832
1320251051665166338
1320251062381629446
1320251078227746816
1320251080509456384
1320251080865910784
1320251087849402369
1320251121538109440
1320251124226625536
1320251134020378624
1320251168916971520
1320251243923607552
1320251275682979841
1320251276681248768
1320251278392524800
1320251307828137984
1320251311166816256
1320251318427144192
1320251325096091648
1320251353470504960
1320251356331036672
1320251363293528064
1320251378976120832
1320251384034447360
1320251392209145860
1320251398244753408
1320251406767542273
1320251417442045952
1320251454620389376
1320251472177696768
1320251486358601728
1320251504931049472
1320251525722214400
1320251532378624002
1320251551802413056
1320251553878597632
1320251554268631041
1320251562502086656
1320251577781915649
1320251589450436608
1320251616511971328
1320251628054773760
1320251633905897479
1320251645108867074
1320251663748313088
1320251683939799040
1320251685026058240
1320251712561684482
1320251739019366400
1320251753162485760
1320251761765089284
1320251772997406723
1320251781234987013
1320251818316890112
1320251819810000897
1320251830941732864
1320251839099686912
1320251868988178433
1320251869214740481
1320251903486341121
1320251908855156736
1320251936071962624
1320251942229233664
1320251946394144768
1320251951209205761
1320251957299261441
1320251982599380992
1320251990836973568
1320252009195491328
1320252016275427328
1320252064170201088
1320252130150809600
1320252139978055680
1320252146831548416
1320252261889675265
1320252281015644165
1320252287420387328
1320252297692282880
1320252364977299456
1320252365530857473
1320252414902099968
1320252420270788609
1320252470027837440
1320252478668013568
1320252480207421440
1320252485798420480
1320252496451932162
1320252558783426560
1320252572565983237
1320252577259220992
1320252623686086657
1320252625003171840
1320252626290810880
1320252659195142144
1320252659958468608
1320252672751054848
1320252685396967431
1320252698269224960
1320252728208203777
1320252731060355072
1320252735661477888
1320252753181134848
1320252773099855872
1320252773250859008
1320252787083644928
1320252788765581313
1320252789319192576
1320252796537626625
1320252819488780288
1320252834542223360
1320252843429953536
1320252857703071745
1320252866418835456
1320252882025930752
1320252895854546945
1320252912493350913
1320252926854680576
1320252958123110401
1320252973172359169
1320253018617663493
1320253019817201664
1320253048267079680
1320253090638036994
1320253101107007493
1320253105477386241
1320253118760845313
1320253167381155840
1320253171722321921
1320253182560374784
1320253204068642816
1320253208544071680
1320253230086017024
1320253233844150272
1320253245189742592
1320253246318018560
1320253260087918592
1320253275195740160
1320253278895177728
1320253290567880704
1320253293495521280
1320253320007684097
1320253322415263748
1320253328891256832
1320253372662976512
1320253379923210240
1320253393386995712
1320253408671076352
1320253430204665857
1320253441986433025
1320253450484056065
1320253453109760000
1320253464283406337
1320253464681811973
1320253467353645057
1320253481488388097
1320253513021214722
1320253513998471168
1320253524844924935
1320253535460773888
1320253563428311041
1320253581644136450
1320253589462417408
1320253609381142528
1320253634232389633
1320253641396191232
1320253686501855233
1320253691274928128
1320253695951601665
1320253707095867392
1320253719267692544
1320253729589891072
1320253740486721536
1320253747033944065
1320253769800667136
1320253780747821056
1320253784162009088
1320253795385868288
1320253798858842114
1320253805481558017
1320253821684191232
1320253824490242058
1320253877556547586
1320253896401571840
1320253905981362177
1320253918782377985
1320253927577800706
1320253969428598785
1320253993730363392
1320253994816708609
1320254004539084800
1320254016761245697
1320254031915352065
1320254049313239040
1320254063196385280
1320254067885694976
1320254072868491264
1320254076941180928
1320254081664012299
1320254123472834560
1320254134038179840
1320254152220573696
1320254159283757057
1320254191412088834
1320254200161382402
1320254220826804227
1320254231081791488
1320254234949013504
1320254257610752000
1320254269715513346
1320254281853898752
1320254288803790848
1320254300795305990
1320254349034033157
1320254360471875585
1320254386027757568
1320254431926079493
1320254446870421504
1320254461265268736
1320254462557114369
1320254465392496641
1320254504126894080
1320254508862181377
1320254544253718528
1320254549207207938
1320254553464471552
1320254563061010432
1320254564315127815
1320254579766890496
1320254584603004929
1320254587937476610
1320254617998053377
1320254629192617985
1320254644363341824
1320254653548908544
1320254657109856257
1320254690496548864
1320254693751345152
1320254767008862209
1320254775246659584
1320254783077421056
1320254800928407552
1320254860483317762
1320254865575202818
1320254889512108032
1320254893198901248
1320254912979107841
1320254926300303362
1320254933371920389
1320254997314129920
1320255018423980032
1320255020659576832
1320255048505528320
1320255051278012417
1320255054167814145
1320255055635808256
1320255084085825536
1320255111642386433
1320255111814402050
1320255204894400513
1320255215367573504
1320255225857454081
1320255236842377216
1320255239782600704
1320255263606145024
1320255269058809857
1320255287929044992
1320255311861735424
1320255318706761728
1320255323593199617
1320255328680890369
1320255329192562688
1320255331860205570
1320255343545536514
1320255345055367168
1320255349962788870
1320255389305348096
1320255490417373186
1320255492409655297
1320255502765465600
1320255570994171904
1320255583191289856
1320255642737704960
1320255653286391808
1320255673691705345
1320255695997063168
1320255707711668224
1320255718474252290
1320255730079965190
1320255741421301763
1320255788653465600
1320255797109161985
1320255799755743232
1320255804298174464
1320255881032990722
1320255909407395840
1320255920140595202
1320255923324059649
1320255936116805632
1320255936817147904
1320255942617911296
1320255958405255169
1320255958556311552
1320255965212672000
1320255975257968640
1320255978915287041
1320255983323631618
1320256000184733704
1320256008703430657
1320256041276366848
1320256046427000832
1320256062826622976
1320256113913323521
1320256114282450946
1320256129029591041
1320256136382173184
1320256145123061761
1320256160096751617
1320256221207793664
1320256222851903489
1320256237095800833
1320256258897752064
1320256258990112768
1320256267605188613
1320256276740231168
1320256276861837314
1320256354834092033
1320256356046282758
1320256373217763329
1320256379454689281
1320256386236882950
1320256394931691520
1320256413659058178
1320256417501040640
1320256420953010177
1320256423943573505
1320256425214365696
1320256425667473410
1320256427382861826
1320256428012044288
1320256431040335873
1320256437453553666
1320256470965997568
1320256509029339136
1320256538720784390
1320256549185589248
1320256553698676737
1320256560627679237
1320256584782663683
1320256585998938113
1320256646749294592
1320256667553091585
1320256671642456065
1320256678055596032
1320256698242695168
1320256730387914754
1320256738990428160
1320256761778102274
1320256770418331649
1320256801221332994
1320256804740235264
1320256813653176323
1320256837946540034
1320256840798736384
1320256845068513280
1320256863741542403
1320256870158827520
1320256873438810112
1320256882527830016
1320256915516100609
1320256916334006274
1320256917147652096
1320256927180464129
1320256944284774401
1320256952287592448
1320256959015243776
1320256982729789440
1320256995899879425
1320257004221366273
1320257017626361856
1320257022068248576
1320257023716528128
1320257032969244672
1320257035225673728
1320257051633831936
1320257061419163648
1320257072852836352
1320257073741955072
1320257075335909377
1320257088459853824
1320257099184656384
1320257106621157378
1320257143635873792
1320257153354129408
1320257155824496640
1320257163944747008
1320257184274501633
1320257186304565250
1320257200640659457
1320257213668216832
1320257218835550208
1320257297814257665
1320257309029863425
1320257323877736449
1320257329384882176
1320257349525843969
1320257368211509250
1320257376528846848
1320257412713107456
1320257413904240640
1320257427103690752
1320257438524780544
1320257446464659458
1320257449522307072
1320257477791879171
1320257504945803266
1320257509807034368
1320257512923422723
1320257516169842688
1320257525808324609
1320257528228466689
1320257534847012865
1320257535056773120
1320257539829846016
1320257544011550722
1320257557865373698
1320257565159280640
1320257579663187968
1320257581714149376
1320257585463820289
1320257586839670784
1320257590115401728
1320257591746973696
1320257600018055168
1320257602782220297
1320257617114038272
1320257619626512384
1320257633866178561
1320257657282924544
1320257695925063680
1320257721875259393
1320257726035972096
1320257726115684352
1320257730708463617
1320257745174618112
1320257783892160512
1320257789940334592
1320257798127628288
1320257834353872896
1320257847314272256
1320257863785340928
1320257877471383552
1320257886774243329
1320257889869713409
1320257899424288769
1320257915064864770
1320257920295120896
1320257923071811586
1320257934270599169
1320257941811986433
1320257959381864449
1320257968718467073
1320258046568787969
1320258071554347011
1320258074276397056
1320258092932661250
1320258093268303872
1320258094438428672
1320258110238371840
1320258128231997440
1320258130706563072
1320258131465744385
1320258180321071104
1320258201116413958
1320258209236516864
1320258212130676736
1320258237074231297
1320258246364495874
1320258270855135232
1320258275930157056
1320258278186733576
1320258305000964097
1320258317466337280
1320258318007414785
1320258319609700353
1320258326064779266
1320258348265209862
1320258351008198658
1320258389482536960
1320258392452190208
1320258422575632385
1320258462874566657
1320258464623583232
1320258466250895360
1320258471112200196
1320258472034914304
1320258484080906240
1320258541677142016
1320258545602990081
1320258563164557313
1320258573788532736
1320258576275939328
1320258587822854144
1320258589118943233
1320258597771763722
1320258607129178112
1320258635113635840
1320258643451908097
1320258658807271424
1320258676603703296
1320258682953867264
1320258699483635718
1320258713924546561
1320258714167857157
1320258716478955522
1320258724175503361
1320258738729684992
1320258743997747200
1320258762389753857
1320258764575068165
1320258793222119424
1320258793272307712
1320258793595375622
1320258794471837698
1320258799723229184
1320258804148129792
1320258814994644997
1320258817993695237
1320258818559873025
1320258821651156994
1320258823236583426
1320258825539256320
1320258840844242944
1320258874583228416
1320258889036824576
1320258899912654854
1320258917558030336
1320258954497327106
1320258966362951680
1320258976924262405
1320258999812579332
1320259009790775296
1320259018233884672
1320259033849364480
1320259066686562304
1320259068351610880
1320259099267862533
1320259143400329216
1320259169216323586
1320259200203804673
1320259202766508032
1320259203345375233
1320259209208991749
1320259231698792448
1320259232193806344
1320259234655838208
1320259317799542784
1320259330927714304
1320259349474873345
1320259350884134912
1320259353597874177
1320259380105850880
1320259380877688832
1320259400104280064
1320259405892509696
1320259429556719618
1320259490978123786
1320259500390100993
1320259512801124353
1320259527338577922
1320259544828792833
1320259546489774080
1320259550327525376
1320259574667137024
1320259578295128064
1320259580698525697
1320259606640295937
1320259615817388032
1320259623618859009
1320259648566534144
1320259667629641728
1320259684956295168
1320259708385677314
1320259711434969089
1320259712940724234
1320259739536719878
1320259759443005440
1320259764178329602
1320259773263187968
1320259775318339586
1320259779122630656
1320259791923666944
1320259811699810304
1320259819220107264
1320259840606875648
1320259860081016832
1320259864820666375
1320259866464837633
1320259876807913472
1320259889562791938
1320259893786480640
1320259920130879491
1320259945535766534
1320259956352962560
1320259965140017152
1320259968096997376
1320260007557013506
1320260017799442433
1320260031347118080
1320260045817499652
1320260057523720192
1320260060413476865
1320260065098518528
1320260070781947904
1320260073982218241
1320260116881563648
1320260158128349184
1320260163337621505
1320260169343926274
1320260172200235008
1320260184225292289
1320260187324907521
1320260206127964160
1320260206736101377
1320260240735129600
1320260251380289536
1320260266513354752
1320260270762110981
1320260297496711168
1320260305251897344
1320260307680362498
1320260311602126849
1320260313682411520
1320260331281711109
1320260334427529217
1320260339863310336
1320260354979618816
1320260358108549123
1320260360436408321
1320260389049896960
1320260395307859968
1320260395773399040
1320260396859740165
1320260397950271488
1320260418049376258
1320260429789224960
1320260432695840769
1320260445282930689
1320260471912599552
1320260485846061056
1320260495832719361
1320260497577369600
1320260497950806018
1320260500626825217
1320260524593086464
1320260534424473607
1320260541408022531
1320260549511385088
1320260560005509120
1320260571741171713
1320260581786591232
1320260590200381440
1320260596609241096
1320260607095037952
1320260610354008064
1320260613994651648
1320260616825831425
1320260621724717056
1320260632646766593
1320260647158992896
1320260649327493121
1320260660832440323
1320260662958895105
1320260666331172864
1320260693317341185
1320260703291428864
1320260714586644480
1320260730671779842
1320260732777340928
1320260756382810112
1320260784094674944
1320260811382730752
1320260858010882048
1320260864134479877
1320260874075049984
1320260897051389952
1320260902969552897
1320260903217094656
1320260952089088002
1320260958955081728
1320260960398024704
1320260962574913536
1320260987174506496
1320260987593818112
1320260987681988609
1320260997735714816
1320261023543271424
1320261027502690304
1320261052991418368
1320261055201816577
1320261097740521473
1320261116447105025
1320261125812948992
1320261138693656576
1320261161439399937
1320261180875833349
1320261182998065153
1320261187691515909
1320261191202230273
1320261191558717440
1320261210579742720
1320261212437872640
1320261220667166723
1320261231324913665
1320261245493182464
1320261260932501504
1320261269761499138
1320261277554454531
1320261283992772608
1320261310035132417
1320261317773697026
1320261328674738176
1320261328855072774
1320261329022783488
1320261343442833408
1320261345409966080
1320261347016364033
1320261371880263680
1320261376330354688
1320261392394522625
1320261395775180800
1320261403975032833
1320261418101473280
1320261423138824193
1320261423851802625
1320261426850762753
1320261431644835841
1320261434316591105
1320261438703849472
1320261442298327040
1320261454659026950
1320261461457985536
1320261462233960448
1320261467476819969
1320261470639226880
1320261505951145984
1320261528948510721
1320261546241609728
1320261570241482753
1320261602956972032
1320261624419307523
1320261638021386241
1320261638969348096
1320261647970295813
1320261665775079424
1320261667167535105
1320261681390419968
1320261683554578437
1320261711459483649
1320261756242087936
1320261756984451073
1320261761556152320
1320261764219633665
1320261767419875329
1320261786042568706
1320261822612709378
1320261841378037760
1320261843512971266
1320261857408667648
1320261871765721088
1320261872021610497
1320261879579684870
1320261880447967233
1320261882364690432
1320261897137115142
1320261918498631682
1320261928049119232
1320261929978527747
1320261930641203200
1320261933245804544
1320261934764216320
1320261963130220545
1320261966087311362
1320261970801688577
1320261973624356864
1320261996344913920
1320262019652685829
1320262033514835969
1320262054339661824
1320262070865186817
1320262073390170113
1320262098753064960
1320262118223040514
1320262159918682112
1320262164473589760
1320262173332066305
1320262173982117888
1320262210241892353
1320262220094328832
1320262235982188551
1320262241233608705
1320262248309395456
1320262266747555840
1320262271076081666
1320262280232243200
1320262284976005120
1320262312733847553
1320262316517109760
1320262316529799168
1320262328978464768
1320262336670801925
1320262347974475776
1320262355952013314
1320262386880839680
1320262409517453314
1320262440853098497
1320262442753138688
1320262444451770368
1320262446616088576
1320262474185191426
1320262501045587968
1320262525208887297
1320262535145205762
1320262537796046849
1320262541340270592
1320262556360069120
1320262568137588736
1320262568229781504
1320262583581069314
1320262591101440002
1320262592057790465
1320262605848649731
1320262607354384385
1320262612790267905
1320262617609523200
1320262633522692096
1320262638002184192
1320262655408541696
1320262658399010816
1320262659196018688
1320262662505304064
1320262676170366976
1320262717933051910
1320262726392942592
1320262751600758786
1320262757929930752
1320262758177361920
1320262790095998977
1320262831791550464
1320262837126778880
1320262837407801344
1320262844521340928
1320262847163748352
1320262923441274880
1320262925727170560
1320262929200173063
1320262945117511680
1320262960971907074
1320262962003779584
1320262978088898561
1320263001774194689
1320263010007601152
1320263037266309120
1320263041049612289
1320263087308537857
1320263088948563973
1320263090647302144
1320263095697043456
1320263105398583296
1320263149367558146
1320263171584774144
1320263176542355457
1320263186273259520
1320263187523117058
1320263189314101248
1320263189892911105
1320263202379358210
1320263249783361536
1320263253134577664
1320263259497373696
1320263260952723458
1320263264631226368
1320263271539245056
1320263287209152514
1320263308067430401
1320263329869406210
1320263335598850050
1320263343236550656
1320263343731605506
1320263347078660097
1320263354057957377
1320263362568212480
1320263376610668544
1320263377457905664
1320263460933033984
1320263472672899072
1320263482483367938
1320263489684910080
1320263521511362565
1320263537764216832
1320263558609969152
1320263566306533376
1320263571402522624
1320263585403195392
1320263592713867271
1320263612095590402
1320263617435127808
1320263631339196416
1320263640784789505
1320263645239136257
1320263655217389568
1320263671512289280
1320263690231402497
1320263693574246400
1320263743310303232
1320263746082787330
1320263746737131530
1320263748087631872
1320263781721772038
1320263824524660736
1320263827838160898
1320263836520296448
1320263845756141568
1320263870947201026
1320263880980025345
1320263894758207488
1320263900768706562
1320263921555603457
1320263927989719041
1320263970868105217
1320263977989976065
1320263980292755461
1320263981513277440
1320263990199582720
1320263991864758275
1320264002858004480
1320264009308844033
1320264023569518593
1320264036181811202
1320264044503310336
1320264047200174080
1320264050757029890
1320264068503142400
1320264069283274755
1320264070600208384
1320264114770501632
1320264138711617536
1320264149918752768
1320264189005398016
1320264200443318272
1320264220525666304
1320264239978864641
1320264249004969985
1320264310417989633
1320264338356264960
1320264352268718080
1320264353392791558
1320264369398337537
1320264381934891008
1320264391279955970
1320264409395220480
1320264426671476736
1320264446690852865
1320264464747429888
1320264495021916160
1320264499279110145
1320264501422325760
1320264503683141640
1320264509584510976
1320264537262751745
1320264563410063360
1320264563477090304
1320264586067660800
1320264607001382915
1320264616782532609
1320264640094457858
1320264650227912704
1320264670868086784
1320264673116082176
1320264680892473345
1320264685585911809
1320264698386878464
1320264721551982592
1320264722093101056
1320264730355924992
1320264760387117057
1320264767957762050
1320264804406382593
1320264809221361665
1320264839256834048
1320264896915922944
1320264907359735810
1320264928087912450
1320264933783764995
1320264959104876544
1320264971813588992
1320264982219599872
1320264994043367425
1320264997583441920
1320265006311669762
1320265010346602496
1320265022250078209
1320265039270629376
1320265044110659584
1320265066806128641
1320265073399599104
1320265073722613760
1320265095688179712
1320265103615365120
1320265121072119808
1320265133319442438
1320265158334255105
1320265167767261184
1320265187191099393
1320265206405226496
1320265209999691776
1320265212457586689
1320265232145633280
1320265248847368193
1320265279239278592
1320265330598514688
1320265334947983363
1320265366623440899
1320265375259500545
1320265383094472710
1320265427059150848
1320265462714945536
1320265499406729216
1320265524366946304
1320265543342002176
1320265561058824192
1320265565844443136
1320265580314853376
1320265604373372928
1320265612871032832
1320265616079659008
1320265633473376263
1320265667967373312
1320265682135764992
1320265697868632064
1320265713781755909
1320265715971141634
1320265730127024128
1320265735411802112
1320265739908022272
1320265742663749632
1320265753438859265
1320265785516969985
1320265786229985280
1320265793209356288
1320265814344425472
1320265818307964929
1320265830031151104
1320265839925465089
1320265842660134912
1320265845352898561
1320265848972562432
1320265866496385024
1320265886150905856
1320265914412109824
1320265934179831808
1320265971043631105
1320265991130128386
1320265998491111424
1320266027394007040
1320266029604491266
1320266029793234945
1320266049028325377
1320266055881838594
1320266063444062208
1320266081211158529
1320266081773158400
1320266129529556993
1320266168620453888
1320266191999479808
1320266194444836864
1320266249360842752
1320266253072728070
1320266254603702272
1320266281464061953
1320266287919075328
1320266341182541830
1320266343048908806
1320266343061532672
1320266343371984897
1320266343577456641
1320266343975976962
1320266344051466240
1320266363965943808
1320266382316064768
1320266384656506880
1320266433251692544
1320266464146972674
1320266468857159686
1320266485189804032
1320266487492378625
1320266546774671362
1320266549480095744
1320266571131084800
1320266579549016064
1320266584246681600
1320266586599587841
1320266590995308544
1320266594858262528
1320266627905167361
1320266648889196545
1320266652643188736
1320266655927238657
1320266656493559808
1320266673639796736
1320266677565652993
1320266688886091776
1320266746499092480
1320266746972995586
1320266750617858049
1320266751603580928
1320266754845704192
1320266776089853952
1320266813326897152
1320266843660181506
1320266845195292673
1320266853759975424
1320266900492996609
1320266905760993280
1320266910454472704
1320266928125022208
1320266940275920896
1320266986350350341
1320266997918289921
1320267004239032322
1320267010044026881
1320267035436265472
1320267043325857792
1320267045351657473
1320267046601527297
1320267060153323520
1320267072233000960
1320267097616900096
1320267098761928705
1320267107741929473
1320267112104034305
1320267120127651840
1320267163006062592
1320267212985425920
1320267225081782274
1320267232535076864
1320267243046010886
1320267259923890176
1320267263484768256
1320267275291820034
1320267290147913729
1320267292580679681
1320267305272725504
1320267355876974597
1320267359240728576
1320267364408168448
1320267373958582272
1320267382070366208
1320267393382404096
1320267397408980992
1320267400554729472
1320267408926527488
1320267410461609984
1320267414513340416
1320267414748254208
1320267416123957250
1320267480544182273
1320267493257207808
1320267497774395392
1320267501083779072
1320267523087097856
1320267540501794819
1320267553990709249
1320267565751537664
1320267583833186305
1320267599121448960
1320267606193000448
1320267610341187584
1320267624018751489
1320267647460777984
1320267661905899520
1320267663189442560
1320267693841354752
1320267741907935233
1320267744806236161
1320267748157517825
1320267753140441088
1320267754755268609
1320267763622043648
1320267782349639681
1320267801433640961
1320267816063410176
1320267818236055552
1320267822187073541
1320267828595990528
1320267890562650113
1320267892701749248
1320267905121046534
1320267920820273152
1320267921222979584
1320267985362276353
1320268000004612097
1320268003234189318
1320268005973102592
1320268035035455488
1320268059899297792
1320268068036268033
1320268081990668289
1320268096897253379
1320268107164930050
1320268117105348609
1320268136470532096
1320268149015666688
1320268161690763264
1320268179868930049
1320268184960815104
1320268188219789312
1320268206850932736
1320268215277260801
1320268216309080064
1320268224865423360
1320268229693026304
1320268239327301633
1320268268955979776
1320268275800997888
1320268283321438209
1320268294067261440
1320268316318060545
1320268320550027270
1320268349805371394
1320268373712949250
1320268390611734529
1320268397641371649
1320268405098881031
1320268411923025921
1320268461201870849
1320268473210200064
1320268479061233664
1320268483989590016
1320268503987806209
1320268506135486464
1320268517497765888
1320268523105550336
1320268526507249666
1320268536049209347
1320268540457349120
1320268575295344640
1320268576159375362
1320268588633124865
1320268593116925952
1320268596585598977
1320268598313713664
1320268604168933377
1320268631557668865
1320268642873913349
1320268653384925184
1320268682610737152
1320268690210828288
1320268744917221376
1320268764181630977
1320268837997236224
1320268842761846784
1320268859673178113
1320268863150448640
1320268878337933312
1320268891600396295
1320268909359104001
1320268926790533120
1320268936080990210
1320268956440121351
1320268984730746880
1320268985380777986
1320268992322338818
1320268998865506304
1320269041852928001
1320269082348969985
1320269188125122565
1320269188959735809
1320269189790240768
1320269202540953606
1320269216042242048
1320269225525678080
1320269231997489153
1320269270379626497
1320269278390734848
1320269292898865153
1320269305108484096
1320269334913101825
1320269357776310274
1320269376675786755
1320269393641734145
1320269421865259008
1320269422465044480
1320269474822524928
1320269476735160320
1320269478152835072
1320269490496638977
1320269494758105088
1320269538118782976
1320269538655698946
1320269543621693440
1320269554929598464
1320269578056982530
1320269607605882881
1320269626241056770
1320269655534145536
1320269667852836871
1320269684546162688
1320269686525874176
1320269692481798145
1320269720109699073
1320269779308023809
1320269796919959552
1320269811016962048
1320269813994881025
1320269831225180160
1320269893305065472
1320269899097309184
1320269901420990464
1320269907678973953
1320269937278095361
1320269943208923136
1320270000591114240
1320270006442217472
1320270018865750016
1320270033721937920
1320270049807077378
1320270097311813635
1320270110293110785
1320270111027138563
1320270121861107714
1320270122632839170
1320270131768025090
1320270147005931522
1320270232724844544
1320270240211783681
1320270251762851840
1320270259170009088
1320270274940465153
1320270292275679234
1320270300098027520
1320270306573955072
1320270325943324673
1320270388430065669
1320270392532078593
1320270403265286146
1320270409024024577
1320270410643099648
1320270457317298179
1320270468788686850
1320270473473687555
1320270473847078918
1320270485754728448
1320270496517292032
1320270514695344129
1320270552070836224
1320270589328842753
1320270602574401539
1320270611520905216
1320270644609765377
1320270655204577280
1320270664243335168
1320270696845631488
1320270715594149889
1320270729565319168
1320270737241001984
1320270739883368448
1320270740223102977
1320270740617297922
1320270766538170368
1320270791456509952
1320270793134178304
1320270834821439488
1320270844199919616
1320270847161126912
1320270868388392960
1320270888563056641
1320270897542987776
1320270898285391874
1320270953901924352
1320271000295120897
1320271004430684161
1320271011577737216
1320271045312630784
1320271047204229123
1320271050366767105
1320271055517253633
1320271082339840001
1320271093941272576
1320271105551106048
1320271113881083906
1320271116917743616
1320271118964588544
1320271125860016128
1320271126237511681
1320271140498145280
1320271149176098816
1320271153919889408
1320271162878971906
1320271197855223808
1320271199180623872
1320271206440968192
1320271239001366530
1320271249562546176
1320271297683902464
1320271306768732161
1320271309549543426
1320271369368731651
1320271376268181504
1320271376364732418
1320271381934821376
1320271415313158144
1320271429095620608
1320271458086625280
1320271461634932743
1320271468115185665
1320271499463479297
1320271511048126465
1320271517243015173
1320271528077021184
1320271530388082688
1320271533936431105
1320271535115018240
1320271539577696256
1320271547974766592
1320271551548280833
1320271556359106560
1320271561635627009
1320271562822586368
1320271565645320194
1320271578354110464
1320271594338615296
1320271597983367168
1320271623627341825
1320271675477401600
1320271713314213888
1320271751322963970
1320271769526292480
1320271788505550849
1320271804934574082
1320271818863804416
1320271819014868994
1320271820394778625
1320271827827068929
1320271852195991552
1320271855261986817
1320271857476653061
1320271903752396800
1320271905312604160
1320271931329871872
1320271940762947585
1320271962690682880
1320271968076206080
1320272024007249922
1320272027002044416
1320272036137213953
1320272039257714688
1320272056978636801
1320272060254478336
1320272068127109120
1320272078885523456
1320272112930652160
1320272113597546496
1320272135059800064
1320272149383348230
1320272150612377601
1320272155670728704
1320272188742733825
1320272205054435333
1320272250734600192
1320272264756121600
1320272279121657856
1320272348759658498
1320272390203506689
1320272412383105024
1320272421425958913
1320272473275981829
1320272486357999616
1320272511817441285
1320272512635330560
1320272521711726592
1320272523653763073
1320272546969825282
1320272554406432774
1320272559624081408
1320272614749818885
1320272632613396486
1320272636283408385
1320272637390737413
1320272642499371009
1320272667644203010
1320272671846838277
1320272678775934977
1320272742495735808
1320272757809086464
1320272758929084416
1320272762624036865
1320272767539961857
1320272802121977859
1320272848548671490
1320272849098231811
1320272849932832768
1320272862192816128
1320272879834058753
1320272944430460928
1320272945223270402
1320272948092166144
1320272960708632576
1320273013858848774
1320273035342061568
1320273073363353605
1320273086944600064
1320273116124372992
1320273120587096064
1320273177944182785
1320273187905687552
1320273196294246400
1320273208025763841
1320273223624380416
1320273233841709056
1320273234521214978
1320273259330478082
1320273283045089280
1320273291987341312
1320273293648269313
1320273297037197312
1320273297108570112
1320273325889912838
1320273330746871809
1320273346404225030
1320273360144707584
1320273361193283584
1320273381762236416
1320273389362216960
1320273405313208320
1320273407645257731
1320273418349121536
1320273433658351616
1320273445222055937
1320273465719558146
1320273489702625280
1320273491376152583
1320273491497803777
1320273510305026049
1320273520832794624
1320273525211475969
1320273536267784193
1320273546422198272
1320273550880755712
1320273573114748929
1320273576910610432
1320273578806358021
1320273592421175299
1320273612981534720
1320273614210519042
1320273614491582466
1320273638763958272
1320273643549634562
1320273670179295232
1320273670233796608
1320273680841232385
1320273681654972418
1320273684570013696
1320273685127856128
1320273698654474240
1320273710549434369
1320273723203747840
1320273732884201472
1320273738357743618
1320273739905466368
1320273747841003521
1320273755155927040
1320273759006240775
1320273765142593537
1320273768355401728
1320273773304684544
1320273784465772544
1320273787196157954
1320273832889012224
1320273839511789569
1320273856863633408
1320273858226737152
1320273872852275200
1320273879391178753
1320273893928669184
1320273894838730753
1320273900807294976
1320273908784877569
1320273913843273728
1320273917722898434
1320273923917959168
1320273941726986241
1320273953022160899
1320274396594909184
1320274409211518981
1320274490010619905
1320275151431282688
1320277376044060672
1320277667686588417
1320277685709451264
1320277685923385344
1320278257711915008
1320279443638784000
1320280217072603137
1320280896495300608
1320281303447707651
1320281820181790720
1320283131690340352
1320283959159214080
1320284012519239680
1320284148947406848
1320284475205582849
1320285071039975424
1320285976976084992
1320286043493584901
1320286097839169538
1320286476026798080
1320286621724442625
1320287702814756865
1320287771974619137
1320288080251752448
1320288540606058499
1320288581936685057
1320289018949533697
1320289057805619200
1320289142685814786
1320290362779340800
1320291420842954754
1320292000185331714
1320292308311547906
1320292745580347392
1320293946623483904
1320294099602333697
1320294304510808065
1320294528939659265
1320294615308816384
1320295387740200966
1320295684793339907
1320295870504570885
1320296542377512962
1320296586535227398
1320296988710195200
1320297112647729152
1320297363798446080
1320297451706875904
1320298032039165957
1320298328400236545
1320298436399386624
1320298663453904897
1320298969742954496
1320300538299355136
1320300695950708736
1320301768333406212
1320302061565714434
1320302259440406528
1320302663704215555
1320304096075603969
1320304097346473986
1320304097606553600
1320304889872908289
1320304904620150785
1320305031250411520
1320305541445550080
1320306699211866114
1320306783395741698
1320307070722330630
1320307171779891201
1320307612773240833
1320308159169298434
1320309047455813633
1320309060894396419
1320309248182681600
1320309592409210881
1320309863633833984
1320310508025729025
1320311641938907137
1320311947749974017
1320312410490785792
1320312478308405248
1320312929741377536
1320313287440027648
1320313682606292992
1320313887904903168
1320314158244478976
1320314158345314305
1320314301954084864
1320314312125272064
1320314509987356673
1320315296717090816
1320315375838527488
1320315921341292544
1320316083472158720
1320316493570232320
1320317160317661184
1320317196237754370
1320317258787360769
1320317536433524736
1320317838020718593
1320318319434584070
1320318537714585600
1320318899645272065
1320319465876316161
1320319931183923200
1320320325154951169
1320321564332666880
1320323514654724097
1320324165602316288
1320325044241895426
1320325211233935360
1320325683927711745
1320326006813720576
1320326228465823744
1320326741039042561
1320326759326359552
1320326776040677384
1320326909029384192
1320326911147597824
1320326921067122689
1320326987697786888
1320327110481842177
1320327355500462082
1320327390481047552
1320327532051353606
1320327563332431872
1320327648673959937
1320327705968189442
1320327718139998209
1320327734606921733
1320327808179179520
1320327808187498503
1320327827749830657
1320327890286891009
1320327898297995264
1320328054787477505
1320328065650655232
1320328099943337985
1320328359847645184
1320328766833496066
1320328864313298945
1320328905111293952
1320329026691600386
1320329059612712961
1320329109252263936
1320329465977884673
1320329522202411008
1320329603106439168
1320329673163874311
1320329738158804994
1320330028429836289
1320330354817961985
1320331295231234048
1320331515356717057
1320331597032361996
1320332148591779841
1320332771999555589
1320333332723490816
1320333974183546880
1320334326282768386
1320334487130132482
1320334651265777665
1320335486091730945
1320335936853598210
1320336118332653568
1320336259529715722
1320336510906937344
1320337085304274944
1320337382391033857
1320337425051377665
1320338237941026816
1320338274670546945
1320338647913287680
1320339370256326656
1320339486350430209
1320339571897413632
1320339634740748296
1320340749385433088
1320342020284665857
1320342630014869504
1320343065194790912
1320343095989444608
1320344257866002432
1320345017798590466
1320345178968854530
1320345818336055297
1320346944540233729
1320346964714803204
1320347657273999360
1320347709895811073
1320347934035185666
1320348996200783873
1320349393233440771
1320349736130531329
1320350367377510401
1320350986045739008
1320351017721004033
1320351627853824007
1320352204193206273
1320353562447220738
1320354067751763968
1320354204700082176
1320355011357007873
1320360544075976704
1320362578837725189
1320365623587778566
1320365755217698816
1320366164669796352
1320366905719287808
1320369093913026561
1320373497198149633
1320373562692206594
1320377513919524865
1320378923419664386
1320379101274832897
1320379665882775553
1320379696836608001
1320386887488516097
1320393365645643776
1320396322474807298
1320398496806174723
1320399597592784897
1320402196899504128
1320405174351953920
1320405794039468033
1320411550205657088
1320413678487875584
1320414883964485633
1320416211281338370
1320417478825201664
1320419099139362818
1320420485939798016
1320424808547581952
1320426286368591875
1320426728754421761
1320426987140354050
1320427013019176961
1320432471398322177
1320433349672996865
1320435414008778752
1320436424181719041
1320436510211166211
1320436733859737602
1320436862046085120
1320437494651957248
1320438058060304386
1320438072199290883
1320438191438974976
1320438205754335239
1320438244039864325
1320438282304573441
1320438757007515651
1320439183899504641
1320439415995568128
1320439750646472704
1320440035951448064
1320440910249971715
1320441525449461761
1320441578670968834
1320442441279934466
1320442549455212544
1320442658867863558
1320442851986210816
1320442984660373509
1320443262071689216
1320444129613094913
1320444643109146625
1320445394212556800
1320445676761874437
1320447159871938561
1320447217220595713
1320447536998481920
1320447751428186115
1320449021245296643
1320449087087562753
1320450277435187200
1320451755864256512
1320453553119469570
1320455090637975552
1320455672073433088
1320455974445109253
1320456555398135811
1320457090293473280
1320458063179091973
1320458120573915138
1320458685295042560
1320458911108005891
1320460623390494720
1320460740638236673
1320461853370257412
1320462637046484992
1320462693854302214
1320462855620231170
1320463671676571650
1320465149992574981
1320465321778647040
1320466085288828931
1320467759986257921
1320467793733734406
1320470039414321153
1320470440943472642
1320470613610430465
1320470722096091138
1320471402655453184
1320471975161221120
1320472834926403585
1320472870884155395
1320473284312485889
1320473326029053954
1320473779622105088
1320474278488322049
1320475666689740805
1320476180307476482
1320476472671408132
1320476479868805128
1320477475235897344
1320477655867731968
1320478239467339777
1320481751639220231
1320482211150417921
1320484083235999746
1320484373225971719
1320484800784961543
1320485238540304392
1320485289681453059
1320485341418106880
1320485378680381440
1320485392597065731
1320485438566662147
1320485465670197248
1320485635514339330
1320485712370741251
1320485733619126278
1320486168983732226
1320486341189214211
1320486441017901056
1320486515340943362
1320486752818180096
1320487044926312448
1320487217949777921
1320487240418676750
1320487299478622209
1320487359125835776
1320487621974466561
1320487708880490497
1320487796621123584
1320488046727438336
1320488246015610880
1320488266836152321
1320488272913682433
1320488370322198528
1320488496788840451
1320488736916967424
1320489008997277697
1320489208134488066
1320489211720617985
1320489439781654528
1320489483108831233
1320489494123040769
1320489646086934529
1320489679783907329
1320490118101303296
1320490186510376960
1320490230189797376
1320490344962760704
1320490373270089728
1320490414768590849
1320490453955977217
1320490516123889665
1320490637653909506
1320490645425934337
1320490739722235905
1320490863731101697
1320490884413140994
1320491117918519303
1320491670941671425
1320491802730893312
1320492561807613952
1320492836278579200
1320492850744823808
1320492947260014596
1320493265876123650
1320493802302427136
1320493898351988737
1320494068233838597
1320494246697336832
1320494548850757632
1320494586314326017
1320494881203171331
1320495194110889986
1320495356505972736
1320495568498601985
1320495755728179201
1320495763349188608
1320496145722937344
1320496322143727623
1320496471926542338
1320496615858253825
1320497313022955530
1320497876573786112
1320498181399085058
1320498195248652288
1320499401874432006
1320499423353491458
1320500112133599232
1320500215384715265
1320500258326122498
1320500387724447744
1320500388525649920
1320500409220407298
1320500411862831106
1320501030350671879
1320501127939588096
1320501259636477961
1320501277650939907
1320501342629232640
1320501505313640449
1320501730870763521
1320501944180420608
1320502017723408385
1320502249760673792
1320502602094751746
1320502901853175809
1320503101368008704
1320503966430646273
1320503981404311567
1320504066783514624
1320504071883837442
1320504095111811072
1320504160291147776
1320504167954321408
1320504178972774401
1320504186509864960
1320504240507396097
1320504254759665665
1320504280898568195
1320504340927467521
1320504452021964800
1320504477091352577
1320504487040208897
1320504502814953472
1320504523727736833
1320504559337394183
1320504722936258562
1320504724945293313
1320504844843732997
1320504870244331523
1320504989823995909
1320505101426008065
1320505105158950912
1320505150310653955
1320505153716367361
1320505166450335744
1320505171756175360
1320505230493208587
1320505255365398529
1320505318237982723
1320505341185064960
1320505347140890631
1320505355806322688
1320505418586574849
1320505439331721217
1320505439382081539
1320505465558716417
1320505550468206594
1320505564150046722
1320505567060860929
1320505579048194049
1320505705250590721
1320505742290505729
1320505790684450818
1320505829766955009
1320505921726894081
1320505987737026561
1320506005361512448
1320506086970052615
1320506090539372545
1320506144905924608
1320506170243796997
1320506322018803716
1320506351068549126
1320506555557650434
1320506575921025029
1320506608531742721
1320506645617803265
1320506661921054721
1320506676739358720
1320506709278924801
1320506813234638848
1320506856951959552
1320506871254556677
1320506878531719170
1320506919891730432
1320506973209636864
1320507052922413056
1320507159956934656
1320507211756568576
1320507284729057280
1320507289665720321
1320507317427838976
1320507354073489410
1320507394636554240
1320507445152780288
1320507449439301635
1320507496180699141
1320507517730983937
1320507538266312705
1320507552216633350
1320507558851944448
1320507602736975873
1320507607170404352
1320507643224559617
1320507670697299968
1320507675784990720
1320507683468800000
1320507803933515780
1320507820278796289
1320507821633527808
1320507843230007297
1320507847038377990
1320507869624750080
1320507935735296000
1320508001938231297
1320508087434911744
