1338634878028550144
1338634878900969473
1338634881006448645
1338634882273005569
1338634883774652416
1338634884592488448
1338634927055757321
1338634995628433414
1338634999759859712
1338635006378463234
1338635111764553729
1338635245273411590
1338635288197935106
1338635310134153216
1338635336424050690
1338635372117495809
1338635391616823304
1338635392946499584
1338635476836737030
1338635516804272128
1338635557715501062
1338635585238478849
1338635590649204737
1338635599033626631
1338635602632331266
1338635629001920512
1338635630876749827
1338635690251325449
1338635740922716160
1338635759549640705
1338635764272394240
1338635977955401730
1338636035484491776
1338636128639971329
1338636228455960576
1338636256251678725
1338636268226433028
1338636347767201794
1338636421041631232
1338636492697194498
1338636514864082945
1338636518890487809
1338636571743023105
1338636602537553922
1338636613753167874
1338636639208398848
1338636647408209922
1338636655884951559
1338636673727524869
1338636680576823296
1338636722293321732
1338636747438166021
1338636777964376065
1338636787762212866
1338636800789794816
1338636837762560002
1338636914023411713
1338636942284640256
1338636968972967936
1338636983745335296
1338637011960418305
1338637027806330886
1338637028661989376
1338637069510381569
1338637143124611072
1338637144781430785
1338637209881206787
1338637259080409091
1338637282618781696
1338637296032157704
1338637403385282560
1338637482103955457
1338637487338614784
1338637515268517895
1338637520981159937
1338637523627745280
1338637587121123329
1338637655337218048
1338637739177242627
1338637756826873857
1338637891220729856
1338637903514230786
1338638020958957571
1338638043813711878
1338638080761344007
1338638085375074307
1338638227985534984
1338638228816015366
1338638276907896833
1338638344876679171
1338638345057005571
1338638485188730880
1338638522257993729
1338638533024739331
1338638566012940289
1338638652432412672
1338638708338290694
1338638712100577283
1338638730043723777
1338638750281330690
1338638779192643586
1338638823643811841
1338638834247020544
1338638879205847040
1338638938110570496
1338638943554838528
1338638950139895808
1338638983656591360
1338639009174720513
1338639020524449793
1338639172786147329
1338639215245062147
1338639227383320586
1338639270924480518
1338639312087379969
1338639421189578755
1338639481881169922
1338639590761127936
1338639726631383042
1338639778837884929
1338639786052100102
1338639795917103105
1338639911411359745
1338639911579074561
1338639911591714818
1338639939483951105
1338639951500615681
1338639957745954818
1338640022514364416
1338640031423090695
1338640077300387841
1338640077971447808
1338640116630294529
1338640121327996930
1338640258745954304
1338640400458919936
1338640421979820038
1338640527093272577
1338640864659247104
1338640925606735872
1338640993265065984
1338640994586202112
1338641099661975552
1338641142800375813
1338641163113336836
1338641188879036416
1338641198991466497
1338641257070014464
1338641389207359488
1338641406890479619
1338641531985661952
1338641550306402305
1338641583818887168
1338641665838485521
1338641712672071682
1338641756754153476
1338641796759498752
1338641854166949889
1338641908499877891
1338641936270446593
1338641938262716425
1338641942884864007
1338642005308665857
1338642029220405251
1338642104352903169
1338642105665794049
1338642187098214400
1338642216152076290
1338642258246180864
1338642294078119936
1338642304077357058
1338642403721420800
1338642429172396033
1338642429499457536
1338642450290794500
1338642457538539522
1338642565420228613
1338642611104604160
1338642684957880321
1338642743032242176
1338642769980567553
1338642805846052872
1338642999971094528
1338643051783331846
1338643120213331968
1338643136575365120
1338643152064958474
1338643176660283394
1338643189897424896
1338643209749229568
1338643220348231683
1338643236299153409
1338643328200478721
1338643414477393926
1338643523239817216
1338643529967538179
1338643607058853890
1338643692668772353
1338643718421811200
1338643742908166145
1338643900249100289
1338643908729966592
1338643950350069761
1338643987419291656
1338644063298465792
1338644079417184256
1338644087176634372
1338644158874005504
1338644160774103049
1338644173801578496
1338644249227784194
1338644282538921988
1338644285256851458
1338644341565296640
1338644357092618240
1338644374222204928
1338644381272838144
1338644426839781378
1338644448788484099
1338644544586469377
1338644553654480901
1338644632809377793
1338644727361626113
1338644750820233216
1338644759582289922
1338644768218370050
1338644854759448576
1338644858702090242
1338644955837947904
1338644978923433984
1338644981515493378
1338645051430277122
1338645052919189504
1338645205705232385
1338645221299675147
1338645331307687936
1338645333451173889
1338645343664283648
1338645375360638977
1338645420432568325
1338645427466416128
1338645542860181508
1338645561256382466
1338645614662471684
1338645616629600256
1338645630810550272
1338645654122459142
1338645682090074113
1338645696136835072
1338645727342436360
1338645732144844808
1338645776298373125
1338645795390836741
1338645836734009345
1338645861891502080
1338645872226275328
1338645881206304769
1338645915989630979
1338645919177318400
1338645925141635072
1338645970377187328
1338645992523096065
1338646097544220674
1338646128061976576
1338646155429818369
1338646316407271432
1338646377795117060
1338646432153210885
1338646467393818629
1338646499983495173
1338646554874351617
1338646585392177156
1338646645089644546
1338646650311598080
1338646705999208450
1338646762249187328
1338646825428013064
1338646880142716928
1338646950086922241
1338647022468009984
1338647038473498627
1338647041069768704
1338647067808423936
1338647218618699778
1338647250420051970
1338647370481983490
1338647404359393281
1338647431471312896
1338647639018057728
1338647679224705024
1338647694710071301
1338647697008549888
1338647723151679489
1338647760640368640
1338647839925301254
1338647928802603008
1338647940152365056
1338647949962842120
1338647974998523905
1338648063624286208
1338648247821357060
1338648353765265409
1338648473726496768
1338648506186297349
1338648507230654467
1338648512196644865
1338648589447426048
1338648686721708035
1338648697790468096
1338648742149369856
1338648804669739010
1338648912845037570
1338648912849227776
1338648939545944068
1338648962321014786
1338648964065800192
1338648982164299780
1338649007032311808
1338649026644807681
1338649029320847361
1338649049247911937
1338649082005508096
1338649102503079941
1338649105330032641
1338649111197839360
1338649112502263809
1338649130713931776
1338649153740693505
1338649177664917509
1338649198179348481
1338649217087270913
1338649221952663552
1338649222648885248
1338649260062109697
1338649260154368000
1338649282782650368
1338649306434318336
1338649308233687042
1338649325895880704
1338649326487220228
1338649349857943554
1338649356203925505
1338649372201021441
1338649391662501889
1338649444103974912
1338649445995606017
1338649449762086912
1338649470997815296
1338649497258385408
1338649532838653958
1338649564681826307
1338649597263179777
1338649617769095170
1338649648655966209
1338649656918749192
1338649673842745348
1338649680390074370
1338649723763367938
1338649789655904256
1338649977594261507
1338649978185654272
1338649978307272709
1338649978856673285
1338649979678691329
1338649980039467010
1338649980618366979
1338649982308651008
1338650024637583361
1338650097303887878
1338650110071361538
1338650110545235970
1338650194817265670
1338650236244340737
1338650318909935618
1338650632341819393
1338650666856755200
1338650816899584003
1338650976438325258
1338651096257097728
1338651159846907905
1338651183716704258
1338651189588742146
1338651250775252993
1338651454610042883
1338651509857398789
1338651630938562560
1338651746407735297
1338651970723262466
1338651999454183425
1338652010892156929
1338652150130470913
1338652176500056064
1338652204367015941
1338652372785041408
1338652385649025031
1338652415709601795
1338652452564979713
1338652527391281155
1338652575596486659
1338652577672654848
1338652694836371456
1338652818094383105
1338652885727539203
1338653108201791489
1338653126275051522
1338653153860988930
1338653179156852740
1338653204679102471
1338653275558645760
1338653291362791431
1338653460221349896
1338653564378427396
1338653623295897601
1338653703243444224
1338653752396566530
1338653752635629568
1338653801054695433
1338653818368774147
1338653938829160450
1338653960182362119
1338654188880994305
1338654347710910465
1338654476404658176
1338654486982758402
1338654639131136006
1338654661335797760
1338654768701599749
1338654771444637702
1338654825932853251
1338654891359735808
1338654987874918402
1338655010960199680
1338655035857649664
1338655043562586114
1338655049543634944
1338655102157139968
1338655108855427072
1338655115163668483
1338655144733339648
1338655210827370504
1338655302187704326
1338655388183519232
1338655434505383938
1338655453908176899
1338655496220405760
1338655580655935489
1338655656803520514
1338655817088765953
1338655996563087361
1338656000279273472
1338656004519710720
1338656019757535232
1338656086606405634
1338656132538257408
1338656199051538438
1338656225446211585
1338656251975184387
1338656338960932865
1338656386037784577
1338656438982488064
1338656471236665347
1338656532179918848
1338656599351717889
1338656671619493890
1338656718142779394
1338656722693595143
1338656759251132418
1338656766779908096
1338657160595529730
1338657372726841350
1338657389382397952
1338657393702473730
1338657402829279233
1338657407241768961
1338657527785984002
1338657549458010112
1338657585709408256
1338657594035015683
1338657605284139008
1338657791716831232
1338657819575209984
1338658031375183872
1338658166146527232
1338658169481011200
1338658455964377089
1338658522058395649
1338658759409881090
1338658789189427200
1338658790338650114
1338658823318478854
1338658823838584832
1338658847582511104
1338658995553308675
1338659050138046466
1338659106270437382
1338659289616052226
1338659321442410499
1338659453101551616
1338659563101368320
1338659599671562241
1338659735793438721
1338659801157480449
1338659815502061568
1338659986130563072
1338660044083245057
1338660273599651843
1338660407804825600
1338660457704460288
1338660588097069063
1338660640244834305
1338660648084008966
1338660745865736193
1338660834453712896
1338660874479759360
1338660932457803780
1338660974027567106
1338661150213492738
1338661423979892739
1338661674132381698
1338661773080207361
1338661898494111745
1338661996494024705
1338662206951616512
1338662272860905473
1338662291433283589
1338662335519584261
1338662371703857152
1338662510719868939
1338662558916628487
1338662592525504515
1338662627153768453
1338662667871989762
1338662713443176449
1338662750701150209
1338662834218135552
1338663001323425792
1338663034936578050
1338663123830575104
1338663281297395713
1338663404807086080
1338663425279488000
1338663432770514946
1338663475602714628
1338663574923739137
1338663644364746754
1338663811671355392
1338663818751340544
1338663952885145603
1338664057356898304
1338664266480676872
1338664285334085632
1338664288995717124
1338664409451933696
1338664696451375105
1338664782262571017
1338664801506123777
1338664933811228673
1338664954333966336
1338665068893007872
1338665077721980932
1338665078451625985
1338665080049684481
1338665085066207234
1338665210207408130
1338665241010458624
1338665270764662785
1338665286829010945
1338665376884920328
1338665421512331266
1338665442978697217
1338665444560007168
1338665695782051841
1338665718741659648
1338665846219149315
1338665855023013891
1338665934802792448
1338666073063911424
1338666155276427267
1338666336726228996
1338666561624809478
1338666570780975104
1338666581577134085
1338666609817358337
1338666646618124290
1338666657540173827
1338666669393276929
1338666775345434624
1338666807998214144
1338666841590407169
1338666852587876356
1338667029419741184
1338667239877337088
1338667333385121793
1338667352766869504
1338667394827513858
1338667434698366981
1338667691704520709
1338667819286794254
1338667886668357633
1338667907778273282
1338667997653856257
1338668034614063105
1338668050820849665
1338668126079160320
1338668253242159111
1338668319918993409
1338668377993342977
1338668831011708933
1338668851840552965
1338668852192960515
1338668954798186501
1338669055192993794
1338669104941699076
1338669448031559682
1338669519343063045
1338669644152930306
1338669675635482626
1338669828484325377
1338669891000340484
1338670110219722753
1338670110341468160
1338670116603572224
1338670233985441793
1338670261768507392
1338670526366093316
1338670755157061637
1338670773393895425
1338670987861250048
1338671096225296384
1338671105528242178
1338671175757598721
1338671252328894464
1338671318846345217
1338671465768611841
1338671637797933057
1338671675823562753
1338671738541006848
1338672004594069507
1338672042191761408
1338672196332433410
1338672232730681345
1338672246903214080
1338672289383059457
1338672306680422402
1338672335910481923
1338672627649376259
1338673048782770178
1338673104755830784
1338673111760302081
1338673410428309505
1338673441478750208
1338673463851184128
1338673480250830848
1338673728708874242
1338673817078517762
1338673823458222080
1338673888398635015
1338673891808579585
1338674079587573762
1338674144955822084
1338674153713504257
1338674172185161728
1338674206670790657
1338674512343265281
1338674521138552832
1338674572909023232
1338674590067912705
1338674691502977024
1338674763934429184
1338674778081796096
1338674803377573888
1338674819991293953
1338674891856424961
1338674915201912832
1338674923938713600
1338674949964304384
1338674986303844355
1338675009892573184
1338675032495624195
1338675143443419136
1338675487514783745
1338675496498946050
1338675558645780481
1338675695795531780
1338675834555670529
1338675840532553730
1338675874690953217
1338675898418020352
1338675946635878401
1338676053397663746
1338676066035126274
1338676169374375939
1338676171945472000
1338676174684295169
1338676237804433408
1338676502393729027
1338677075625054210
1338677324867244032
1338677396669607938
1338677399886696448
1338677579717480448
1338677660063395840
1338677742569590784
1338677769769783298
1338677973898162176
1338678096845803520
1338678138356822016
1338678222951682050
1338678236641980417
1338678734577143808
1338678796216627201
1338678822439366673
1338678877862965248
1338678918329536513
1338678980111708161
1338679020632805378
1338679302615752705
1338679359553613824
1338679457209520129
1338679465610719233
1338679473756131328
1338679691662794757
1338679692635803649
1338679827407265795
1338679919853834240
1338679925759348736
1338680004658552832
1338680035306246150
1338680042386305025
1338680062019850240
1338680162553098243
1338680178168328193
1338680178516447232
1338680178902519810
1338680179376312327
1338680180303409155
1338680180802342913
1338680316341448704
1338680448516567042
1338680456124960768
1338680569924825088
1338680639583907841
1338680655085965313
1338680693203853314
1338680831951433735
1338680937161187332
1338680963589660674
1338681146276765697
1338681165574795266
1338681242204721154
1338681312077619202
1338681505002950657
1338682012375330818
1338682065303314432
1338682101965746177
1338682139496357888
1338682234564472833
1338682357910556676
1338682475460091906
1338682522532712448
1338682534822076416
1338682616392847363
1338682693362413568
1338682708663398401
1338682778959929352
1338682827190243330
1338682834932916225
1338682854146863104
1338683276068794369
1338683552234344449
1338683568697077760
1338683586795491332
1338683742550941697
1338683742773260289
1338683897069047812
1338683941692256264
1338683959614595073
1338684079441653762
1338684115521073152
1338684253551419393
1338684293032374272
1338684553523847169
1338684625732984833
1338684817047695360
1338685036694917122
1338685209785483264
1338685267390197768
1338685307588370438
1338685425477709825
1338685544084148224
1338685570726367232
1338685634949632008
1338685746530619394
1338685860741586951
1338685981747253249
1338685989481566214
1338686022629150723
1338686063666139144
1338686158545498160
1338686228913385477
1338686445406408704
1338686548368379907
1338686578928050176
1338686665678868481
1338686816665395200
1338686884340523008
1338686911607607296
1338687022366650369
1338687029773815808
1338687199844429824
1338687206022668291
1338687346951254017
1338687416014692354
1338687445488062465
1338687602291953665
1338687691349782528
1338687693564366849
1338687716809117698
1338687723494924289
1338687726225215488
1338687726258769921
1338687806139494401
1338687939501563904
1338687979813036033
1338688219387473920
1338688411599859714
1338688616738983939
1338688625555480577
1338688774952407043
1338688893307195392
1338689080322887681
1338689103592873984
1338689156621496320
1338689177534214147
1338689193237737472
1338689320539086848
1338689334820687872
1338689374666493952
1338689460356177922
1338689629340508165
1338689807107710976
1338689959704850433
1338690063555674112
1338690121579827200
1338690242916671488
1338690502649065473
1338690579337764865
1338690645909774337
1338690650762596352
1338690788625145857
1338691049636700162
1338691094163435521
1338691112740016131
1338691277999677440
1338691300518981634
1338691422258597889
1338691501123989504
1338691668518825987
1338691766032105473
1338691828665749505
1338691858273366017
1338691993405448192
1338692090319032322
1338692142483595265
1338692220300496897
1338692247051702276
1338692321156673536
1338692344795820039
1338692484201852929
1338692488878583809
1338692564292149249
1338692739886673920
1338692911291129856
1338692948716892165
1338693432890576896
1338693511093383168
1338693524670140416
1338693752123236352
1338693752320368642
1338693917701763074
1338694279149961216
1338694432930017280
1338694507601211392
1338694599951458311
1338694638820057089
1338694742478118915
1338694831334297601
1338694873118105600
1338695005439975426
1338695021621637120
1338695033088659457
1338695036754485248
1338695041728929792
1338695165159104512
1338695253520474112
1338695276295581696
1338695277369290754
1338695278174609409
1338695279361454080
1338695279575384067
1338695280175292416
1338695280460435457
1338695299867414528
1338695314480504834
1338695371808100358
1338695395921317890
1338695408625852416
1338695429471563777
1338695439470784512
1338695450405318658
1338695507770740737
1338695525630173185
1338695570219806722
1338695597218467842
1338695798356389893
1338695849824628737
1338695853301772293
1338695879541338113
1338695910314930177
1338696063843176450
1338696130008375296
1338696136169824260
1338696276431556608
1338696340231114755
1338696367628312577
1338696532317663235
1338696795237527553
1338696829458919425
1338696873754980353
1338696897339551746
1338696991044407296
1338697013567893505
1338697267851780100
1338697329306644481
1338697487964647424
1338697618344513537
1338697698569039873
1338697807599980546
1338697812742086657
1338697818756820992
1338697829410287616
1338697886377381888
1338697978207408128
1338698052295593984
1338698136177549313
1338698347650101248
1338698399584022531
1338698695601233921
1338698722306351104
1338698748642390016
1338698786810589184
1338698816845983746
1338698817689018368
1338698850798764033
1338698930763288576
1338698964581945346
1338698976376336384
1338699050992893953
1338699058542743555
1338699074963386369
1338699153862516736
1338699164293750786
1338699225157279752
1338699264218763265
1338699309538217985
1338699347769352198
1338699442485129219
1338699471320965121
1338699509828870148
1338699645220950018
1338699656688234498
1338699696794165250
1338699721511235584
1338699841367642116
1338699845339672577
1338699868324421635
1338699873839935489
1338700029868060683
1338700095068405762
1338700163930525696
1338700225490395136
1338700242364100610
1338700309225418752
1338700454209986561
1338700503526551558
1338700612167471106
1338700697945174016
1338700836097167360
1338700898701348864
1338700930527735809
1338700947946680323
1338701032570974208
1338701112854065154
1338701212544331779
1338701223927701511
1338701230093242371
1338701398020644864
1338701427460501504
1338701741634834434
1338701754511331329
1338701756860133377
1338701796160774144
1338701843879383041
1338701844298821632
1338701902427598854
1338701910845644802
1338701950574075905
1338702221983232000
1338702394922852352
1338702400626913280
1338702536421896192
1338702558290980869
1338702569925963776
1338702596475936770
1338702630231674881
1338702644924309504
1338702719603847168
1338702730639118336
1338702733419950083
1338702745805725696
1338702764654927872
1338702804119064578
1338702825723850753
1338702826172608513
1338702826633973760
1338702924231430145
1338702928639614976
1338702939410608130
1338702997019353089
1338703032574488577
1338703076174204928
1338703102401261569
1338703107824513025
1338703135385276416
1338703337005441024
1338703337684938752
1338703342432903171
1338703351698042880
1338703463287578626
1338703521479331840
1338703624655032320
1338703678136520706
1338703704116097026
1338703873394028544
1338703890896855040
1338704060430561280
1338704061030391810
1338704242140450816
1338704275220946945
1338704331567140864
1338704344699559939
1338704385795305474
1338704512182341632
1338704522831654912
1338704587340058625
1338704686355009543
1338704728440639488
1338704869541163008
1338704931226865664
1338704974386098176
1338704984083492864
1338705075800334336
1338705090694279168
1338705091050790913
1338705091235352576
1338705100953571328
1338705122466160642
1338705162282688513
1338705170268631041
1338705177944203264
1338705200660570113
1338705268348219394
1338705307887939585
1338705346752360448
1338705456768946177
1338705535198240768
1338705575983640576
1338705919039975426
1338705976212525056
1338705980088078336
1338706051571519490
1338706056386633733
1338706183117484041
1338706190692478985
1338706204349124614
1338706296124608512
1338706318182522887
1338706476957839360
1338706519228112897
1338706531311882245
1338706812787433472
1338706814968471554
1338706831800225792
1338706904764325889
1338706915690471425
1338706922275565569
1338707009772904448
1338707014403432450
1338707396307406848
1338707405161586690
1338707413202051072
1338707416557432832
1338707510895763456
1338707627195445249
1338707705498923008
1338707708778778624
1338707765917868033
1338707852727205890
1338708028212776960
1338708174518562816
1338708257460908040
1338708457478819840
1338708460364587010
1338708476944642049
1338708526810750977
1338708563439603712
1338708609551708162
1338708641428475907
1338708646813904897
1338708661821190144
1338708672315273217
1338708699335061504
1338708715151749121
1338708720054902784
1338708746428686337
1338708826183360512
1338708845787541505
1338709117557481473
1338709252127547392
1338709306674466816
1338709356452474882
1338709433149509632
1338709442288824322
1338709512207929344
1338709570802343940
1338709600250552321
1338709690172272640
1338709713987493889
1338709737723006977
1338709748150054912
1338709826193514497
1338709841821446145
1338709872125349888
1338709910394179586
1338710037506748421
1338710127931748352
1338710160018198531
1338710205564071938
1338710303090077696
1338710375362129922
1338710376897187843
1338710377132032001
1338710377404768257
1338710377585000448
1338710378256113664
1338710381557067781
1338710382983016449
1338710389450825734
1338710396526620679
1338710402948075520
1338710577523421187
1338710587862372354
1338710625216847872
1338710980197568512
1338711005032013825
1338711026011942912
1338711121822437377
1338711137463001088
1338711193754759170
1338711236557598721
1338711243746664448
1338711295290437634
1338711379843436545
1338711382620041220
1338711390211674112
1338711399489474561
1338711438484004865
1338711487234387970
1338711516984475648
1338711624589381632
1338711682823168001
1338711699000537094
1338711784912465927
1338711870585376776
1338711883508015105
1338711898049667072
1338712008317919235
1338712023786524673
1338712093516820482
1338712109115465728
1338712191197966336
1338712234311159808
1338712239860293632
1338712241676447744
1338712436925460482
1338712464536576003
1338712521948225536
1338712524267671552
1338712566097440770
1338712572426657793
1338712603372232704
1338712642026868736
1338712680992034820
1338712809765560321
1338712892053438464
1338712894813450240
1338712965609123840
1338713058936561664
1338713059783827457
1338713208547373056
1338713232463323136
1338713303917457409
1338713342286983168
1338713348054114304
1338713406715662336
1338713419520897024
1338713558868238336
1338713602296057857
1338713642192220161
1338713724534841352
1338713821641379842
1338713835998486528
1338713860207992832
1338713965954813957
1338714018006044678
1338714076244045824
1338714102903033864
1338714126856585218
1338714142270754817
1338714150458052608
1338714152962039813
1338714223212441600
1338714326773993473
1338714378812715009
1338714400002371585
1338714404754518018
1338714525202341889
1338714526687047682
1338714617057587208
1338714640046559236
1338714689879019520
1338714769919012864
1338714780094361600
1338714784322215936
1338714942128726017
1338715009644437505
1338715105874292742
1338715106453188608
1338715281590521856
1338715325232254976
1338715331758612480
1338715386464919552
1338715408648589314
1338715408707162114
1338715408723976196
1338715408761716736
1338715408795394049
1338715444736372736
1338715654413803528
1338715852426895362
1338715904159473664
1338715921624535040
1338715958677041152
1338716018806583297
1338716021612568577
1338716176604663808
1338716193616760835
1338716272624717825
1338716316090445824
1338716319349346304
1338716449649680384
1338716462320652291
1338716500509794304
1338716514015383554
1338716544080224257
1338716607368089600
1338716667069624320
1338716675068350464
1338716702817701888
1338716716902322179
1338716812356292610
1338716863262502912
1338716902718394368
1338716941700239360
1338716987548119042
1338717050684977152
1338717111003312128
1338717170230910977
1338717189055148033
1338717324308832258
1338717571676303360
1338717597458718721
1338717769991393280
1338717779852222469
1338717800144232450
1338717843232321536
1338717876958732288
1338717925184856065
1338717935926390784
1338717936450752512
1338717962568671237
1338718007867142145
1338718015714684928
1338718059406761984
1338718190944342024
1338718211492126723
1338718274217971715
1338718315083141120
1338718377154670592
1338718517034708993
1338718578279903236
1338718627793670144
1338718793099603970
1338718794886295552
1338718869905661952
1338718925807349761
1338718935865241601
1338719165981609984
1338719228208222210
1338719231643443203
1338719308743053312
1338719398115356672
1338719537479475200
1338719596942143491
1338719655024881666
1338719669415505920
1338719686893039616
1338719698159083522
1338719762604548097
1338719784352026624
1338719836386582528
1338719856766685185
1338719863418732546
1338719865427943426
1338719918808850432
1338720000992010241
1338720132802220033
1338720219657891840
1338720246174191616
1338720278411685889
1338720282857574403
1338720361035206657
1338720380446445568
1338720428848766976
1338720441859510272
1338720444627767296
1338720505814274048
1338720512437084160
1338720592112078854
1338720761658355715
1338720767593345028
1338720858920071168
1338720911747403776
1338720950418862083
1338720953963073537
1338721009969618945
1338721030664237057
1338721093964734470
1338721227935010816
1338721399943426049
1338721400442544128
1338721414606622720
1338721435947298816
1338721483611312130
1338721599730704384
1338721640721608705
1338721645452734465
1338721650615967745
1338721658610343937
1338721700037398530
1338721700167479299
1338721700226142209
1338721712116928512
1338721858200465410
1338721960885284866
1338721990765654017
1338722043311878149
1338722107597918210
1338722128514998273
1338722212627566593
1338722239634677762
1338722247373180928
1338722382840803328
1338722469910368256
1338722521466724352
1338722532472582149
1338722569718009856
1338722578475708416
1338722636579430402
1338722682272157696
1338722741445406722
1338722768091811840
1338722776157392903
1338722779382902784
1338722797355470849
1338722840338722816
1338722862958571524
1338722932525240321
1338722958416744450
1338722965601587200
1338722966004174849
1338723005787217921
1338723047390507008
1338723122263056385
1338723122808238080
1338723203758379008
1338723311270948865
1338723361887752192
1338723408146731008
1338723420318601216
1338723462819565569
1338723476849504259
1338723480351748096
1338723561641545728
1338723730193846274
1338723749668016128
1338723771050496001
1338723894216314881
1338723925962989568
1338723972138094592
1338724025137246209
1338724043428671490
1338724046750539777
1338724049137119233
1338724061103464448
1338724093357649921
1338724105848229888
1338724159317307393
1338724196407341056
1338724223615967233
1338724228057735169
1338724264950837249
1338724294394859523
1338724343698894848
1338724378968797185
1338724418361696257
1338724427371057152
1338724444332765184
1338724477333606400
1338724491908804608
1338724531268177923
1338724588142911489
1338724604941115392
1338724609231818752
1338724627502292995
1338724644497584129
1338724659743879169
1338724687682150401
1338724891198107648
1338724940833550336
1338724944713281536
1338725110715478016
1338725134757138434
1338725272598827009
1338725408880156675
1338725474961256448
1338725474978164736
1338725475443683337
1338725475682713603
1338725476127236096
1338725477498966026
1338725478409138179
1338725478690156545
1338725520356335616
1338725533216083970
1338725549037019136
1338725559296208898
1338725569572331524
1338725612639277057
1338725665604915200
1338725683728617472
1338725730147065856
1338725832710295552
1338725945612644354
1338726058925895680
1338726148633718784
1338726149464141825
1338726361020690432
1338726374991941633
1338726377152000007
1338726442553761792
1338726495909421056
1338726497436250114
1338726513718534146
1338726520748204032
1338726581917917185
1338726618748039169
1338726627673583616
1338726689967403009
1338726730706677760
1338726733500076032
1338726746569416704
1338726747383226368
1338726750335844352
1338726769587785731
1338726778458808321
1338726919974641666
1338726978967506944
1338726993358032898
1338727019224444930
1338727035146006528
1338727121011810305
1338727175344762883
1338727324926275585
1338727334808051713
1338727406530682880
1338727418052358146
1338727443990007808
1338727467859718144
1338727538269548545
1338727548176527360
1338727665684140032
1338727687100264449
1338727695698571264
1338727723309670402
1338727789688709120
1338727939052097538
1338727980168785920
1338727990386184192
1338727991627698177
1338728029124702211
1338728121965703176
1338728176311279616
1338728247929040898
1338728267726151683
1338728283844845569
1338728323552305154
1338728382918500352
1338728417244622851
1338728501340295169
1338728533691142144
1338728607699660806
1338728617896013824
1338728628272697344
1338728685432692737
1338728690918641668
1338728693418618888
1338728699701694466
1338728775878578177
1338728825262403584
1338728838558326784
1338728853624266754
1338728892798996480
1338728912646516736
1338728922637332480
1338728934213607425
1338728954165944323
1338728960151212034
1338728965872226304
1338728991264530432
1338729006162653184
1338729022499516416
1338729022608601088
1338729024747679744
1338729116061798400
1338729119740256256
1338729157728104449
1338729240611663872
1338729249876942854
1338729249897930752
1338729249902047232
1338729254503272449
1338729254683545600
1338729257904852992
1338729265844658176
1338729270420664320
1338729320634839040
1338729421977645059
1338729480769171457
1338729485382938624
1338729504559292418
1338729525790830593
1338729559403995136
1338729563506008064
1338729576365776896
1338729590282465280
1338729629838942210
1338729648411316226
1338729668816592898
1338729761284222976
1338729780536086528
1338729792800223232
1338729814920925186
1338729824815378432
1338729860873809920
1338729872672350209
1338729972048031744
1338729986623238144
1338730078382026759
1338730174007963648
1338730187962413057
1338730193683406848
1338730236767309825
1338730307378417665
1338730312398991363
1338730340228194304
1338730355721981952
1338730365435973632
1338730381357543424
1338730504812699648
1338730508071661570
1338730508155564033
1338730533837295616
1338730545971404800
1338730564053053440
1338730569140756480
1338730575792906241
1338730584261189639
1338730647981072384
1338730664825417728
1338730668642230272
1338730681225121794
1338730683167084544
1338730689534038016
1338730717069668352
1338730768370167809
1338730787370397697
1338730813043724289
1338730826989711366
1338730842223468545
1338730890776731650
1338730942924460033
1338730984473292800
1338730990160801792
1338731012981985280
1338731033496260608
1338731036289736705
1338731084754923520
1338731115469737984
1338731141826818048
1338731159094779907
1338731175968468993
1338731214837063685
1338731294352662528
1338731305496948736
1338731325260488704
1338731330528563202
1338731346668249088
1338731366461165569
1338731386375647232
1338731394848215043
1338731409935101953
1338731525916012544
1338731535827165184
1338731608476672001
1338731665565290496
1338731686331371522
1338731692593475584
1338731775858774016
1338731842569187331
1338731860923445248
1338731867856580608
1338731912219734021
1338731960261353472
1338732176498696192
1338732204671852545
1338732205602959362
1338732229279834112
1338732231188213761
1338732262674853888
1338732275840716802
1338732317884502018
1338732375673434113
1338732385265971201
1338732389779070976
1338732390773104640
1338732395147747329
1338732431722033152
1338732450193809413
1338732550391537664
1338732569412718594
1338732584948412417
1338732585485266949
1338732633128366080
1338732633845542912
1338732643018534912
1338732666611445762
1338732734072692737
1338732746810724352
1338732836426297344
1338732851139923968
1338732891757535233
1338732922447212544
1338733025102860288
1338733025199181824
1338733025270513665
1338733026453245952
1338733132162490368
1338733176567508992
1338733205428596737
1338733222910431235
1338733225171185664
1338733410416783360
1338733502418849792
1338733511637950465
1338733583847059456
1338733608203272194
1338733645750743048
1338733648636416001
1338733655372533760
1338733663362502657
1338733670820159488
1338733738470109185
1338733843851980800
1338733858653687810
1338733865142267911
1338733902001827840
1338733929134743553
1338733934033707010
1338733967651049472
1338733985292312579
1338734072718364672
1338734087545245697
1338734118893400064
1338734171460673544
1338734176367947776
1338734235771932672
1338734283234676738
1338734285461860355
1338734286502047745
1338734289240911872
1338734300351635457
1338734308354297856
1338734374498557954
1338734409340612610
1338734448817430528
1338734465745620993
1338734477300920320
1338734491423141889
1338734494107447302
1338734511622905856
1338734516920340481
1338734534666424322
1338734542555910144
1338734545387081729
1338734568946458624
1338734569403637760
1338734580573097984
1338734580937990151
1338734585308442626
1338734591499259904
1338734626056105985
1338734626517495809
1338734631739396096
1338734637166850049
1338734705743638529
1338734739214258179
1338734783816491014
1338734826493530115
1338734837709070337
1338734841735614464
1338734841882435584
1338734863709564930
1338734890498596870
1338735049160716288
1338735079326167040
1338735082023100417
1338735092060008448
1338735097063878656
1338735123781607426
1338735128982540289
1338735133277478912
1338735145759756295
1338735149253586945
1338735165762383874
1338735186176057344
1338735188260614144
1338735196129153025
1338735197433569281
1338735201791451137
1338735265448280064
1338735304161644544
1338735364819849216
1338735375527927808
1338735427017175040
1338735440694796288
1338735525608509440
1338735581707333634
1338735602385235969
1338735656105816064
1338735671633121280
1338735678130167809
1338735727845249024
1338735743154466816
1338735794928881668
1338735801488719872
1338735827048931329
1338735834774851585
1338735845243822080
1338735919826939905
1338735974814248960
1338736014580477953
1338736037481357312
1338736111946969091
1338736118934745088
1338736128631971842
1338736155739758595
1338736245413974021
1338736299956723712
1338736327102255104
1338736350388957185
1338736444546969602
1338736589904736262
1338736607080443904
1338736700378509313
1338736774206648322
1338736797111742464
1338736799552704512
1338736799619878913
1338736809476550656
1338736810264940544
1338736856423424000
1338736875637526528
1338736876493139969
1338736891252912128
1338736892062396417
1338736906742456322
1338736912501268480
1338736939646771200
1338737010748645376
1338737031728541698
1338737036040105984
1338737051219398656
1338737058471403520
1338737065660456961
1338737074153938946
1338737146736349184
1338737157175980032
1338737160208470016
1338737168257257473
1338737209516695552
1338737233684287488
1338737251040288769
1338737272729071616
1338737302848212992
1338737317746511873
1338737345932251138
1338737361992159232
1338737369579708417
1338737375707615233
1338737389695602689
1338737406191628291
1338737416937631744
1338737455479054336
1338737539692244992
1338737545623048192
1338737635205013506
1338737642515668992
1338737643274833921
1338737653320216576
1338737705191165952
1338737708030701569
1338737708798238720
1338737777857400832
1338737789064634368
1338737802620657664
1338737806202597377
1338737812892430338
1338737821008400384
1338737892840132610
1338737917053775872
1338737958749417472
1338737964612988929
1338738103700361218
1338738120540512258
1338738135803564032
1338738145748250624
1338738154694713344
1338738190312726529
1338738209002557440
1338738227654635521
1338738230947172355
1338738238958292994
1338738293341630465
1338738312421498882
1338738319945920512
1338738321330233344
1338738333783126018
1338738396886347776
1338738436392570881
1338738531439681537
1338738543741579264
1338738563815530497
1338738620644155393
1338738661391785984
1338738709022257154
1338738815536599040
1338738825305223168
1338738828073447424
1338738843613327360
1338738846461288448
1338738871836827648
1338738897711476736
1338738927767793664
1338738932993961984
1338739046030438401
1338739051399176197
1338739068750999552
1338739071175315456
1338739074467831808
1338739091920351232
1338739134739976193
1338739153199050753
1338739173545701376
1338739201131634691
1338739225664040961
1338739238255333376
1338739238934704129
1338739241111580672
1338739251597467649
1338739296891756546
1338739366865342464
1338739375828557824
1338739398079340544
1338739423538786305
1338739484972691456
1338739490567966720
1338739526076936192
1338739531986644992
1338739589696073728
1338739631924408322
1338739674035187712
1338739691722575872
1338739696424407040
1338739763013152769
1338739766939017222
1338739771359850496
1338739792062853120
1338739923352866816
1338739955586248704
1338740024989413377
1338740068362674177
1338740104647553030
1338740105381629954
1338740136788582400
1338740148268359680
1338740204300095488
1338740238383017984
1338740263896887296
1338740281622061057
1338740355169193984
1338740358432354305
1338740389453455362
1338740391638687747
1338740413767806976
1338740422278000640
1338740424878526465
1338740431761387521
1338740462614700032
1338740474413256704
1338740485448404993
1338740496038957057
1338740505472020480
1338740560325128192
1338740570156621827
1338740574380240896
1338740574585753600
1338740575755935749
1338740577874178049
1338740578264248321
1338740585486819330
1338740597968998400
1338740620081369088
1338740636225298432
1338740778307362817
1338740911077986304
1338740930808045568
1338740967264940032
1338740997682049025
1338741003168182272
1338741033165877250
1338741080838320129
1338741086811025408
1338741098865434624
1338741121162285056
1338741145912872961
1338741178100047873
1338741180796973057
1338741183095451648
1338741265727369216
1338741283855224832
1338741365639884801
1338741379254673409
1338741386552766464
1338741396388376577
1338741405259354112
1338741413912207362
1338741416613253126
1338741463849504774
1338741470715633666
1338741489581629440
1338741489912995843
1338741512432201731
1338741565456605184
1338741567339769857
1338741575678119937
1338741596460896256
1338741597249228800
1338741623635795970
1338741648549965824
1338741681294864384
1338741698466340866
1338741702396350464
1338741705152094210
1338741738907820036
1338741798815100930
1338741810957594624
1338741837289361409
1338741846714048514
1338741854221766659
1338741877152096256
1338741891144232960
1338741924782608385
1338742018370121728
1338742033905803265
1338742044190269440
1338742071742636034
1338742121717698561
1338742155649617920
1338742165606969344
1338742215246446592
1338742270615556096
1338742293684162560
1338742305788993538
1338742411778985984
1338742415901986816
1338742491890278400
1338742507178483712
1338742509799956481
1338742540560969729
1338742582042619906
1338742612468101121
1338742650887958529
1338742672199213056
1338742685201477640
1338742738506944512
1338742820287508488
1338742827866595335
1338742831784087552
1338742836620038144
1338742905616392192
1338742968019275781
1338743053880799232
1338743056850427904
1338743072180604928
1338743076785942528
1338743086374072322
1338743091088388096
1338743091172413440
1338743104850046976
1338743109967089664
1338743130926043137
1338743260488065026
1338743297561518081
1338743306663157766
1338743330306453507
1338743368009064450
1338743431712149504
1338743468928233472
1338743633059717124
1338743646951235585
1338743729230807040
1338743735035842561
1338743735174258689
1338743748705083394
1338743775615741952
1338743800425041920
1338743878191550464
1338743894633304065
1338743901520343041
1338743924245090310
1338743963260514308
1338743966095859712
1338743966397853696
1338743967228289024
1338744000551989249
1338744001135042560
1338744003697799172
1338744015701880832
1338744143229620224
1338744159277084673
1338744184405110786
1338744245352534016
1338744275740340225
1338744308472684545
1338744313954627584
1338744349375401984
1338744349681623041
1338744349761433601
1338744352798076928
1338744382510469123
1338744430019432452
1338744430644371456
1338744451452297216
1338744457257218049
1338744522554159104
1338744559128424449
1338744610290626561
1338744623473287168
1338744627076231168
1338744708772802562
1338744761025499136
1338744934506041344
1338744959676145664
1338744989992554498
1338745084762869762
1338745113518862336
1338745122712932354
1338745162663649280
1338745187246501888
1338745209706995712
1338745239297794050
1338745252757311488
1338745272722141184
1338745318289108992
1338745345715658753
1338745348177715201
1338745358512496642
1338745369581113346
1338745405576720384
1338745468885626882
1338745473964920832
1338745479509766145
1338745584816173056
1338745619687550976
1338745633155510272
1338745638293565440
1338745735748198401
1338745744560414720
1338745754421223426
1338745756933611521
1338745805235245056
1338745809521831940
1338745836000468994
1338745909979590656
1338745957035298817
1338745980372590592
1338745989168041985
1338746001075687425
1338746054901198850
1338746081639854080
1338746095858495489
1338746101931913221
1338746104280731648
1338746111041761281
1338746123675197443
1338746139139575808
1338746178201120769
1338746191517986823
1338746228046180354
1338746230281736193
1338746238339002368
1338746241593782273
1338746251836272640
1338746281158729730
1338746289870266368
1338746349085396994
1338746349311959041
1338746381272567812
1338746394769838087
1338746440005378050
1338746474465800192
1338746504094347264
1338746526340964354
1338746562013433857
1338746569638731776
1338746585300291589
1338746618108108801
1338746622012952576
1338746632469442562
1338746658096619520
1338746676979363852
1338746705370624000
1338746739436687362
1338746771762278400
1338746797515223040
1338746817794760704
1338746823251472384
1338746840322363392
1338746861461467136
1338746884328865793
1338746903891210241
1338746903912132610
1338746921440129025
1338746945339346944
1338746974955311104
1338746986862960641
1338747001022926849
1338747038679379968
1338747051409018882
1338747081855561728
1338747111693840385
1338747122569654280
1338747165200560138
1338747190005608448
1338747190622232578
1338747202143973376
1338747210750636035
1338747215255400448
1338747223065174017
1338747224675807232
1338747264542658565
1338747269529669634
1338747296293531648
1338747324953219072
1338747332867862529
1338747335069863936
1338747361456246784
1338747363242946560
1338747370922782721
1338747390304645120
1338747403990609920
1338747410831601664
1338747427369705479
1338747447045140481
1338747458889846785
1338747491198656512
1338747514246344707
1338747533301051394
1338747557313441793
1338747577081221121
1338747580507967489
1338747583796310016
1338747592381960193
1338747595670364160
1338747637017669633
1338747643149733888
1338747646152830976
1338747655346745344
1338747661365678081
1338747671859908608
1338747729829355520
1338747801107369984
1338747806912167939
1338747833407729665
1338747834791825408
1338747836607901696
1338747879809298433
1338747883835650049
1338747891209400323
1338747944250568705
1338747968732745729
1338748053193445376
1338748055579987969
1338748065755357184
1338748125259952128
1338748125650018305
1338748125796655106
1338748126212075523
1338748127294218240
1338748130066640897
1338748138094350336
1338748195770408961
1338748200790921217
1338748202573586432
1338748213793320960
1338748233699500035
1338748234722922496
1338748250799607808
1338748265400053760
1338748268126277633
1338748277664190464
1338748287113900035
1338748296433692672
1338748364586938369
1338748376914006017
1338748446967275525
1338748463543095298
1338748466466533376
1338748468731514881
1338748513212112896
1338748520396894208
1338748529632829440
1338748540177305600
1338748550293966850
1338748551829090305
1338748562348367873
1338748627624194050
1338748635761283073
1338748645240430592
1338748647207563264
1338748658125299712
1338748661279371264
1338748684377464833
1338748706141638656
1338748724709896192
1338748728539230209
1338748747837272064
1338748761779171330
1338748767265239040
1338748767663697920
1338748779441364992
1338748781068685312
1338748784285773826
1338748791571312641
1338748851059105794
1338748859187654656
1338748876669374465
1338748906671370241
1338748910089723910
1338748915420721152
1338748943820349440
1338748945342795777
1338748979958452224
1338748983137669120
1338749052234698754
1338749054931656706
1338749060774289409
1338749065220280323
1338749086481199105
1338749137622364160
1338749139991941120
1338749142323978240
1338749143058157568
1338749146161885184
1338749158790995969
1338749174737735684
1338749231193083904
1338749246678454272
1338749280715202560
1338749281981919234
1338749293172301826
1338749309039353862
1338749315502759938
1338749323866222592
1338749337602580482
1338749338831499265
1338749353448583169
1338749357127036929
1338749361292013570
1338749364165107713
1338749370003562497
1338749378304077824
1338749381370146816
1338749403377659904
1338749417441079296
1338749428715442176
1338749503227240448
1338749521413730304
1338749548844507139
1338749566682886144
1338749586190573568
1338749586794573824
1338749591206977539
1338749609796055041
1338749660501061632
1338749662417838081
1338749696022614019
1338749696408506368
1338749763588661249
1338749793087139840
1338749863304032257
1338749871105445889
1338749873177448448
1338749885961674755
1338749933499916289
1338749935219593216
1338749963505983489
1338749985152782337
1338749997899264001
1338750031998967810
1338750059274522624
1338750064680898560
1338750072784379904
1338750092162068482
1338750107882283009
1338750122684014594
1338750154883608577
1338750161963675653
1338750169198813185
1338750177453215747
1338750179701387264
1338750180158484480
1338750193005629440
1338750226019069954
1338750226472071169
1338750228242034689
1338750239193313280
1338750254829744130
1338750258118078465
1338750305392058368
1338750317526200322
1338750336505417729
1338750337189023746
1338750359272120321
1338750388229599232
1338750401932369921
1338750432273965066
1338750453383917574
1338750519804907521
1338750578684551175
1338750584845950978
1338750589979791360
1338750610313719808
1338750617334984705
1338750620996685825
1338750632635863041
1338750640764424194
1338750649354350597
1338750667939344386
1338750673802891264
1338750690081054723
1338750713304911874
1338750727108300800
1338750756569165826
1338750771995750400
1338750793701273600
1338750802584870913
1338750811694895106
1338750827478065152
1338750829638062082
1338750834142810112
1338750867265163264
1338750873242120192
1338750883698536449
1338750885883731968
1338750906762981381
1338750951121973252
1338750960655626240
1338750984852533249
1338751009116614656
1338751017874313217
1338751056814223360
1338751059909619714
1338751091408850944
1338751091945721856
1338751135558086657
1338751168592359424
1338751189463265282
1338751196719435776
1338751197939949569
1338751201404444673
1338751230286422019
1338751233209880576
1338751241657184259
1338751246468046859
1338751246593822724
1338751256471478272
1338751274058207232
1338751300654206977
1338751305096048642
1338751390567587841
1338751414743527424
1338751423421538304
1338751427229978629
1338751470997561344
1338751532137926659
1338751559946145792
1338751579810390016
1338751611619991552
1338751621610819584
1338751678221258752
1338751686282776583
1338751705924710400
1338751711318568960
1338751712023220225
1338751715785531392
1338751745485320193
1338751759347421185
1338751775332061186
1338751809121357824
1338751849776689157
1338751868164509696
1338751880906870784
1338751899114250241
1338751899281940483
1338751929376264192
1338751937089564673
1338751947977986048
1338752015934119936
1338752037966798850
1338752058879578119
1338752074172002304
1338752117771792386
1338752149300387842
1338752156804009985
1338752165393928192
1338752173572837376
1338752252509556737
1338752254631964674
1338752265063165953
1338752268796125190
1338752378686877698
1338752382390427648
1338752427235872768
1338752438086537216
1338752474480594945
1338752517207957506
1338752557099995138
1338752704559128577
1338752706656292864
1338752724377219074
1338752725325111297
1338752737467625472
1338752778387279872
1338752873853759488
1338752897509711872
1338752913309634561
1338752925032656896
1338752928266539008
1338752974970085376
1338752984482783233
1338752987834048514
1338752988924489734
1338753025704402950
1338753059405651968
1338753070893817856
1338753085087342593
1338753106322984960
1338753108705505280
1338753141504946177
1338753157489291264
1338753167446716418
1338753169808089089
1338753208278278145
1338753226192150529
1338753230050897924
1338753234371047425
1338753235763556354
1338753236216508417
1338753244332511232
1338753342965747712
1338753401568567297
1338753403464331266
1338753409445490690
1338753411857195008
1338753446044971009
1338753533571723268
1338753537094856705
1338753552844541953
1338753563821023235
1338753573614723072
1338753578698231813
1338753594233942018
1338753603599798272
1338753606074380288
1338753607559245824
1338753610377785344
1338753623136882691
1338753636927725570
1338753638446096384
1338753642355171331
1338753684998660096
1338753692309262337
1338753731920334849
1338753768142352384
1338753777969614848
1338753794335797248
1338753812488740864
1338753820218839045
1338753820428472321
1338753830780080128
1338753835905536000
1338753885209571330
1338753903115034626
1338753933339201539
1338753999437254662
1338754003501461505
1338754031431409667
1338754077870739456
1338754096996683776
1338754105951588353
1338754130681204736
1338754144472076288
1338754187593736192
1338754194464002049
1338754202974171137
1338754220590305280
1338754261258297345
1338754274810007552
1338754296662405123
1338754311376035841
1338754316199489538
1338754326215450625
1338754329835089921
1338754375842471936
1338754400010055681
1338754428627800064
1338754429470842880
1338754431832166401
1338754432524316673
1338754435275747328
1338754465986441217
1338754504582455296
1338754515730894849
1338754525725913089
1338754538132606976
1338754571506692098
1338754579752751105
1338754608697667584
1338754644684775426
1338754648321241089
1338754653660581889
1338754657787719681
1338754666335772673
1338754667807973376
1338754682475450368
1338754706223607808
1338754711386730496
1338754712015933440
1338754721121775619
1338754739815714817
1338754754579750912
1338754759122186240
1338754772581687297
1338754775777742848
1338754777136717829
1338754784896159745
1338754791778955270
1338754805628596224
1338754820371402753
1338754850209869827
1338754880069099521
1338754890932367360
1338754919533252608
1338754929285066754
1338754930295844864
1338754960033460224
1338754961283444741
1338754963300823040
1338754985505468417
1338754994275840000
1338755035027615745
1338755061606912003
1338755067395108865
1338755084927250433
1338755109505863686
1338755115323363329
1338755158944178178
1338755177646534656
1338755217094029312
1338755283544371202
1338755305597972481
1338755326770876416
1338755336627478531
1338755344273641474
1338755344999346177
1338755354725916672
1338755370886500353
1338755373273149441
1338755390738227203
1338755450226044929
1338755462808920066
1338755475400224771
1338755504219316224
1338755512695975936
1338755515283857408
1338755547735203841
1338755573525999619
1338755654761263106
1338755659056209921
1338755673899806721
1338755673904050177
1338755674721853441
1338755675157979136
1338755675237834753
1338755676835782657
1338755679633494017
1338755680178761730
1338755680493133825
1338755687594270722
1338755695311785992
1338755700160401408
1338755720578265088
1338755728497061888
1338755733471571968
1338755734755037187
1338755761439191042
1338755779931860993
1338755783266340864
1338755805466808321
1338755813947666433
1338755859443232771
1338755883329855488
1338755884164509696
1338755890627944449
1338755901134688257
1338755920667480065
1338755930717102082
1338755940292710400
1338755943740354560
1338755949352378372
1338755954964197376
1338756025965481995
1338756098824744962
1338756103040012289
1338756110661148674
1338756117392973824
1338756134639984642
1338756136258953218
1338756158358777856
1338756166000775169
1338756203816624128
1338756214528864256
1338756214906363906
1338756218735763456
1338756274557685760
1338756274679390214
1338756296825315329
1338756332866985984
1338756355189051392
1338756406372167680
1338756411950583809
1338756429327593472
1338756439968452608
1338756455294504963
1338756473933979652
1338756491558391808
1338756498042793986
1338756561963978752
1338756590846021634
1338756598278316032
1338756605559631872
1338756620344578048
1338756632205987840
1338756642805059585
1338756661239013377
1338756673738055680
1338756681161961472
1338756684559372289
1338756689605046275
1338756704616542211
1338756711147053057
1338756719401426944
1338756778872475648
1338756792763944960
1338756820589015041
1338756867183480837
1338756921394860034
1338756925203357696
1338756932681732096
1338756935370338305
1338756945361203201
1338756945998716928
1338756957189058566
1338756980786290689
1338757026885799938
1338757064848531456
1338757068036182018
1338757084553342982
1338757110616756224
1338757161015521282
1338757171123789827
1338757174730829824
1338757177943748609
1338757194033065984
1338757303521177610
1338757325033762816
1338757326895976448
1338757385226227713
1338757388829138946
1338757390716571648
1338757391022747649
1338757476079054849
1338757477391872000
1338757477660307457
1338757487315607554
1338757493296672768
1338757497969127426
1338757527278940161
1338757575484055552
1338757594001838080
1338757602566496257
1338757604517031936
1338757614679846913
1338757666668224513
1338757676726177792
1338757706501533696
1338757724566409217
1338757735773593601
1338757775866941441
1338757804774072320
1338757863402070016
1338757901956100098
1338757909870764032
1338757927021277185
1338757928862552064
1338757943509069832
1338757954468769793
1338757958608564224
1338757967835967488
1338757980783849473
1338757985733124096
1338757995522560002
1338758025541279745
1338758027831357442
1338758047867482113
1338758052821020677
1338758059271872512
1338758066247004160
1338758068688056320
1338758090129227777
1338758107057573889
1338758162107805697
1338758188821311489
1338758204025491457
1338758205208317952
1338758258694230016
1338758277371400193
1338758296786907136
1338758299899072514
1338758335785558018
1338758344782254080
1338758347173093376
1338758406442790912
1338758443709161472
1338758447463092226
1338758455318859777
1338758483718639617
1338758488160411648
1338758504585310209
1338758517432389635
1338758520049643521
1338758528853553152
1338758529453338624
1338758548348694529
1338758558117195776
1338758573803921409
1338758575380979714
1338758589964574720
1338758606771134464
1338758620738166786
1338758656356126720
1338758657106907137
1338758658663063553
1338758703663771648
1338758709636370432
1338758715365724161
1338758718247342083
1338758749171953664
1338758751617228801
1338758766779621378
1338758769170321408
1338758769237438465
1338758803043590144
1338758804746481665
1338758837449469952
1338758840372912128
1338758876657815553
1338758904382152704
1338758955879710722
1338758955879727106
1338758959549714432
1338758963265859589
1338758997529288705
1338759002247794689
1338759008006492161
1338759015887724545
1338759053594533888
1338759056132083712
1338759097563426817
1338759111417139201
1338759126898401280
1338759136419454976
1338759136532639745
1338759153213468672
1338759157701337090
1338759163204292613
1338759174113595393
1338759190827950081
1338759195756273669
1338759197220106242
1338759201582145542
1338759203662520320
1338759206380429313
1338759218128621568
1338759273803812864
1338759309879078914
1338759319047835649
1338759319580446721
1338759323225350145
1338759375360581632
1338759376291717121
1338759439877279744
1338759440019951618
1338759448953823233
1338759457044566018
1338759462597824513
1338759463524831238
1338759531770286080
1338759559414996992
1338759560312590337
1338759613743845377
1338759637907238912
1338759667695165441
1338759670954135552
1338759673160273925
1338759698380677120
1338759744308322304
1338759754311737347
1338759759055491073
1338759772686999554
1338759790227566592
1338759798372884482
1338759806472089600
1338759814122512384
1338759863455854592
1338759874709229570
1338759909639401472
1338759914018189316
1338759939712540673
1338759964576321536
1338760073552797696
1338760121619537925
1338760140602961920
1338760141345320962
1338760147913629696
1338760148018458627
1338760158999158785
1338760161566089221
1338760192880750593
1338760199377735680
1338760212329754630
1338760215651479553
1338760275864989698
1338760281967759361
1338760308156928000
1338760325596897280
1338760349084954624
1338760367770644482
1338760373420306432
1338760391552360448
1338760400041635840
1338760420476121090
1338760430894919680
1338760442693480448
1338760454928261121
1338760468954050562
1338760485903228928
1338760485957738496
1338760500998533120
1338760524503330816
1338760533663748096
1338760549904101376
1338760558024257536
1338760630564745217
1338760642937970688
1338760644187856899
1338760662198136834
1338760677952000000
1338760683182317572
1338760687733121025
1338760702006349825
1338760705542066177
1338760707295178753
1338760743320219648
1338760772076380161
1338760782591496192
1338760808772333569
1338760841945079810
1338760886073389061
1338760890741645312
1338760941614329856
1338760942226706434
1338760955379978240
1338760957682659333
1338760964070576128
1338760965756768260
1338760966352285697
1338760995137867776
1338761016541409280
1338761037567430658
1338761052708802560
1338761053145079808
1338761054856368128
1338761061504315401
1338761061999185920
1338761063811198976
1338761064675217409
1338761079443378176
1338761165892186112
1338761169218187265
1338761170501636096
1338761172238135298
1338761174918307840
1338761186255441921
1338761206342045696
1338761228739547137
1338761229792407553
1338761242601795584
1338761256052912128
1338761264139558914
1338761265494323201
1338761271357870081
1338761294208520192
1338761327385473024
1338761330522730498
1338761339737698307
1338761347916464128
1338761378216218624
1338761422596157444
1338761542536400897
1338772480534716416
1338785794719412225
1338786576730632198
1338787142894542850
1338787506024828928
1338788771026903054
1338796413011054592
1338801120878202880
1338802036779798531
1338830929477967875
1338831242381365249
1338831467162513414
1338831475513364482
1338831480995377154
1338831607059410946
1338831614927925250
1338831865009102849
1338831993228947457
1338832459916570626
1338833073950121984
1338833169773174784
1338833215151280133
1338834194684915712
1338834304915427329
1338834468224839686
1338834503763161088
1338834621702823938
1338834735003557889
1338834850300784641
1338835269458464772
1338836753080315907
1338836834537893890
1338838755877249026
1338839739139551237
1338840224886108160
1338841741433122824
1338841743110905857
1338841903572414466
1338842280086691840
1338842642415824902
1338843094838632449
1338843178284294144
1338843392776790020
1338843988296601603
1338846339229241345
1338846417964642304
1338846475758014470
1338846602941911045
1338846662316462080
1338847297908695047
1338847541354487812
1338847878178017284
1338848041755881473
1338848180478283777
1338848480446570502
1338848748982722562
1338848754233913347
1338848828921884672
1338850319145431041
1338850345980715009
1338850569994244097
1338850587534893057
1338851722643394560
1338852195769282560
1338852945950076928
1338856570671665155
1338857807655784453
1338858187810766852
1338858888494370822
1338859760519561218
1338861226030297090
1338862019236175874
1338862418848411655
1338862436640681984
1338862513732026375
1338862731877732356
1338863091317018627
1338863286285082624
1338863390295396358
1338863725671923719
1338863823168495629
1338864267982819331
1338865145896988672
1338866275984916483
1338866924680216581
1338867928712753152
1338867994542235656
1338868853183369217
1338869469037404161
1338870403402321921
1338871176576299019
1338871330897338369
1338871458219630596
1338871924261261312
1338872246299992067
1338872845577965570
1338873038138454018
1338873156883390466
1338874392101707776
1338878700188807168
1338878860151099393
1338879414386495489
1338880029976125440
1338880217096577024
1338880451801468929
1338885204430163968
1338885207894728706
1338885811081781253
1338886462629158916
1338886521580089345
1338888459600146436
1338889317368832000
1338890385490403328
1338891592455876621
1338892499847434240
1338893329140998144
1338893625275670530
1338899119155376136
1338899121587900418
1338900377828290560
1338901004780261376
1338901181419098114
1338901301137203202
1338901627126820870
1338901636022816768
1338901667652186112
1338902194645561349
1338902777762811910
1338902894548897792
1338904030207242244
1338904083823026178
1338904995597611008
1338905070772101120
1338905352629325830
1338906287548010501
1338906358977077251
1338906384939757576
1338906665370841088
1338906675567349761
1338906877392982018
1338907309444128768
1338907810805895168
1338907830737399809
1338909343568326656
1338909442226663432
1338909584967274496
1338909637060538370
1338910009590239239
1338910547702665219
1338911112813834240
1338911821294686208
1338912157849841671
1338912402906226692
1338912431180046336
1338912744725213186
1338913143985238019
1338914212563865606
1338915087491457026
1338916364950646785
1338916656756690946
1338916735286702084
1338917367364136962
1338918479089594374
1338918808006889475
1338919773627965444
1338920502514098178
1338920615106011137
1338920717958733827
1338921845018550273
1338922157582282756
1338922481407635462
1338922654154301441
1338924130196987904
1338924169958920192
1338924176145604610
1338924331393495045
1338924860102291456
1338925117091573766
1338925399477280773
1338925543748583425
1338927408301436933
1338927990198181890
1338928734502604806
1338929005836312582
1338929066267828224
1338929170030669825
1338929663557709826
1338929777479213058
1338930902450180096
1338931220059721730
1338931488990130176
1338932641685524482
1338933111648886784
1338933674725797889
1338934367310258191
1338936872299425793
1338936873994096642
1338937949900173312
1338938611002126337
1338939420611923969
1338939903283965955
1338940642811002880
1338940717763321856
1338941603055079425
1338943323092946947
1338944257374171140
1338946470972715016
1338946934434881537
1338946952998875145
1338948192717533184
1338948740426719232
1338948807413932035
1338949475738525697
1338949917381959684
1338951769867628546
1338951821751185409
1338952005293924353
1338952127306149892
1338952227428380673
1338952603963695105
1338952784931147781
1338952808578641921
1338953333235732482
1338955590610120704
1338956892786356224
1338957530937126921
1338957674734620676
1338958642926784512
1338959202140688384
1338959233648365570
1338960871532470278
1338965124829372416
1338966343555698696
1338966659776851973
1338967944986955777
1338969105123127301
1338969389224382464
1338969588005036033
1338970034501193734
1338970368715808768
1338970399196012544
1338970483190947841
1338970556914413570
1338970613155852294
1338970771109126144
1338970809772240897
1338971083798700032
1338971200664514569
1338971260085268480
1338971277290254338
1338971367920836608
1338971585164808196
1338971613342146563
1338971660565827586
1338971824323964931
1338971926526631936
1338971981924982784
1338972100246298629
1338972110362996736
1338972273462693888
1338972452693610506
1338972536864972802
1338972872639967232
1338973118711427072
1338973176827699202
1338973250089603072
1338973296373673987
1338973401055186944
1338973493870858243
1338973514326564873
1338973521796608006
1338973542675869698
1338973612154433536
1338973840098152455
1338973919584415747
1338974001734017027
1338974283754827778
1338974616719659025
1338974617503928327
1338974617801695232
1338974618166628359
1338974674378690560
1338974752791269377
1338974906575273985
1338975129745956868
1338975745549340672
1338975875216388106
1338976027096264704
1338976037942792193
1338976258475089923
1338976777205653514
1338977322028978178
1338977699050758146
1338977715270070272
1338977930328879105
1338978003875934208
1338978790102413316
1338979162338582529
1338979987446239233
1338980111895420933
1338981222115106816
1338982075949584384
1338982080752050179
1338982167750258689
1338982169134428175
1338982172091445248
1338982185626427392
1338982243449049088
1338982391390605314
1338982576086781953
1338983243497033730
1338983425026502659
1338983774000992260
1338983797975642112
1338984576262266880
1338985787245948929
1338985941428420611
1338986922778226688
1338987204291436546
1338987216404705280
1338987223035895810
1338987353675849731
1338987444818112514
1338987449113055232
1338987505081851904
1338987509309698056
1338987529693958145
1338987538216841219
1338987553685458949
1338987581736972289
1338987596786126849
1338987601626337281
1338987627299672064
1338987671293661184
1338987681582362624
1338987743377059840
1338987757373415426
1338987758405234688
1338987765254541312
1338987820640325637
1338987871987003392
1338987935123853312
1338987979428274183
1338987996071260161
1338988004036255748
1338988079009370119
1338988103344791552
1338988113373368320
1338988140476952586
1338988187214077953
1338988255417683969
1338988265563709443
1338988286539423744
1338988294437265410
1338988357892927491
1338988374590369797
1338988386250526722
1338988404344807425
1338988425458937856
1338988434854191105
1338988445646073858
1338988461399941123
1338988475639586817
1338988517112893440
1338988541083344896
1338988542781960192
1338988548054265859
1338988558112223232
1338988561912242176
1338988562113572865
1338988580677545988
1338988590836178944
1338988592115408899
1338988625627930629
1338988660268675073
1338988705604886532
1338988707622375425
1338988739708719105
1338988753159905280
1338988825381580800
1338988836228112387
1338988849427591173
1338988860290822148
1338988873603571726
1338988905484480513
1338988917719265280
1338988919845687297
1338988957368000518
1338988959704211457
1338988980302475264
1338989019988959239
1338989020307709953
1338989021003919360
1338989095595503617
1338989113953947651
1338989151941779457
1338989153678209024
1338989155708235777
1338989192144023552
1338989322830286848
1338989346339381251
1338989354497306629
1338989355067727872
1338989358238535686
1338989420964438021
1338989476320858113
1338989484902375424
1338989535779282950
1338989563121971202
1338989570919178240
1338989572760481798
1338989594746957824
1338989614355374085
1338989625688412163
1338989654201274369
1338989662602473472
1338989716662718464
1338989717048623104
