1323052199790825473
1323052200101212160
1323052202357886976
1323052244791627778
1323052268720107532
1323052270926397440
1323052299225231360
1323052475629379590
1323052575730683905
1323052613605167105
1323052931667628032
1323053039297712129
1323053069769314304
1323053419117117440
1323053661023514628
1323053693919502337
1323054061038559233
1323054524400046081
1323054801807171585
1323055771668590597
1323055874001305602
1323056687268450306
1323057127678791680
1323057686590750721
1323057966942216192
1323058838967324672
1323059398944546816
1323059453776826368
1323059536840843265
1323059749856882688
1323060252569423874
1323060433704636419
1323061084723548161
1323061877577011208
1323062007688560644
1323062073060982785
1323062118296526849
1323062419644665856
1323062430029721600
1323063011788161024
1323063096626348047
1323064103691313153
1323064233186254850
1323064411481886720
1323064500417908737
1323065642791145474
1323065676739813382
1323066208980242432
1323066551155699712
1323066870149337090
1323067061115981825
1323067067889844224
1323067300107427840
1323067330952310784
1323067383561523200
1323067405455761408
1323067468261265408
1323067476725407746
1323067556308094978
1323067666005925888
1323067706971705349
1323067797287669762
1323068043166101507
1323068053387677701
1323068352328306689
1323068652778885120
1323068727177478148
1323069443744944131
1323069535172194304
1323069612578217984
1323069875921821698
1323069950022586386
1323070089172819972
1323070822525927429
1323071121688793088
1323071889338736640
1323072931342278658
1323073312084340738
1323073354371354626
1323073401368567809
1323074091444768774
1323074201557884929
1323074367560028160
1323074488473440259
1323074597617631232
1323074724314927115
1323074849003089923
1323074849120681984
1323074849825263618
1323075808672555009
1323076189662097408
1323076610719797248
1323076769352765442
1323076793474052096
1323076836625178625
1323076896637231105
1323077194101542912
1323077929480392704
1323078400639205376
1323078412077064192
1323078624057073667
1323078624065454081
1323078634580725773
1323079054279540736
1323079107228454913
1323079194306400256
1323079502973554690
1323079882167910400
1323080920564404227
1323081248269651969
1323082095103758345
1323082400621043722
1323082434481704961
1323082741768925185
1323082972740898822
1323084132201701376
1323084219426336768
1323084360501919746
1323085187857620992
1323085231826653185
1323085922011787264
1323086173808463872
1323086243429797888
1323087356556136450
1323087970686173185
1323088197291749376
1323088269836505090
1323088419484966912
1323088919026688003
1323089221515620353
1323089948577202181
1323090644659851264
1323091002194874369
1323091230461493251
1323092119045754882
1323092465088299009
1323092535011692551
1323093251100999681
1323093472572772352
1323094019933700102
1323094067203461120
1323094457290555392
1323094575829929984
1323094742876520449
1323094971994513408
1323095393714999296
1323095462153490432
1323095736846671872
1323095745680101376
1323096598432436227
1323097103451758592
1323097110565310469
1323097527344898050
1323097603232485383
1323099629475516418
1323099660312072192
1323099733364269056
1323099766922891264
1323100217370173440
1323100568932569088
1323100758296956931
1323100947720118276
1323101199583842307
1323101399618670592
1323101466165432321
1323101780159463425
1323102027816337408
1323102121500286976
1323102268527431684
1323103089386139648
1323103135703904256
1323103248354549765
1323103482291851264
1323103618107625479
1323103789918887937
1323103794587119620
1323103831778054146
1323105048033853441
1323105048365203461
1323105048826585095
1323105129378291712
1323105201113452549
1323105245623324672
1323106241099501568
1323106246598287361
1323106319637843968
1323106468686692354
1323106972011536384
1323107119198064641
1323108098903547904
1323108345654304769
1323108571156946945
1323108732562268160
1323108795183190016
1323108822920040449
1323108942923390993
1323108954675826689
1323109920447889411
1323109922171686914
1323111002259492865
1323111438081314819
1323111644831141889
1323111686430183424
1323112346269687809
1323112544995782659
1323112563161387008
1323112597722419201
1323112599777501190
1323112599781855238
1323112800219254784
1323112882532458498
1323112917844299783
1323113272976003072
1323113435077423106
1323113449073901568
1323114158993350660
1323114419400921092
1323114611911008256
1323114986802085888
1323115112408981504
1323116116865093638
1323116372700942337
1323116871567187970
1323117131555328002
1323117206998306816
1323117372379746307
1323117415551610882
1323117459814129664
1323117631055056896
1323117639502385152
1323118057993228288
1323118080080420864
1323118134228901890
1323118134283427846
1323118345563049984
1323119353970237440
1323119951511752705
1323119956070932486
1323120076581752841
1323120147796811777
1323120646075879430
1323121331857199122
1323121378695012363
1323121673881739265
1323122258928455680
1323122364876541955
1323122585689903104
1323122848760778759
1323123039253442560
1323123375124975616
1323123383085748224
1323123418968002569
1323123545740922880
1323125159662936065
1323125486474743810
1323125522130444288
1323125603684462592
1323125664355127299
1323126105876926466
1323126154405052416
1323126404628815879
1323126430432186369
1323126439021928448
1323126450418077698
1323126515937218567
1323127027482972160
1323127216205713408
1323127410842324992
1323127616023498752
1323127699724972033
1323127699951505409
1323127722697281547
1323127838858485761
1323127889362124807
1323127956621983744
1323128499679432705
1323129560683237376
1323130035914575874
1323130213899902980
1323130795977003008
1323130830865256448
1323130997945360385
1323131051145863168
1323131167466524673
1323131242817163266
1323131472287469568
1323131483826147328
1323131516805939200
1323131598418694152
1323131846989910016
1323132116767526912
1323132178692276225
1323132411287425024
1323132542812332039
1323132650555645953
1323132730511552518
1323132830038315008
1323133238811000833
1323133591841374208
1323133975745990659
1323134002010726406
1323134273587728386
1323134680468783113
1323135147198324738
1323135246959824897
1323135248150884352
1323135421417693184
1323136153806114823
1323136329136427008
1323136578651213824
1323136865315311616
1323136871065673728
1323137019145576449
1323137164058775552
1323137222783193088
1323137320128811009
1323137665257058304
1323138217554677760
1323138238572306432
1323138264782540800
1323138857664217092
1323139143182987279
1323139700182405121
1323140216014721025
1323140585407029249
1323140882879696896
1323140998319476740
1323141834475003905
1323142180127547392
1323142649193385984
1323142786590322688
1323142799126978561
1323142814843211786
1323142937988026368
1323142948373102592
1323142984553123841
1323143053935345664
1323143070586646530
1323143140912582672
1323143429581381633
1323143844817416192
1323144558507565057
1323144601788665856
1323144681140690944
1323145097614135296
1323145103146389504
1323145371351195649
1323145709789548545
1323145811098828801
1323146126611140609
1323146571714859008
1323146572981506048
1323146635673849858
1323146734588076034
1323146768578740226
1323146793685864448
1323146803496169472
1323146943657349120
1323147191301660672
1323147191540764672
1323147262487367680
1323147400257638404
1323147652033400832
1323147984876511232
1323148012055633923
1323148018561024000
1323148787582443522
1323148822198001664
1323148845497409538
1323149121629413376
1323149441302515714
1323149745855074310
1323149838377209857
1323150132511203328
1323150273267798016
1323150346739331072
1323150407225528321
1323150471922618369
1323150696443744266
1323150711908085760
1323151065391550465
1323151232740065281
1323151376193589248
1323151565079908353
1323151631534460928
1323151704871915526
1323151871293464579
1323152063900065793
1323152187166523395
1323152198918938624
1323152205457883137
1323152244875866114
1323152414162255872
1323152647046778880
1323152680789954565
1323152735160717313
1323152766127267840
1323152772691382272
1323152864269783040
1323153090133053441
1323153101965111296
1323153205971308549
1323153315463630848
1323153469587496960
1323153631802216448
1323153674269589504
1323153748882006025
1323153876506320898
1323153988708085760
1323154033981427713
1323154055221399552
1323154121428504579
1323154123454369792
1323154127900332032
1323154192018608133
1323154530796740609
1323154666121764864
1323154781771366402
1323154805649494016
1323154811005652997
1323154852218867718
1323154866806685696
1323155207409250304
1323155239147589633
1323155337650802689
1323155401945325568
1323155486942863362
1323155487769137152
1323155495469912064
1323155527371792386
1323155576675799041
1323155643885379585
1323155645420417024
1323155735665061890
1323155894541131776
1323155977324122114
1323156078696275968
1323156139471704064
1323156176654262272
1323156192512876545
1323156646634360832
1323156703496601600
1323156877442748416
1323157013711507457
1323157052022312963
1323157126248910849
1323157154711429122
1323157180934164482
1323157352376393728
1323157353525596166
1323157358823067648
1323157446823739392
1323157448715358210
1323157531091415055
1323157558861987846
1323157564184502273
1323157696229576704
1323157699752828934
1323157738218790913
1323157833408483329
1323157896943804417
1323157897820471298
1323157897920966656
1323157899473018880
1323157899535773697
1323157899548467200
1323157900014063621
1323157908834586624
1323157952577110016
1323157968700006402
1323158097549053953
1323158112417861633
1323158151819104257
1323158162300669952
1323158237382926339
1323158365602779136
1323158451883835392
1323158459991400448
1323158475761999872
1323158657710854144
1323158680771190786
1323158683346501632
1323158693408608257
1323158698345308165
1323158701679718401
1323158717777530880
1323158736823898112
1323158829224386561
1323158884324904961
1323158897855778818
1323158900024188928
1323158915887075330
1323158971256086534
1323158973726470145
1323159010615414788
1323159017292779524
1323159059437178881
1323159075690057728
1323159076734455808
1323159077602643969
1323159135219781632
1323159159353806848
1323159163892125696
1323159165808922624
1323159192216227840
1323159259048218631
1323159263787814915
1323159295853211648
1323159339637579778
1323159343777370112
1323159354678349829
1323159375352127488
1323159376509763584
1323159386420817920
1323159411150495746
1323159423049674752
1323159432046497792
1323159445518602246
1323159453106135040
1323159457103290369
1323159460983066633
1323159474203435014
1323159486262108163
1323159519237734402
1323159525457874944
1323159539986751488
1323159540905480195
1323159542255898629
1323159547998031873
1323159560585121797
1323159566817832961
1323159584001957889
1323159586220761101
1323159627022934016
1323159670035517440
1323159670232653825
1323159687433490432
1323159712406347777
1323159744853528576
1323159808292376577
1323159835362418690
1323159849388093440
1323159874084212736
1323159883907272706
1323159888944635905
1323159890597187585
1323159902475440131
1323159921890938880
1323159933056143361
1323159965171929088
1323159976546914306
1323159981026349056
1323159999586160640
1323160044389675008
1323160071182917632
1323160103843958784
1323160109351055361
1323160110907215872
1323160130628845568
1323160150870556673
1323160159716282369
1323160189252546560
1323160224153407489
1323160236413362177
1323160243644305408
1323160259301646341
1323160285633458176
1323160312380612608
1323160323982020608
1323160331959574528
1323160337936470016
1323160353409273857
1323160374380793856
1323160415191388160
1323160420367171585
1323160435684642816
1323160443544850433
1323160448888459266
1323160466441576448
1323160478303035394
1323160500390297601
1323160502596444162
1323160508095172608
1323160562952507392
1323160566798704643
1323160569483038720
1323160576755933191
1323160587799506944
1323160595508695040
1323160601414279168
1323160669617819648
1323160679675797504
1323160686726447104
1323160689947643904
1323160750869913601
1323160771317125122
1323160772789325824
1323160775637245953
1323160795958661120
1323160835993251840
1323160836387516416
1323160847846395904
1323160847955468290
1323160860739702793
1323160864963383298
1323160899235053568
1323160917400539136
1323160919816503297
1323160942432161795
1323160957351301122
1323161023898099713
1323161057834184707
1323161069205016577
1323161116147666945
1323161169167814658
1323161220430647298
1323161247932682243
1323161261425586176
1323161323002384385
1323161345647386624
1323161355873062913
1323161378908196866
1323161420058550272
1323161449024442368
1323161513222426625
1323161518066814986
1323161519002165248
1323161521292267521
1323161611784364033
1323161671158784000
1323161671196577794
1323161671502864386
1323161671750340610
1323161716138659840
1323161730135085057
1323161742533398528
1323161791820681217
1323161814973222912
1323161855779590145
1323161859705475072
1323161864809959425
1323161881385848832
1323161902940266496
1323161912272564224
1323161922397642752
1323161932132569089
1323161959718637577
1323161961727709191
1323161981835268096
1323162007076589568
1323162028312305664
1323162056502161408
1323162062474891264
1323162106443763714
1323162106980610048
1323162107974684674
1323162144842592256
1323162152568561671
1323162161615671296
1323162168628490242
1323162169807130628
1323162238472118273
1323162268125769734
1323162272563367939
1323162278372515841
1323162280184434688
1323162289101590529
1323162293904003072
1323162306482737154
1323162316305797120
1323162354218110980
1323162357493911552
1323162371624488960
1323162404214235136
1323162404352569346
1323162455082782726
1323162507515777030
1323162555259461632
1323162557763506176
1323162603695255555
1323162606346084352
1323162676827226113
1323162714680762368
1323162734930907137
1323162738810671104
1323162770905419780
1323162777473658880
1323162807903363072
1323162862483890176
1323162878891958273
1323162929546420230
1323162929605345280
1323162938576961536
1323162949792444417
1323162959506558977
1323162970755600390
1323162996923863041
1323163101051707392
1323163141652426752
1323163144181682182
1323163167158083585
1323163168621953024
1323163202323140608
1323163205821190145
1323163220031451138
1323163224095756290
1323163284112089089
1323163323819581441
1323163347416731655
1323163378081214464
1323163392958484480
1323163395768655872
1323163426135433223
1323163435945893888
1323163441004240896
1323163450613420032
1323163479117860864
1323163483526094848
1323163526068883471
1323163526500913154
1323163553696780288
1323163615013314560
1323163621447372802
1323163634013478916
1323163638379745280
1323163641697439744
1323163661498802176
1323163745670041601
1323163762052878337
1323163774862397440
1323163791950024704
1323163802024763392
1323163825517088773
1323163845691658241
1323163889412927488
1323163907133943812
1323163908316798976
1323163929149886466
1323163935751766029
1323163970061086720
1323163973924118532
1323163979405996032
1323163997705822208
1323164000222384129
1323164028072562688
1323164040315707394
1323164044807884800
1323164055876575232
1323164091293274112
1323164096884285440
1323164100201992193
1323164114026483714
1323164121186127872
1323164133332865024
1323164151250825217
1323164220557611014
1323164260135030784
1323164265570799616
1323164294146625537
1323164341252796416
1323164356855681024
1323164359925895168
1323164361330929664
1323164374140334080
1323164394344370176
1323164433938567169
1323164455354716161
1323164469262979073
1323164472756867075
1323164474174513152
1323164475457982465
1323164498035920896
1323164514012008459
1323164517421953024
1323164543208640521
1323164551815303168
1323164568127000576
1323164573231435776
1323164575932555268
1323164577723502592
1323164595654217730
1323164608467750912
1323164642718425089
1323164652147277824
1323164665254453249
1323164691107999745
1323164703049293825
1323164721743335424
1323164723081261063
1323164769701023746
1323164823199371265
1323164832850477057
1323164840622542849
1323164893676249088
1323164908851286018
1323164936516915201
1323164942929960960
1323164944750313472
1323164950622310402
1323164977432350721
1323165000362590210
1323165020696514560
1323165040732758017
1323165053592502272
1323165076480733191
1323165115106136064
1323165135561805826
1323165145703567360
1323165161478361088
1323165182663757824
1323165195544440834
1323165215148642307
1323165265639706629
1323165296811741185
1323165299261190144
1323165337798541312
1323165345713147905
1323165361584431105
1323165384657276928
1323165391884066817
1323165405154844681
1323165445940146178
1323165446103728128
1323165447244558337
1323165461371039744
1323165469742977024
1323165475291975687
1323165484435542017
1323165514156412928
1323165520477229056
1323165523148972033
1323165524386287616
1323165541759127552
1323165566413189125
1323165587024060419
1323165604036096000
1323165625859166208
1323165647099015170
1323165660030132225
1323165668372525059
1323165685489520640
1323165691898404865
1323165717152337924
1323165737939292161
1323165764887654401
1323165791227944972
1323165840775282690
1323165867451043840
1323165874145165312
1323165876485574656
1323165878129709057
1323165949365608449
1323165972216401920
1323165994764873728
1323166011466665984
1323166059206184960
1323166064482619392
1323166079775051776
1323166088973242368
1323166103732965376
1323166119805538304
1323166125304283136
1323166131222446085
1323166135416721415
1323166142547066880
1323166174687989761
1323166200948576257
1323166270901149697
1323166296528297984
1323166303289511938
1323166306754039808
1323166312311496704
1323166370989809685
1323166429596798977
1323166434403536902
1323166453273645056
1323166473922203648
1323166485435600896
1323166521166880769
1323166580486868994
1323166611398922246
1323166613194055680
1323166618638233602
1323166634735996929
1323166655715966976
1323166659478196233
1323166665291477001
1323166671662682112
1323166680772714497
1323166684946010112
1323166712339091457
1323166730059993090
1323166730831695872
1323166742043123713
1323166743729184772
1323166757377462273
1323166772254695428
1323166774536425472
1323166842320494592
1323166845332062209
1323166848620396545
1323166880824176640
1323166903259594759
1323166921605468160
1323166963045195776
1323166967281364992
1323166967310725122
1323166997606223872
1323166999372042240
1323167030095335425
1323167048340434944
1323167092963684359
1323167106876248074
1323167168029204480
1323167168037638144
1323167169518198788
1323167182264668160
1323167190682578945
1323167199524233217
1323167201638187018
1323167203236130816
1323167207774248961
1323167219908530181
1323167221519142912
1323167237277175808
1323167266465370113
1323167268063334400
1323167274295910400
1323167277978652672
1323167307120709632
1323167307682713600
1323167329472176128
1323167399407947776
1323167408069246976
1323167461160747008
1323167462234464261
1323167490210484224
1323167492722798604
1323167505825910789
1323167525887217664
1323167536947580928
1323167538109419520
1323167601594388480
1323167613560774657
1323167643252281344
1323167652811051008
1323167684176027648
1323167697023238152
1323167701582446593
1323167717545988104
1323167730472755200
1323167746994118657
1323167747203862530
1323167786382905345
1323167798869348352
1323167799422951424
1323167801671000064
1323167848605360128
1323167867811078144
1323167871405563904
1323167877474656256
1323167879831965697
1323167892964343808
1323167894633648128
1323167917215780864
1323167942230552578
1323167947020505088
1323167962547785728
1323167962577080321
1323167962589638657
1323167962660892684
1323167973285179392
1323167973461426176
1323167985557753856
1323168017610645505
1323168060216348672
1323168077794693120
1323168083939368962
1323168088720887808
1323168134988222464
1323168174435672064
1323168189635854336
1323168189665128449
1323168230454796292
1323168243008364545
1323168271621885952
1323168325149597697
1323168344787341322
1323168346070798336
1323168351468822529
1323168352194408448
1323168375875489797
1323168382250852369
1323168409786454017
1323168414031060997
1323168428673454080
1323168433790472192
1323168437359812608
1323168483274874881
1323168494289080326
1323168514035822592
1323168595199877120
1323168623389802497
1323168669103509505
1323168699705118721
1323168707976155136
1323168721112911872
1323168721679060992
1323168722064936962
1323168726464794624
1323168732974403585
1323168735402885121
1323168755212574720
1323168787810656257
1323168789756891138
1323168796627083264
1323168849139769344
1323168853594148864
1323168874339143680
1323168884023873536
1323168902541705218
1323168906241101825
1323168906580733952
1323168936964333568
1323168945709469696
1323168951069777920
1323168959865171970
1323169068313120771
1323169098432466944
1323169177155358721
1323169218611843073
1323169220897755138
1323169220998279170
1323169232440446978
1323169233589751809
1323169307325509638
1323169307560419328
1323169359393673217
1323169392067268608
1323169411184889856
1323169477131968512
1323169493007409158
1323169509667229701
1323169509931421696
1323169533612466176
1323169538259693574
1323169543808757763
1323169547491414016
1323169600096374785
1323169615246204928
1323169624809070598
1323169632728076289
1323169653439553546
1323169660854956032
1323169694816370689
1323169732036567041
1323169736088236045
1323169755868454912
1323169766874501121
1323169776294834176
1323169779998404608
1323169782296883210
1323169800827424768
1323169847686111235
1323169851494588416
1323169864018788353
1323169875678945282
1323169899934556172
1323169900626694144
1323169901482303488
1323169902207868928
1323169908809699329
1323169915172462592
1323169930112606209
1323169942892646401
1323169994432196609
1323169994948096000
1323169996269408256
1323170005563953157
1323170016183914501
1323170037067296770
1323170137743249408
1323170138951213063
1323170166985904128
1323170168307093506
1323170191577141248
1323170202675109888
1323170207943241729
1323170216721997826
1323170226477948928
1323170232689659905
1323170233922867200
1323170234455478272
1323170304236101633
1323170314814193666
1323170354894934018
1323170357369589760
1323170368048291840
1323170424537174017
1323170430161739776
1323170481093173249
1323170482208837632
1323170505134903296
1323170508356157442
1323170529243762688
1323170539712716805
1323170559547613186
1323170566334021632
1323170568426921984
1323170575179784192
1323170577276874753
1323170585963339776
1323170595270479873
1323170622441201666
1323170652459851777
1323170666301054976
1323170716297105416
1323170735020511235
1323170736144605192
1323170772693778433
1323170959998726144
1323170970836721667
1323170996539564037
1323171016181534720
1323171095567093760
1323171107696988176
1323171200240156678
1323171202068815872
1323171227725430784
1323171230959259648
1323171234784419840
1323171244787830784
1323171263217602560
1323171271652397057
1323171272466071555
1323171289406857216
1323171301364826112
1323171312219705344
1323171347061743618
1323171361729073152
1323171366053531648
1323171413122076674
1323171446143766529
1323171469233426433
1323171510803222528
1323171521930682374
1323171564171513856
1323171599214891013
1323171612175327232
1323171617640468480
1323171643615809537
1323171693288894466
1323171694752768002
1323171722640707584
1323171739510181891
1323171745378029568
1323171779171549186
1323171797160890369
1323171802605146114
1323171803259408387
1323171808875524097
1323171821575933953
1323171838185349120
1323171847924600833
1323171858921988096
1323171864391389186
1323171871932690436
1323171874013065221
1323171886092722176
1323171918426607617
1323171922637709312
1323171928996282368
1323171929386344448
1323171943261102080
1323171963586699269
1323171974034718721
1323172008566444032
1323172008985874432
1323172010248327184
1323172012970418178
1323172018267824141
1323172027042320386
1323172117442154497
1323172120810164227
1323172130624835584
1323172141852958721
1323172194772541441
1323172201768562689
1323172208764735489
1323172227232223232
1323172231460118528
1323172236279353345
1323172236715544576
1323172240804950017
1323172252544831489
1323172267707244551
1323172288401969152
1323172292462022656
1323172323894218754
1323172347709399041
1323172355267567616
1323172359990370307
1323172373852573696
1323172381473591296
1323172382392131585
1323172387672727556
1323172397386780673
1323172466399809536
1323172467691630594
1323172473563680768
1323172487811784704
1323172500524576768
1323172509731024897
1323172509789933571
1323172510112878592
1323172528471318528
1323172572373094400
1323172575531380736
1323172586348597248
1323172600105893888
1323172602278543360
1323172602672721920
1323172620687343617
1323172631005331456
1323172633563811840
1323172650496204801
1323172665054691328
1323172677851484160
1323172694351859714
1323172696558129152
1323172702061023232
1323172705588416514
1323172727444901890
1323172737452572672
1323172783598280704
1323172787398299649
1323172800027365376
1323172827789512705
1323172849205563393
1323172854150635525
1323172854159036419
1323172862388260865
1323172864682590210
1323172876221091848
1323172876795604992
1323172879702192128
1323172882688712704
1323172916838735873
1323172924300447745
1323172937533394944
1323172948266700807
1323172964385345537
1323172996278755329
1323172996564004864
1323172999592210433
1323172999596445696
1323173000028557313
1323173003451109380
1323173004784881664
1323173007632736258
1323173049202548748
1323173058430013443
1323173076054511623
1323173082106859521
1323173087232303104
1323173088696160256
1323173097449660416
1323173098359836675
1323173111794180098
1323173112217849862
1323173114440830977
1323173143217868801
1323173202953207823
1323173218048446465
1323173230388088833
1323173236780208142
1323173246569775104
1323173256107610119
1323173277452378118
1323173298226843648
1323173306330218497
1323173312378404864
1323173335287681024
1323173352849264640
1323173391273218048
1323173391839408128
1323173395740188672
1323173397807902736
1323173444821942275
1323173479278088193
1323173504838180865
1323173517706383360
1323173542494670849
1323173560601485312
1323173577194115072
1323173583309471744
1323173600451567616
1323173611746844672
1323173625852162048
1323173628964384769
1323173629396439040
1323173643313176576
1323173647352320000
1323173658039357440
1323173676573990913
1323173678025244672
1323173678792773633
1323173744920137728
1323173746815967232
1323173750469201923
1323173754298617856
1323173756718768129
1323173760229429249
1323173768013950978
1323173791535665153
1323173846451716097
1323173879200817154
1323173886138068992
1323173886578622464
1323173949635743744
1323173964009611264
1323173977397878784
1323173978068918272
1323173989217374212
1323173999652806658
1323174018489438208
1323174073531273216
1323174114551570432
1323174131907657730
1323174148403793920
1323174158583369728
1323174171963232256
1323174191600984064
1323174217664311296
1323174235712442368
1323174242184253440
1323174257455697925
1323174261700382720
1323174262040076289
1323174299751059458
1323174338607124481
1323174338963623941
1323174378557886465
1323174378679508994
1323174386065723397
1323174391631564800
1323174415459356672
1323174431372517377
1323174441443041280
1323174449202536449
1323174455674372099
1323174461848326144
1323174482706649088
1323174485655199744
1323174487660134400
1323174509831245824
1323174516797788161
1323174517884162049
1323174518500790272
1323174518932742145
1323174520753061888
1323174521017311237
1323174524137873408
1323174558720004096
1323174566718558208
1323174594333859841
1323174601405419520
1323174621768798210
1323174629654056960
1323174629884743680
1323174650696896512
1323174650814386181
1323174652064133120
1323174653372866564
1323174656275218433
1323174657281847303
1323174658305269760
1323174659106492416
1323174725594599424
1323174772092657664
1323174796482519040
1323174803910656002
1323174837049872385
1323174870386094080
1323174874270126080
1323174879080886272
1323174881127747593
1323174884223053824
1323174901491052544
1323174915688771585
1323174942574346240
1323174955513774085
1323174960815329280
1323174969363353601
1323174976623661056
1323174984601227264
1323174995128946691
1323175023117520896
1323175024635879425
1323175046798598146
1323175099227426825
1323175099911016448
1323175148585918464
1323175185936224256
1323175188247269377
1323175190671597568
1323175222045003776
1323175236930514944
1323175254693478402
1323175270237396992
1323175273509101569
1323175294975545359
1323175299668955136
1323175301120200705
1323175322574008322
1323175330258030592
1323175337778417683
1323175354404655104
1323175365561536516
1323175374411436038
1323175374633795585
1323175388382638081
1323175389171228673
1323175396997701632
1323175398637735937
1323175399644422144
1323175404493017088
1323175415322681344
1323175419953221632
1323175430082514945
1323175441432223744
1323175445857271809
1323175449942544384
1323175457769009153
1323175467231358979
1323175476244959232
1323175479776563202
1323175486768451586
1323175505911336960
1323175508448862209
1323175512383000578
1323175512542343173
1323175512613752833
1323175520310349825
1323175531383267328
1323175560776945664
1323175563641655296
1323175564119859206
1323175567500447744
1323175573183729673
1323175598076923904
1323175599733657606
1323175602652876800
1323175605660274689
1323175608956919808
1323175609200246789
1323175656868511745
1323175657480880132
1323175659259265025
1323175659854794752
1323175660794351616
1323175682088861696
1323175682864746496
1323175712988319744
1323175722442260488
1323175730692411392
1323175731732635648
1323175741715025920
1323175774329868288
1323175789865672704
1323175797285412864
1323175804524728321
1323175821109010432
1323175823193628672
1323175827975081991
1323175859692384256
1323175863672819712
1323175900066779136
1323175901111209986
1323175901555818498
1323175906278576131
1323175908765798400
1323175919855509504
1323175928864886784
1323175930899107846
1323175931389878281
1323175951958708225
1323175959835660288
1323175963962867712
1323175999161458688
1323176000264568834
1323176009429143562
1323176025178689536
1323176026151755776
1323176031235297281
1323176032812339200
1323176036331343875
1323176038181064704
1323176070728896518
1323176071341264896
1323176102056071168
1323176106476900354
1323176117143015427
1323176117302382595
1323176119202418689
1323176144028520448
1323176166732320768
1323176168393199618
1323176177977143296
1323176192405483520
1323176204170633217
1323176205244391427
1323176215436558336
1323176222260604929
1323176228854050816
1323176232914198531
1323176235778932736
1323176250899341312
1323176256599449600
1323176270054805511
1323176291235975178
1323176293198954496
1323176305802780672
1323176359028527104
1323176371741483009
1323176378079072270
1323176404331171843
1323176411239243777
1323176419242004480
1323176424157622272
1323176455010951169
1323176455342379009
1323176463718354949
1323176494949085184
1323176510954573824
1323176566428475392
1323176584669442048
1323176621793312775
1323176635508707333
1323176650318729217
1323176682518466561
1323176683743121409
1323176706312753157
1323176721491890196
1323176727078703104
1323176734867496960
1323176738751500288
1323176753578319875
1323176759836237825
1323176770884030464
1323176795772985345
1323176817344286720
1323176834796785665
1323176837351170048
1323176838206787585
1323176839477710856
1323176848055017473
1323176864773451776
1323176876031049729
1323176887380828165
1323176891168284672
1323176897992368129
1323176902417371136
1323176924022214656
1323176931702046720
1323176952614789121
1323176963947847680
1323177001100976128
1323177004087365634
1323177009367973888
1323177028162564098
1323177032470114305
1323177038933565440
1323177052007223297
1323177063835181056
1323177088069689344
1323177089118334977
1323177100417925120
1323177103026724865
1323177104868024325
1323177109653737475
1323177120810573826
1323177137004781569
1323177159242952713
1323177171733663755
1323177178821963776
1323177184874450951
1323177203035721730
1323177208161144836
1323177215450849280
1323177223604572160
1323177226892988420
1323177249064034304
1323177254000730114
1323177256462753794
1323177259163881472
1323177316072280066
1323177330282536961
1323177331624710161
1323177345449140224
1323177361718784000
1323177368584921089
1323177372535934976
1323177386125545472
1323177389866786816
1323177390483398657
1323177403666104320
1323177404945387523
1323177415644979201
1323177421663776770
1323177463845933056
1323177469206298626
1323177527305785346
1323177527452569600
1323177535765557249
1323177542824660993
1323177544229801985
1323177568095346691
1323177577532563456
1323177587775078400
1323177603491090434
1323177615084130304
1323177615805599754
1323177621564305408
1323177651650076672
1323177661083123713
1323177691017891841
1323177697305075713
1323177698332712961
1323177734537924610
1323177734651207681
1323177748286873600
1323177749633224704
1323177755236880385
1323177799893635072
1323177817115365378
1323177823910191104
1323177827525689344
1323177841069072384
1323177846114832384
1323177849570889736
1323177862837522437
1323177901953634304
1323177959398756354
1323177969783898112
1323178034816520194
1323178039673556994
1323178054278139904
1323178077090926597
1323178083369783296
1323178098414645249
1323178153339215878
1323178167868284929
1323178169537564673
1323178176852512769
1323178182934233089
1323178185559859200
1323178260407209984
1323178276634939392
1323178277662580736
1323178280682508288
1323178281634594816
1323178303407247362
1323178318255054849
1323178319316242433
1323178324064088075
1323178451776536577
1323178464262950913
1323178472047546378
1323178494659076097
1323178517891371008
1323178522958061568
1323178538896396293
1323178544772509697
1323178548899753985
1323178553161224192
1323178576670302209
1323178577957916672
1323178592495390720
1323178600070336512
1323178612221186049
1323178614741979138
1323178617959043072
1323178627224293376
1323178627803062273
1323178642625744896
1323178657683308545
1323178682236751873
1323178683880951808
1323178721570967559
1323178725270343681
1323178728789364736
1323178731427561472
1323178768798724097
1323178780832239621
1323178783055241216
1323178794526646272
1323178795516481537
1323178809160617990
1323178809508696068
1323178855167938562
1323178867843043328
1323178880841224192
1323178888411992064
1323178889145888769
1323178903087783936
1323178909400268803
1323178935841075201
1323178942082277381
1323178948440838146
1323178962835701763
1323178967214546944
1323178969802440704
1323178972260245507
1323178982230183941
1323178996188782592
1323178998248165377
1323179025112641536
1323179032855384066
1323179042195922946
1323179062844706818
1323179075754774531
1323179091793711104
1323179104267632645
1323179106570260481
1323179115604750337
1323179134269489153
1323179141181640705
1323179145946406912
1323179191106416645
1323179194512232448
1323179215496400898
1323179218533076996
1323179218751152130
1323179237885550592
1323179287235747840
1323179300212846593
1323179303656398848
1323179306093338626
1323179313957666816
1323179317665402882
1323179337554776064
1323179340251701248
1323179369276256257
1323179380051509249
1323179473903247364
1323179481134235648
1323179527787454465
1323179545894289413
1323179548335312896
1323179576378462208
1323179605172375552
1323179609484070912
1323179617348452353
1323179621681139712
1323179622746542080
1323179633811009536
1323179656829456386
1323179657609515013
1323179669341032448
1323179688089571328
1323179699716149248
1323179707937021952
1323179717147660288
1323179721451053056
1323179729604759553
1323179740790927360
1323179756792197122
1323179757333348354
1323179764954312705
1323179765168295938
1323179771623333890
1323179774223810562
1323179779927977994
1323179787544940545
1323179788207534080
1323179791730810880
1323179800501112833
1323179807685922818
1323179813604151296
1323179815827054592
1323179831987740672
1323179856272777216
1323179884416479233
1323179900359086083
1323179908135329792
1323179912505774080
1323179927622062080
1323179944168534017
1323179970324242432
1323179973012819968
1323179977618194432
1323179993086808066
1323179998191210496
1323180016742600705
1323180028104986624
1323180036174864385
1323180054084382722
1323180104973983746
1323180110569230342
1323180156354203648
1323180161207029762
1323180209621864448
1323180219067441152
1323180221160394752
1323180283710087168
1323180287048753159
1323180331000827904
1323180346444292101
1323180351909437440
1323180356988669953
1323180360050593793
1323180414660452352
1323180427411103745
1323180433933324288
1323180434373648384
1323180438777712640
1323180455257137154
1323180462920081408
1323180487108710402
1323180513071403008
1323180521430622210
1323180524857368576
1323180530771333120
1323180543354281984
1323180545451401218
1323180546101551110
1323180555605692416
1323180556654415872
1323180610777657351
1323180614208655360
1323180624677642240
1323180635549216770
1323180680927469579
1323180684496818177
1323180698078007296
1323180703295721472
1323180703836753920
1323180716943790082
1323180734190964737
1323180739555450885
1323180808291655680
1323180817347129345
1323180845977554946
1323180858711355394
1323180885303283714
1323180914772496389
1323180924259995649
1323180929981009934
1323180948117213184
1323180968920887296
1323180998578810880
1323181017033789440
1323181026810732547
1323181038634471424
1323181089356189696
1323181112202592260
1323181113045635073
1323181114647846914
1323181120998068230
1323181139582857216
1323181164010622976
1323181186081034242
1323181191823065089
1323181257342275584
1323181269153439758
1323181305698357248
1323181307430686728
1323181311239036928
1323181322249134080
1323181344000667648
1323181360568295426
1323181380017291264
1323181380885532674
1323181412061712384
1323181413022142464
1323181417719881730
1323181427840700416
1323181442210422785
1323181443871367169
1323181453870534657
1323181467216826369
1323181496782508032
1323181502612545542
1323181515744956417
1323181522116071426
1323181599081508864
1323181630589145088
1323181666991546369
1323181668509863942
1323181690999644160
1323181718145323008
1323181727586619392
1323181734201012224
1323181755562659841
1323181756493811712
1323181782200733696
1323181797245636608
1323181808792571904
1323181815771865091
1323181823128674305
1323181840182792194
1323181844037251072
1323181860210487296
1323181863813419017
1323181897862860806
1323181899519590400
1323181910600896514
1323181942712504320
1323181946650976259
1323181983703441416
1323181992389857280
1323182019178876929
1323182033582104576
1323182035738001408
1323182057804058627
1323182064930312192
1323182071473385474
1323182072542973952
1323182083766968320
1323182089785790464
1323182098568650752
1323182123906486273
1323182174993043456
1323182219544985600
1323182225974767616
1323182258040295429
1323182261454491648
1323182281075396610
1323182307373711360
1323182313627389952
1323182322225565696
1323182328022212608
1323182351497789440
1323182374579032066
1323182381398921216
1323182421714575366
1323182431348748288
1323182465788317696
1323182482934693920
1323182524932235264
1323182526538670080
1323182570956312577
1323182583853780992
1323182602078035968
1323182625541029888
1323182626350522369
1323182654108454913
1323182659938488320
1323182669878992898
1323182672508788745
1323182680196960258
1323182711322955778
1323182731027718144
1323182741450575878
1323182748270559235
1323182749306527744
1323182752242552832
1323182754964582402
1323182772526092288
1323182780679901185
1323182783074836480
1323182783162769408
1323182829522608133
1323182876922384384
1323182903224918019
1323182912611692544
1323182925286936578
1323182937442033665
1323182943335010305
1323182947629998080
1323182958782648325
1323182991720546305
1323182998183989249
1323183008573091846
1323183044400996352
1323183048612106240
1323183054588940288
1323183056006643713
1323183062222397440
1323183073828233217
1323183081042358272
1323183094258671617
1323183099744817156
1323183102240432128
1323183109798567939
1323183110645796868
1323183111832821760
1323183130438782976
1323183145886384134
1323183152995684352
1323183153163489280
1323183160797077510
1323183173363224576
1323183187225358337
1323183212856750080
1323183217055354880
1323183221085974528
1323183224646967297
1323183234134482945
1323183237087301632
1323183245127753729
1323183247589859330
1323183276069191680
1323183288555577346
1323183298567376897
1323183308121931776
1323183308449132545
1323183314551951360
1323183355802865665
1323183358818553863
1323183360412442624
1323183366317895681
1323183416733585409
1323183454431907842
1323183467455254529
1323183494978306049
1323183527337275398
1323183555124568071
1323183563685199873
1323183591283720193
1323183592529420289
1323183634275356678
1323183664365187073
1323183665501904896
1323183673810788353
1323183681238872064
1323183683004735488
1323183695868682240
1323183716777238528
1323183737337761792
1323183738835140609
1323183744677826560
1323183815775428608
1323183841083871232
1323183844372193280
1323183854337875968
1323183878161444865
1323183912877740033
1323183927482306560
1323183958465646595
1323183960688627712
1323183975968481282
1323183988345917452
1323183992233992192
1323184002275123200
1323184025675145216
1323184029915582464
1323184031912124425
1323184043370946561
1323184073989378048
1323184103110443011
1323184103357878277
1323184114439258113
1323184141106634752
1323184144462028801
1323184145749729280
1323184154603888640
1323184157699284994
1323184175462178817
1323184177022291968
1323184196555333632
1323184198597943297
1323184227693793280
1323184248115834881
1323184249579708418
1323184257641099265
1323184271335526402
1323184288771297280
1323184297977794560
1323184317753921537
1323184318416564224
1323184320413007872
1323184320421482496
1323184323311374342
1323184329825144832
1323184331397996544
1323184339073572865
1323184356551176192
1323184358107369472
1323184360368066564
1323184377979953152
1323184383470243841
1323184401795133440
1323184418199080960
1323184443767619585
1323184493340041217
1323184505394548737
1323184517549641740
1323184521991389188
1323184544342835202
1323184553612189696
1323184582825517058
1323184583484071948
1323184591516114945
1323184609354461185
1323184655387021312
1323184673472815104
1323184706310021120
1323184783476826113
1323184793572573184
1323184797754281984
1323184811528376321
1323184868096937984
1323184900036562944
1323184933758783490
1323184944512962563
1323184957238452231
1323184966210117632
1323184996669161472
1323185020677300224
1323185027526643713
1323185040268939264
1323185060967833600
1323185093595308033
1323185112134156288
1323185135248879624
1323185163870916609
1323185179008053249
1323185179104546821
1323185184397811712
1323185187174440962
1323185223790665728
1323185233873801217
1323185235065004032
1323185255717756929
1323185260859895808
1323185278568247296
1323185281730859014
1323185289955868672
1323185299510493185
1323185310226931713
1323185311451652096
1323185331684937730
1323185335434620928
1323185340966969344
1323185348441198593
1323185350320267264
1323185358796935168
1323185377889439744
1323185395723575296
1323185396902252545
1323185399741747200
1323185405143908352
1323185411250900997
1323185449725288449
1323185452908793857
1323185481857859584
1323185505052360705
1323185506939711489
1323185508856582144
1323185541253373952
1323185557892157442
1323185568046587905
1323185578775441408
1323185578788102144
1323185578800746496
1323185591488598016
1323185595473080320
1323185666445004801
1323185687689109507
1323185739002163200
1323185742424715264
1323185776876802048
1323185795562393602
1323185805473570816
1323185826365399042
1323185835223719939
1323185887061155841
1323185887384133632
1323185904010276870
1323185933043322880
1323185937220849664
1323185963238072320
1323185976756314112
1323186001980903430
1323186015738187780
1323186046620848128
1323186059765841920
1323186065067380737
1323186067160338432
1323186079143464960
1323186124521639938
1323186126014894080
1323186138891325440
1323186148773109760
1323186199616520196
1323186242134171650
1323186248392081409
1323186270600863746
1323186273075560449
1323186292532936705
1323186341375598593
1323186347545370629
1323186379808006145
1323186380797825024
1323186406185984001
1323186408685789184
1323186414331351041
1323186414746554370
1323186423353221120
1323186441632055296
1323186442273771520
1323186453648650240
1323186484707557376
1323186485730942976
1323186498477395969
1323186502986289153
1323186523207094272
1323186525182566400
1323186527992750080
1323186542731513857
1323186549358534656
1323186555129942016
1323186576344653824
1323186583227518977
1323186589787430915
1323186593457385472
1323186645861126144
1323186708960235520
1323186715117445123
1323186726022557696
1323186745060544513
1323186822856495104
1323186835305205761
1323186850614435854
1323186857933459458
1323186871678193664
1323186876552011777
1323186880251334656
1323186900451139584
1323186920294354945
1323186921049362433
1323186934362025985
1323186984580534273
1323186997373116417
1323187004637675527
1323187030491340801
1323187035172184066
1323187042541621250
1323187045494366212
1323187071415164929
1323187092755763200
1323187107121287168
1323187132941373441
1323187149152395264
1323187163253669893
1323187170786660353
1323187185286291457
1323187189153472512
1323187241183825921
1323187271751839752
1323187280467660801
1323187281247784960
1323187287807635456
1323187290815029248
1323187296909348866
1323187327997517825
1323187330086305800
1323187348994220033
1323187367528857600
1323187376311750657
1323187383102279680
1323187383425224705
1323187389049806848
1323187396914151431
1323187409857687552
1323187416786751488
1323187440216088579
1323187449124790273
1323187449154039808
1323187506473586692
1323187515004735490
1323187542779416576
1323187548491972608
1323187560622018560
1323187562668826624
1323187572374470658
1323187591932481541
1323187592859426816
1323187612245467137
1323187618310426624
1323187626032201728
1323187634861125633
1323187680734257152
1323187703341588481
1323187710853582849
1323187725453852672
1323187735688077312
1323187740217765888
1323187778251796480
1323187779392753665
1323187813626597376
1323187837387350016
1323187842865156096
1323187882295730176
1323187904932388864
1323187950453059584
1323187955171790849
1323187957625458688
1323187960624369664
1323187964445339649
1323187966056030208
1323187984347418624
1323187987883151362
1323188003762819072
1323188004559724544
1323188007319576576
1323188010544992256
1323188025799696384
1323188044619546626
1323188047886897153
1323188067319119873
1323188076064231426
1323188083899224064
1323188095475331072
1323188096268005376
1323188097723428865
1323188097836789760
1323188097866113025
1323188098264518656
1323188098885472257
1323188100311392256
1323188101187948544
1323188116094701572
1323188117923385344
1323188152924884998
1323188166665359362
1323188176421343238
1323188184033992706
1323188205341020167
1323188211422760960
1323188219521818624
1323188247225356289
1323188257472073729
1323188262958256131
1323188272844210176
1323188274849001473
1323188277004914689
1323188288635740160
1323188292439990272
1323188320562794497
1323188334915657734
1323188346965938177
1323188354293338112
1323188356507934722
1323188402045550594
1323188411927269382
1323188464897187840
1323188467703185408
1323188483268239360
1323188563316477952
1323188569100460032
1323188576113303552
1323188596036218880
1323188598880014336
1323188610498203648
1323188619763421184
1323188633160028160
1323188646229479426
1323188657172480011
1323188673828052992
1323188680639631362
1323188684859072512
1323188715834015744
1323188727141830666
1323188731982061577
1323188732221075456
1323188748289495040
1323188749300342784
1323188782317920256
1323188791528574976
1323188806686855168
1323188808565903361
1323188813796171778
1323188817231302656
1323188828354547712
1323188838307635201
1323188878010929161
1323188887154548736
1323188902019141632
1323188918527922180
1323188920746680320
1323188930578206720
1323188933690351617
1323188945342128130
1323188969580990464
1323188978217111552
1323188985745866752
1323188987041861637
1323189030624874496
1323189044927438855
1323189059922071552
1323189100598513666
1323189102234243078
1323189132802347008
1323189144345059330
1323189176083357696
1323189186489438208
1323189210048770048
1323189211676233739
1323189237425078272
1323189244584747008
1323189250209308672
1323189292542414850
1323189296917028866
1323189308262621185
1323189316579954690
1323189347768770563
1323189353494028290
1323189353586270209
1323189371902828545
1323189427611512839
1323189455516258304
1323189469877587969
1323189487858536450
1323189502337310720
1323189514165198850
1323189526597144576
1323189530694979584
1323189533593264128
1323189537049350144
1323189551565856768
1323189568091394048
1323189569504923648
1323189574437359616
1323189593135599616
1323189594460954624
1323189596356780032
1323189605382844421
1323189624978767872
1323189630464917519
1323189648936620034
1323189654754123777
1323189660168970244
1323189674551201794
1323189687436062722
1323189698068664321
1323189707518431233
1323189735674777601
1323189741156618243
1323189780910383104
1323189808987078656
1323189814506737670
1323189815471427584
1323189833980956672
1323189835360833543
1323189837999022081
1323189862732865541
1323189904176795649
1323189924955389953
1323189925886500876
1323189943435513858
1323189953745084416
1323189955175325697
1323189982903836672
1323190026797228032
1323190047240261632
1323190048674717696
1323190060959830016
1323190066026565632
1323190069826592769
1323190091066605568
1323190100331765760
1323190100637945857
1323190103389425664
1323190108799918080
1323190108934361088
1323190111039873024
1323190112499437570
1323190119701110791
1323190121940819969
1323190127817039872
1323190141549240322
1323190141645737984
1323190156271210496
1323190165553225729
1323190183332818944
1323190183802621953
1323190207747919872
1323190228786577408
1323190239867928576
1323190243441467392
1323190271161630724
1323190282721120257
1323190297459859457
1323190316917268480
1323190322193702913
1323190323380686848
1323190331282657280
1323190338098483200
1323190357174222848
1323190360844230657
1323190369367003137
1323190399712845826
1323190402065829888
1323190408743211008
1323190410282442754
1323190431438483458
1323190432671649802
1323190457048977409
1323190486442610693
1323190515056156674
1323190534668693510
1323190611864821760
1323190611973828608
1323190611999162369
1323190624959504385
1323190625894805504
1323190634870722560
1323190652092428288
1323190689174220801
1323190697953034240
1323190703569182721
1323190759135367169
1323190763220553728
1323190770682179584
1323190778554949634
1323190790710042625
1323190811702550529
1323190844418068481
1323190874831048704
1323190883437740034
1323190888475074562
1323190896310030336
1323190937250615296
1323190941482704896
1323190995970887680
1323191018758557696
1323191022361391104
1323191033883144194
1323191033895784448
1323191059762040832
1323191069656391681
1323191072147865603
1323191076291780608
1323191078024028161
1323191078602919939
1323191080700043265
1323191125201530880
1323191134861037569
1323191147607588867
1323191148127547392
1323191156885381120
1323191160832184321
1323191173046018049
1323191190834057216
1323191207611301889
1323191230390509568
1323191256986636288
1323191279585533954
1323191289509281792
1323191290838814723
1323191305594376193
1323191339442442240
1323191373068161027
1323191382102724612
1323191417909481473
1323191417938845696
1323191430551085056
1323191439086571521
1323191449320624128
1323191464667582465
1323191472812969984
1323191491540471808
1323191547320537105
1323191553586769920
1323191570850566146
1323191572012421120
1323191593483051008
1323191618426576897
1323191635522584576
1323191685472538624
1323191714841042944
1323191771367616513
1323191772458213376
1323191787423498240
1323191801654726656
1323191812778020864
1323191822676643840
1323191827600711680
1323191841668386818
1323191844650520579
1323191852204515329
1323191863759851520
1323191864602824706
1323191870554624001
1323191870613200898
1323191881308712960
1323191901080686592
1323191902812864513
1323191907271454727
1323191924476514304
1323191950615478274
1323191954281275394
1323191964649562114
1323191971926679552
1323192008408768512
1323192013219573761
1323192022216417280
1323192024158343168
1323192047231242257
1323192060246110210
1323192070467653633
1323192082899603456
1323192091166597120
1323192123387248640
1323192160666136577
1323192176558354432
1323192195638300672
1323192199081828352
1323192241846890497
1323192253096054793
1323192256371793920
1323192261723754496
1323192312005038080
1323192312462270464
1323192333672861696
1323192359014850560
1323192373648584705
1323192394989379589
1323192415885414405
1323192443911704577
1323192446336061442
1323192455722840064
1323192498508963841
1323192506373312517
1323192511356129280
1323192531912372224
1323192561029271552
1323192564707721217
1323192569766023169
1323192570319613953
1323192580826419200
1323192616616415233
1323192618835214343
1323192648144998401
1323192650028167168
1323192660308434944
1323192705216847872
1323192707892826112
1323192725294981120
1323192753803665410
1323192802096893953
1323192827715735557
1323192876256366593
1323192886125596672
1323192901212557313
1323192919684227073
1323192922985168897
1323192932929835008
1323192933013704704
1323192934431338497
1323192984272338945
1323193059568427010
1323193061090959360
1323193096528691207
1323193096612577292
1323193121174396929
1323193128472334336
1323193128535220225
1323193128661245952
1323193147883692032
1323193151855697921
1323193165755617280
1323193195946192897
1323193199402405895
1323193205735772169
1323193208176869377
1323193214245941248
1323193219597946880
1323193252644818950
1323193253026549761
1323193259536142338
1323193292562071552
1323193311033774081
1323193321615888384
1323193323264352256
1323193356953001984
1323193358756569088
1323193368701243393
1323193373168144384
1323193410170269699
1323193426662334469
1323193426859319297
1323193427106930703
1323193432693788673
1323193443028328448
1323193479472754688
1323193519616348160
1323193549186310153
1323193553795899394
1323193591603306496
1323193592660299777
1323193604194635776
1323193607839485953
1323193615619948545
1323193627741282304
1323193631621193732
1323193631797399553
1323193659471339521
1323193661111390213
1323193677309743112
1323193682158325760
1323193683517333505
1323193716283219985
1323193732389363713
1323193749304954881
1323193767407415296
1323193768418320384
1323193794272071680
1323193803449290753
1323193806120980480
1323193807974899713
1323193810663464961
1323193833337823232
1323193834780712960
1323193876635635717
1323193898626330624
1323193914032033798
1323193921007165440
1323193957615079424
1323193973930938368
1323193987872772099
1323194055115812864
1323194056013479936
1323194078885040132
1323194103870464002
1323194109948026880
1323194129539600390
1323194144064495617
1323194147730124800
1323194182140338176
1323194187655905280
1323194188263993344
1323194228189634561
1323194248804655104
1323194260586450944
1323194263656517632
1323194267607670785
1323194295751450624
1323194307197702149
1323194330341904385
1323194335580573697
1323194344967409673
1323194345621803008
1323194355033755651
1323194359689420801
1323194394191810560
1323194395273953280
1323194407533879299
1323194412667719681
1323194466166079490
1323194482825842688
1323194491394809856
1323194494695673859
1323194520662663168
1323194558860173314
1323194567953424384
1323194576727932930
1323194581014532097
1323194582822199296
1323194585762455560
1323194597036740611
1323194604913594371
1323194623951589376
1323194645325713408
1323194651080298496
1323194653299118080
1323194662933286912
1323194718440902658
1323194720030437378
1323194723734085633
1323194737634009092
1323194742730117120
1323194754797064193
1323194758668439557
1323194769741352965
1323194773184925696
1323194788246638597
1323194789039321088
1323194803606216704
1323194805346861056
1323194807196491776
1323194814284922881
1323194837634568202
1323194840558043139
1323194845066940416
1323194846845296641
1323194890684190720
1323194904860831745
1323194920291717120
1323194933696778240
1323194934682390528
1323194936142024704
1323194956253745152
1323194968576503809
1323194973651652609
1323194975971123200
1323194984326139909
1323194989887823873
1323194994870636544
1323195032581689344
1323195043465863168
1323195052097703936
1323195054324928512
1323195061253885953
1323195078379294722
1323195094397296641
1323195120263507968
1323195126190084096
1323195127196770304
1323195134574473216
1323195135811792898
1323195136222859264
1323195202727759873
1323195203323367424
1323195255915765760
1323195266749648896
1323195329823559685
1323195331455188992
1323195343555776512
1323195346302939136
1323195366607671297
1323195369761759232
1323195394210336769
1323195404612063234
1323195413818650625
1323195471448465414
1323195474136961032
1323195475214958592
1323195476632576002
1323195490964561920
1323195532718858240
1323195566122242049
1323195577534976000
1323195621558407168
1323195635814813700
1323195642886426624
1323195644937412608
1323195645063098369
1323195647424647169
1323195651556102145
1323195658644369408
1323195670254288897
1323195674461151233
1323195678789689344
1323195687459266561
1323195692546953217
1323195694379839488
1323195717180116993
1323195728882208769
1323195749820178432
1323195766610022401
1323195789619859456
1323195791595524096
1323195792480456705
1323195793088507906
1323195795173187585
1323195796406165505
1323195799472279553
1323195802697826305
1323195810344062976
1323195815968542722
1323195827578351617
1323195849925627907
1323195856552632320
1323195870108635136
1323195901767200768
1323195943500611584
1323195946600202240
1323195972550361091
1323195983317008384
1323196002069864448
1323196024312209408
1323196052044980224
1323196076577402882
1323196077944745989
1323196091102351366
1323196094248030210
1323196098685607936
1323196137159929868
1323196153056366599
1323196165643476992
1323196183397994508
1323196200489783297
1323196214372950022
1323196218357501954
1323196228641951745
1323196235914817540
1323196249881927682
1323196251320602624
1323196290637942789
1323196302662930432
1323196308140810242
1323196309390712832
1323196366865260544
1323196386167455744
1323196436486496257
1323196460083613698
1323196464735133698
1323196484590968834
1323196486423904256
1323196496381181954
1323196500256587778
1323196500973944832
1323196536172531715
1323196541419556864
1323196567994560513
1323196572059000832
1323196587103977472
1323196589045940224
1323196623997018113
1323196629667794944
1323196634738675720
1323196637385265152
1323196638563880965
1323196641306906633
1323196656783949825
1323196661133430784
1323196664140607489
1323196670973251584
1323196684982255616
1323196694788493312
1323196695778336768
1323196732616941569
1323196734856716290
1323196757371703306
1323196761133953025
1323196823964545025
1323196834924224515
1323196842348339204
1323196894814916608
1323196903492743173
1323196905405427713
1323196914666536960
1323196929325568003
1323196932848783360
1323196952549445632
1323196998242209792
1323197001924808706
1323197010133078016
1323197027644284930
1323197037937086480
1323197049769218048
1323197053019840512
1323197086716829696
1323197090265268226
1323197094086193153
1323197094526652436
1323197098356019206
1323197102013489153
1323197103645036544
1323197104299384832
1323197114034327552
1323197114478977025
1323197131780444160
1323197135697956865
1323197166173802496
1323197167025225733
1323197167671119872
1323197180950269955
1323197183747715072
1323197203075256324
1323197212512407552
1323197216526401538
1323197226567540736
1323197235669118984
1323197247316725765
1323197263569629184
1323197312202661888
1323197313590923269
1323197322411581440
1323197324466806785
1323197359757602818
1323197361892564993
1323197371543625730
1323197384122343424
1323197393089736704
1323197406620639235
1323197431262175232
1323197435422846976
1323197438254080000
1323197475574976512
1323197479463038976
1323197486324920320
1323197530386108416
1323197587210620936
1323197588565303296
1323197595192348672
1323197607540367362
1323197609633320960
1323197627534553089
1323197628906090506
1323197657590960129
1323197661961457666
1323197664712904708
1323197686502379527
1323197750981308420
1323197767133646855
1323197769054670850
1323197882334384128
1323197927469318144
1323197952073048065
1323197963070484480
1323197982574071808
1323197990648119296
1323198007656013824
1323198028195549185
1323198032607911937
1323198098571698177
1323198107845353476
1323198110445821953
1323198111993520128
1323198113901936641
1323198121740939264
1323198132642000897
1323198148366520321
1323198161528131585
1323198161611972608
1323198164426543104
1323198186392031232
1323198190699630593
1323198206918955008
1323198213441130497
1323198226959376384
1323198238149804038
1323198240871821313
1323198248438407168
1323198253303844866
1323198253459034113
1323198277844697092
1323198287734804481
1323198289475416064
1323198290305994752
1323198297826332673
1323198302112878593
1323198302993743872
1323198305619320833
1323198307741696001
1323198313546555392
1323198314364522501
1323198323914870784
1323198333972848640
1323198349286252547
1323198365174255617
1323198365996384256
1323198387420880897
1323198401035542530
1323198401312395276
1323198424259481600
1323198435449864194
1323198442060029967
1323198444798910464
1323198453225267200
1323198471910924296
1323198520761982976
1323198521307267072
1323198531298013185
1323198539548270592
1323198568707117056
1323198573215965184
1323198580992155655
1323198587598217218
1323198601766621196
1323198604237033472
1323198609228222469
1323198633186070528
1323198649753624577
1323198664911716358
1323198667692646400
1323198675548602371
1323198679063449601
1323198712290643969
1323198718955446284
1323198719949479936
1323198722180894721
1323198724143796224
1323198753290047494
1323198760894255107
1323198761959653376
1323198773779177472
1323198779860856832
1323198789277147147
1323198798441652225
1323198809833353217
1323198820713455617
1323198829156585476
1323198869459619840
1323198873830129664
1323198890754138112
1323198893987909635
1323198912673566721
1323198914980360192
1323198915550863363
1323198919602507776
1323198941865926656
1323198957519052800
1323198963990827008
1323198968260710400
1323199002494513154
1323199053170180096
1323199061575520257
1323199080106020865
1323199102688047104
1323199103841521665
1323199118219595777
1323199142861176834
1323199168232349697
1323199173051748353
1323199179280257025
1323199191984807937
1323199207604424705
1323199214831230976
1323199215581995013
1323199241863442432
1323199278458830848
1323199279096320000
1323199309802885120
1323199325682413568
1323199352588902400
1323199369898790912
1323199388286701568
1323199419815251970
1323199419894788096
1323199420377178112
1323199435573235712
1323199495727927297
1323199520029724673
1323199534558859264
1323199553051496451
1323199562710921216
1323199568788574208
1323199642109120512
1323199646936797184
1323199649566674946
1323199662057279488
1323199666964541440
1323199670236098560
1323199681678237696
1323199688028422144
1323199740557860865
1323199755808313344
1323199776440070144
1323199787928297472
1323199819264000006
1323199822434832386
1323199823760281600
1323199824834035713
1323199869058768896
1323199884930011136
1323199913614823424
1323199915430940675
1323199937627250693
1323199954274406401
1323199957562773505
1323199995718356992
1323200010293489664
1323200012667572234
1323200044649095175
1323200045441863680
1323200046251331584
1323200053893365760
1323200059048140800
1323200098197774336
1323200104711491584
1323200111279833088
1323200134746918912
1323200149179539457
1323200180234133505
1323200197795729412
1323200200949829639
1323200227793358849
1323200257962909696
1323200367824351234
1323200370726916097
1323200370886270977
1323200377718738944
1323200397947928577
1323200422094536705
1323200427714846721
1323200442596315136
1323200446102753283
1323200459134423040
1323200466780594178
1323200492340654080
1323200502071496705
1323200505670258690
1323200511730999296
1323200515631710208
1323200523969900545
1323200559093002241
1323200566521155584
1323200581511634947
1323200583558455296
1323200585752104961
1323200604718555138
1323200609328259072
1323200609860964352
1323200622800310272
1323200637685899264
1323200638331879424
1323200664365924352
1323200678219575296
1323200678420885504
1323200685467443201
1323200726575833090
1323200746981122048
1323200772771848196
1323200787934306306
1323200799216992257
1323200820637323266
1323200821060882432
1323200835195731969
1323200836290465792
1323200869060497408
1323200875045806080
1323200910097555461
1323200931253653510
1323200932805513218
1323200949272432641
1323201007166332933
1323201024652357633
1323201028188180483
1323201052464873475
1323201057208569857
1323201057695141888
1323201063198089216
1323201103752761344
1323201129052856320
1323201156378742785
1323201168412155904
1323201178407227393
1323201180860878849
1323201199949123587
1323201231419068416
1323201268970639361
1323201289426264064
1323201290265071627
1323201293507330051
1323201297680617473
1323201329389514752
1323201329796403202
1323201335928520705
1323201356870680576
1323201376009277445
1323201381117894658
1323201393914716161
1323201403872071680
1323201426567385088
1323201452395945986
1323201483853205504
1323201489129689089
1323201507077095424
1323201519437709312
1323201520070963200
1323201520893120513
1323201521346105346
1323201583656673284
1323201591495872514
1323201597732802561
1323201597841776641
1323201609451687936
1323201618238672896
1323201635103969281
1323201674052292608
1323201676203991045
1323201685376872450
1323201726984392704
1323201729068965888
1323201771918004228
1323201796840587266
1323201814666293248
1323201841530896384
1323201851718774784
1323201887643066369
1323201900360118274
1323201905724694529
1323201943121108993
1323201950243004416
1323201950742159361
1323201962263891969
1323201968769257473
1323201969822093312
1323201983554211840
1323201990449631232
1323202004202737665
1323202007256150016
1323202017691652096
1323202062570737664
1323202062944002049
1323202085610020871
1323202091062611968
1323202111958622209
1323202120401735681
1323202148088295425
1323202183081480196
1323202219706036224
1323202241042567168
1323202272390795265
1323202278401167369
1323202283644092416
1323202296340205568
1323202297787199488
1323202299817283585
1323202302870781953
1323202314937815043
1323202316837834752
1323202348093759488
1323202353936453632
1323202361213521923
1323202400514150400
1323202417253634048
1323202440653656064
1323202457472827393
1323202463537745920
1323202466960334849
1323202491933229056
1323202520496427008
1323202520538382337
1323202530038501379
1323202548002656256
1323202612225867776
1323202623458152448
1323202632396267521
1323202646644297728
1323202667393486853
1323202680395833344
1323202689547726848
1323202693142401025
1323202698443812864
1323202701291712512
1323202715351158784
1323202715414073344
1323202723639107584
1323202742022668289
1323202760037335041
1323202760863612928
1323202818069725185
1323202849157877767
1323202856002985984
1323202861984030720
1323202943189921793
1323202964509593600
1323202968997502976
1323202975410606082
1323202991940345865
1323203007979393024
1323203011318063104
1323203016330280960
1323203022290358272
1323203046642487297
1323203053126709248
1323203061066698753
1323203074501058560
1323203114602811394
1323203145191870466
1323203182877696002
1323203194747572224
1323203196349685761
1323203196655964161
1323203197209464832
1323203197305933824
1323203197356236801
1323203198195167232
1323203198354599936
1323203199575220225
1323203200346968065
1323203200967651330
1323203208752357385
1323203217140944900
1323203225558933505
1323203247167987712
1323203252519866370
1323203282161074178
1323203287219380226
1323203350402338816
1323203372212801537
1323203382321029122
1323203391837949954
1323203399194714112
1323203407025475584
1323203407784644611
1323203436469538818
1323203440881913859
1323203441250979841
1323203451023708160
1323203477342986241
1323203483466567683
1323203498624929793
1323203498905948160
1323203517557985281
1323203519399272449
1323203520980541440
1323203521634881557
1323203522012262400
1323203525074182153
1323203580065697794
1323203585270640641
1323203592912658432
1323203613741776902
1323203649913397248
1323203662601138176
1323203666388635652
1323203696071708672
1323203703457882113
1323203714551672833
1323203726409084928
1323203745589678081
1323203782348574723
1323203802326073345
1323203803059990529
1323203803987005440
1323203805836648449
1323203854557712384
1323203866448531457
1323203900237926400
1323203928411066368
1323203929207951364
1323203942101241856
1323203950150111232
1323203955388784641
1323203997088493568
1323204018055876608
1323204023210618880
1323204025546919944
1323204026335404035
1323204026561974273
1323204035416150017
1323204038482141184
1323204041116127233
1323204062209343488
1323204080777519104
1323204100247425026
1323204114659053568
1323204117595119617
1323204123894972419
1323204137870393344
1323204159517184000
1323204160528044033
1323204190747959296
1323204204450795521
1323204205188960257
1323204210490548225
1323204212256350208
1323204213787287553
1323204234138079233
1323204245580095488
1323204260058857479
1323204261124165632
1323204313141989376
1323204324139388937
1323204324265177088
1323204376215904257
1323204398911205377
1323204411800326145
1323204414258237440
1323204463641927680
1323204465659437057
1323204466376613891
1323204467018354688
1323204504985231360
1323204517408681984
1323204532206264320
1323204533229625345
1323204550690545664
1323204556264742914
1323204560488452097
1323204568092708866
1323204568126279680
1323204610031583236
1323204611637915649
1323204619594461184
1323204622543134720
1323204637017673729
1323204654554058752
1323204700141965314
1323204708660633600
1323204711328018433
1323204729896394752
1323204814076059655
1323204834288435201
1323204856937648130
1323204863766003714
1323204899333640197
1323204951364042752
1323204957848436736
1323204990543056896
1323204990798827521
1323204991105060865
1323205026358198273
1323205026999898117
1323205092359565312
1323205101218123778
1323205109954846720
1323205122730741762
1323205128342642689
1323205136118915074
1323205137691779072
1323205162433978374
1323205216628580352
1323205256671617024
1323205257099436032
1323205286425989120
1323205317623164929
1323205330428461057
1323205333855121408
1323205385130545154
1323205385138905088
1323205405133230080
1323205415430168582
1323205418982776832
1323205440776392705
1323205454139396096
1323205462985265153
1323205463824097284
1323205469398355968
1323205475597516801
1323205487022792704
1323205538683957248
1323205548167319553
1323205557105426432
1323205557436768256
1323205574469783552
1323205576625631232
1323205638109958145
1323205642895663104
1323205647807205382
1323205667071602688
1323205668514521089
1323205668640333824
1323205671924412417
1323205681009299458
1323205708465262594
1323205711447400449
1323205711606640641
1323205728358830080
1323205732012068866
1323205823007522816
1323205825322721290
1323205826253783042
1323205847820967936
1323205851264520192
1323205862899503104
1323205880175874048
1323205880989556738
1323205883170611202
1323205886278619136
1323205890976190464
1323205920554442752
1323205937264578560
1323205937939779584
1323205941978869762
1323205955203571712
1323205961767669761
1323205990955786240
1323206025537867777
1323206039324528645
1323206063160741890
1323206074707681280
1323206099936464899
1323206146493161472
1323206165656965130
1323206188473946113
1323206218501050369
1323206226067496962
1323206264101502978
1323206295835594752
1323206355101110272
1323206357168885760
1323206366400577536
1323206383051939841
1323206401531981825
1323206409308282880
1323206465251876865
1323206474462617601
1323206475762847744
1323206484130435072
1323206485304872960
1323206526195113985
1323206535930064900
1323206578569437184
1323206600493027328
1323206603131228161
1323206624723566593
1323206627412029441
1323206648408821761
1323206693216382976
1323206745221681159
1323206813295218689
1323206903703478272
1323207015905316873
1323207232746606592
1323207457666146311
1323207529439072256
1323207689607008264
1323207724323262465
1323207807605350400
1323207846822072320
1323208024136273920
1323208047053950977
1323208157506711552
1323208186724290560
1323208239517966336
1323208245272522752
1323208250616172549
1323208253837365248
1323208258958598144
1323208275828133895
1323208298578010112
1323208326847565825
1323208527981219841
1323208868764151810
1323208936670089219
1323209024431599618
1323209173937623040
1323209234742452225
1323209346180960256
1323209431987986451
1323209452628152320
1323209570177687552
1323209619469205506
1323209737953931267
1323209786062786562
1323209945148522496
1323210050102534145
1323210134856880135
1323210141907472385
1323210145116135426
1323210326012235776
1323210350683058176
1323210361626132482
1323210439988269059
1323210451933663234
1323210527389220867
1323210577423093763
1323210578077372416
1323210619659653121
1323210624126562304
1323210651033108480
1323210744834543617
1323210745551724545
1323210745711153156
1323210803412127744
1323210845711749122
1323210855459205121
1323211102927392769
1323211110732959745
1323211134330146817
1323211196766572546
1323211267893583873
1323211556998578177
1323211693330206720
1323211721683668992
1323211857566568449
1323211916584640524
1323211948796846080
1323212188673298432
1323212192439816193
1323212204724944905
1323212235066482688
1323212290750074880
1323212414754672640
1323212503405514752
1323212532925014023
1323212595013312512
1323212713590480898
1323212757811023872
1323212758695972865
1323212778019184640
1323212848064045056
1323212901054898176
1323212978922135552
1323213043245944832
1323213195444715521
1323213206689632261
1323213223898849289
1323213261131538442
1323213266659758081
1323213272116563972
1323213285471232005
1323213360150831105
1323213374323363842
1323213383211036674
1323213480023990272
1323213501599547392
1323213566669971457
1323213788036956160
1323213826494472194
1323213952160047104
1323213998427377669
1323214070401687552
1323214098457309184
1323214125036675074
1323214223049150464
1323214242418446338
1323214324039618560
1323214364414009344
1323214418432446467
1323214443011022848
1323214519364038657
1323214527530500097
1323214567288328192
1323214598284214282
1323214738776621058
1323215025872490497
1323215033074098177
1323215227895402502
1323215434838147072
1323215469189410818
1323215483282345985
1323215507030482944
1323215508733349888
1323215740967800835
1323215750560157703
1323215772206981122
1323215777693077508
1323215777823105030
1323215785460977664
1323215804226326535
1323215804238880770
1323215860220219393
1323215939039600640
1323215983113310209
1323216051174256640
1323216108887941121
1323216155545374720
1323216162407260174
1323216278308442115
1323216289830211586
1323216385821081603
1323216448639086593
1323216507673976832
1323216538435026945
1323216552729235456
1323216608156917760
1323216644764782599
1323216702600040450
1323216747210723329
1323216787832492032
1323216828492140544
1323216868941963266
1323216880606302216
1323216933249044480
1323217036227432448
1323217119245459457
1323217176480735233
1323217215043362816
1323217256843804672
1323217385642446849
1323217423001133057
1323217553129431040
1323217564181401601
1323217589141676032
1323217694649442306
1323217737066418177
1323217797560832005
1323217808109588481
1323217845698940929
1323217883682512898
1323218110162341888
1323218118362177536
1323218294678192132
1323218296603332608
1323218297186258944
1323218298750832642
1323218299316965378
1323218302630580224
1323218377100435460
1323218389465260033
1323218444129652737
1323218836607348736
1323218970476949504
1323218992316776450
1323219063863234560
1323219181161111559
1323219194729693184
1323219220486885376
1323219227462029313
1323219285595095040
1323219292490502144
1323219314980388865
1323219322387484674
1323219554106068994
1323219658443526144
1323219691050016774
1323219821056634881
1323219956675321856
1323219977130881024
1323220012304314375
1323220234027892738
1323220299727462401
1323220316286525441
1323220521723531264
1323220640938250240
1323220653470818313
1323220691970412546
1323220724610465796
1323220810803400717
1323220812988616705
1323221007306547200
1323221101107945472
1323221102609485826
1323221164672589825
1323221200475181056
1323221353990860807
1323221504818106368
1323221507150151683
1323221535323279360
1323221685240274945
1323221687182249985
1323221701598076936
1323221839288717313
1323221845961809921
1323221892933836801
1323221911086731265
1323222034109894656
1323222069165887490
1323222101973753856
1323222107518619651
1323222149885272065
1323222157439152132
1323222234106892289
1323222255246213120
1323222321402839041
1323222347097276418
1323222408925466625
1323222416559136768
1323222449366929409
1323222453074698240
1323222474004332545
1323222489640689665
1323222495953080321
1323222549656969216
1323222586898173952
1323222627821998081
1323222738622885889
1323222772475138053
1323222778141618176
1323222881640292352
1323222913059852288
1323222975269736449
1323222990075711488
1323223050213621760
1323223055922089986
1323223085382815744
1323223125186777088
1323223253587034112
1323223262264991744
1323223278509580291
1323223316191047680
1323223327498883072
1323223327612174342
1323223327805112320
1323223351154847744
1323223361917460482
1323223513373790213
1323223568981831680
1323223581443149825
1323223643640549376
1323223652708585473
1323223803648987137
1323223812679311361
1323223844228866048
1323223869348564993
1323223882912980992
1323223974688526336
1323224010344333312
1323224042317533185
1323224139864395777
1323224174706524161
1323224186559614976
1323224208915238912
1323224500280971265
1323224658838196232
1323224694703742976
1323224700227563525
1323224892519649285
1323224937725857793
1323224947041443840
1323224977324257280
1323225008689336320
1323225081041006594
1323225153116033024
1323225204483592193
1323225230467387392
1323225314730848258
1323225468099825664
1323225514887286785
1323225533287641088
1323225670898638850
1323225692239208448
1323225845146750976
1323225874976657408
1323225922531696640
1323225969860190210
1323225985316171783
1323226024759463936
1323226095907295233
1323226115398393857
1323226117608742912
1323226145576394753
1323226184570777601
1323226193131425793
1323226218959937539
1323226243052015618
1323226267278319616
1323226273183899650
1323226314921418752
1323226352959500288
1323226407422615555
1323226456902742017
1323226468445523968
1323226546270818305
1323226562687311879
1323226584174764032
1323226649748451328
1323226692601655302
1323226754039861248
1323226771077124096
1323226837904953344
1323226853470064643
1323226856087277568
1323226904443396098
1323226934533390336
1323226939520356352
1323227006599876608
1323227020243980288
1323227047167053825
1323227090666270720
1323227141098659840
1323227161692643329
1323227180722212864
1323227194324361216
1323227257524113410
1323227262326636544
1323227285542129670
1323227406388310017
1323227467876864001
1323227480942170120
1323227513556971521
1323227551242878981
1323227571551674370
1323227574596702208
1323227575368314880
1323227604665716736
1323227725180608512
1323227738371772416
1323227755174121472
1323227783095586817
1323227816448720897
1323227835339841536
1323227887722528771
1323227916893827074
1323227958765649922
1323227961269649408
1323227973508542465
1323228000977063936
1323228007566315520
1323228043066941440
1323228065972060161
1323228224273457154
1323228239096066049
1323228320687939585
1323228322986401794
1323228345811697665
1323228360697212928
1323228372185550848
1323228385661849600
1323228407161905152
1323228411519733761
1323228446206660616
1323228448198975488
1323228449683738626
1323228479891120129
1323228535830568965
1323228572694286338
1323228619615948801
1323228665963040768
1323228674745880578
1323228677015044096
1323228679686754304
1323228797051772928
1323228816207171594
1323228864240377857
1323228868350742529
1323228874646446080
1323228907798224897
1323228914878189569
1323228928597762050
1323228951741931526
1323228953453232129
1323228969144078340
1323229013016498177
1323229082184798208
1323229095560437761
1323229142209482752
1323229209855172608
1323229210362712065
1323229228721229831
1323229231350992897
1323229332408541184
1323229439036149773
1323229557722435584
1323229574700912640
1323229599183024130
1323229618992762883
1323229619194155010
1323229621903626241
1323229687091466241
1323229689704570882
1323229703084384261
1323229745094471680
1323229821846065153
1323229836253548544
1323229854398107649
1323229924384247808
1323230057255624705
1323230075542790144
1323230081725030400
1323230085005139968
1323230093947392001
1323230150050291712
1323230170162044929
1323230208074354691
1323230249493168128
1323230268161929217
1323230291620700160
1323230293520715781
1323230339821641728
1323230348470296592
1323230371295748096
1323230402094522369
1323230414559977474
1323230528649236480
1323230582256685059
1323230632550506499
1323230686849978370
1323230750163042308
1323230877246279682
1323230924453064711
1323231044485763072
1323231057890758659
1323231099061997573
1323231115231043584
1323231151532789762
1323231167664001025
1323231179953364993
1323231204183810049
1323231217194569735
1323231222575828993
1323231294478798853
1323231380428541954
1323231380432515073
1323231448132964353
1323231476805230606
1323231500465262593
1323231540898369537
1323231542538326017
1323231667109171200
1323231671706132481
1323231695152291840
1323231745689473025
1323231799082930177
1323231890761986049
1323232020395401216
1323232065907806208
1323232166713696256
1323232233117962240
1323232279523713030
1323232379000029184
1323232702250831872
1323232714850521089
1323232768680144898
1323232784182370304
1323232851844804614
1323232895004266497
1323232987228590082
1323233064512856064
1323233226995961856
1323233254556737539
1323233314103316482
1323233357816356864
1323233395367768064
1323233397003739138
1323233400208027649
1323233413545914370
1323233445296951296
1323233489915940865
1323233533511536641
1323233613593325570
1323233664784879616
1323233781826899969
1323233803234615299
1323233820817215490
1323233925867646977
1323233980133629954
1323234029550866436
1323234106537332736
1323234114938482691
1323234117719347205
1323234141945667584
1323234145401741313
1323234158022254593
1323234196152791041
1323234229094916097
1323234282995896320
1323234298766438400
1323234435500789763
1323234545215459334
1323234582360170496
1323234652723781632
1323234831820419073
1323234950909468672
1323235091317927938
1323235136289296388
1323235157713817601
1323235236726116353
1323235258263851008
1323235259337658369
1323235422194065410
1323235530335805449
1323235867700400136
1323235909576413191
1323235910616535041
1323235920292753409
1323236100043931648
1323236134894358528
1323236234609762307
1323236241219923968
1323236242985832449
1323236340570488833
1323236368148025346
1323236405494063104
1323236443259609088
1323236556073771008
1323236629000130560
1323236685229006854
1323236704803835906
1323236793211363328
1323236795551780865
1323236999961128967
1323237016398606338
1323237025319968772
1323237047079940097
1323237090042269702
1323237134657032193
1323237168651722752
1323237305545609216
1323237314001309697
1323237330984067081
1323237359048138757
1323237476639625216
1323237526782513155
1323237562761252867
1323237568415207424
1323237626883772425
1323237697276780552
1323237807314341888
1323237842622009344
1323237927363710982
1323238040597340162
1323238055730417666
1323238070720876545
1323238077033291777
1323238229710176262
1323238233585700864
1323238427312095232
1323238449177108481
1323238449932128258
1323238642534522880
1323238644417728514
1323238766723608577
1323238799162462209
1323238857278656512
1323238973909643264
1323238998647648256
1323239080197558272
1323239101638823939
1323239153643982848
1323239274532229121
1323239394178990081
1323239428278505473
1323239429302046728
1323239509866221570
1323239538018426880
1323239637788303360
1323239659544215552
1323239719422119938
1323239759653801985
1323239771997687808
1323239787747266561
1323239845876125699
1323239847155347457
1323239936267481089
1323239970199523329
1323239974972628994
1323239987240992768
1323240000281075714
1323240013002407938
1323240038797377543
1323240045894115328
1323240049715122176
1323240052571471872
1323240115645370368
1323240150844006400
1323240189041496064
1323240240123969538
1323240295849484289
1323240306431660034
1323240362975154182
1323240402003075072
1323240551932715008
1323240567464144896
1323240579686432768
1323240619939123201
1323240629577654272
1323240649399959552
1323240746162544640
1323240815733448705
1323240877008031744
1323240945148600321
1323240945178025984
1323240945782038533
1323240948164427777
1323240979583946752
1323241064216616966
1323241065223233536
1323241082877022208
1323241297130491904
1323241302088159233
1323241310325743616
1323241340231163907
1323241408728338433
1323241412532588545
1323241466400047104
1323241490064330752
1323241544510545920
1323241631399763968
1323241645291298816
1323241756624900097
1323241781979394050
1323242101451214848
1323242143545253888
1323242325171200000
1323242376882802689
1323242424311910400
1323242445468016645
1323242542524223488
1323242643455938560
1323242670639239169
1323242681317924864
1323242717527330822
1323243115822649344
1323243332877881350
1323243446187032578
1323243453866790913
1323243815684186112
1323243844117344256
1323243857320972288
1323244463368667138
1323244509661192192
1323244538882904064
1323244666729435137
1323244767753502721
1323244846308536320
1323245370881806337
1323245703326478338
1323245772599603201
1323245838689312776
1323246160186871808
1323246415389360129
1323247082342404096
1323247650540498944
1323248010231500800
1323248497106309122
1323248974212616192
1323249322167816193
1323249410889949184
1323249545636159489
1323249677211492354
1323249954094276609
1323250084549693440
1323250980373385218
1323251137902989315
1323251244174106625
1323251435216261120
1323251608805924866
1323251704578609152
1323252275704401920
1323252779310264320
1323253152662081538
1323253303854194688
1323253361353887751
1323254023991025666
1323254195978407937
1323256222204702722
1323256454355296256
1323256754306732034
1323256994254495745
1323257087628091392
1323258575314182144
1323259983249711104
1323261661151678465
1323262211578540032
1323263592750321664
1323264142267080704
1323265976868261888
1323266123278802944
1323266281383075840
1323266508764729345
1323268203171221507
1323268265993474049
1323268368561000449
1323272291908788225
1323272772622131202
1323276322098106368
1323278356964614144
1323278442578759683
1323279057568604161
1323279239353933824
1323279677851664389
1323279751251959809
1323281209175146496
1323281209384820742
1323282764087595009
1323283472325234689
1323283725506011138
1323285909320704003
1323287183378309122
1323290124818501632
1323290702957170688
1323293956571078656
1323295290418409473
1323295319501799424
1323295336224509953
1323296593836232704
1323298825038036992
1323299571129372673
1323304946553495552
1323305556904464385
1323308518456332288
1323310245964382209
1323311457778438149
1323312666669019137
1323312675338801152
1323313243906072584
1323317685191647232
1323319600289898496
1323322037381877763
1323323630579834885
1323325596429127683
1323325996855185409
1323326117168717827
1323326366637576200
1323326790174150658
1323327910787338247
1323329833414381569
1323331399215157248
1323331545827082240
1323331641239080972
1323332191200358400
1323332684832264193
1323332868521807872
1323335345447051265
1323336408204017665
1323336573879001089
1323336872442105859
1323338239743266816
1323338365970849792
1323339092399058944
1323339182941622274
1323340183622791170
1323340417237221379
1323340661035323392
1323341687746428928
1323342063027556352
1323342426052960258
1323342572815831047
1323342591967010827
1323342920884387845
1323343055546650626
1323343249650667523
1323343454345306117
1323343528320270338
1323343570800156682
1323344321945477120
1323344328345952262
1323344575566667777
1323344756412424194
1323344760975872000
1323344842383151104
1323345018359320582
1323345048419901448
1323345386254278658
1323345469502873602
1323345638399102979
1323345895258312708
1323346130009247747
1323346422545174531
1323346598668193796
1323346829291999234
1323347898575171584
1323349333773832193
1323351016562110464
1323351305050488833
1323351432469372930
1323351559535812612
1323351867473174528
1323351902818652165
1323352295313149954
1323352817969569795
1323354218602893314
1323354426736857089
1323354696392806401
1323354877439938566
1323355518191153152
1323355725280743424
1323355851046952962
1323356156488810497
1323356161228316673
1323356564883996674
1323356747399077894
1323356989079040001
1323358820979089408
1323359093432737797
1323361884507197449
1323362478953271296
1323363331906904070
1323363626720382984
1323364085304578048
1323364277911244802
1323365660005666816
1323365886758182915
1323366006442676224
1323366167537397760
1323366213788016641
1323366292229902342
1323366407979986944
1323366417538912256
1323366459486162944
1323366492780564490
1323367069006651393
1323368386429128705
1323368821764333568
1323368909693702144
1323369245682634752
1323369289580269568
1323369291614314497
1323369718124859392
1323370190298632195
1323370586941390853
1323372615298437123
1323373289201455104
1323373708300472327
1323373758959230977
1323374084210806786
1323376197036814337
1323376285977116678
1323376577225412608
1323376839885156352
1323377870044041218
1323378252988239873
1323380679128846339
1323382180836421633
1323382946787663872
1323383439148670976
1323383823158120452
1323384388743127041
1323384393784647680
1323384394661482497
1323384685574213632
1323385676646305796
1323386191463538695
1323386351182557193
1323387911551725568
1323387988278185986
1323388061561049089
1323388163671252992
1323388163998494727
1323388823473213442
1323389108484538368
1323389190772531201
1323389295068139521
1323389422092603393
1323389423468294145
1323389431362080774
1323390040802775040
1323390199892758535
1323390203529170944
1323390271464288259
1323390351365885955
1323390368960958464
1323390461617283073
1323390501035380736
1323390546686128128
1323391025688227843
1323391090448355328
1323391124560633856
1323391331771813890
1323391665554530305
1323391938830106624
1323391939668922368
1323391961106186241
1323392085177864204
1323392180187209728
1323392229591961606
1323392443287523328
1323392461872467968
1323392464053481474
1323392480386162688
1323392562783264770
1323392894124904448
1323393109103988736
1323393197096226818
1323393289509314560
1323393349768908805
1323393371751260161
1323393463681982465
1323393501095202817
1323393719488466944
1323393743140118529
1323393871464849409
1323394248889290778
1323394518427836424
1323395351269822470
1323395827210067976
1323395922601062400
1323396120152887298
1323396248968351744
1323396357676244995
1323396610286592006
1323397698611982337
1323397927323246593
1323398075684163586
1323398553096564737
1323398964784279557
1323398999228010502
1323399028462202883
1323399151787397125
1323399169856409601
1323399317319786497
1323399482936070146
1323399491752546306
1323399654588010497
1323399756329193472
1323399988919980032
1323400917606158336
1323400918390505473
1323401128202166272
1323401360516198400
1323401729765986308
1323402026563309569
1323402088269991938
1323402127100780546
1323402480114405376
1323402993182658565
1323403003114770433
1323403018835009536
1323404013409341441
1323404059764772869
1323404172277010432
1323404258000179201
1323404283660959747
1323404291453919233
1323404347586301953
1323404358978064384
1323404372827611141
1323404373402202112
1323404385196625922
1323404463927922694
1323404506676252674
1323404521389916160
1323404541245739010
1323404552092160003
1323404552117329923
1323404568714203136
1323404600645423105
1323404605879947267
1323404608111366146
1323404700461445121
1323404814886309894
1323404840387706881
1323404897878970369
1323404912433205251
1323404920045899777
1323404922683944965
1323404927067185154
1323404980011868160
1323405005379063809
1323405012689707009
1323405014228963328
1323405088031985665
1323405148203421696
1323405172794662913
1323405192860237826
1323405296325328896
1323405363757174785
1323405417934811136
1323405419222495235
1323405420149366784
1323405421252521984
1323405424163393536
1323405425107034112
1323405431226716166
1323405455608172550
1323405479998033921
1323405573103198208
1323405580585914368
1323405591436550146
1323405592170582018
1323405633497038849
1323405683069431810
1323405693962145792
1323405730142212096
1323405765298819072
1323405778024386567
1323405793081909254
1323405846525759491
1323405904805568512
1323405957771264002
1323406022581620736
1323406037429440512
1323406045792948224
1323406151816519680
1323406159315959811
1323406232275869696
1323406273036115969
1323406292539510786
1323406314404483073
1323406317990612994
1323406323690708993
1323406346511962119
1323406365818277893
1323406368657887241
1323406467723108352
1323406468633272320
1323406486433837058
1323406489571262465
1323406490070376448
1323406510366609411
1323406556273192961
1323406581107695622
1323406614171365376
1323406630432788481
1323406639857283074
1323406673545957377
1323406742630387713
1323406770216292363
1323406827732848641
1323406852613427201
1323406878936805385
1323406931587903488
1323406998659125249
1323407004203974657
1323407010277302273
1323407019844509701
1323407035912826880
1323407054120361984
1323407119597686787
