1298409824992993280
1298409828625375232
1298409828969136129
1298409862217584647
1298409869247238145
1298409926080049153
1298409973576335360
1298410051263246338
1298410172646334465
1298410208075669505
1298410240426287104
1298411488877711360
1298411795741319168
1298411920362373121
1298412415319773189
1298412504612327424
1298414530549161984
1298414690549346304
1298414953121095682
1298415243241062402
1298415868171476992
1298416383827402752
1298417133249015808
1298417227830624256
1298417439781400576
1298418423026851842
1298418577146548231
1298419311015530501
1298419451705073665
1298419678059139077
1298419891427520512
1298419891582664705
1298420277810880515
1298420813532667904
1298421202659221505
1298421693422153729
1298422466847608833
1298423107401719808
1298423412919013381
1298423450269364225
1298423666099851267
1298423923437117445
1298424200101859328
1298425349630500866
1298425713855528961
1298426554452672515
1298426623725903872
1298427541372297217
1298428433886830596
1298428925383716865
1298429059635073030
1298430383613194240
1298431052139180032
1298431203847135232
1298431663337283584
1298432152858759168
1298432292281618432
1298432894747254790
1298433086947045376
1298434494492540929
1298434741377605634
1298434765218029568
1298434993132208128
1298435163379191808
1298435231519780864
1298435443256627200
1298435643752800259
1298436014487285761
1298436276094369792
1298436340737089536
1298437025809473542
1298437118507851776
1298437510687862785
1298437659027701761
1298437990784610304
1298438021549895688
1298438037572136967
1298438219957248002
1298438554650128385
1298438897949696001
1298439438763208704
1298439690111066117
1298440024417906689
1298440025705779201
1298440026301186048
1298440117477048322
1298440326630211584
1298440381479235585
1298440412567412736
1298441038005239808
1298442486956855296
1298442577084112897
1298444006976892933
1298444433612996608
1298444479272296448
1298444577372884995
1298445057184296960
1298445201145569282
1298445656646975488
1298446028698456064
1298446824831844352
1298446881597661184
1298447079824654336
1298447531182108673
1298447590850256897
1298447659255181316
1298447664359579649
1298448832133439489
1298449613662367744
1298449630477385728
1298449875642744838
1298450881705398272
1298451715742674944
1298451830901530624
1298452393013719041
1298452448303026181
1298452823043186690
1298454605387501573
1298454620109524993
1298455125787320320
1298455126873526272
1298455128165548033
1298455128819761154
1298455261410144256
1298455444525129728
1298456171125321729
1298456204231020544
1298456377782931456
1298457307546886145
1298458232684412931
1298458480488185856
1298458898446221312
1298458911427776513
1298459315746021376
1298459453952589825
1298459711600242690
1298459805296791556
1298459890877444097
1298460177541332992
1298460698016714752
1298460973083353088
1298461113047187456
1298461565201584129
1298461736492834816
1298461907133837312
1298462310600790016
1298462597793161219
1298463283406667783
1298463564576022528
1298463687628525568
1298464051614425089
1298464251758206979
1298464733247557632
1298464994301018113
1298465080489717761
1298465574390046720
1298465634678976513
1298466458889060352
1298466915074138112
1298467060314497024
1298467187406049283
1298467370483224576
1298467603304910849
1298467896293720069
1298468031098757122
1298468834626723840
1298469190047870977
1298469322591997952
1298469821072449536
1298470240423157764
1298470294110298113
1298470421440933889
1298470449744097281
1298471051526053888
1298471174335275010
1298471280593776640
1298472195514150916
1298473347467169792
1298473486575435776
1298473951899922432
1298473997961777154
1298474053406281731
1298474148302393345
1298474328640630784
1298474686116958209
1298474975129632769
1298475229300367360
1298475256051425282
1298475334480924675
1298475391590465536
1298476057830535173
1298476533305278465
1298476681494171649
1298477087876055040
1298477772621324289
1298477772696944640
1298477772805988352
1298477833136766976
1298477940532039680
1298478821788856320
1298479657730351104
1298479680417406977
1298480075483090946
1298480566992613376
1298480615239680000
1298480682663120897
1298480788187615232
1298480797603823616
1298480893938610178
1298480933868310528
1298480994350235648
1298481371376242689
1298481547637657600
1298481547692191744
1298481874717876224
1298481904430260225
1298481964052250630
1298482557512810501
1298482601808846848
1298482805920284673
1298482860068933633
1298483441877553152
1298483973421703169
1298485013177143297
1298485233604612096
1298485323492667394
1298485324163645440
1298485324318875648
1298485324885028865
1298485324885250048
1298485359811137536
1298485417151430656
1298485519807062016
1298485799780933632
1298485830575624192
1298486561139548161
1298486589186867201
1298486604433154048
1298486921207963648
1298487103228125184
1298487839081070593
1298487852410507264
1298487958471872512
1298488001799114752
1298488544718213120
1298489097279987714
1298489097351094272
1298490358129713152
1298490438492594176
1298490592016695296
1298490868249366528
1298491109786767360
1298491158734278656
1298491311448891393
1298491461428826113
1298491603397545985
1298492369713717249
1298492556163063808
1298492627399081986
1298492872476577794
1298492872824705024
1298492872962916353
1298492910879604740
1298492998557282305
1298493009156341761
1298493132296851457
1298493236823101441
1298493259946135553
1298493398597468162
1298493424316948481
1298493590981746688
1298493593217372160
1298493946117709824
1298493947082354688
1298494203345985536
1298494311823286273
1298494667051405313
1298494702241615872
1298495541500936192
1298495670370869248
1298496010411540481
1298496123045318656
1298496226439069697
1298496647002030080
1298496647039725569
1298496647094132736
1298496729239760897
1298496994915352576
1298497164344266752
1298497164927213570
1298497228080926721
1298497250201665542
1298497285760770048
1298498128174288897
1298498828795092993
1298499291909103617
1298499506380722177
1298499518988681216
1298499765773139968
1298499780080029696
1298499814855004160
1298499894819328001
1298499989140844545
1298499993062584322
1298500058841833472
1298500285372026883
1298500344847175685
1298500422940803073
1298500423137992706
1298500424777887746
1298500425033764865
1298500425314795520
1298500425340116993
1298500432055005184
1298500448060616705
1298500453949472774
1298500455505580032
1298500533385404417
1298500604109742082
1298500621591547905
1298500914173681666
1298501186903896064
1298501343645184003
1298501437975076866
1298501653675618304
1298501675238461440
1298501759611080705
1298502243973566465
1298502260964708352
1298502634140303360
1298502768290861056
1298503122340511744
1298503151339872256
1298503219178606592
1298503287948312576
1298503597638987776
1298503617373179904
1298503892448280576
1298504178281701376
1298504196946190341
1298504303448068096
1298504434989838336
1298504526329196544
1298504576547553281
1298504721431494658
1298504755732414464
1298504847357083648
1298505884172255232
1298506437526728704
1298506540584845312
1298506627222560768
1298506830168109056
1298506964008304640
1298507156057186304
1298507231277789184
1298507265583075329
1298507676469669888
1298507749312036865
1298507972834930688
1298507988089688064
1298508106255732736
1298508115038605312
1298508120822632448
1298508219237588992
1298508223452913664
1298508252469170176
1298508276196352000
1298508442336931840
1298508461999886337
1298508682175578112
1298508839575334912
1298508960463552512
1298508984425385984
1298509074259161088
1298509117259227138
1298509353432080384
1298509364735737857
1298509414723399680
1298509540326100992
1298509576522915841
1298509793049620480
1298509880567959557
1298510217806786561
1298510331019505665
1298510486804324353
1298510488138129409
1298510488289136640
1298510684951654401
1298510718438866945
1298510747203522560
1298510788865544194
1298510823573389312
1298510839302041600
1298510982197776385
1298511046366437376
1298511224720756736
1298511344073879552
1298511356749021185
1298511379280941058
1298511633262637056
1298511734127439872
1298511746529808384
1298511746731085825
1298511768289972224
1298511800271540224
1298511899747856384
1298511904227364865
1298512052932280321
1298512188567621632
1298512386794676226
1298512699245113344
1298512715770736641
1298512795470888960
1298512867206074368
1298512897916784641
1298512898034225153
1298513115311747073
1298513305431089153
1298513431008612353
1298513462285524992
1298513612345090048
1298513920211202048
1298513971599872002
1298514065610940417
1298514263036899328
1298514539282145280
1298514766483402753
1298514975280058368
1298515077755293700
1298515195111919616
1298515204674916353
1298515339743985666
1298515380181389312
1298515470597918720
1298515518073126913
1298515521546190849
1298515523924160513
1298515524268240896
1298515525274931201
1298515525958422528
1298515626575704066
1298515638504378368
1298515738358165504
1298515988892327936
1298516126541008897
1298516129401442304
1298516144970764296
1298516186435653632
1298516263879180288
1298516386990501888
1298516413561413632
1298516664359755776
1298516686803554304
1298516690226094080
1298516724648677376
1298516779917090816
1298516828252262400
1298516915669721088
1298516934460346369
1298516994648571904
1298517005608394753
1298517245799411712
1298517274547097600
1298517305454989312
1298517319635927040
1298517490709012481
1298517501903601665
1298517520559865858
1298517579187867648
1298517612796796928
1298517628009545728
1298517844490149889
1298517917454274561
1298517918557319168
1298518115844849666
1298518173579444224
1298518289627348998
1298518298078982144
1298518398503092224
1298518497543282688
1298518794617466887
1298519041854918658
1298519278682079234
1298519281706074112
1298519296281153536
1298519296503623680
1298519337238749184
1298519548711378947
1298519563173154817
1298519574560858112
1298519669477969921
1298519870510956544
1298519893076316166
1298519926660108288
1298519991550083077
1298520086081413120
1298520237927813120
1298520252150624258
1298520317564989440
1298520554580791296
1298520661007183873
1298520692753915906
1298520707576598528
1298520768280694784
1298520773641019392
1298520783371763712
1298520816414408704
1298520886975307777
1298521024041046016
1298521060363636736
1298521133734600704
1298521199165812738
1298521235379433472
1298521260843032576
1298521275321778176
1298521392581935104
1298521507703017472
1298521716789063680
1298521995802443776
1298522144050208769
1298522167299264513
1298522179290660865
1298522403497181184
1298522467384918017
1298522606581227520
1298522671207112704
1298522985523970048
1298523040125419525
1298523042969247744
1298523071125561344
1298523071125610497
1298523071188361218
1298523071490342912
1298523077987446784
1298523120517754880
1298523303016124416
1298523660450443264
1298524000558157824
1298524087363555328
1298524190337794048
1298524561777012742
1298524651660943360
1298524736234958848
1298524806984368129
1298524856389185537
1298525170085363712
1298525337954000896
1298525394371518464
1298525512860672000
1298525597409452032
1298525758068064256
1298525804327055360
1298526169365585922
1298526237762166785
1298526255986417664
1298526337129500672
1298526351599837185
1298526569112240128
1298526766248742913
1298526768329039873
1298526846015815680
1298527052103131138
1298527067110162432
1298527213265059840
1298527306504458240
1298527309322952704
1298527399408271360
1298527730192064512
1298527749586456576
1298527785355563008
1298527808453578752
1298527815839748097
1298528132903907329
1298528228307542017
1298528286834925568
1298528442569371649
1298528469358346240
1298528617333284864
1298528661621084161
1298528676355735553
1298528735436644352
1298528778424066050
1298528800184193025
1298528998016909317
1298529020712230912
1298529047119572992
1298529075980632064
1298529300984078336
1298529514520285185
1298529691884818433
1298529701884055552
1298529752425336837
1298529771144519680
1298529882201366528
1298530032990724101
1298530061671370752
1298530221411442688
1298530354362556416
1298530379549351936
1298530562605494276
1298530574840340480
1298530621459853312
1298530623615725571
1298530625201332224
1298530626430275584
1298530634571214850
1298530684026355714
1298530695040716800
1298530743904346115
1298531133500452864
1298531142568738816
1298531222386364416
1298531255605133313
1298531309669756928
1298531367760867333
1298531491715198976
1298531838424756224
1298531871652024321
1298531965705093120
1298532024970608641
1298532281318023168
1298532491704389632
1298532622482706434
1298532632159047680
1298532644032925696
1298532757912592384
1298532954172469248
1298533137555890181
1298533270527909888
1298533442989236224
1298533490070360066
1298533553421144065
1298533633402245120
1298533732903780352
1298533749475467264
1298534008926674945
1298534088744275968
1298534160961683456
1298534257439182853
1298534322052497408
1298534395943346177
1298534591213572097
1298534863449067520
1298534934227955717
1298535207570735104
1298535395924221952
1298535433366908928
1298535439775739904
1298535568788389890
1298535589873176576
1298535654159081472
1298535680495296512
1298535681942323205
1298535716314636288
1298535728864010240
1298535883801612288
1298535887903522816
1298535888956399617
1298535896480915456
1298535900738203648
1298535904693248001
1298535912394170368
1298535916039016448
1298535917666340866
1298535967897395200
1298535985152753664
1298535991721033728
1298536001866993665
1298536010880622595
1298536020150030337
1298536036365152259
1298536044422410242
1298536046171480064
1298536059123503104
1298536085019136000
1298536092887666688
1298536093516812288
1298536103818014720
1298536116392546305
1298536125682900993
1298536134641889281
1298536151691800577
1298536153142964224
1298536155839963136
1298536159971344384
1298536172566634497
1298536173430812673
1298536175481884672
1298536176111030272
1298536176794705920
1298536177604190208
1298536179550375941
1298536200706371584
1298536218544738304
1298536231144488960
1298536234168590336
1298536239407169541
1298536245698662400
1298536253990883329
1298536257287598080
1298536273855078400
1298536288065290240
1298536296323993600
1298536343224582146
1298536349553786880
1298536360563879937
1298536363952869376
1298536365760577536
1298536366343684099
1298536388468539392
1298536389009702913
1298536405468143616
1298536413823143936
1298536415731613697
1298536419426738176
1298536427664408576
1298536438850560002
1298536468340707329
1298536475605315585
1298536486846050304
1298536491044483072
1298536495230394368
1298536500100046849
1298536505498046465
1298536514385780736
1298536514541035525
1298536536737275904
1298536548418420736
1298536552314929152
1298536556458905601
1298536559373955073
1298536567477338112
1298536573215092737
1298536613945978881
1298536627007037445
1298536643352301568
1298536650323177472
1298536665867333632
1298536737812230144
1298536747694018562
1298536765456867328
1298536781504303104
1298536793290297346
1298536798839361537
1298536880095539207
1298536880582074373
1298536881572007936
1298536903327834112
1298536906339254273
1298536918104276993
1298536921635991553
1298536946311061507
1298536967160967168
1298536974970748928
1298537052909309953
1298537071221657600
1298537074660868096
1298537080855961602
1298537149512507392
1298537166906302464
1298537188062375938
1298537208778039296
1298537239111180288
1298537291485515776
1298537296334069760
1298537313933369344
1298537335148228609
1298537351162077189
1298537360469221382
1298537369814142976
1298537374226558976
1298537379364515841
1298537381411409920
1298537381927231488
1298537396607344640
1298537400231133185
1298537408196116482
1298537408749854720
1298537410754740225
1298537415238471687
1298537415724818432
1298537416228315136
1298537441129791490
1298537444216836096
1298537460327157760
1298537550940786696
1298537551893073921
1298537578409463814
1298537598672142336
1298537612022603777
1298537615793229825
1298537626488668162
1298537639436529664
1298537641609170945
1298537645975515136
1298537658797490177
1298537685221543937
1298537711008133121
1298537742574419969
1298537745309216773
1298537745841885184
1298537752108109824
1298537765118844928
1298537765999706112
1298537770420441088
1298537783137640450
1298537789366194176
1298537839987240961
1298537841820131329
1298537851156652034
1298537871478075392
1298537903585361920
1298537955569664001
1298538000687734785
1298538010695393282
1298538017272070144
1298538048809033728
1298538053846347777
1298538064856453120
1298538081117712385
1298538095894081536
1298538113749463040
1298538115288780800
1298538119931867139
1298538129935171584
1298538149409423361
1298538163611275264
1298538170569691137
1298538172746539008
1298538182292590592
1298538234708996098
1298538235422015488
1298538243395334145
1298538277708931072
1298538300161044480
1298538314488614912
1298538319102373890
1298538320281116672
1298538337972695040
1298538363197235201
1298538364359016448
1298538453362188290
1298538478578343937
1298538490490167297
1298538493237514240
1298538505468026880
1298538532798189570
1298538550175170560
1298538551286603776
1298538573587775493
1298538590683660289
1298538595209424900
1298538596274778112
1298538618911436801
1298538628034048001
1298538643750105089
1298538644572188673
1298538651421474816
1298538667896602625
1298538688947920896
1298538695633637377
1298538697571414021
1298538706790420480
1298538717171322880
1298538723399864320
1298538746980323329
1298538761765228544
1298538762113343488
1298538767062642688
1298538775770017796
1298538833072607232
1298538844866961410
1298538877775380482
1298538878421401601
1298538914039431168
1298538920708374528
1298538932762705920
1298538939180097536
1298538960315191299
1298538963150536706
1298538965042180098
1298538970956156928
1298538993580158976
1298538996067446785
1298539007358492672
1298539008843231232
1298539030552903681
1298539055865638913
1298539076744814592
1298539089088610304
1298539102703439873
1298539111834411009
1298539117983289344
1298539143157473281
1298539147100127239
1298539154217852929
1298539158248599553
1298539162317074432
1298539186161475586
1298539212430598145
1298539228343697409
1298539228809367552
1298539242386227201
1298539252297404416
1298539266662957062
1298539295628763137
1298539323151863809
1298539335055286273
1298539394027192320
1298539395524460544
1298539410766663681
1298539419578884096
1298539422955245568
1298539427409657856
1298539427556462592
1298539440277684225
1298539444920897537
1298539446380507136
1298539446992875523
1298539450046316545
1298539474985586688
1298539476315254784
1298539476818505728
1298539479464960000
1298539480941580288
1298539482870951936
1298539486696144898
1298539493486723072
1298539499333574656
1298539502961594369
1298539541226303488
1298539558942969857
1298539560289406981
1298539562252275713
1298539577364406274
1298539578253549569
1298539585484607490
1298539609954148353
1298539623417819136
1298539630523027458
1298539636759896065
1298539647426007045
1298539652815753216
1298539671694213122
1298539687729143809
1298539699347304448
1298539718154637313
1298539720545390593
1298539732532699142
1298539740925394947
1298539771124494336
1298539817383469056
1298539835599331328
1298539844910620672
1298539849633411074
1298539856600145920
1298539861197180929
1298539883334717440
1298539887952646147
1298539915261743104
1298539942230908933
1298539964679036928
1298539965987663874
1298539971440254977
1298539989677019136
1298539993997033472
1298540041451589634
1298540054957170688
1298540069469540353
1298540095360950273
1298540100729675776
1298540120778448897
1298540146267168768
1298540158195830784
1298540171038687233
1298540176889843714
1298540179570020352
1298540219327827968
1298540246754365440
1298540277154578433
1298540293193707520
1298540347551866880
1298540350789885954
1298540357748228096
1298540362898771968
1298540371463503873
1298540406951616514
1298540426970968064
1298540428984307712
1298540432410935296
1298540435909029888
1298540447174991872
1298540453214793729
1298540456981168128
1298540482818191361
1298540498047598593
1298540508193726464
1298540516364124161
1298540518616567808
1298540522215178240
1298540532621336577
1298540535255269376
1298540548781940736
1298540579178123264
1298540602951372821
1298540616947773442
1298540625474850816
1298540654075797505
1298540668437045248
1298540687307096065
1298540687454019585
1298540693892337665
1298540697696567296
1298540705346916353
1298540747705266177
1298540748661575680
1298540749072617475
1298540749995282432
1298540763870101508
1298540786573869056
1298540800293457920
1298540828789485569
1298540850562113537
1298540871793741824
1298540884812795904
1298540888319303680
1298540900327534593
1298540903037120512
1298540903397810176
1298540905889255426
1298540910440075266
1298540912054882304
1298540924373471233
1298540934423089152
1298540944103313413
1298540949409353728
1298540956485115904
1298540974772293632
1298540979176210432
1298540982544347141
1298540989456568320
1298541006464352256
1298541021127684096
1298541034721488897
1298541046444457984
1298541051884580865
1298541061346922497
1298541074236035072
1298541078518407168
1298541082603642885
1298541083463487489
1298541095085846529
1298541097598300160
1298541115763761152
1298541115772207104
1298541122210463744
1298541122709585924
1298541138564067328
1298541147292348421
1298541150039683079
1298541153747456000
1298541174731485185
1298541188665024513
1298541216389378048
1298541236391944192
1298541238581329920
1298541239118290944
1298541270722379777
1298541273771470848
1298541292167864320
1298541299465887744
1298541299478519808
1298541300342456321
1298541302599098375
1298541303043686400
1298541307632254976
1298541326997360640
1298541343036321793
1298541356034527232
1298541373096943616
1298541373407322112
1298541403153326080
1298541408819781633
1298541413043494913
1298541423206313984
1298541450272083969
1298541452469862400
1298541455036817408
1298541481209270273
1298541503875362817
1298541519230689280
1298541550813814785
1298541552575315968
1298541555142205441
1298541598712758272
1298541619688493056
1298541623207497728
1298541635660324866
1298541641914081281
1298541659320459264
1298541670800265222
1298541673069387776
1298541675736899586
1298541695223635968
1298541708217548800
1298541733328957440
1298541736323579904
1298541736692797441
1298541742397022208
1298541786051350528
1298541795278716928
1298541842234052608
1298541884785205248
1298541911150669824
1298541911758778369
1298541918729764865
1298541925167960064
1298541945719947264
1298541946491867137
1298541952816820224
1298541964921634816
1298541968243306498
1298541978402131970
1298541983238164481
1298541994080444416
1298542023079792650
1298542029237100544
1298542106039005184
1298542108253593600
1298542126549082115
1298542134782570497
1298542146304212996
1298542170778079233
1298542176587198464
1298542185219006469
1298542207842971648
1298542241917685760
1298542252608954368
1298542265577746433
1298542269948141570
1298542292488409088
1298542312801341441
1298542334641156097
1298542345076473856
1298542345240158208
1298542346406158336
1298542367633543168
1298542376714211329
1298542384322613248
1298542386365292545
1298542387321606144
1298542387678109697
1298542389137674246
1298542389741617152
1298542395001274369
1298542407995334656
1298542429877022720
1298542487204761603
1298542490266591233
1298542504732745729
1298542517571518464
1298542538392051712
1298542560303034368
1298542587951947778
1298542590808162304
1298542614094979072
1298542622693380096
1298542643828461568
1298542662124019712
1298542666859282432
1298542674945945600
1298542706776473605
1298542711495168000
1298542713390931968
1298542740024762368
1298542751978532864
1298542758571933698
1298542768818728965
1298542773344153601
1298542790780112898
1298542803329454081
1298542805296590849
1298542810409455616
1298542839614205954
1298542848309067777
1298542849072549888
1298542853199663107
1298542854185398273
1298542884355018752
1298542931071074304
1298542961966358528
1298542971399348224
1298542971852402688
1298542972317962241
1298542975870554113
1298543015393452032
1298543019969384450
1298543023706562560
1298543030140624897
1298543057026064384
1298543073367121921
1298543074096930816
1298543125426778112
1298543139834212355
1298543170502955009
1298543174319775744
1298543196260139008
1298543196558032896
1298543198973894657
1298543203927445504
1298543208784420865
1298543222239764482
1298543223607042048
1298543224051716097
1298543225318395904
1298543227818192897
1298543231932813319
1298543253537660929
1298543262651813889
1298543271149539328
1298543274567892992
1298543307505754113
1298543331333595136
1298543345493401600
1298543348861546497
1298543350019235840
1298543353269751809
1298543353567608832
1298543358307172353
1298543364653166599
1298543374350389250
1298543395732967425
1298543402217361408
1298543409204994048
1298543431178952704
1298543432445689857
1298543434958082050
1298543439890583552
1298543442960830464
1298543445447970816
1298543453043855360
1298543481665867776
1298543485616873472
1298543494311616512
1298543520677081088
1298543531523538944
1298543532278505474
1298543585822937088
1298543613069201413
1298543622825152513
1298543630009937920
1298543656924848128
1298543707956875266
1298543741431697409
1298543781466320899
1298543793818480641
1298543794971959297
1298543803083763713
1298543896281206785
1298543911611371522
1298543961330655232
1298543969975046144
1298543970910232581
1298543986089566209
1298543995589726209
1298544000706674694
1298544005014315009
1298544005903527936
1298544032289681408
1298544046198198274
1298544049029369861
1298544084747988995
1298544100959047680
1298544116154990592
1298544118885384192
1298544137894014976
1298544157590523905
1298544173889585153
1298544185461616641
1298544187839741952
1298544196790493186
1298544198459760640
1298544205699198976
1298544215262191617
1298544279854493696
1298544281943146496
1298544296103153665
1298544319662628866
1298544344073408512
1298544346954903552
1298544358669647872
1298544363748970497
1298544375413321728
1298544393213947905
1298544426080522240
1298544437040226304
1298544450487058432
1298544464722632704
1298544466928775171
1298544488500076544
1298544500089008129
1298544513380564992
1298544517465997315
1298544528899674113
1298544538743640064
1298544545051926528
1298544545492283392
1298544562433069059
1298544564815437829
1298544587443757056
1298544590383915008
1298544624836005888
1298544628732485632
1298544654280003584
1298544688488734721
1298544701172264961
1298544701696544770
1298544709657403392
1298544714988355585
1298544732705116161
1298544734689013766
1298544742637154304
1298544748110675969
1298544763185094657
1298544774794956800
1298544781501632513
1298544781698707456
1298544785905639424
1298544786471780352
1298544787570728961
1298544795871334407
1298544806742962178
1298544833745825792
1298544856567078912
1298544863546408960
1298544865735835648
1298544891887263745
1298544900062023680
1298544918189793280
1298544923671695360
1298544936841809923
1298544947705057280
1298544953598136321
1298544958262128642
1298544999362166786
1298545004399538176
1298545005750099968
1298545007528476672
1298545013329211392
1298545023970152449
1298545029473067013
1298545032962682880
1298545033751265280
1298545034640478209
1298545035919732736
1298545053196062720
1298545061576220672
1298545067301511168
1298545067876065280
1298545077892067328
1298545081776050179
1298545083004997637
1298545106740563968
1298545134016102400
1298545138772451328
1298545139556777984
1298545165288853504
1298545173463433216
1298545173677441024
1298545179096420356
1298545182183436289
1298545182724575233
1298545186453229569
1298545199577260032
1298545202668412929
1298545214525669376
1298545228945793024
1298545239116972032
1298545240203288576
1298545243978190849
1298545245014163456
1298545254577168384
1298545268477038594
1298545275888336899
1298545290677542914
1298545309421903872
1298545318649368576
1298545321929256960
1298545333287485440
1298545340166152192
1298545340883312641
1298545342472912896
1298545342774902793
1298545361469022209
1298545419790749698
1298545434596704256
1298545449742356480
1298545459506696193
1298545476632039424
1298545478846550016
1298545507703431169
1298545532370067457
1298545547666743296
1298545555870801920
1298545559779848192
1298545569632342016
1298545577236594688
1298545599189520386
1298545603056721920
1298545607901163525
1298545633532534785
1298545637445730304
1298545647759634433
1298545672027873280
1298545673181241344
1298545673235832837
1298545689522298880
1298545695176171520
1298545700456857600
1298545717292802050
1298545720908185600
1298545721092616193
1298545722527223808
1298545722808205312
1298545723005255680
1298545723668135940
1298545724397727746
1298545724548952066
1298545727371653124
1298545727979892737
1298545728164204544
1298545735655448577
1298545754202673153
1298545761232314374
1298545764780642305
1298545771067904000
1298545779699855360
1298545817817624577
1298545819872886784
1298545822448189440
1298545830648074250
1298545830928973825
1298545843776163842
1298545845940432896
1298545847773179904
1298545868128366594
1298545869017489410
1298545874021351424
1298545874298195968
1298545892740476928
1298545895462580224
1298545906623684613
1298545907630256129
1298545910130057221
1298545911128363008
1298545925288341504
1298545927599333377
1298545927649722369
1298545929356705794
1298545944347193344
1298545956284137472
1298545961262817280
1298546008956305409
1298546020943634438
1298546021396623367
1298546021841149954
1298546034747027457
1298546047183212544
1298546058033795072
1298546068502740993
1298546083522588672
1298546091433099266
1298546094150955008
1298546094503337986
1298546097611309057
1298546104812765184
1298546126212268033
1298546134370181121
1298546142058348544
1298546160903348229
1298546164149760001
1298546176778817536
1298546188321464320
1298546192649981952
1298546199746752513
1298546205044158464
1298546237214425088
1298546242369327109
1298546259024912384
1298546260895465472
1298546286916972544
1298546291497144321
1298546336707510272
1298546339849080833
1298546346543198209
1298546369964068865
1298546370916298753
1298546390919008259
1298546407687823361
1298546409289981953
1298546410145681409
1298546420006432769
1298546442366259200
1298546450092240896
1298546450331303938
1298546457092423680
1298546473991376896
1298546486104530944
1298546487031406592
1298546491083153408
1298546503695441920
1298546506379800577
1298546556149403649
1298546556463919105
1298546558665973762
1298546565875937280
1298546577997529100
1298546582703480833
1298546606451695616
1298546655768305666
1298546656812687361
1298546671845023745
1298546682259542017
1298546705806364673
1298546717038649347
1298546719903318017
1298546723611119617
1298546741390667776
1298546748986720256
1298546763268345856
1298546763679371264
1298546765935894528
1298546779051503616
1298546793937014784
1298546794905899008
1298546798953467906
1298546799137959936
1298546811318292480
1298546812853325825
1298546818532495360
1298546831123722240
1298546839487164416
1298546841290772480
1298546843211702274
1298546844604260352
1298546868641832960
1298546872710320133
1298546880209653767
1298546894214496258
1298546916121247745
1298546922928709635
1298546953073168384
1298546974887743488
1298546988867358721
1298547005472436224
1298547023113850881
1298547053442879491
1298547098556805121
1298547116537794560
1298547127610757121
1298547152642281472
1298547164243795969
1298547167272067072
1298547169159458818
1298547173370605568
1298547184103759872
1298547199807295488
1298547200524529667
1298547219348574208
1298547219495301125
1298547222615818240
1298547223551250432
1298547225769979905
1298547228332654592
1298547235693776896
1298547238881435649
1298547250327629824
1298547259668410370
1298547273023053824
1298547276391100416
1298547280493125632
1298547280853819392
1298547284276379650
1298547290353864704
1298547300055289856
1298547301317775365
1298547312797585410
1298547313577807874
1298547326882119680
1298547334503112704
1298547345852895233
1298547353788579840
1298547365599760384
1298547366446936064
1298547372776206337
1298547380590129152
1298547389368807424
1298547389729583105
1298547398067785730
1298547402077605888
1298547406339006464
1298547412685000705
1298547413918113793
1298547419483983872
1298547425192402945
1298547439117512705
1298547447623450624
1298547468091756544
1298547476794925056
1298547495740604421
1298547501293867009
1298547507056779264
1298547520101064710
1298547525193027585
1298547540720222209
1298547548286853120
1298547563625361408
1298547565051424769
1298547580889178112
1298547606768037891
1298547616716926977
1298547624933457921
1298547657036705793
1298547657770762240
1298547663374295041
1298547680151572480
1298547682701713410
1298547704935657473
1298547719313788928
1298547721557749760
1298547771285348352
1298547787148255232
1298547790805635072
1298547812829999105
1298547823173152768
1298547831041654786
1298547847642701824
1298547852818382850
1298547860582129665
1298547871399260161
1298547872707878912
1298547875782197248
1298547878995079169
1298547890533670912
1298547904500686848
1298547913774243845
1298547921940611073
1298547929049903105
1298547930341810177
1298547949375553537
1298547949543333889
1298547950344429571
1298547956862377984
1298547965083160576
1298547966224084993
1298547970951045121
1298547984834138113
1298547993998757889
1298548004450967552
1298548025397215232
1298548034930987009
1298548051137765376
1298548052588978181
1298548055730421760
1298548056909111296
1298548075410194432
1298548077599522816
1298548079222808577
1298548089574371328
1298548101943382016
1298548105370107905
1298548127457304576
1298548147178934272
1298548149422784518
1298548153797545984
1298548166682456064
1298548191999266817
1298548194700402689
1298548213537017856
1298548225855692811
1298548227776618496
1298548237012533248
1298548291190304769
1298548306784792576
1298548319090810881
1298548331094867968
1298548335104663552
1298548351206596613
1298548351764443137
1298548363357491202
1298548373151244288
1298548379769810945
1298548386552061952
1298548410879029248
1298548411776618496
1298548417099190275
1298548427064782848
1298548433037467648
1298548443607183360
1298548445884690432
1298548459407122438
1298548469855137792
1298548469959974912
1298548470333280257
1298548512653746177
1298548519754706950
1298548526713049089
1298548536364208128
1298548547424583680
1298548550826106880
1298548560498167808
1298548562805043202
1298548574364545024
1298548576746962946
1298548578592468995
1298548598012076032
1298548599362658305
1298548629188345857
1298548630505304065
1298548674004426752
1298548682921586688
1298548683097747456
1298548683538137089
1298548685928894464
1298548690404225024
1298548696095903745
1298548706577461249
1298548717524594689
1298548732741521409
1298548803755290624
1298548808658432000
1298548819710418945
1298548831064395776
1298548833811603461
1298548869509390338
1298548877541257216
1298548877759479810
1298548882671009792
1298548887460995073
1298548889650421760
1298548900907941890
1298548910366040064
1298548921762013184
1298548927017492482
1298548932436463616
1298548942704185345
1298548943169748992
1298548950761459712
1298548987448918018
1298549001575378945
1298549011092312064
1298549013181018114
1298549032936247297
1298549041220001792
1298549044541882368
1298549064036909056
1298549066482229248
1298549092432457728
1298549094810615808
1298549095024463876
1298549102733594630
1298549105187328001
1298549124141326336
1298549134958440448
1298549146895491072
1298549164226248706
1298549173701292032
1298549181095845888
1298549198405632000
1298549211437424641
1298549245817925632
1298549264105246720
1298549287001956352
1298549295197622273
1298549301564657664
1298549319092645888
1298549319214215168
1298549341364391936
1298549352332439552
1298549354555412481
1298549359420878849
1298549360658132997
1298549369017446400
1298549383621992451
1298549427515396096
1298549443646693378
1298549445005639681
1298549462923608064
1298549484977299457
1298549495207272449
1298549495408414721
1298549495475482624
1298549497740525568
1298549513142116353
1298549515314700289
1298549522168254464
1298549525787955200
1298549526538727429
1298549526853287936
1298549528010907648
1298549565126316032
1298549587112857602
1298549598131228672
1298549599687315456
1298549603663478784
1298549625029373953
1298549632734289920
1298549639591989248
1298549644532817920
1298549655421308930
1298549661758873601
1298549676849934336
1298549680255754241
1298549686811398144
1298549694780657665
1298549704783994880
1298549706491072512
1298549711981379586
1298549730214117376
1298549742025281537
1298549749516242944
1298549754851450880
1298549758710222848
1298549760706727936
1298549768508104704
1298549778628976641
1298549783871750144
1298549784698118144
1298549787214729216
1298549791694245889
1298549795464904704
1298549802624585729
1298549804876931074
1298549808043565061
1298549828209737728
1298549830206263296
1298549831540113408
1298549846358593536
1298549855246323712
1298549877350322180
1298549879858499586
1298549886615519232
1298549894303682560
1298549901475946496
1298549921633771520
1298549930278244353
1298549951937548288
1298549964264681472
1298549965237760001
1298549967850807298
1298549970719649792
1298549973349478401
1298549974125469697
1298549983306752000
1298549994363006976
1298550013019197440
1298550020401180672
1298550034028531712
1298550040848343041
1298550054001807360
1298550084163047425
1298550088776769536
1298550095324028930
1298550103360364545
1298550104832512001
1298550106887802881
1298550117977522176
1298550124981952512
1298550126613495808
1298550139183927297
1298550150588243968
1298550157232017410
1298550172901953536
1298550175758258177
1298550179860295681
1298550182498492416
1298550196704612352
1298550202308141058
1298550206217297923
1298550207387504642
1298550235933941760
1298550246042206209
1298550263826067456
1298550266283937792
1298550266342584323
1298550282146787328
1298550282431934465
1298550283727970305
1298550290522701832
1298550293563674624
1298550299519528960
1298550301847367682
1298550305735442432
1298550310961586176
1298550317840244736
1298550329395433472
1298550331505344512
1298550334609072128
1298550345489100800
1298550349922537472
1298550354112651264
1298550366339051521
1298550366389317637
1298550378984857601
1298550379236532225
1298550384655503361
1298550387566403585
1298550401323675649
1298550405597745154
1298550418075680769
1298550424312700929
1298550438187413507
1298550439638716417
1298550461952339969
1298550470391345157
1298550477626507267
1298550477907529730
1298550482378657792
1298550487898259457
1298550490796613632
1298550492730097664
1298550495628337152
1298550502976827392
1298550506021847040
1298550510744674304
1298550518189625345
1298550519842181120
1298550521662525441
1298550531804340224
1298550536837500928
1298550539479900165
1298550547017064449
1298550555078545408
1298550563932639232
1298550572111376387
1298550575534137344
1298550581641056256
1298550584237228032
1298550584577007616
1298550596367245312
1298550597256450048
1298550607264067584
1298550610602713088
1298550615078055936
1298550622258692096
1298550622443233282
1298550623818911745
1298550628604612608
1298550632903827457
1298550636070535168
1298550639627296769
1298550645432160256
1298550663484514304
1298550667020324864
1298550675777949696
1298550688507670530
1298550691426963458
1298550697860964352
1298550699714846720
1298550704735494150
1298550709672189958
1298550709697347585
1298550710213185537
1298550714759811072
1298550716693446656
1298550734997389313
1298550737291620352
1298550738910617602
1298550753619931139
1298550760792305664
1298550764013486080
1298550765880057856
1298550781218562048
1298550784989200385
1298550794518700032
1298550796196380672
1298550796473249795
1298550804945817600
1298550821823668226
1298550828589088769
1298550842451267584
1298550870926397441
1298550876387385344
1298550888940949504
1298550915402784770
1298550931752132608
1298550933698355200
1298550950400073728
1298550963767312384
1298550981559541760
1298550982763323392
1298550996310917120
1298550997900505090
1298551001134268416
1298551006192599040
1298551017777373186
1298551030263709697
1298551037725417472
1298551052808204293
1298551069291753472
1298551121439531014
1298551121833865222
1298551146429243392
1298551147649732610
1298551148127936512
1298551149742694401
1298551150577418241
1298551169346949120
1298551201039093760
1298551228981481472
1298551237735055360
1298551258035486722
1298551278545534976
1298551295368888321
1298551296082038784
1298551316235476992
1298551327593832448
1298551370900013056
1298551387559796737
1298551388172165122
1298551404529946624
1298551408145375232
1298551408875261953
1298551410804563968
1298551411089842176
1298551429918007298
1298551435379052545
1298551439875289088
1298551441695608832
1298551443130114048
1298551446904987648
1298551452512722949
1298551457889820672
1298551460737753088
1298551469021560833
1298551471139688448
1298551480715223040
1298551491712757760
1298551503817510914
1298551505138712576
1298551506011140097
1298551508691107840
1298551523157446657
1298551525766303744
1298551535761334272
1298551546612011009
1298551547677335554
1298551548650434561
1298551552936939521
1298551554707005442
1298551559983435776
1298551575527514112
1298551578652217344
1298551598986207233
1298551626739875840
1298551628216389634
1298551658461487104
1298551661972066312
1298551667621793792
1298551674924158976
1298551678006898688
1298551678594097152
1298551687125381120
1298551695119720448
1298551704368095233
1298551712622534657
1298551718804951040
1298551719647944704
1298551721241849857
1298551736039280645
1298551749754617856
1298551755643420672
1298551759133188097
1298551794210082822
1298551799549435906
1298551805681565696
1298551806101008384
1298551811830435847
1298551813352955904
1298551818268610561
1298551824992149505
1298551855761498113
1298551878754742274
1298551880956731392
1298551906034421760
1298551917728141314
1298551918957142016
1298551927593209856
1298551946568237056
1298551948602421248
1298551956340977665
1298551965811642368
1298551969045532673
1298551976159043584
1298551978616856576
1298551986292432896
1298551990885244928
1298552010896224256
1298552016319459329
1298552016978026498
1298552018584338432
1298552048867332096
1298552069675155456
1298552071336202240
1298552074435792896
1298552079456313345
1298552080475598848
1298552091388997632
1298552117104451585
1298552118526316544
1298552120334057472
1298552124826148864
1298552129540562945
1298552130392002561
1298552136616247296
1298552141557248000
1298552152231751682
1298552153112551424
1298552167452868608
1298552172007821313
1298552182908870657
1298552220661813248
1298552220921802754
1298552229272727552
1298552230040281088
1298552233173426177
1298552249682190336
1298552271823831040
1298552274831187970
1298552276806701057
1298552280552296448
1298552286927564801
1298552288865325059
1298552299992887296
1298552338634997760
1298552371153457153
1298552375712636929
1298552379227410433
1298552399779561479
1298552400719106048
1298552421980016641
1298552436160897024
1298552444469809153
1298552452937998337
1298552460177477632
1298552472676564992
1298552495619411968
1298552496181465091
1298552540741750784
1298552550304645120
1298552554473783296
1298552568419885056
1298552570957504514
1298552571292942336
1298552572257738753
1298552581535469568
1298552584077225985
1298552587302719489
1298552599411593217
1298552608743927810
1298552609675137024
1298552621737873409
1298552631791689728
1298552634681569283
1298552636828876803
1298552641988046850
1298552655401357312
1298552663466967040
1298552664557588481
1298552667871084549
1298552684434395136
1298552687450087424
1298552687814991884
1298552702113402881
1298552708887130113
1298552709776396290
1298552720564064257
1298552728998772737
1298552737597194240
1298552742701674496
1298552748426899456
1298552761060032513
1298552773705904129
1298552816760508418
1298552857797496835
1298552869201891328
1298552872741806081
1298552874377641984
1298552881990205441
1298552902164926464
1298552906329673729
1298552906610868226
1298552913850179589
1298552914122866689
1298552937015369728
1298552950231629825
1298552951133417476
1298552976009814016
1298552981999288320
1298552987967795201
1298553007660060672
1298553017998901249
1298553021555716096
1298553025380974593
1298553030569320448
1298553047283638273
1298553056574025728
1298553067466444800
1298553070444589056
1298553094725410816
1298553110613446656
1298553117538164741
1298553132142788609
1298553134990667776
1298553141760339969
1298553159095332865
1298553159326085120
1298553159372148736
1298553231069581313
1298553237549854725
1298553240804630528
1298553245497991168
1298553263244161024
1298553270097473536
1298553270097653761
1298553274237431809
1298553275701239808
1298553276259016708
1298553290079248389
1298553295166939137
1298553295888318464
1298553325604859905
1298553338951278592
1298553342180970496
1298553363651584000
1298553397814218752
1298553402025181184
1298553410577289216
1298553416558534656
1298553442844237831
1298553467867467776
1298553474800660481
1298553483017293824
1298553487412940800
1298553494060900353
1298553498309664768
1298553500008316933
1298553500788547591
1298553501879021571
1298553513522466816
1298553540173078531
1298553544216326144
1298553546040905729
1298553568622972928
1298553570636128256
1298553573593296896
1298553579805061126
1298553582132891648
1298553591842496513
1298553604933025792
1298553606136791040
1298553606162001922
1298553651443703808
1298553660318855171
1298553669781250049
1298553676714344448
1298553701200809985
1298553705940365312
1298553715687923712
1298553752530690048
1298553761099653120
1298553797896212481
1298553807459278852
1298553839805759489
1298553856675258368
1298553874316394496
1298553878477189127
1298553885804683265
1298553893333458945
1298553898286886912
1298553917593260033
1298553934278209536
1298553938401210373
1298553946211004417
1298553974530945027
1298553997327048704
1298554004469940225
1298554005350645761
1298554006776807429
1298554009620488198
1298554041014853633
1298554053052583936
1298554055330074625
1298554060891738112
1298554078419722240
1298554082035224578
1298554096711094275
1298554099823259649
1298554105481302016
1298554109239361536
1298554140562460672
1298554152201723905
1298554156161081349
1298554163526275072
1298554187186413569
1298554188327198721
1298554188796956673
1298554201409282048
1298554221369929734
1298554248368730112
1298554254970564609
1298554260968419328
1298554264500015109
1298554277124685824
1298554294355066886
1298554306745040896
1298554348595642368
1298554368980131840
1298554370267652098
1298554372364865538
1298554375011479552
1298554399577509888
1298554408310112257
1298554408687542272
1298554419429158912
1298554422876872705
1298554426899214336
1298554437473050624
1298554438425223169
1298554442296459264
1298554459308597248
1298554476224294913
1298554483207737345
1298554486852431872
1298554491495763974
1298554508251934720
1298554508419706880
1298554514790809602
1298554518981017601
1298554527935864832
1298554530829946881
1298554601994686464
1298554603605315584
1298554609473069062
1298554612279062528
1298554616481710080
1298554633594589184
1298554649008635904
1298554659506806786
1298554660324872192
1298554663709663238
1298554676187668480
1298554691283034113
1298554711637884928
1298554725005238272
1298554728071213058
1298554731896483841
1298554734429773826
1298554743959281664
1298554747675435008
1298554752184311809
1298554756307312641
1298554756860960769
1298554782882430976
1298554796610392065
1298554801647755264
1298554804629843968
1298554830663843840
1298554832685617152
1298554838549254145
1298554851387944960
1298554854810488832
1298554881582694401
1298554883902246917
1298554890353102850
1298554905838399489
1298554916940599298
1298554922787627008
1298554940399460352
1298554941833969669
1298554946707693569
1298554961035395075
1298554969667375108
1298554977426735104
1298554987694501888
1298554997618151424
1298554999555928064
1298555044552376320
1298555054446739457
1298555069089144835
1298555070334853120
1298555070657822721
1298555072318668805
1298555076810809344
1298555077494439936
1298555080673828864
1298555088852656128
1298555090081583105
1298555090102624256
1298555095613931520
1298555103687974912
1298555118141546498
1298555140522291200
1298555143424741376
1298555163716747264
1298555163905531904
1298555193630564358
1298555200937046016
1298555217353596928
1298555227558289408
1298555237293273088
1298555250064986112
1298555256444530689
1298555257518280709
1298555263377715206
1298555264518553602
1298555269748871168
1298555270319267842
1298555280242937856
1298555289441116160
1298555301122252800
1298555301617172482
1298555328703889408
1298555342754844672
1298555353689288704
1298555367870345216
1298555390808993794
1298555395116589063
1298555423499460610
1298555437592215552
1298555490629226497
1298555496903868417
1298555519683252224
1298555525823696901
1298555528264716288
1298555547961233410
1298555549924110336
1298555554433040385
1298555567154356225
1298555603556667392
1298555604521365504
1298555607885258753
1298555611282640896
1298555681914617857
1298555727645220864
1298555738722316288
1298555743034015745
1298555748763357184
1298555748960686080
1298555753020764162
1298555756330078209
1298555762441162753
1298555783748165632
1298555786751283200
1298555786763804672
1298555786839371776
1298555798138818563
1298555803763380229
1298555815205404673
1298555815666778114
1298555833299677184
1298555840018997248
1298555846302019585
1298555850899050499
1298555856489873409
1298555865159684097
1298555871182626817
1298555898319835136
1298555910361669633
1298555918100172800
1298555920784461829
1298555943819653120
1298555960886267904
1298555963427913728
1298555966133239809
1298555980691775489
1298555993601843200
1298556003017949184
1298556005975035904
1298556006218313728
1298556011893137408
1298556027848327169
1298556056554045440
1298556060316442624
1298556086182727680
1298556104239194112
1298556174665564160
1298556190755037189
1298556195440152576
1298556196094464000
1298556222640205824
1298556239262121986
1298556239824261120
1298556243821428736
1298556248246411264
1298556264046301186
1298556266168688640
1298556276495077376
1298556276691984385
1298556293335179264
1298556303737004032
1298556321294438400
1298556331025215489
1298556337933221888
1298556341766836224
1298556373391880192
1298556374079741953
1298556393096720384
1298556399019003905
1298556400361181189
1298556410582704128
1298556429171920896
1298556446662168577
1298556483093880832
1298556489313984512
1298556522050605058
1298556541403107329
1298556542460080128
1298556546021031937
1298556556385103872
1298556560331943936
1298556572382134272
1298556597271252995
1298556604875526144
1298556610705580032
1298556660529627136
1298556675033628674
1298556675058794496
1298556690485452800
1298556713428291584
1298556731849678850
1298556746219364352
1298556754217914369
1298556776451846145
1298556776531599360
1298556783942930433
1298556799717724162
1298556802452209665
1298556816624844800
1298556830373879808
1298556842084315142
1298556903694503936
1298556911244189697
1298556918064189440
1298556981977010176
1298556983658844160
1298556997797908480
1298557012406657024
1298557021919289344
1298557026218500097
1298557033986363395
1298557036016394241
1298557045017391109
1298557045046738945
1298557045055148035
1298557045063528451
1298557045151416320
1298557047110328322
1298557056681750528
1298557057646432256
1298557059491868672
1298557065674338305
1298557067498786816
1298557075988127747
1298557087136587776
1298557087555911681
1298557123559862272
1298557142899871746
1298557158552936448
1298557159177953280
1298557170544529408
1298557198004563968
1298557211476729856
1298557225913507840
1298557274345046022
1298557286328291328
1298557308205662208
1298557315071827968
1298557324093730816
1298557339407126529
1298557344566173697
1298557364723998721
1298557373074886656
1298557405899509760
1298557406641893376
1298557416129417222
1298557416309760000
1298557434642993152
1298557462510010371
1298557482609106949
1298557483783512066
1298557507602993152
1298557511797178370
1298557516650033153
1298557522132033536
1298557531388813314
1298557583918338048
1298557592210374657
1298557638704152576
1298557645654306816
1298557659038220290
1298557672820748288
1298557688188674048
1298557690377932800
1298557690445287426
1298557692588576768
1298557710124843008
1298557719331385345
1298557726134611969
1298557736293216257
1298557744862068736
1298557763266777089
1298557776013254662
1298557784808665088
1298557790001213440
1298557796154302466
1298557814420525057
1298557815456489473
1298557829524193281
1298557857898598404
1298557872662609920
1298557906309328896
1298557912198021121
1298557912823078912
1298557918200172552
1298557923233341440
1298557957605646337
1298557984239431680
1298557999636717571
1298558013041782785
1298558041474859008
1298558045799276544
1298558075473932289
1298558081941544960
1298558084768563200
1298558092188278785
1298558107451297792
1298558117719015424
1298558132520722432
1298558154314338304
1298558154595348480
1298558164883910657
1298558165987057664
1298558169577394179
1298558187696791552
1298558197268189184
1298558201739255808
1298558227119038464
1298558237076262912
1298558243627831297
1298558264498622464
1298558266205773826
1298558293477134336
1298558303320985600
1298558303492947968
1298558303589416961
1298558304550031361
1298558321037848577
1298558325026623489
1298558337169096704
1298558346027511813
1298558357092081664
1298558358635544577
1298558368727040000
1298558376251662336
1298558376763445248
1298558386498306048
1298558397571309568
1298558425098588161
1298558426721771520
1298558431570403328
1298558449589063680
1298558460896960512
1298558465804206080
1298558468064980992
1298558470850043905
1298558476839510016
1298558504052174849
1298558512969195522
1298558515779231744
1298558529964572672
1298558537929560064
1298558553419128832
1298558574633910272
1298558605046816768
1298558621408796677
1298558631219269632
1298558640719364098
1298558643479162881
1298558646092288002
1298558659107201030
1298558662701731842
1298558699846471688
1298558727805640704
1298558740258488320
1298558740434759680
1298558745627242502
1298558748445868032
1298558748793995264
1298558762056396800
1298558778485485569
1298558781941522432
1298558806666948610
1298558815332425728
1298558815579836421
1298558824547323916
1298558882000916481
1298558883053608960
1298558901072396288
1298558901177192449
1298558905266720769
1298558914494115840
1298558923960508417
1298558946966409216
1298558949747240962
1298558954608439299
1298558991258324993
1298558999026176002
1298559027782320128
1298559036015751168
1298559042554560512
1298559055636631553
1298559081012133889
1298559094278754304
1298559096191418369
1298559098959679488
1298559103690735616
1298559109424459776
1298559116303106048
1298559116525305857
1298559129905172480
1298559139392692224
1298559145684213760
1298559152059449345
1298559157684051968
1298559170787119105
1298559193729966080
1298559197135740928
1298559243348582400
1298559248234840065
1298559248624955392
1298559249774194688
1298559254224351235
1298559273010638849
1298559293680160768
1298559300164636672
1298559335665217536
1298559337934225409
1298559348403318785
1298559354078101505
1298559355126775808
1298559359874629632
1298559361564979200
1298559379948658689
1298559381156564992
1298559388186292225
1298559395173994496
1298559407991730176
1298559421434527744
1298559424194281473
1298559446491238400
1298559447120465921
1298559461624369152
1298559480934916096
1298559485439606785
1298559486869868544
1298559495958925314
1298559507249979392
1298559515995049984
1298559521737105410
1298559539126644737
1298559540821217280
1298559576984387586
1298559577454247936
1298559583061970944
1298559593916899329
1298559633498558471
1298559637038469125
1298559639341002752
1298559639806672896
1298559641828368385
1298559659121479680
1298559706512990208
1298559715908227072
1298559744702111746
1298559753698840578
1298559757758996483
1298559767691120642
1298559787093852160
1298559802822598656
1298559810988920832
1298559813983633408
1298559819910184966
1298559828340727809
1298559845201842176
1298559846883692544
1298559858069909504
1298559876579418112
1298559876646547458
1298559879486091265
1298559883604877312
1298559884582150144
1298559894396837888
1298559900658827265
1298559928261640192
1298559930144874496
1298559951594491904
1298559963707715584
1298559974159929344
1298559976496037888
1298559982380756993
1298560001406107648
1298560005940154368
1298560008091774978
1298560009056456704
1298560037338656768
1298560058792583170
1298560072042319872
1298560129797894144
1298560132398190593
1298560137356083200
1298560155219525632
1298560156167475206
1298560159283916801
1298560180301561856
1298560189508063232
1298560198840397826
1298560207648415744
1298560209120645121
1298560209397284865
1298560212014632960
1298560236589023232
1298560239533465602
1298560244747042816
1298560262732165122
1298560291874254850
1298560305170128896
1298560306596270080
1298560313344905216
1298560314208813057
1298560315593052160
1298560319397257216
1298560358324609024
1298560358827925504
1298560359138287616
1298560371318562817
1298560376955691008
1298560390893371393
1298560394101915648
1298560413467127808
1298560416306651136
1298560430147866625
1298560436921663488
1298560440671318016
1298560445553483776
1298560462280445954
1298560471172292608
1298560484141158400
1298560489933492224
1298560493590896642
1298560528084865026
1298560528843976709
1298560542190247936
1298560549790285824
1298560556291567617
1298560571735003136
1298560573030924288
1298560600553988097
1298560600579231744
1298560610863591425
1298560614026149888
1298560618996400128
1298560621181579265
1298560630618824705
1298560631222697984
1298560653628669952
1298560662050922500
1298560663841906693
1298560664508784641
1298560665351790593
1298560677255184384
1298560677569855489
1298560697815781377
1298560709740068865
1298560722218160130
1298560743311380481
1298560779663233024
1298560783236964352
1298560787003383809
1298560787485724672
1298560789817823232
1298560793487736832
1298560810114076673
1298560816636141568
1298560819844833280
1298560823724396544
1298560845442670592
1298560846361243655
1298560846759591936
1298560847359488000
1298560850761076736
1298560868884656128
1298560877118070784
1298560879731105792
1298560896814522368
1298560900467757056
1298560913553928192
1298560948500869120
1298560963914809344
1298560965647179777
1298560973507305474
1298560976938307585
1298560990724923394
1298560992532733952
1298560996567654400
1298561008127148033
1298561017623056384
1298561022115090432
1298561024782675970
1298561026347143170
1298561027756392448
1298561030491197442
1298561043875201024
1298561045183832065
1298561046047862786
1298561051936530435
1298561055220793344
1298561057657458689
1298561084752908289
1298561086413832192
1298561099399405569
1298561103346180097
1298561105925738498
1298561112112345091
1298561121314639872
1298561127853379586
1298561128067473411
1298561134321115136
1298561141703094274
1298561141791240193
1298561155183644672
1298561159839322113
1298561162855026688
1298561180877950976
1298561182354354186
1298561187853021186
1298561189438541825
1298561196648472578
1298561197298667521
1298561197852299264
1298561198963789824
1298561201954263041
1298561207155200000
1298561240831229955
1298561268077469696
1298561268580843522
1298561268752814080
1298561274968707072
1298561280073256960
1298561281256034305
1298561281578991616
1298561310309920768
1298561314948894725
1298561321689059329
1298561325078056961
1298561327301042176
1298561342413119489
1298561348029296641
1298561360880705536
1298561369491550208
1298561378026913792
1298561382502334464
1298561382544216070
1298561408297295873
1298561416019030017
1298561416245522432
1298561420272033798
1298561428086050816
1298561441553940481
1298561442938007552
1298561446612262913
1298561448268963840
1298561467713814529
1298561468921716736
1298561469949382656
1298561475318095875
1298561477822078977
1298561511212888064
1298561518724947969
1298561523699331072
1298561532629061632
1298561535372152832
1298561539495071747
1298561551641829377
1298561563213926400
1298561563419385856
1298561570679803904
1298561572143542279
1298561572340731905
1298561575167590400
1298561579798142977
1298561591110184962
1298561597439463424
1298561597909225472
1298561599658024960
1298561608311087109
1298561631593598979
1298561637495066624
1298561653886390273
1298561661947785216
1298561663604596736
1298561666150551552
1298561669191393281
1298561675436621825
1298561703400046596
1298561719963394048
1298561724157759488
1298561739500531713
1298561761608597505
1298561779648401411
1298561785113579520
1298561798489223168
1298561813768998914
1298561825487966208
1298561833507475458
1298561835441033216
1298561844643127298
1298561876645707776
1298561879648940032
1298561881288867841
1298561896732405766
1298561899727147008
1298561899756498944
1298561900473651200
1298561903363592192
1298561907805302784
1298561923202584577
1298561934669881346
1298561970560524289
1298561977296486400
1298561983516745734
1298561986117144578
1298562002684698624
1298562005385859072
1298562010427412480
1298562019050819585
1298562019579367424
1298562020896321536
1298562067021148160
1298562072612147200
1298562090609905664
1298562095764713472
1298562097203290113
1298562099124338688
1298562109140348931
1298562120502714368
1298562144682881025
1298562196855816192
1298562204917276673
1298562206401994753
1298562208755060736
1298562215516286977
1298562215809818630
1298562237121138688
1298562239100628993
1298562245279059973
1298562246520508416
1298562250853224448
1298562252031827969
1298562255760523264
1298562269723398144
1298562277956820993
1298562290229350400
1298562310840242177
1298562311062511616
1298562316217327616
1298562319560183808
1298562336937127936
1298562355215970304
1298562359619989504
1298562362946060293
1298562388086730753
1298562389558923264
1298562435423637506
1298562437084598272
1298562441169821698
1298562441627021314
1298562444953034753
1298562447138267138
1298562468369883136
1298562489433698304
1298562500678627329
1298562501781737475
1298562505950797824
1298562516868648966
1298562531850620929
1298562543791767552
1298562552809627648
1298562558161498113
1298562562662039552
1298562565136687104
1298562570748665856
1298562598779211776
1298562600737943555
1298562608384049153
1298562617116635136
1298562631075352580
1298562639975583752
1298562656937349120
1298562657998508034
1298562684846256129
1298562685089521667
1298562688285581312
1298562697416433665
1298562707281653761
1298562744564830208
1298562751787339776
1298562759626559489
1298562760679264257
1298562761270661120
1298562766895304705
1298562768795308037
1298562768967262208
1298562779029426176
1298562781738872833
1298562788567273472
1298562791817830401
1298562806527283201
1298562824801849344
1298562840345956353
1298562843806248960
1298562847484633088
1298562848805748736
1298562855684497410
1298562865369145345
1298562894586679297
1298562897124130817
1298562898210545664
1298562898541805568
1298562901079396353
1298562901729583104
1298562917714087936
1298562917869203458
1298562935695069184
1298562936319901697
1298562941835452417
1298562942225588224
1298562946302464002
1298562966049046529
1298562972734889985
1298562977046634496
1298562977046695936
1298562998102040578
1298563022500302848
1298563024308129792
1298563029844598785
1298563032008753153
1298563046298857472
1298563047741706240
1298563051352985601
1298563061985480709
1298563065001259010
1298563076179005440
1298563076766261249
1298563085750407170
1298563101990596608
1298563104540889088
1298563119980175360
1298563123159412738
1298563138841870337
1298563145557069825
1298563150153945089
1298563151550713856
1298563158219673606
1298563158379040776
1298563165601636353
1298563173470089216
1298563193548288000
1298563193627971584
1298563198539517952
1298563206923911168
1298563219779444736
1298563224229408770
1298563227526270983
1298563230332264448
1298563240100794369
1298563245863772160
1298563251450642434
1298563261881778176
1298563266403344384
1298563274984828928
1298563284191383558
1298563291120361473
1298563294685466625
1298563307012530176
1298563316252581888
1298563336586420224
1298563336594915329
1298563337026928641
1298563341514870786
1298563359609167874
1298563361072910337
1298563362129928192
1298563363660869633
1298563382052782083
1298563393968836608
1298563394258313222
1298563394631610368
1298563414244163588
1298563429247180801
1298563431344242688
1298563457390960640
1298563458032689152
1298563465305612288
1298563474143039489
1298563480354729984
1298563482649067520
1298563485677355008
1298563487950606341
1298563488328097792
1298563497102581760
1298563509647630336
1298563515788201984
1298563516383875072
1298563518753636352
1298563520124973056
1298563520498458630
1298563526466981889
1298563533039374336
1298563538219393026
1298563545039286273
1298563565763338240
1298563585124315136
1298563588299390976
1298563588777533440
1298563589234659329
1298563591973613568
1298563592942387201
1298563594691452930
1298563597812076544
1298563600693571586
1298563609149218816
1298563617185554432
1298563621681799170
1298563624743710720
1298563653063516162
1298563654242185216
1298563661510979584
1298563681530400776
1298563681626857477
1298563692682981376
1298563692947218432
1298563694755028996
1298563695325450240
1298563697879797761
1298563706582896642
1298563717030981632
1298563723477434368
1298563728313593861
1298563740498120705
1298563748467277824
1298563754565738498
1298563764233687040
1298563769124163585
1298563783804289030
1298563783871418368
1298563801994887168
1298563811213967360
1298563818159853568
1298563820051456000
1298563822412857349
1298563829857751040
1298563834693722112
1298563850019704832
1298563853786259465
1298563853857566720
1298563859121397761
1298563859352035328
1298563860354535425
1298563869472960513
1298563870760501254
1298563870836109318
1298563877014310912
1298563918370136066
1298563926062497793
1298563947226963968
1298563965983887360
1298563973822976000
1298564002142969857
1298564013362733056
1298564018844639232
1298564031373021185
1298564046350843904
1298564052973740034
1298564071223173120
1298564077833400320
1298564080660250625
1298564102730719232
1298564105910001665
1298564128903245825
1298564136352325633
1298564148310179841
1298564149870559232
1298564154157150212
1298564162113675267
1298564163359342592
1298564174767886336
1298564181696950272
1298564185895436288
1298564199719874561
1298564213124800512
1298564224076206081
1298564231458160644
1298564240396169217
1298564243336441856
1298564244812836864
1298564251175530496
1298564255831199744
1298564259849347073
1298564263158657029
1298564289733820416
1298564305630236677
1298564334155632640
1298564341554466816
1298564344234598402
1298564351499153408
1298564351515922434
1298564383786835969
1298564393748267008
1298564397867073536
1298564404192124929
1298564424215793664
1298564427571134466
1298564430209449984
1298564439831130112
1298564441588596737
1298564446659514369
1298564471653269505
1298564484710182912
1298564488187334656
1298564490754232321
1298564529069203458
1298564531648638977
1298564535230619649
1298564538070163456
1298564545401761793
1298564565026955266
1298564584077496320
1298564594772799488
1298564594869428225
1298564594902937601
1298564595083247616
1298564595137892352
1298564595292835840
1298564597465731074
1298564602628681730
1298564612405841922
1298564626179919872
1298564630026035200
1298564630365831169
1298564643418447875
1298564656005554176
1298564662636818432
1298564668466831360
1298564671281274880
1298564672791158784
1298564676092133376
1298564680064040960
1298564690319216643
1298564706513367045
1298564706723078144
1298564714302144513
1298564730399858689
1298564733306466304
1298564735269396480
1298564744459280384
1298564745923047424
1298564753267228672
1298564758170476546
1298564765229481984
1298564781385842688
1298564792068825089
1298564819847610368
1298564825073713154
1298564825296113664
1298564831239450624
1298564838411698176
1298564841049927681
1298564841246990337
1298564846884192256
1298564867327131650
1298564904216080384
1298564907684835328
1298564908536213504
1298564913963704322
1298564934754807808
1298564954937794560
1298564969374666752
1298564972398759936
1298564974298767367
1298564977163476993
1298564984096595968
1298564989674979329
1298564994557255681
1298565014039691266
1298565026714976256
1298565049754288128
1298565063574511616
1298565069312339970
1298565070398644227
1298565075415048193
1298565078166441987
1298565079953223680
1298565083933683712
1298565093744152577
1298565095048597504
1298565106717069313
1298565127940317191
1298565139801800705
1298565144214147072
1298565176426401793
1298565177705746432
1298565187830788096
1298565188287946752
1298565189089079297
1298565190871666690
1298565193237241857
1298565194164113409
1298565195510489088
1298565205165834240
1298565211629260800
1298565249705160706
1298565252993421313
1298565253937205248
1298565256084697088
1298565278826139648
1298565286292062209
1298565286526951425
1298565299315277831
1298565299680227329
1298565300724666371
1298565301068615680
1298565310488993792
1298565330307080194
1298565336674041856
1298565357310009353
1298565366155804673
1298565377295888384
1298565401891217408
1298565405909356547
1298565415925317633
1298565438205579264
1298565457444777984
1298565458287898625
1298565465992765441
1298565467666354176
1298565477527101440
1298565505935200257
1298565522452348934
1298565528278069250
1298565530379522048
1298565530706759681
1298565538470342656
1298565542358417409
1298565543432269824
1298565561119649793
1298565576772788226
1298565593176702976
1298565595571658753
1298565609500880896
1298565618489331718
1298565623518236674
1298565635165818884
1298565648826748928
1298565664026898438
1298565666136629250
1298565666245672961
1298565681382858753
1298565692636225536
1298565698998894598
1298565712743739392
1298565714727575552
1298565737532063744
1298565738115076096
1298565739876683777
1298565740774273024
1298565751188725760
1298565790342492160
1298565793375035394
1298565803386769408
1298565803772719105
1298565823066443776
1298565838316937219
1298565841932484608
1298565853097623552
1298565853122891776
1298565853294874626
1298565854595100674
1298565857887555584
1298565867903516673
1298565868885090310
1298565878599081990
1298565881258299393
1298565886421471232
1298565903672631296
1298565906528899072
1298565906918932480
1298565913407520768
1298565913684463618
1298565916863725568
1298565917241225216
1298565924337979393
1298565932000972800
1298565941513474048
1298565943736463360
1298565949474340864
1298565956952825856
1298565959670784000
1298565960799068160
1298565963047198731
1298565982856925186
1298565991165820931
1298566003387797504
1298566006495948800
1298566011042631680
1298566012711903232
1298566039278702592
1298566040683773952
1298566054214541313
1298566067825053697
1298566082731663360
1298566097327841281
1298566100364517376
1298566105024405504
1298566108002295808
1298566118366420992
1298566122166525953
1298566137286930433
1298566142521487360
1298566153477017600
1298566156333219840
1298566171302690816
1298566179422965761
1298566180089798660
1298566196741181440
1298566200092430336
1298566204022501377
1298566212155314176
1298566228395593728
1298566251594297344
1298566283777245185
1298566307970011141
1298566314433404928
1298566325753839618
1298566341339877378
1298566346230263811
1298566346670780416
1298566348319203328
1298566357886238722
1298566360470036480
1298566367369670656
1298566388827684867
1298566396033544197
1298566413616066560
1298566417370025984
1298566422197669890
1298566425888645122
1298566425976672257
1298566432221999105
1298566434000457729
1298566446570708992
1298566452786733056
1298566456234344448
1298566463255609344
1298566463893184512
1298566479441539072
1298566480766947328
1298566485745586176
1298566535473254400
1298566563897974785
1298566570109808640
1298566575029653504
1298566580482248706
1298566593392369665
1298566598467485702
1298566616842678273
1298566619288023040
1298566641215832064
1298566641610100739
1298566661436579840
1298566661444898817
1298566666020892673
1298566671263825920
1298566671469285377
1298566695368437760
1298566698308706304
1298566708479827968
1298566713424908288
1298566721301864448
1298566731473051648
1298566749265235968
1298566786133233664
1298566791778783233
1298566801220161536
1298566805108199424
1298566811085086721
1298566837702135811
1298566838616502273
1298566843792334861
1298566851132362752
1298566853573345281
1298566857306275840
1298566859973890048
1298566874746228736
1298566880861577222
1298566886305730560
1298566915129061385
1298566915347156992
1298566923513405441
1298566924532699136
1298566930232758277
1298566947408416768
1298566949677469698
1298566964873433088
1298566972519649280
1298566985404559360
1298566986885148672
1298566989913427969
1298567000076296194
1298567004199288832
1298567032200454148
1298567060058968064
1298567060612698112
1298567065876471808
1298567068686712833
1298567087359692802
1298567088420814848
1298567102140489728
1298567111414030336
1298567111527170049
1298567117739044864
1298567117961334789
1298567130716274689
1298567170872549376
1298567185703538688
1298567187054157824
1298567192124981257
1298567221770321921
1298567224878338049
1298567228112220160
1298567233136930816
1298567260408295430
1298567268306235392
1298567277965524992
1298567290913464320
1298567300241596416
1298567304993808386
1298567312958787585
1298567322341380097
1298567330994192384
1298567342813843456
1298567351479214082
1298567356126560257
1298567363349098497
1298567394470899712
1298567406701486081
1298567432890650624
1298567436871045120
1298567437558964224
1298567444223741954
1298567463232327680
1298567469339160576
1298567474800189440
1298567474942824448
1298567491384483841
1298567506123259904
1298567518416785414
1298567523818975239
1298567541493825538
1298567545621041152
1298567547047104512
1298567555557318656
1298567582434418689
1298567594274947072
1298567594543284225
1298567602197999617
1298567602491609088
1298567609986822144
1298567611266084865
1298567623492296704
1298567625140830208
1298567626050895872
1298567644333973506
1298567649014800384
1298567652168933379
1298567658548363264
1298567660549136386
1298567668866449409
1298567690840412161
1298567692904009730
1298567705126146050
1298567706271264775
1298567722595422210
1298567723912503296
1298567735799173120
1298567744632369152
1298567750395351045
1298567753121648640
1298567769814958081
1298567771559796736
1298567788894855168
1298567793655390208
1298567801565831168
1298567803260239878
1298567808868065281
1298567812617768967
1298567830309408768
1298567841499820032
1298567842489675779
1298567859111682048
1298567866334117890
1298567875574235138
1298567875838410753
1298567877751078912
1298567885384712192
1298567885934166016
1298567893723099137
1298567894528393217
1298567897586032645
1298567908860272640
1298567919522152448
1298567923737526275
1298567936974753792
1298567950685933569
1298567971296751621
1298567980461285378
1298567983678324738
1298568004888821762
1298568010500911106
1298568022437908480
1298568038548209665
1298568041282842625
1298568043363278850
1298568048723492864
1298568050741051392
1298568063152009216
1298568063504330752
1298568075357429767
1298568081879511041
1298568105627705346
1298568124141379584
1298568139878400000
1298568151605620736
1298568153212092416
1298568154587762689
1298568181146099713
1298568201098297344
1298568210384654337
1298568220270616577
1298568220383817729
1298568225626755072
1298568226872479744
1298568234464157698
1298568236171239425
1298568238008340481
1298568253699047425
1298568255196594177
1298568262452682752
1298568273718632448
1298568318929043457
1298568332115881984
1298568337673408514
1298568339887919106
1298568344975679490
1298568352038780930
1298568369671569408
1298568370413899776
1298568372184141824
1298568472742498309
1298568603659317258
1298568625419411456
1298568772933038080
1298568777429397507
1298568823793160192
1298568873889927169
1298568971059372033
1298569150009413632
1298569160188993537
1298569190195040257
1298569202354315265
1298569208792526850
1298569219357974529
1298569255353495554
1298569342364286977
1298569476397568005
1298569498002444288
1298569539538620417
1298569571880906755
1298569619700174849
1298569697525411841
1298569722213146626
1298569737803309056
1298569761434087424
1298569883408576512
1298569883840663552
1298569945010364417
1298570009027977218
1298570119686303744
1298570141668716545
1298570150006988802
1298570189345378304
1298570189634703362
1298570211621253123
1298570366818947074
1298570466777608193
1298570493159714816
1298570615260172293
1298570616883286016
1298570639243202561
1298570671191216128
1298570751986012166
1298570818436378625
1298570855988047874
1298570886270857217
1298570886291886080
1298570889831895042
1298571008769654784
1298571031809056768
1298571164768403461
1298571166236450816
1298571216031305728
1298571261946331138
1298571375116988416
1298571415730487299
1298571428225310726
1298571431329005569
1298571559909699584
1298571597440323587
1298571891779805185
1298571895281979393
1298571948117630976
1298572031483576320
1298572057098301448
1298572061523181569
1298572145002344453
1298572149276409856
1298572217031299073
1298572298279161856
1298572413211475968
1298572453288071168
1298572542295322624
1298572753080115201
1298572858520674305
1298572987130667009
1298573011306545153
1298573099508604928
1298573100225880064
1298573143053926400
1298573189606526978
1298573366794821632
1298573413888516096
1298573461586141189
1298573471094628352
1298573520289636352
1298573582923177985
1298573623788220416
1298573646966001664
1298573660001841152
1298573958221045762
1298573964457979904
1298574046855143426
1298574092614995969
1298574154468405248
1298574184050827265
1298574188324823040
1298574233514237952
1298574313667342336
1298574318004305921
1298574490583080960
1298574508475985920
1298574524271689728
1298574539031564289
1298574821631102976
1298574900072984577
1298574923129065479
1298574931157028864
1298574945333764096
1298574982017146880
1298574988304437248
1298575006952300544
1298575104008491008
1298575179245854720
1298575240600199174
1298575240604377089
1298575267506589698
1298575277430378498
1298575317146140672
1298575368551530498
1298575552601759745
1298575575955767296
1298575577864114177
1298575625381453827
1298575666959523842
1298575734982811648
1298575752879906822
1298575763227238407
1298575814729109505
1298575886514565122
1298575901932781568
1298575917455998976
1298575924233936902
1298575924896636929
1298575979691024384
1298575987437965313
1298576053636661248
1298576091775475718
1298576177255374852
1298576178907881474
1298576637878054912
1298576698032762880
1298576751979896832
1298576926773305344
1298577017005318144
1298577061163020288
1298577178230165504
1298577193233252353
1298577255795433472
1298577307733458945
1298577414440792066
1298577464025808897
1298577565871833089
1298577578169597952
1298577586226954240
1298577608062504965
1298577683425746944
1298577828502536193
1298577863701078016
1298577935943647232
1298577978356633601
1298578008970858496
1298578083243532288
1298578155897331712
1298578325850542080
1298578345874075649
1298578436261175296
1298578440585650176
1298578464178688001
1298578486915932160
1298578647004086272
1298579027578454016
1298579029977640964
1298579127218233345
1298579163343925256
1298579184122572800
1298579215961423872
1298579251327901697
1298579261272588298
1298579442718183424
1298579609177460742
1298579636675317765
1298579694267379713
1298579694359441411
1298579720859246594
1298579886043541504
1298579919174356993
1298579927852355584
1298580020399681536
1298580133020930048
1298580451854913536
1298580466610708480
1298580518070628352
1298580536315781121
1298580615760171010
1298580721666338816
1298580791941902336
1298580910560948224
1298580952587759618
1298580971055390720
1298581067314548739
1298581183798956032
1298581235581751298
1298581299565858819
1298581525743763457
1298581606182068224
1298581628420345856
1298581798734254081
1298581921522491397
1298581947938230272
1298581955118796802
1298581977336090626
1298582035779522560
1298582290344419330
1298582351354765312
1298582444359155712
1298582679106052097
1298582754708328449
1298582894085132288
1298583256133177344
1298583318447955969
1298583355747966977
1298583428133269508
1298583460018356224
1298583469979656193
1298583471166824448
1298583471565070336
1298583492041875456
1298583684178640901
1298583729238089728
1298583775526494211
1298583777028038659
1298583790248484864
1298583819298185216
1298583840890519553
1298583872758861825
1298583885098426368
1298583907307261953
1298584069027004417
1298584193589555200
1298584201898479616
1298584204393971714
1298584303367061504
1298584415585656838
1298584434237673472
1298584521391198208
1298584524595568642
1298584540340981762
1298584549719527424
1298584585798930433
1298584638139633664
1298584654891626496
1298584678887313408
1298584680652996608
1298584742204526595
1298584769404559360
1298584919417946112
1298585003148926979
1298585024107884548
1298585039706435585
1298585158426271749
1298585177774596096
1298585207210221570
1298585249937596416
1298585292836929536
1298585385128415237
1298585392346730497
1298585397354799108
1298588070598586370
1298591112970600455
1298591219971428355
1298591220097323008
1298591355992768514
1298591363219546114
1298591508640268289
1298591522657509376
1298591611413245953
1298591697975291907
1298591890959409152
1298592036262682624
1298592060681920520
1298592137274175489
1298592351561101315
1298592626820689923
1298593270264733696
1298593306172170240
1298593411369492480
1298593592978612225
1298593690978586624
1298593699614662656
1298593803343998977
1298594031849676801
1298594051999113218
1298594259629744130
1298594289644183558
1298594403414683648
1298594522449018880
1298594739781021698
1298594845708124161
1298595571100528640
1298595832367906817
1298595838038548481
1298595845730906113
1298595871760711682
1298597571129036800
1298597815619391491
1298597816454074370
1298598697568219138
1298598778656763906
1298598847950848000
1298599361400705024
1298600411406966787
1298601089701482497
1298601314323247106
1298601605512728583
1298601627226644483
1298601656008028161
1298601717186035712
1298601740749737984
1298601762623021059
1298601958589304834
1298602368326447104
1298602872775610368
1298603079512797184
1298603174585139201
1298603245754109955
1298603260044075009
1298604788297478155
1298604922964004867
1298605157031317504
1298605888039723009
1298606981197037568
1298607415177420801
1298607867948392449
1298607880485117952
1298609139678089219
1298609373518987264
1298609979683897346
1298610030145605633
1298610202669973504
1298610997855494144
1298611559338577928
1298611645271494657
1298611731216969728
1298612305912102912
1298613326189133824
1298614807936012288
1298615055584505863
1298615493214044160
1298616145357017089
1298616185190318081
1298616404544020480
1298616454128992256
1298616696266162176
1298616928601341952
1298617938577182722
1298620070315294720
1298620843480809472
1298620851445784577
1298622542857592833
1298623234691211266
1298623309089779713
1298623481786048512
1298623873374736385
1298624566135345152
1298625302625767425
1298626139917881347
1298626292493975552
1298626903729938432
1298626935250137089
1298627653231087617
1298627774295539712
1298627985323548673
1298628403244019721
1298628884473303042
1298629005684412416
1298629190963658752
1298630574710706176
1298632128419241985
1298635734488940549
1298635876881358848
1298636243979440128
1298640554213990401
1298640874360971270
1298641523253403655
1298642357462630410
1298643934428770304
1298644078318563328
1298644773495091201
1298647167528304642
1298647309501202438
1298647877607141376
1298649318417666049
1298650730228781056
1298652760460742660
1298653326339448832
1298654116416311296
1298655006678290432
1298655191911342081
1298655747505631233
1298656118172987392
1298658186136825856
1298658608402649088
1298659031859552256
1298659925237862402
1298660240871821314
1298661761667813378
1298662473290190849
1298662629842522113
1298664218498150401
1298669818334380038
1298669909166235649
1298669932448808961
1298670077835972610
1298671916925026321
1298672403262865408
1298672584385605632
1298673618528993281
1298674133820231681
1298674174358159360
1298677598017462276
1298677841022709762
1298680594428317696
1298681273511301120
1298684318286589959
1298686823779139584
1298689443583397888
1298691286292213760
1298692506994053122
1298694303842213890
1298696896723193859
1298696966369685505
1298697286273441794
1298698555855708160
1298701174716104706
1298701561175121920
1298701850414321664
1298702023047749632
1298704003841363968
1298704266392027136
1298704442859106305
1298704857432555520
1298705990003699713
1298706105279942662
1298710091185627140
1298711855268007936
1298711898792194058
1298712041155223552
1298712137603285002
1298713123101106178
1298713271478841348
1298713668415180807
1298713886674186240
1298714728366137346
1298715283402584070
1298715402940248067
1298716677664673792
1298717952112381955
1298718089576460288
1298718436000849922
1298718513381511175
1298718986314452997
1298719335507099659
1298720926985367552
1298721641229238272
1298721736003731462
1298722481566445574
1298722635019218945
1298723979784413184
1298724397847543808
1298725951258284032
1298726916845793280
1298726967965937664
1298726978623692802
1298727075520552960
1298727605227593728
1298727897369317383
1298727965761642496
1298730340010340352
1298731226237468674
1298731253567574016
1298732013529202690
1298732022832271362
1298732216604856321
1298736850836893701
1298736970919743488
1298737133927239680
1298737838603882499
1298737872535777281
1298738312975450114
1298738688864722949
1298739302134951937
1298739525620035590
1298739722404220930
1298740055188668418
1298740239373041666
1298740816962351105
1298740873916809217
1298741162963087360
1298741357167685639
1298741440747626496
1298741551527583744
1298741609333391361
1298742019276173312
1298742707557367808
1298742761454292994
1298743472241991681
1298746491591417857
1298748162358865920
1298749877648842752
1298750186748088323
1298750842003226624
1298750946013589504
1298751020546351109
1298751139123466241
1298751257356763136
1298751340219371520
1298751598580166663
1298751748497170432
1298752080203706373
1298752084678864896
1298752447133908992
1298752592873435137
1298752658438840320
1298752902840881153
1298753312620269570
1298753603365220352
1298753771590295554
1298754331399856129
1298754334935654407
1298754354766381057
1298754850012921858
1298755000517234698
1298755672243425281
1298755861771431938
1298756323094474753
1298756365725454337
1298756614896447488
1298756883965239296
1298757034096168960
1298757052370685952
1298757083014336512
1298757108310175744
1298757116778471424
1298757117881364482
1298757126031126529
1298757311511568386
1298757414934712320
1298757936911716352
1298758503725752321
1298758616040828931
1298758793245995008
1298758974016303109
1298759087883198464
1298759385129381888
1298759959828746249
1298760101319368706
1298760181589962759
1298760251685175296
1298760324523470848
1298760410833858571
1298760411173597184
1298760636491419648
1298761399309606912
1298761493408870400
1298761625357484045
1298761837987627008
1298761842429513729
1298762146571001856
1298762324891893760
1298762507008512001
1298762527380303877
1298762595705532416
1298762755680481281
1298762781764866049
1298762797170544647
1298762798600724481
1298762854917705729
1298762892553195525
1298762925319106561
1298762935398027266
1298762966595235840
1298762996945223686
1298763033934729218
1298763037181128704
1298763041559937024
1298763110657011712
1298763122749190144
1298763133612371975
1298763208287817728
1298763223999459330
1298763224184217600
1298763238029570048
1298763258594242560
1298763278601117696
1298763284263432192
1298763353133850626
1298763358993252353
1298763377045639169
1298763399505907713
1298763416337887232
1298763440559919104
1298763445257502720
1298763503034138624
1298763506305691648
1298763510084755456
1298763535510654982
1298763559179112448
1298763597414268928
1298763603500244995
1298763624404709378
1298763638606618624
1298763668885319681
1298763765673078784
1298763769393405954
1298763779937894405
1298763779963056130
1298763812452134913
1298763838926487552
1298763858321051648
1298763871851884544
1298763983164510214
1298764016102318080
1298764035047993346
1298764035123486720
1298764049417736192
1298764061597937666
1298764081348980736
1298764081395048449
1298764086168125440
1298764097627082762
1298764109194952704
1298764124747436033
1298764162114506752
1298764190656626689
1298764230477348865
1298764234482946050
1298764242800332800
1298764246910722048
1298764266800119809
1298764267844448258
1298764297347227649
1298764300803346432
1298764332860411904
1298764370013552640
1298764373247352833
1298764395661733890
1298764409821696000
1298764422677180417
1298764477140213761
1298764498405384192
1298764501920223234
1298764516436725760
1298764537211031553
1298764540226736128
1298764573550481410
1298764577677742080
1298764581448437760
1298764589690228736
1298764638373502976
1298764645138915328
1298764651010887682
1298764654618042368
1298764657038159872
1298764664583737344
1298764664927473665
