1326676079264768002
1326676081819201540
1326676082347552768
1326676082423025664
1326676129810407426
1326676287432368129
1326676361830936577
1326676847137009666
1326676904204701699
1326677771888840704
1326678248282054656
1326678747660038144
1326679067471405058
1326679678824931329
1326679874476634116
1326680246691786752
1326680288949391366
1326680562375880704
1326681003906240512
1326681115990618115
1326681624503791618
1326681976938651648
1326682817804296193
1326682843003539456
1326682877313101824
1326682996578136064
1326683128681951232
1326683321204678657
1326683552432459778
1326683839742275584
1326683950220255233
1326685908532342792
1326686152389255169
1326686620880424963
1326687131406884864
1326687238298738693
1326687247849181185
1326687339901575168
1326687766017617921
1326688138316673024
1326688165336375296
1326688762882093057
1326689300910645254
1326689889287598083
1326691180852072448
1326691182215389184
1326691183024693249
1326691191698710530
1326691430702702593
1326692218338422784
1326692593795739652
1326693128737337344
1326693590173708290
1326693803986616321
1326694561163440130
1326694978412802048
1326695056154251269
1326696640145731585
1326697962190331904
1326698229904379905
1326698242667638784
1326698727701147651
1326699334017183744
1326701464367075330
1326701935521648642
1326703589411139585
1326704016840077313
1326704659298390018
1326704812512178176
1326705675817390081
1326706213367799810
1326706277410607106
1326706687999356932
1326706899958509568
1326707918444634114
1326709045919698944
1326709310215258114
1326710823977410561
1326711066240421888
1326711178446467073
1326711231340834820
1326711231651188736
1326711318804623360
1326711683541311491
1326711924055306241
1326712332718919683
1326713005476868096
1326713828202131461
1326713866647199745
1326713875534909440
1326714043072208897
1326714467120521216
1326714490390515713
1326715184967278592
1326715937270226944
1326716092312506368
1326716848650547200
1326717665080176642
1326719035317383170
1326719129001332736
1326719255765725186
1326720116936105985
1326720688770732033
1326721094330494980
1326721110738657284
1326721377332842497
1326721380105158656
1326721380700745730
1326721380952412160
1326721381355151366
1326721381464236033
1326721551652286464
1326721797992144896
1326722552513826816
1326722975014526976
1326723472593072128
1326723485863976960
1326723526359965696
1326724792859439105
1326725125295771648
1326725152042864641
1326725643216822274
1326725668240039942
1326726304033607680
1326726913541468162
1326728926903762950
1326728927222657026
1326728927289593857
1326728927663034369
1326728974857342976
1326729298930233344
1326730079012057089
1326730185090035712
1326730564343369734
1326731101654687744
1326731473790115841
1326731529972830211
1326731661820768259
1326731926024171520
1326733639560933376
1326734812674207750
1326734818298769409
1326735473868419072
1326736478542704640
1326736479301693440
1326736598852128769
1326736701935538182
1326736819334107136
1326737088356691968
1326739816311033856
1326741308598317062
1326741332593872898
1326741333155999745
1326742014549962753
1326742048028942338
1326742242900447232
1326742304716181504
1326742766148341760
1326742800080261126
1326742996231086080
1326743448788094976
1326743947637559297
1326743957909467136
1326744492075003904
1326744888893972483
1326745180897226752
1326745394253099011
1326745445050314752
1326745999654744065
1326746222493884416
1326746368245985280
1326746481118752769
1326746508054712320
1326746868693553152
1326747266951024642
1326747273762639872
1326749147546968065
1326749724909694983
1326750068150558721
1326750767924072448
1326751152004796416
1326751292455317504
1326751560064491525
1326751575856066562
1326751575935655936
1326751576262914048
1326751607179063296
1326751702603718656
1326752129781010433
1326752361851785219
1326752834377797633
1326754006354567169
1326755007677542401
1326755256366206976
1326755822056185859
1326756235606188032
1326756439117983744
1326756439751348224
1326756678147207169
1326756806253801472
1326757220005064704
1326757285817950208
1326757348791050241
1326757427363123202
1326758039630786562
1326758111546368000
1326758801236766721
1326758875064913920
1326759125804609537
1326759296139481088
1326759302871257089
1326759457343369216
1326759696154431491
1326760081770340352
1326760280307748864
1326760385815392258
1326762900648816640
1326763013660086274
1326763263162511361
1326763794090090498
1326764159011221504
1326764870726004736
1326764886664351747
1326765098879381505
1326765289099436033
1326765740347826176
1326765899697840128
1326766222877347843
1326766256414994433
1326766360647659520
1326766465681412096
1326766467434614785
1326766659219169280
1326766675581046784
1326766676189224960
1326766676612800512
1326766678701707265
1326766691821424640
1326766780807860225
1326766844984897536
1326767038589792256
1326767094881538051
1326767392568070150
1326767696596377600
1326767721359564801
1326767933981294592
1326768313112932352
1326768504872333313
1326768758929711105
1326769191970631680
1326769351253499904
1326769876183240704
1326770028704829441
1326770198737608704
1326770366304358410
1326770385220743174
1326770450467205120
1326770692080214017
1326770929662357504
1326770940722761729
1326771268335628292
1326771360262131713
1326771708557209606
1326771780074221573
1326771938858033153
1326772046102192128
1326772102083596288
1326772204399374337
1326772293348044800
1326772310100094987
1326772626195439617
1326772930513149953
1326772935944769538
1326773056187092993
1326773071026515968
1326773361381412865
1326773416486170625
1326773422026842114
1326773597264879616
1326773881571565568
1326773909757304837
1326774102238040065
1326774179325222912
1326774179832750080
1326774226196570112
1326774286133170178
1326774415569416192
1326774481214464001
1326774598004826112
1326774642812575745
1326774796395425792
1326774822781800450
1326774832483213314
1326775136482111489
1326775405668339712
1326775483652923392
1326775509573914624
1326775683264245762
1326775820824809473
1326775826482860038
1326775863287877633
1326775998373879809
1326776034591707136
1326776034981801985
1326776035204100099
1326776238401269760
1326776397256331265
1326776422845861889
1326776937356943360
1326777120790548482
1326777124678668288
1326777294229266432
1326777320389087242
1326777524815335429
1326777572529758211
1326777695817109510
1326777741497266178
1326777748476502016
1326778009915953153
1326778066404839425
1326778072637591553
1326778076370513924
1326778160793444352
1326778552080097282
1326778742870511616
1326778795597189122
1326779258409246723
1326779465020608512
1326779485040074752
1326779820647321603
1326779862082842629
1326780021369925632
1326780157642862593
1326780228585316354
1326780280682803200
1326780520982863873
1326780707922989057
1326780732509986816
1326780840228122624
1326780935229091841
1326781054628270082
1326781502420639751
1326781523169693696
1326781527917797376
1326781542115536898
1326781542132293634
1326781728254533632
1326781775327100928
1326781777143345154
1326782253381398528
1326783509629952001
1326783592610066432
1326783612017106944
1326783712256782337
1326784299195113474
1326785297791725571
1326785514498891776
1326786521308028930
1326786727487410177
1326788222396096512
1326789187035598850
1326789324822679555
1326791240239747077
1326791255045660677
1326791524827484162
1326791777072844800
1326792073765380102
1326792841545326592
1326793093295828996
1326793193644494848
1326793503217737729
1326793623938215936
1326794039778217984
1326795490604838912
1326795558426652680
1326796877312880640
1326797456483479552
1326797480294486018
1326797486598610944
1326798133406347264
1326798475728719875
1326800654535417856
1326801426241220609
1326803052322557952
1326803839396294661
1326805629844025345
1326806233572134912
1326806940626767872
1326807354608930817
1326807479485931520
1326807864418201601
1326808199056543744
1326809860399357953
1326810296057552897
1326810715630444544
1326811330301620225
1326811386995937280
1326812159397998593
1326812316604788741
1326813019859521536
1326813294603198464
1326813408478580736
1326815221340659712
1326815459489026048
1326815670819053569
1326816206129606656
1326816314049114112
1326819525447340032
1326821198647468033
1326821656485093377
1326822040481849345
1326822493320044545
1326823298525614080
1326823316838092800
1326823488036986881
1326823700361080833
1326823794997141505
1326824211155980289
1326824267313516555
1326824754989453312
1326825327683919877
1326825933995696128
1326827023805915136
1326827212339875840
1326827306481029122
1326827512651984896
1326828510044893184
1326828840556113920
1326829536089092096
1326829590258589697
1326829748778131456
1326831274548457472
1326831312494354432
1326831994970517504
1326832687865356288
1326833072092966912
1326834347492716544
1326834563470008321
1326834715215671301
1326834753279062016
1326834814335455232
1326835975104946181
1326836080675577858
1326836338918887424
1326836376202072064
1326836627554045952
1326837844632096768
1326837866379481089
1326838116418772992
1326838245271986178
1326838320912093185
1326838481801388032
1326838555071672322
1326838786140016640
1326839203020337152
1326839661982068736
1326839944141213696
1326839999275413504
1326840239625801731
1326840401664372737
1326840584573759488
1326840763708289025
1326840938036154368
1326841460541558784
1326842005046128640
1326842014005125120
1326842236433293312
1326843266776653825
1326843275664371712
1326843984635981826
1326844399603609600
1326844566650167296
1326848483442257922
1326848782403776512
1326848803887075330
1326848973164916736
1326849748310122496
1326849901184081923
1326849965507932162
1326850003151761408
1326850127470981120
1326850142692118531
1326850142771834880
1326850154289303553
1326850170005413890
1326850202549039105
1326850212753797120
1326850326754889728
1326850336385081344
1326850355523694594
1326850384007221248
1326850420317319173
1326850973491408896
1326850975240515585
1326851130849193985
1326851253931020289
1326851370935312386
1326851390501769216
1326851566423433218
1326852110529556480
1326852983234162689
1326853568582782978
1326853839253876737
1326854372760936449
1326854404067233792
1326854410631319552
1326854522568921089
1326854539090288640
1326855580787630080
1326855745120444419
1326855975836528642
1326856615086219265
1326856873673433088
1326856943760240640
1326857275856674816
1326857451451322369
1326857664995979264
1326858096141086722
1326858209932570624
1326858813773852672
1326859682380656641
1326860219033542657
1326860594444718080
1326862061280899073
1326862180642402304
1326862546469580801
1326862701117628417
1326863363691917313
1326863459410186241
1326865878072365056
1326866424833437696
1326866674688122880
1326867090528210945
1326867142428516355
1326869017508909056
1326869658226597890
1326869996161675275
1326870131880955904
1326870262055395328
1326870597117284353
1326872195692437505
1326872377662255105
1326872528065880064
1326873211099885570
1326873339000991744
1326873976975609856
1326875274290540544
1326875462103076866
1326875769310769153
1326876031396016128
1326876486884880386
1326877577756221441
1326879773302394880
1326880866975494144
1326883906205831169
1326884275292155905
1326888618984673280
1326889596408492033
1326890526940028928
1326892469305413632
1326901643338788869
1326901666378096640
1326901703963254787
1326901726759317504
1326901762914136066
1326901819549880321
1326901821412139008
1326901850164092928
1326901862436630529
1326901864538009600
1326901864970006528
1326901866312118279
1326901867939573764
1326901871571857409
1326901880912482313
1326901918640300035
1326901923832795144
1326901963523563520
1326901980648910852
1326902007727329288
1326902008662593540
1326902068188164096
1326902074815221774
1326902080066514946
1326902094905880578
1326902110441639937
1326902195414069255
1326902206797328384
1326902218818285569
1326902233313718275
1326902237499707394
1326902240934830085
1326902243510128641
1326902250527186948
1326902252292988929
1326902269284143108
1326902275319664642
1326902281284034563
1326902286203969536
1326902328478273542
1326902374129160194
1326902383557881857
1326902386707849221
1326902387651522568
1326902452222906370
1326902456962457600
1326902491393495041
1326902513531035650
1326902571324170240
1326902576034549765
1326902576479166465
1326902577024299008
1326902577825521671
1326902582674075654
1326902583294877701
1326902583487852546
1326902584372830213
1326902594871193602
1326902614731218944
1326902615574253576
1326902615754551296
1326902631382609928
1326902632896749571
1326902633605558274
1326902633672695809
1326902639041404928
1326902644288446473
1326902658343505921
1326902662282022915
1326902686021726212
1326902697426083847
1326902698948644866
1326902727729958915
1326902786420838401
1326902798227820547
1326902810609393665
1326902822999371778
1326902832465907712
1326902844465811459
1326902870025916417
1326902879240802304
1326902938892120071
1326902947201081344
1326902961625325571
1326902966813679616
1326903002649784321
1326903040042004494
1326903041329655809
1326903053505736706
1326903063316205576
1326903074854752256
1326903088561655809
1326903093729128452
1326903094131781637
1326903096979714054
1326903098242199552
1326903099504668674
1326903100947492864
1326903107746455561
1326903130257317891
1326903140181045262
1326903183403339776
1326903195067670530
1326903196019789826
1326903203682799616
1326903214017490945
1326903237828616194
1326903263350943746
1326903283412242432
1326903306904629257
1326903323383959552
1326903332594733060
1326903337095221255
1326903338315689990
1326903339632693251
1326903340953907200
1326903343181144064
1326903344464531458
1326903346226225152
1326903353385889792
1326903359425679360
1326903361925427200
1326903375347249152
1326903415528706048
1326903466023936004
1326903525184581632
1326903536672763908
1326903539008942080
1326903545501716487
1326903552560795649
1326903558902603777
1326903563243675650
1326903578049568771
1326903580448710660
1326903598781968387
1326903604972761091
1326903609699741697
1326903618314842116
1326903619669594114
1326903644105662475
1326903649830907904
1326903658672484352
1326903675504250881
1326903698707144704
1326903718932082688
1326903726829932547
1326903733557612551
1326903751609884674
1326903803417923586
1326903811164819456
1326903829695131648
1326903833872769024
1326903836989157378
1326903845646110722
1326903883772391431
1326903894371340290
1326903909110124550
1326903914323726336
1326903916685107207
1326903927477051398
1326903936729616386
1326903942173913091
1326904013703573513
1326904029843165189
1326904090543218690
1326904094066401280
1326904108805201921
1326904120285032454
1326904157962440708
1326904171229044736
1326904186877972481
1326904199389605891
1326904217408245760
1326904228909092868
1326904241512992771
1326904247506636802
1326904252153917441
1326904266108317697
1326904314271584257
1326904314946850822
1326904336086085637
1326904342209769473
1326904350933913604
1326904353656107010
1326904361084198914
1326904362136899588
1326904374631788547
1326904385725755392
1326904385738313728
1326904424111935490
1326904440490745856
1326904447839178758
1326904460984115208
1326904484346388483
1326904496363081737
1326904505502412801
1326904511122845699
1326904526587170819
1326904585219346436
1326904585668202496
1326904590869159936
1326904595113799680
1326904598381162503
1326904610636914689
1326904619356844033
1326904668539248649
1326904683911401472
1326904766664990723
1326904773061337092
1326904788215357441
1326904788575981570
1326904790589333505
1326904794792026112
1326904810906509314
1326904860244062208
1326904872373981185
1326904879420469250
1326904888719269895
1326904897023905794
1326904911385276416
1326904916305207304
1326904948458729479
1326904948920094721
1326904952032288770
1326904961951784961
1326904965407895561
1326904969690230784
1326904982084399110
1326905021162721280
1326905050938159109
1326905061335851009
1326905087881601024
1326905088045146113
1326905091492810752
1326905120802689024
1326905133872115712
1326905148690608128
1326905159717433351
1326905201912111106
1326905204101558273
1326905207507316736
1326905210195808256
1326905213958172681
1326905217150033921
1326905225274413056
1326905232102739974
1326905235021967365
1326905243658022916
1326905245247606784
1326905246979923968
1326905267141926913
1326905269599805441
1326905270929420293
1326905288230899718
1326905309298876418
1326905331222540288
1326905332669571081
1326905339325763584
1326905343138537479
1326905348150743047
1326905355390103552
1326905367620702213
1326905395093397505
1326905396599074816
1326905477167460352
1326905490228523009
1326905493307224067
1326905502773743618
1326905516476477445
1326905522101096451
1326905523363581954
1326905525787889669
1326905531030777858
1326905531248881665
1326905544800669698
1326905551058575366
1326905561565319176
1326905569630953472
1326905581798641667
1326905615931805704
1326905683254632448
1326905683925749760
1326905688199737352
1326905694579257348
1326905700874907648
1326905715106189313
1326905717857595397
1326905719552176128
1326905773109153797
1326905774157729797
1326905789857009666
1326905800644759558
1326905810983718913
1326905811638095874
1326905817405280268
1326905818923606016
1326905826787864578
1326905831066128384
1326905837571411970
1326905842696921091
1326905846652145666
1326905883859836931
1326905899194183686
1326905913324744707
1326905934376005634
1326905958086434816
1326905996304928768
1326906012348067840
1326906049304154115
1326906051954929664
1326906071668158468
1326906076965560326
1326906090437668864
1326906091628863491
1326906100906594309
1326906114756251648
1326906136654729216
1326906164567748612
1326906186587926540
1326906190593462276
1326906192636112901
1326906207249051649
1326906221882957826
1326906236042960901
1326906263368855552
1326906268154548226
1326906275318419463
1326906276824158210
1326906293844631552
1326906311372632072
1326906314308673540
1326906315445301248
1326906346428653574
1326906346571173893
1326906360185937922
1326906368834539525
1326906374891200512
1326906376896073729
1326906381283315713
1326906384781352961
1326906411687751685
1326906414552461315
1326906430969024514
1326906433905037312
1326906467274940421
1326906510241378312
1326906515568123907
1326906519183642627
1326906520710340610
1326906527798747136
1326906556085116930
1326906569540427776
1326906579871014912
1326906605439422465
1326906609403121666
1326906615912656899
1326906639144849409
1326906639560142850
1326906659776712704
1326906668454715392
1326906670136614912
1326906674834255877
1326906679238287371
1326906691884097536
1326906711328886789
1326906762935590914
1326906766718885889
1326906768635662342
1326906771785584642
1326906773844975616
1326906777758261249
1326906782086815745
1326906798004166659
1326906812499636230
1326906850441310221
1326906862898454532
1326906863116578818
1326906877591113736
1326906878786465795
1326906883131793409
1326906904971501577
1326906920398188544
1326906924215001088
1326906943152205826
1326906948558655493
1326906952476217345
1326906979579727878
1326906993051832321
1326907004921778180
1326907032969093122
1326907034755862531
1326907052187389956
1326907066611621891
1326907070067716096
1326907087113383945
1326907109959725057
1326907126506250242
1326907195464830985
1326907197964607490
1326907202519621632
1326907212434984966
1326907215798808577
1326907240889061376
1326907256022179840
1326907285864636423
1326907288590888961
1326907332798930948
1326907361789947911
1326907368144310273
1326907398959865857
1326907399903522816
1326907408984182788
1326907420761845762
1326907458556747779
1326907499585425409
1326907562307055628
1326907598172459022
1326907604619186181
1326907610755371009
1326907611158093826
1326907624743460864
1326907630254690311
1326907635866742787
1326907636705603587
1326907638102315010
1326907651784110090
1326907678447300610
1326907686856822790
1326907690833108999
1326907713104777216
1326907744310472705
1326907749679173634
1326907756067090433
1326907767500779520
1326907768410959875
1326907780846989322
1326907796881887232
1326907799830482945
1326907813822664704
1326907816263749639
1326907830239195138
1326907866419236866
1326907867690119178
1326907902955761665
1326907922610315275
1326907940859760640
1326907942717829121
1326907948682125316
1326907957158797313
1326907961545994240
1326907993921904647
1326908006521581568
1326908029292449794
1326908057851469826
1326908064725917701
1326908071453609985
1326908102545977346
1326908135207006208
1326908164630048768
1326908171529703425
1326908187124117504
1326908196175409152
1326908207286071296
1326908207940444172
1326908252660133889
1326908253289254914
1326908265331122181
1326908286092910592
1326908289884561409
1326908304975663109
1326908331022233610
1326908332851007489
1326908344674754573
1326908356842434560
1326908365134565376
1326908372143181828
1326908424270073857
1326908428191731713
1326908447238066176
1326908482067509250
1326908488694558726
1326908511759036416
1326908523553443840
1326908542088056835
1326908543920988162
1326908555434323969
1326908576951046148
1326908585494933504
1326908594760130564
1326908607372419073
1326908613500280833
1326908628641738752
1326908633595179009
1326908651051868169
1326908655376216065
1326908669322268674
1326908669955629062
1326908671473950726
1326908697994547207
1326908704722128896
1326908719247085577
1326908721113477120
1326908743024570369
1326908750322659329
1326908774800560132
1326908785970073608
1326908790915084289
1326908793649831945
1326908820803686401
1326908824750592006
1326908842102435842
1326908868413313024
1326908872817340417
1326908875807854602
1326908883777052672
1326908888097099788
1326908891788156928
1326908900956844037
1326908917809639428
1326908928840658946
1326908928949710848
1326908974512435200
1326908982045380619
1326908985954459650
1326908987179200516
1326908997107134464
1326908999124586500
1326908999191703554
1326909029352955906
1326909037917691906
1326909041545781259
1326909076178149377
1326909090065506304
1326909136752271360
1326909157547585536
1326909159166578688
1326909261792817152
1326909270496063491
1326909321926635520
1326909355720134660
1326909365975179268
1326909381393477632
1326909406668337152
1326909406945144832
1326909416050991105
1326909445939585026
1326909455989157889
1326909456186269699
1326909460728700928
1326909499874144258
1326909509441359873
1326909528072466436
1326909560242757638
1326909563669520387
1326909601510526982
1326909642979631104
1326909653855444993
1326909656359374849
1326909688861093889
1326909690148757505
1326909726047825923
1326909747421974528
1326909763666513921
1326909782415077381
1326909791277617159
1326909792217145345
1326909799863291913
1326909818414751745
1326909869291675648
1326909872865222657
1326909892603621376
1326909898790211584
1326909900614737922
1326909912350384128
1326909923364659200
1326909935171624963
1326909939282010114
1326909957296574464
1326909960123506689
1326909977034977281
1326909981246042112
1326909993250152448
1326909995657670656
1326910002129465345
1326910004914491396
1326910006160203777
1326910007435272193
1326910009570177025
1326910014393561093
1326910023952461824
1326910046777864193
1326910050846322688
1326910060145086468
1326910074363801606
1326910120660410369
1326910121075761154
1326910121641795584
1326910122749091841
1326910123177103360
1326910123994882048
1326910131339206656
1326910136108134403
1326910147122384899
1326910165245943813
1326910170279124999
1326910200318730247
1326910200624902148
1326910215678271491
1326910216714285057
1326910236603670528
1326910240802136067
1326910247198461958
1326910247886319616
1326910250155433989
1326910278756413448
1326910280203464710
1326910283709882368
1326910295529443334
1326910330476367880
1326910334892969988
1326910346146279427
1326910382431203328
1326910398373781504
1326910426106507275
1326910431361982465
1326910436135084033
1326910463490318338
1326910485686591496
1326910490807848963
1326910493584404485
1326910503885664258
1326910509732556801
1326910522323849218
1326910526694297603
1326910527885504514
1326910543249207297
1326910551688175617
1326910630608203781
1326910671481696261
1326910687860420613
1326910690670600195
1326910700321730561
1326910707212947458
1326910721255497730
1326910730059264005
1326910731774799880
1326910755795562496
1326910760858030083
1326910768017760256
1326910780156076037
1326910795117113344
1326910804734730257
1326910807058370564
1326910843485876237
1326910861122949120
1326910865556320257
1326910902432641026
1326910928487636995
1326910933252399107
1326910959038963720
1326911060645982209
1326911069743423491
1326911080715718659
1326911093806149633
1326911136579674114
1326911145979023361
1326911166074019847
1326911177163747329
1326911183807537156
1326911187448172544
1326911197871042561
1326911227822551043
1326911229617696768
1326911241512742915
1326911244918525966
1326911273469095940
1326911317731586052
1326911326816505856
1326911333913260033
1326911341496569856
1326911363898355715
1326911384068759553
1326911386606252032
1326911396928425997
1326911403438051330
1326911425395220485
1326911473793298432
1326911491510071297
1326911499349135361
1326911507347738625
1326911523281891333
1326911523881676801
1326911527404920834
1326911534065389568
1326911538649837569
1326911551769600005
1326911594731884549
1326911614965198850
1326911621516685315
1326911632426098688
1326911647831773192
1326911676348850176
1326911679838498816
1326911685450403851
1326911704366714880
1326911707000745987
1326911710595313664
1326911726495932418
1326911775346929667
1326911788152184845
1326911849804279817
1326911893148209158
1326911902971289602
1326911925616324611
1326911927830913026
1326911928351023104
1326911937490407427
1326911951667081216
1326911976262553600
1326911979928363008
1326911982763696133
1326912012132249600
1326912016842448897
1326912021594574849
1326912027932188673
1326912034290675713
1326912063327903749
1326912078419030019
1326912081866657796
1326912093388480517
1326912117337894912
1326912121637122048
1326912122463326210
1326912154814001156
1326912157620072451
1326912162309267457
1326912167359229954
1326912186502025221
1326912187332517890
1326912206789865483
1326912211193827337
1326912217942544385
1326912218647187458
1326912227337777159
1326912248753889281
1326912267380731904
1326912268068671488
1326912270585180167
1326912277572968452
1326912278122336258
1326912278801883144
1326912280341192708
1326912308262612993
1326912325681606659
1326912327841673219
1326912337236922368
1326912337593454594
1326912349270384641
1326912362612465664
1326912370560692232
1326912372691378179
1326912434960019460
1326912460125827078
1326912461258289153
1326912489863450626
1326912501804568579
1326912512055500800
1326912515796774922
1326912575116877826
1326912581362184195
1326912596205854720
1326912643354013697
1326912644217966596
1326912651092504577
1326912655647526912
1326912664522678272
1326912667420864512
1326912687364771842
1326912719052746754
1326912724987744265
1326912768931491843
1326912775864672258
1326912792071462915
1326912811474309120
1326912859683610624
1326912887714164738
1326912889224097795
1326912897344266240
1326912908060667905
1326912920048054283
1326912928990294017
1326912959872962560
1326912987056267271
1326912992311717895
1326912994132062209
1326913000356319235
1326913017674682369
1326913017997561857
1326913028433059840
1326913084401872896
1326913093293797376
1326913154543202310
1326913161132453889
1326913162000691201
1326913165599395840
1326913171135803393
1326913196280700928
1326913214827929601
1326913216404983813
1326913219387121664
1326913223866650629
1326913282695962625
1326913302505598976
1326913303147327490
1326913329948975105
1326913348995264523
1326913378514837506
1326913384848220164
1326913386060374016
1326913402309128192
1326913418247499777
1326913429358174208
1326913431786680329
1326913434772967424
1326913445220986881
1326913465416617987
1326913468587511808
1326913518881415169
1326913537608978432
1326913565987659777
1326913567648587780
1326913571905826816
1326913573789052930
1326913597264564229
1326913601316249606
1326913612552794114
1326913617401352192
1326913625798434822
1326913632437985283
1326913643905126400
1326913645897527299
1326913667783413761
1326913670526406656
1326913677837168641
1326913689711222787
1326913710590480387
1326913732954513414
1326913738386108418
1326913754819342343
1326913755452743680
1326913772666105859
1326913778999504897
1326913790257078274
1326913811975168000
1326913837640114176
1326913843843502090
1326913845756092417
1326913895529771009
1326913895529816065
1326913895722868748
1326913896163110912
1326913896297410561
1326913901976547331
1326913914161033221
1326913915633233922
1326913916497244161
1326913919743643648
1326913951272202242
1326913954900307970
1326913957068759041
1326913958545154052
1326913973380395008
1326913986907037704
1326913997174607873
1326914017517047809
1326914020968980481
1326914030892617735
1326914048437391360
1326914096374145026
1326914108759871495
1326914122857009161
1326914128309587971
1326914132608770049
1326914134454243330
1326914147322302469
1326914162052788224
1326914163386544132
1326914175839457297
1326914225701330949
1326914261214502917
1326914262888046593
1326914276691472385
1326914278243393539
1326914296836714496
1326914309293793283
1326914342944698370
1326914352155389952
1326914352730005510
1326914357285023747
1326914386053767171
1326914391321833481
1326914395960717324
1326914406320627712
1326914413547429891
1326914421311102976
1326914448465022981
1326914454605467653
1326914461337268232
1326914478949195777
1326914480115228682
1326914507646660611
1326914508330307585
1326914513426386944
1326914522381230084
1326914536218177537
1326914536729948160
1326914552076890116
1326914567411281920
1326914569839763457
1326914578740097028
1326914589334888451
1326914591327186945
1326914594716135436
1326914599346704391
1326914618971852804
1326914635468070912
1326914662844293120
1326914669605478400
1326914698491670542
1326914744641593348
1326914753663528972
1326914766770679809
1326914782121910275
1326914818616528897
1326914831757287427
1326914858659565569
1326914863457857550
1326914875407392771
1326914900220932096
1326914902573846533
1326914920210948099
1326914941576769537
1326914959519977474
1326914993225428994
1326914993506447362
1326914996249497601
1326915011369979904
1326915017653035009
1326915075442085894
1326915085684629513
1326915093548986368
1326915094538825729
1326915095277023233
1326915099341312000
1326915108178702337
1326915128596574212
1326915156702597120
1326915171198132225
1326915176717840384
1326915179079229441
1326915223081668608
1326915250143289346
1326915252886364163
1326915258024398848
1326915259840536580
1326915270456332288
1326915284012322818
1326915307978567681
1326915315876442120
1326915329931481089
1326915340169846786
1326915361162334212
1326915381387284481
1326915390509899778
1326915402023247872
1326915405189877762
1326915412022484995
1326915422646640642
1326915453109866501
1326915480133709825
1326915482658725890
1326915486500728833
1326915487675060226
1326915493979164676
1326915519878983681
1326915537843200001
1326915558651129860
1326915563336179715
1326915581392662528
1326915588099354632
1326915616679325701
1326915639899025413
1326915657104035846
1326915657292800006
1326915668520955907
1326915679510007811
1326915683624607745
1326915694731128837
1326915698724130817
1326915704172515331
1326915709432176642
1326915711571292163
1326915712137486347
1326915723256619008
1326915777367314433
1326915788939386881
1326915795054682115
1326915805926330368
1326915845424025602
1326915851623215108
1326915862071287810
1326915872309567491
1326915873718886403
1326915887866241029
1326915893331374083
1326915897211183106
1326915903120941059
1326915907252330497
1326915908934266880
1326915926323847168
1326915926957158400
1326915932317487107
1326915936713105408
1326915948415217673
1326915970024304643
1326916025858875394
1326916045194588170
1326916064719081474
1326916084281323523
1326916093219381251
1326916095748558849
1326916103285727233
1326916115923152897
1326916117173063682
1326916127117684738
1326916130083123200
1326916137427365888
1326916164983934976
1326916178900619267
1326916201050759168
1326916203458293762
1326916205811277831
1326916207073783809
1326916209686810630
1326916218436128768
1326916223934795778
1326916226229170178
1326916240770822144
1326916242846998532
1326916275101196291
1326916282822881280
1326916283779190789
1326916305518288898
1326916325806116864
1326916358811115520
1326916365136109571
1326916369443680257
1326916376888537089
1326916385734348805
1326916395083378688
1326916400456359936
1326916435554217985
1326916439132033024
1326916468525641729
1326916493305663490
1326916500704415746
1326916511030779906
1326916516265275392
1326916519872303104
1326916528923701248
1326916532132261891
1326916539682058240
1326916540164411400
1326916549895188480
1326916551161868290
1326916562943619077
1326916568077524993
1326916591905370113
1326916673694298119
1326916698507796485
1326916702651748364
1326916712780992513
1326916725770768386
1326916731365896192
1326916738743750657
1326916743885971456
1326916748566798337
1326916749007212547
1326916755399258116
1326916757202808833
1326916768691089412
1326916773699006467
1326916775200632840
1326916801872195585
1326916811061948418
1326916812093730819
1326916829416132610
1326916839184732164
1326916860177211394
1326916860487589897
1326916870084186112
1326916872466468865
1326916896537661441
1326916915751686146
1326916921665744900
1326916931929174027
1326916965387137024
1326916987046547456
1326916997402292227
1326916997674917890
1326916998438264832
1326917003978924039
1326917015110553605
1326917015387467776
1326917046433697795
1326917049839480833
1326917075001110533
1326917075886075907
1326917079778414596
1326917129426366468
1326917143598915585
1326917148103614465
1326917179791581184
1326917202453344258
1326917202570858497
1326917208228945929
1326917240302792705
1326917250058768386
1326917273626537985
1326917276021481474
1326917282510086147
1326917292794540034
1326917303024447489
1326917304865746946
1326917317989699585
1326917323316453390
1326917336612425728
1326917358666002436
1326917369940365313
1326917395877945346
1326917398759399426
1326917408167223298
1326917412017623046
1326917417050796038
1326917429944082432
1326917430552252418
1326917433320476672
1326917446742237185
1326917455248285698
1326917475460673537
1326917482033115140
1326917502291619840
1326917505420587009
1326917509308686336
1326917529059667969
1326917547174858752
1326917560013647874
1326917576589533189
1326917585305264128
1326917593463201793
1326917593651961857
1326917596122320903
1326917603529519107
1326917606981373952
1326917610764701696
1326917617886650370
1326917638275158017
1326917640154198017
1326917652758093825
1326917667601731584
1326917667958231040
1326917669438844930
1326917670554513411
1326917671066116096
1326917672567779329
1326917673612087302
1326917674014703616
1326917678980804608
1326917681782648832
1326917686824198146
1326917689017819144
1326917699478441989
1326917702884204546
1326917706478661633
1326917714611408897
1326917720324108289
1326917724921016329
1326917726175195143
1326917748635676673
1326917756927832077
1326917773449187332
1326917776716476421
1326917779723870208
1326917779862204416
1326917794949115918
1326917809511804928
1326917812200349699
1326917821255864322
1326917842030227461
1326917845679284225
1326917856114642945
1326917867179225093
1326917869683290120
1326917878751301641
1326917887043510272
1326917920895721479
1326917935940722692
1326917936343347205
1326917942257340417
1326917956677275652
1326917972405981184
1326917981402705929
1326917989623586819
1326917993830420482
1326917997810884615
1326918006589501447
1326918040890580994
1326918058544418819
1326918075309023233
1326918090651815937
1326918104400744449
1326918122973040641
1326918133043650561
1326918141130252289
1326918165499170816
1326918185237565442
1326918195173879809
1326918196893540353
1326918208788557826
1326918209614868483
1326918248546381827
1326918249129373699
1326918251192987656
1326918278602760193
1326918282486673418
1326918283245785090
1326918325843193857
1326918330624696320
1326918351457832960
1326918362195177472
1326918368700534790
1326918377336606721
1326918381661020162
1326918398866022404
1326918408240328704
1326918430667235336
1326918449398943753
1326918450078486531
1326918450485338113
1326918473553940480
1326918474724208640
1326918484656263170
1326918485642014728
1326918496119386114
1326918503010623489
1326918528092528640
1326918539362660353
1326918576977174528
1326918580512956417
1326918588947701761
1326918594748428294
1326918610900619269
1326918643289124866
1326918648364142594
1326918661333012482
1326918667041452033
1326918702466535424
1326918710343446530
1326918744170487809
1326918756979908608
1326918776928030720
1326918786168082433
1326918800642543617
1326918824436883456
1326918852496814080
1326918868871294978
1326918874185478146
1326918908989861889
1326918918083141632
1326918918636761091
1326918940698816516
1326918972286115840
1326918978153943045
1326918978317455362
1326919010747883522
1326919014552121345
1326919015089004547
1326919024224178183
1326919030767280132
1326919034349228032
1326919039202054147
1326919048555339776
1326919057887649792
1326919084160774146
1326919093564399621
1326919095422488576
1326919125525012490
1326919126103830530
1326919139831799808
1326919158718722050
1326919186245939200
1326919189106405376
1326919223147438080
1326919225009729538
1326919225366163459
1326919235910688771
1326919252335595529
1326919254441144320
1326919262796189696
1326919270782169090
1326919286267514886
1326919286703726598
1326919293070696448
1326919304252682241
1326919318324568066
1326919320568549377
1326919360976445441
1326919363849564166
1326919374649892872
1326919447886618626
1326919454769426441
1326919470389075970
1326919482351243265
1326919497299742721
1326919520292888582
1326919586860699648
1326919590904033280
1326919593634443264
1326919597266776066
1326919601838567424
1326919624219299841
1326919627805483009
1326919634411544576
1326919637980880899
1326919647476715520
1326919649703899138
1326919653415931914
1326919656792264704
1326919660181336065
1326919670981677058
1326919681748430849
1326919691261140994
1326919695627382784
1326919738463760389
1326919740321914882
1326919746990854145
1326919775117783043
1326919828800745473
1326919828884611072
1326919840322478083
1326919843384348673
1326919858265739267
1326919890058551299
1326919892868730882
1326919897281138694
1326919898233253888
1326919944651505664
1326919950125109256
1326919962615812097
1326919984950480896
1326920011487830017
1326920021789069315
1326920037907705859
1326920049341444099
1326920083936055296
1326920083940257792
1326920091489988613
1326920091590676484
1326920099312308224
1326920126957019137
1326920158439501825
1326920167574659082
1326920179020935173
1326920187183067138
1326920189842108416
1326920206921424896
1326920207714168832
1326920227150569474
1326920231420383238
1326920243952955394
1326920255520862208
1326920261367685121
1326920291516375042
1326920294045511680
1326920306066419716
1326920310873092099
1326920317575565317
1326920319253311496
1326920331169304577
1326920334122119168
1326920337154580488
1326920337561415680
1326920399964295169
1326920403453964288
1326920404955443203
1326920406381563910
1326920410013835264
1326920419505557507
1326920420247937024
1326920434886062087
1326920439097151490
1326920449293479937
1326920449629032451
1326920462950076416
1326920479257620481
1326920547662491648
1326920554914455556
1326920562694885376
1326920565001756675
1326920580298371073
1326920607959748626
1326920608307929090
1326920615882878977
1326920620429422598
1326920632848818180
1326920634715267072
1326920657054158848
1326920660095021056
1326920679124512771
1326920704533667853
1326920707805212680
1326920711701753859
1326920722497892355
1326920724515332096
1326920726713159680
1326920730643230731
1326920746195705857
1326920772863094784
1326920779628490752
1326920806035812353
1326920819222700055
1326920821185650693
1326920852097683457
1326920857789345795
1326920869231403015
1326920874113576970
1326920882682548225
1326920888688799747
1326920934104723459
1326920939033006080
1326920953444638720
1326920960331669505
1326921002337579011
1326921015927169025
1326921029130858505
1326921032045899777
1326921037947297793
1326921058696499202
1326921064300089350
1326921071149391874
1326921074773282822
1326921078975979522
1326921112475873285
1326921186790547456
1326921194092720128
1326921202812727299
1326921206885445633
1326921210157019138
1326921234723057666
1326921239924011008
1326921270135574528
1326921274610896900
1326921286774366217
1326921342059499522
1326921345964404742
1326921353719582731
1326921354051002371
1326921364587114497
1326921379833389060
1326921388804988943
1326921411227693061
1326921412880306177
1326921423013679107
1326921425115090945
1326921474184187937
1326921480417009673
1326921490470756361
1326921491343175681
1326921492517543941
1326921493029195787
1326921528169156615
1326921541960036353
1326921547123208196
1326921551015456768
1326921553813106693
1326921600831270912
1326921634087890946
1326921646993772547
1326921655046836229
1326921656196096005
1326921689603641344
1326921702769643527
1326921703612698624
1326921727499177984
1326921739889160201
1326921742779035650
1326921745866100737
1326921772567027715
1326921784374009856
1326921786940936193
1326921800954097665
1326921827936051208
1326921837956227072
1326921838442782720
1326921849507295242
1326921872144031747
1326921873196785666
1326921884861132802
1326921887952334850
1326921896122781697
1326921896949116928
1326921898157088769
1326921918847528966
1326921924694470657
1326921928578363392
1326921955581243396
1326921957464530945
1326921962199932934
1326921963101675521
1326921972685606912
1326921973843324928
1326921975516831746
1326921995276201984
1326922023327707137
1326922047717576708
1326922055196024839
1326922063509065729
1326922088737878017
1326922123181498368
1326922123462455303
1326922124859224065
1326922128432750596
1326922136494215168
1326922138239045634
1326922156748513280
1326922159625793538
1326922179682906113
1326922194790789128
1326922196464316419
1326922196682493952
1326922218555789313
1326922222297083905
1326922235064561674
1326922245726498826
1326922252735160323
1326922253326553093
1326922255100735491
1326922257629851650
1326922265905270791
1326922267511623683
1326922284746018818
1326922288210583566
1326922301020004357
1326922302051782658
1326922311811870722
1326922312738861057
1326922334733733889
1326922334763147264
1326922338147856385
1326922347677413377
1326922380858548225
1326922389846978560
1326922443806666754
1326922463217901568
1326922472176951298
1326922473762328577
1326922480750039040
1326922496977866752
1326922506037579777
1326922532864274432
1326922546340646913
1326922560529985538
1326922576518656000
1326922585653862400
1326922588199776256
1326922624249819136
1326922658601185285
1326922666817835009
1326922677047730179
1326922687931944963
1326922688124870661
1326922690805047297
1326922695456530432
1326922704168116224
1326922704566448128
1326922705560592384
1326922718781042688
1326922729958858753
1326922738091634694
1326922739249270784
1326922745091923968
1326922745381351436
1326922746878709766
1326922753887375360
1326922754256490500
1326922783981527044
1326922802482589698
1326922887245275143
1326922921105821700
1326922954647752707
1326922961291517954
1326922966731542529
1326922971911507970
1326922973450821632
1326922981562572801
1326923001011593216
1326923016920571909
1326923020011786248
1326923026370351110
1326923041222299648
1326923075804393474
1326923083035381761
1326923084700536837
1326923108008255488
1326923129285906444
1326923154497925120
1326923166040657928
1326923169568088064
1326923174378954753
1326923176920682500
1326923177637916673
1326923187033149440
1326923258051092484
1326923261289127946
1326923269602222082
1326923276711497729
1326923284844310528
1326923306734411778
1326923324048470017
1326923383553085442
1326923384303857666
1326923411323559941
1326923425605169158
1326923446161432583
1326923453262336000
1326923461709754370
1326923503803768833
1326923506861346817
1326923512846692352
1326923550587047942
1326923552835112960
1326923560200318976
1326923617364533256
1326923619843371009
1326923622771019776
1326923634926104577
1326923636700229632
1326923637119725573
1326923646158446599
1326923658359607296
1326923664223334403
1326923668052709376
1326923704245383170
1326923739854999556
1326923744141570049
1326923744850358280
1326923775716286464
1326923778190938112
1326923782829846534
1326923790404759553
1326923823439032321
1326923829151756290
1326923850005745665
1326923852056760320
1326923866007089153
1326923872843739136
1326923882381668353
1326923897220915200
1326923920969261059
1326923931455004674
1326923935733194754
1326923941483515909
1326923942238564357
1326923956427821057
1326923975763636224
1326923980545138688
1326924000694575112
1326924018268721153
1326924032810360841
1326924058127179783
1326924146878648345
1326924157829967872
1326924160761794563
1326924178285617166
1326924189387853825
1326924197239660545
1326924207599611904
1326924211072471041
1326924231507111948
1326924232807362573
1326924260665937928
1326924263497011200
1326924265313210371
1326924267817234433
1326924277514440711
1326924299811348490
1326924303770771456
1326924311991611412
1326924320040480769
1326924323727224834
1326924344098951170
1326924345118257152
1326924354433798145
1326924368090427392
1326924400046862338
1326924401116401667
1326924402089398285
1326924416635334656
1326924456959373324
1326924477008138240
1326924477092016129
1326924490232766471
1326924500148039680
1326924512873639937
1326924513175605249
1326924520033284097
1326924522763788288
1326924538173661191
1326924546419646465
1326924557232590850
1326924560151744513
1326924564480331777
1326924582012510208
1326924582851317762
1326924598932348928
1326924639038279682
1326924644436365314
1326924646021820416
1326924676359213062
1326924686299631616
1326924698429612033
1326924723108909058
1326924728242724865
1326924735616339969
1326924742922805250
1326924776003219458
1326924791677399041
1326924820391596038
1326924826230075401
1326924834052378627
1326924835306532864
1326924845360291840
1326924856512946178
1326924871373377538
1326924883113234436
1326924901085798400
1326924918789955592
1326924949110579202
1326924973601067012
1326924974570020864
1326924977820495874
1326924990017638400
1326925019348410375
1326925039288070146
1326925087262593029
1326925088206315526
1326925105218334723
1326925120724676608
1326925137451622407
1326925158683209730
1326925160172105728
1326925174567038976
1326925185233117186
1326925192032100352
1326925198914883584
1326925205663571974
1326925216153473025
1326925219114737664
1326925221773848576
1326925222344331265
1326925264446742531
1326925269333127168
1326925292842184706
1326925300773625856
1326925304120680451
1326925308138754048
1326925326081986562
1326925331069104128
1326925332004409344
1326925333262721025
1326925343295352832
1326925348433502213
1326925369161748480
1326925385360171009
1326925388329725954
1326925426535641088
1326925426938273794
1326925446932467712
1326925497121583104
1326925499537510403
1326925518210527245
1326925554751299586
1326925571285274626
1326925607708602369
1326925648426831872
1326925657255759873
1326925676939718661
1326925741028732935
1326925742870028288
1326925743251722241
1326925773471690756
1326925777754083329
1326925786855706624
1326925817125990400
1326925850441342981
1326925862739046406
1326925868422356993
1326925893936222208
1326925898411630594
1326925901548937217
1326925901976756225
1326925914924609544
1326925945928867845
1326925950425108480
1326925968024477697
1326925969266008066
1326925975527985153
1326926006104551427
1326926036894949376
1326926047485583363
1326926062090133524
1326926080817717248
1326926085926383617
1326926092406583296
1326926108344930307
1326926109246623745
1326926120114065410
1326926134605393921
1326926182043037703
1326926194399453185
1326926226745864194
1326926275395653634
1326926306974560257
1326926315505782784
1326926323823108097
1326926352960860161
1326926359625654272
1326926373441703940
1326926415493804033
1326926417142181891
1326926451543830531
1326926464957165572
1326926468287520769
1326926485886803968
1326926537791320067
1326926550038622208
1326926553993924608
1326926554413342721
1326926563582095362
1326926568187424768
1326926585077882881
1326926586684313601
1326926604174577665
1326926612848373760
1326926618175000576
1326926630753853442
1326926664048107520
1326926669190492161
1326926678258487301
1326926683673407495
1326926697137115137
1326926738899734529
1326926784282177538
1326926801101332480
1326926804456792069
1326926827387023362
1326926829542846467
1326926832977973249
1326926840599080960
1326926882206572544
1326926887260741637
1326926903081639942
1326926910459408384
1326926937814667265
1326926944517169153
1326926953438437376
1326926958714826753
1326926983574548480
1326926996857872385
1326926998556598272
1326927024884240384
1326927031678930946
1326927035428724737
1326927047080497153
1326927086905417734
1326927093008052245
1326927129121067009
1326927131000057857
1326927156736368642
1326927161777795073
1326927165586280449
1326927173203144708
1326927173865926658
1326927186578780160
1326927203448315918
1326927207785140225
1326927226504421377
1326927245382967296
1326927247819804673
1326927259375194123
1326927263305134080
1326927286331994125
1326927287552446466
1326927288076816392
1326927304845647873
1326927313607544844
1326927332377059328
1326927373317644288
1326927377155428353
1326927390543667200
1326927406943199232
1326927436857151490
1326927450471870474
1326927452694847489
1326927461523853312
1326927473980928000
1326927477508337664
1326927511599636482
1326927525361160193
1326927528502693888
1326927557598588947
1326927558076747784
1326927562531106816
1326927586488967169
1326927598534922240
1326927606856503296
1326927610203541509
1326927683469578240
1326927704403439616
1326927705758167040
1326927706336931840
1326927769083719682
1326927813404975105
1326927842794479617
1326927846569172992
1326927867188572163
1326927868719403010
1326927938290393092
1326927955201830914
1326927970271956994
1326927971391840261
1326927988563320834
1326928036168675335
1326928046495068160
1326928049322004480
1326928069203013635
1326928091185340417
1326928118104416258
1326928153231626245
1326928159711916033
1326928162610163712
1326928174974980097
1326928192028946432
1326928196844089345
1326928203143917569
1326928222446088203
1326928234810904576
1326928247377063938
1326928273893453824
1326928276074459136
1326928286803501057
1326928299222831105
1326928318470426631
1326928340025036805
1326928357913731072
1326928360677797889
1326928362342928385
1326928399294734337
1326928404470505472
1326928413500829696
1326928414620704785
1326928442743549954
1326928454672068609
1326928465531203590
1326928468521742341
1326928471759663104
1326928505750368258
1326928526554042370
1326928530891034629
1326928532728147969
1326928548398063617
1326928599346196484
1326928624264622080
1326928657344917507
1326928673581264897
1326928693596483584
1326928695190310912
1326928703906074626
1326928710595993600
1326928724659478533
1326928765281251329
1326928769974751235
1326928773535698949
1326928775582539776
1326928790325518336
1326928791059517442
1326928798051414018
1326928812827959299
1326928827042422785
1326928829307367424
1326928853957283849
1326928874643533824
1326928888740524032
1326928899402571776
1326928929081487361
1326928930956251136
1326928937239375872
1326928953135730688
1326928977383002113
1326928982286217216
1326928995099799553
1326928996236480515
1326929011092693000
1326929021175730179
1326929024506015747
1326929029698519040
1326929032563355650
1326929064528130049
1326929102968860682
1326929123227410432
1326929128864559104
1326929150658097155
1326929158971265024
1326929175584927747
1326929189526773762
1326929217175642115
1326929250511949824
1326929292316577806
1326929305469902849
1326929327657807874
1326929387741130752
1326929398201798661
1326929403771805696
1326929408708501504
1326929416098877440
1326929419710197761
1326929453671477250
1326929504019881990
1326929506624483328
1326929600769875968
1326929620227198978
1326929622123032579
1326929626208358405
1326929627370151937
1326929630322970624
1326929670168850432
1326929682118418434
1326929691215802373
1326929705489010691
1326929709733654531
1326929725592317952
1326929729761501206
1326929738724765700
1326929750309429250
1326929768995049475
1326929777312337923
1326929779937972228
1326929781187817472
1326929798652948481
1326929813916028937
1326929819205062658
1326929850012151814
1326929878856372231
1326929890977976323
1326929896334094336
1326929897147801606
1326929900872347648
1326929924595265540
1326929929808842755
1326929951682138114
1326929953041027074
1326929964927750145
1326929980287234055
1326930001942380544
1326930013027852288
1326930020783230987
1326930031021600769
1326930068241850371
1326930086038298627
1326930099942416389
1326930124365844481
1326930129965240327
1326930137754054656
1326930172268961792
1326930184856080385
1326930185258725376
1326930187909541889
1326930188756803585
1326930208977522688
1326930224655855617
1326930267433558018
1326930274614120452
1326930278716231682
1326930286110707712
1326930342708645893
1326930363369787394
1326930394483220480
1326930402125156353
1326930404117508098
1326930421339336711
1326930425420386304
1326930474279854080
1326930504109715458
1326930511764180992
1326930523386769411
1326930530257022976
1326930545608175616
1326930557545091078
1326930574913761280
1326930585453989902
1326930677749702658
1326930681105178625
1326930715632656384
1326930755528876034
1326930756774588422
1326930758079045632
1326930773736353795
1326930808146440199
1326930824663609348
1326930862252961792
1326930866073899013
1326930870960332801
1326930880003248129
1326930923686928385
1326930958315089929
1326930963251814400
1326930997976379393
1326931023804895233
1326931027231707136
1326931049620729856
1326931075592040449
1326931081732485120
1326931154214203392
1326931156848300038
1326931163085238272
1326931174330134528
1326931248334430208
1326931261844287489
1326931284757712896
1326931288020889600
1326931310636650498
1326931321671856130
1326931326998601730
1326931368706760706
1326931375434444807
1326931388726190087
1326931407336321031
1326931408405884928
1326931418585423876
1326931447337390080
1326931511854174208
1326931525091291137
1326931542652948487
1326931550286589952
1326931593521483776
1326931633723887616
1326931642884173824
1326931655949430791
1326931715210825731
1326931738258526209
1326931763529191424
1326931763957035020
1326931779060555778
1326931782319616000
1326931791169679372
1326931792532791296
1326931795347189760
1326931797368827904
1326931820433301504
1326931824640221187
1326931836275216389
1326931867707322370
1326931909679648772
1326931916432568321
1326931935000719360
1326931941262843905
1326931941862551558
1326931953212420098
1326931974599139330
1326931991305084928
1326931996547964934
1326932000805163025
1326932037689876481
1326932039841574914
1326932061488340994
1326932061861662720
1326932070078222336
1326932074142502915
1326932082812211206
1326932083994976265
1326932118396612614
1326932119260639232
1326932120284106752
1326932128458829825
1326932136608280582
1326932139070394369
1326932145680523264
1326932148385968128
1326932169911046145
1326932170540249089
1326932173547577352
1326932206883844097
1326932213326344197
1326932235912704000
1326932252534640645
1326932273355255808
1326932289566216193
1326932324865482754
1326932339197415430
1326932351788720142
1326932356113059840
1326932359753723905
1326932364547788802
1326932367710302209
1326932462350585856
1326932486878867460
1326932488413978629
1326932505920991232
1326932518310961153
1326932527702028290
1326932576586633223
1326932598157955073
1326932616180850691
1326932662511161346
1326932700251512834
1326932706089984000
1326932730475646976
1326932754374807560
1326932761102442498
1326932771369971713
1326932771495792640
1326932772947021824
1326932773366591496
1326932775417491456
1326932777510506502
1326932780106698752
1326932781583134720
1326932801875283970
1326932810188414978
1326932826479075335
1326932835295514637
1326932857458200577
1326932860377456642
1326932875414024194
1326932890551250949
1326932904954404866
1326932906498002945
1326932919051489282
1326932936935927808
1326932966795317248
1326932988333060096
1326933000500731907
1326933008033705985
1326933014350278667
1326933034059390981
1326933049255268359
1326933051696279553
1326933064849764358
1326933081312423938
1326933084441337856
1326933088849506304
1326933098462932992
1326933101839265801
1326933111737884685
1326933112106995713
1326933117190410246
1326933118536851458
1326933137725722631
1326933163445202944
1326933210148851712
1326933213604818946
1326933216981364737
1326933225906827264
1326933257942945793
1326933267795349504
1326933271175892993
1326933277131874305
1326933297096757249
1326933309386072064
1326933419260047360
1326933426751090690
1326933461014360066
1326933477204307981
1326933493499256841
1326933535450607618
1326933535526014976
1326933549489020929
1326933557156122624
1326933565339291649
1326933603406802945
1326933603931000833
1326933627448549377
1326933648940142593
1326933651460927488
1326933709937840130
1326933742804475904
1326933747372077057
1326933755357958154
1326933776904097792
1326933792712482816
1326933798911700993
1326933868189016076
1326933871456366597
1326933886392266752
1326933892943712257
1326933894306926593
1326933902166876160
1326933910295605249
1326933915286827008
1326933917346230282
1326933945309679618
1326933965840789504
1326933967669518338
1326933970936795137
1326933974980177921
1326933976171286529
1326934015639740417
1326934024305119234
1326934063542833154
1326934067850452992
1326934072896131074
1326934075697983488
1326934082975133698
1326934101648158720
1326934116781187073
1326934120262463489
1326934124251262980
1326934142748069890
1326934155725336576
1326934198331076608
1326934218287484928
1326934228966236160
1326934234548875273
1326934251137273856
1326934253171576832
1326934273090347008
1326934281374085121
1326934286327558144
1326934296414867457
1326934326643187712
1326934352001953795
1326934369181773824
1326934408859881472
1326934411217080320
1326934412773224448
1326934437884473345
1326934446390579202
1326934464618958850
1326934489050865664
1326934498848743427
1326934528569581568
1326934532386414592
1326934564841852929
1326934573066891268
1326934579526180865
1326934606768185351
1326934631799795712
1326934692168404992
1326934694261297152
1326934733503275009
1326934743523463170
1326934766348759041
1326934781658091520
1326934783507787776
1326934802503790592
1326934815724199939
1326934828420313095
1326934829649317889
1326934836284715016
1326934854416674828
1326934854534041608
1326934862289391616
1326934890764447747
1326934893381758984
1326934900851793920
1326934901120266242
1326934910238662661
1326934933865107457
1326934958158524416
1326934975644635143
1326934984343613448
1326934986516271106
1326934992828723206
1326935001573838848
1326935003666767875
1326935042858360832
1326935107979137025
1326935110155825153
1326935113062617094
1326935113754681344
1326935129940439040
1326935144675074048
1326935144868028416
1326935153558646784
1326935159447449600
1326935161401974785
1326935172432977920
1326935196231495680
1326935199205249026
1326935234013696007
1326935258244276224
1326935262174339083
1326935267941502979
1326935269518536704
1326935276997013504
1326935286769733634
1326935291370856449
1326935292205477888
1326935292230725638
1326935339550838785
1326935358135803909
1326935371142352899
1326935372245336065
1326935397373538309
1326935444584607745
1326935456504832001
1326935465400930304
1326935490067623937
1326935493829926912
1326935494102556672
1326935507545305089
1326935511722823681
1326935536053968899
1326935545998700546
1326935557033824256
1326935571470618625
1326935576025640961
1326935590428880896
1326935592001822721
1326935604127539208
1326935632107757569
1326935635429625857
1326935645835718659
1326935650763943936
1326935664600952832
1326935668623355906
1326935669026025473
1326935670829555713
1326935683521536002
1326935685513834496
1326935697643679744
1326935700332294145
1326935721874231297
1326935729285566466
1326935739448299521
1326935757806833664
1326935761539751938
1326935784017063936
1326935789348020227
1326935790606307328
1326935809900105731
1326935815235235840
1326935818494218241
1326935854691082250
1326935879127068689
1326935894994137092
1326935901050609665
1326935924727574530
1326935933128675328
1326935942737895425
1326935946454032384
1326935974006431750
1326935975101083648
1326935977164754945
1326935978523697152
1326935979828146177
1326935988006948865
1326935992167788547
1326935998262112263
1326936011662790661
1326936013630021632
1326936018105348097
1326936054746783744
1326936063080882176
1326936092491329539
1326936107557265408
1326936114805043202
1326936137080909825
1326936154223079425
1326936154499846144
1326936156013998083
1326936171130343425
1326936175823695878
1326936184409436162
1326936189950185475
1326936193293037568
1326936208203714565
1326936211253055489
1326936232421699584
1326936234707591169
1326936235370311680
1326936255217676289
1326936270677938177
1326936272045289478
1326936277028048898
1326936278504525826
1326936279603421184
1326936280006078464
1326936280698130432
1326936296741359616
1326936299488612356
1326936304546930688
1326936309227810816
1326936334703923211
1326936351032406016
1326936351980343297
1326936360347967490
1326936363330117636
1326936382233849856
1326936386885341186
1326936401854795779
1326936403763224581
1326936426500378624
1326936428601864193
1326936431403655172
1326936440786317314
1326936463540449281
1326936470037405696
1326936481047441408
1326936500118974467
1326936522327724033
1326936525951688704
1326936548089229317
1326936565348708358
1326936576652439555
1326936594117496841
1326936603181387782
1326936613201604610
1326936613671346178
1326936618293489664
1326936625977364482
1326936629907427330
1326936633288105985
1326936643236999168
1326936657698893826
1326936660144230400
1326936678150311938
1326936691236548610
1326936692545232898
1326936703521746951
1326936708835758080
1326936709964181507
1326936746622398465
1326936750715965442
1326936771104542722
1326936781384806401
1326936789530140674
1326936793405591555
1326936796790284288
1326936797574787073
1326936830776905728
1326936843603021824
1326936847361191936
1326936850469179392
1326936856311820289
1326936863878352901
1326936872824795146
1326936921394831366
1326936926209847298
1326936930756386817
1326936934564864000
1326936936162922503
1326936936473370624
1326936943486230528
1326936944799068161
1326936948729065481
1326936955230281731
1326936955733626882
1326936966819164167
1326936983386673153
1326936992568012819
1326937014948782086
1326937030044119042
1326937045357441024
1326937049384054784
1326937085396258825
1326937087044706305
1326937096397987841
1326937116941701122
1326937126647304196
1326937128262127619
1326937154229071873
1326937157404160002
1326937158771486724
1326937166149279747
1326937175460556801
1326937179642322953
1326937202350297093
1326937243060203520
1326937246889598977
1326937256897228800
1326937260483358728
1326937280473403393
1326937314946408453
1326937332134662149
1326937341068533761
1326937344381956097
1326937346466590722
1326937354632916992
1326937370105688069
1326937371712040961
1326937372383178753
1326937381228998658
1326937386136313859
1326937389554683908
1326937401227436052
1326937421020336130
1326937435046092802
1326937454285377542
1326937461180796929
1326937465467383808
1326937482546589702
1326937487382548480
1326937489341358082
1326937495473430528
1326937500238159882
1326937506072367104
1326937528058974211
1326937552390148098
1326937554906701824
1326937555011579904
1326937560082505733
1326937564490715137
1326937582165483520
1326937592340897797
1326937605934641152
1326937607146713088
1326937608010821632
1326937620648177664
1326937678563176450
1326937681369182208
1326937710637043720
1326937727384883205
1326937750780735493
1326937759156752385
1326937763661406216
1326937778215477250
1326937784154775554
1326937791721336847
1326937794393100288
1326937801506566146
1326937803343585280
1326937811891736586
1326937814689198080
1326937831282003970
1326937837363744779
1326937840639422465
1326937852618428417
1326937866509881347
1326937881508769793
1326937884524486659
1326937888144175104
1326937913490333696
1326937925297311752
1326937928824725504
1326937956788150275
1326938005773438982
1326938040330297345
1326938043845054469
1326938065038958593
1326938079941300224
1326938093434363910
1326938104339566594
1326938108085014528
1326938124346400773
1326938134517600256
1326938138732847109
1326938139785633792
1326938145703792647
1326938157548449793
1326938168243916807
1326938179421827074
1326938197826396160
1326938200217153554
1326938203413209089
1326938213202714624
1326938220102299648
1326938232781742085
1326938240755052544
1326938278646468610
1326938279976062982
1326938284224876544
1326938306395987971
1326938323605020672
1326938330114756609
1326938332870275073
1326938333155635202
1326938378370244610
1326938398431580165
1326938432745181184
1326938433189781505
1326938457781006341
1326938465624272897
1326938466869972994
1326938487795363841
1326938495672258562
1326938503062630401
1326938504346132480
1326938510247546888
1326938514508886018
1326938537212698626
1326938552316391425
1326938570918158338
1326938591956787200
1326938642183491585
1326938646738587648
1326938647057362947
1326938654330265600
1326938657501175810
1326938674303479810
1326938680142032897
1326938703198089219
1326938710793924612
1326938718880591878
1326938722349309954
1326938727827070977
1326938731446669313
1326938732272869376
1326938748785979394
1326938755597529093
1326938759326208001
1326938762597855232
1326938768033669121
1326938769451315203
1326938771611332609
1326938796563308546
1326938809905278976
1326938811599900673
1326938812686209029
1326938818025566208
1326938835440242688
1326938844462198794
1326938860706729985
1326938862611013633
1326938867988099073
1326938878637469697
1326938885474095107
1326938906470866945
1326938909318770692
1326938911491436547
1326938914838491136
1326938915870142464
1326938917942210561
1326938919892553728
1326938930512621575
1326938942587998209
1326938948011249665
1326938954139054080
1326938963186159616
1326938963567849473
1326938970517876736
1326938985118228480
1326939010560909319
1326939011701731336
1326939012959973376
1326939015505993728
1326939027317121031
1326939034065711104
1326939055502880769
1326939057335787520
1326939061387288581
1326939067666280449
1326939069062942721
1326939087652139011
1326939093134143490
1326939106350411782
1326939116857151491
1326939155847319553
1326939171714453506
1326939177183744000
1326939179536830464
1326939179683606528
1326939180501491714
1326939195621969925
1326939201158475777
1326939201951076352
1326939211119915008
1326939226152251399
1326939228652101632
1326939239007875073
1326939259090202634
1326939284063064065
1326939309967089665
1326939314157215746
1326939314262040580
1326939318523486208
1326939331165097991
1326939336730873857
1326939339465646080
1326939349166985229
1326939359623458820
1326939377822539776
1326939385640652800
1326939385959428097
1326939420998701056
1326939426975604737
1326939434529542145
1326939440300875776
1326939448643379207
1326939474018906115
1326939476413853700
1326939477156245505
1326939479718957061
1326939490238275586
1326939500824686596
1326939507078426627
1326939518138798083
1326939520806375425
1326939521850761218
1326939530012844034
1326939549260533769
1326939549914853378
1326939560354443265
1326939563571306496
1326939564318011392
1326939564800237568
1326939564968194049
1326939566666866693
1326939578503213061
1326939586581426178
1326939609314553857
1326939609411039233
1326939615425597441
1326939617363365891
1326939621717118979
1326939631649230849
1326939641921081344
1326939642705350656
1326939646027321344
1326939648946556929
1326939659637813249
1326939671931351042
1326939674343067650
1326939680860991491
1326939699139764224
1326939708585369611
1326939714373431299
1326939735374376962
1326939749320450051
1326939757784522755
1326939763753054210
1326939768102465539
1326939776231088128
1326939838055124992
1326939855801212928
1326939867222257664
1326939878513401858
1326939910222262272
1326939911287672832
1326939925283999746
1326939932649287681
1326939948180758528
1326939948788948998
1326939977716994048
1326939980451733505
1326939986986405889
1326940023841808384
1326940026387787777
1326940030162628609
1326940030510751744
1326940045610192897
1326940052597977090
1326940067408044037
1326940069106737152
1326940085766512649
1326940095405039616
1326940119408979975
1326940129626370050
1326940132214190080
1326940164594278400
1326940165634453513
1326940170659172355
1326940171959480320
1326940176275398659
1326940183628013568
1326940187373527046
1326940203336957952
1326940204779724800
1326940206524583936
1326940215307612160
1326940216683343872
1326940221196341249
1326940241324888067
1326940267203719169
1326940279258148864
1326940283825758211
1326940285910216704
1326940288196206597
1326940293174861835
1326940304428109825
1326940320127348736
1326940320400019457
1326940321058607119
1326940322056851458
1326940322505625602
1326940326842544134
1326940328054714370
1326940329245863937
1326940330688704515
1326940341749035009
1326940350653616129
1326940353186975744
1326940368781402112
1326940370194866178
1326940372942139397
1326940373617242112
1326940374783422465
1326940376079495169
1326940410829283328
1326940421109542913
1326940434543861762
1326940438700453892
1326940462133997568
1326940472208732160
1326940504265793536
1326940517867937792
1326940523836354563
1326940542031290373
1326940558292606981
1326940562440773632
1326940576412016640
1326940582401482752
1326940595743584261
1326940598096551936
1326940601460387842
1326940611015041030
1326940615012216834
1326940643801911297
1326940645030834183
1326940653822103552
1326940675737317378
1326940680497864704
1326940698634022914
1326940708830388227
1326940719764934658
1326940728086437890
1326940730422677504
1326940732855357442
1326940749636784134
1326940756758630405
1326940769039622146
1326940771178729474
1326940789436506120
1326940808063442945
1326940819425800192
1326940821048930307
1326940822290522112
1326940825893343233
1326940830511362050
1326940836928614402
1326940843962458114
1326940848253177862
1326940859682713601
1326940883829321738
1326940891744006144
1326940892154966016
1326940897683107843
1326940904477876224
1326940918298112000
1326940923968806912
1326940959775580161
1326940972001996800
1326940973474205698
1326941034627076097
1326941055397343238
1326941088775512066
1326941101631168517
1326941109487067143
1326941114939674625
1326941124854996992
1326941141577576448
1326941165111881730
1326941168731623428
1326941181788479497
1326941184292425728
1326941190273503235
1326941206820114432
1326941230341771269
1326941261127970818
1326941270003085320
1326941307865067520
1326941308187971586
1326941312667578368
1326941331596447746
1326941345513091073
1326941355948584960
1326941357798264846
1326941365712932865
1326941368401399809
1326941373191376897
1326941376588681220
1326941385510051849
1326941389855354884
1326941403272843264
1326941405164564487
1326941418263371777
1326941424789692419
1326941428338094083
1326941438496681986
1326941455596875776
1326941464446689281
1326941475410767876
1326941483149131776
1326941483598032900
1326941485514825728
1326941496235483138
1326941499964186627
1326941504393400320
1326941512941363203
1326941521640382465
1326941521996865536
1326941553953177605
1326941558348931072
1326941559238090762
1326941581472129027
1326941590095532033
1326941603093745670
1326941606147198976
1326941607233466370
1326941607501946883
1326941627689160704
1326941635641552896
1326941637315096576
1326941640989306892
1326941647595298816
1326941650829127688
1326941660035559424
1326941661319077888
1326941695213248517
1326941698551930882
1326941729472339968
1326941752385822733
1326941765249753094
1326941765560115205
1326941780407971841
1326941786351300608
1326941802537099265
1326941816445341699
1326941827782635523
1326941834686455809
1326941839472070656
1326941849681014785
1326941872842010627
1326941874884644864
1326941915552636930
1326941926252294148
1326941927367970822
1326941939241988100
1326941963854073858
1326941964965728258
1326941980153294851
1326941989644988418
1326941989972086784
1326942014894698496
1326942018904469504
1326942035237105668
1326942050667941894
1326942057374560261
1326942058620342272
1326942059253665794
1326942078568423424
1326942084503367687
1326942088315985930
1326942099057598464
1326942102148804608
1326942104761851907
1326942107010027522
1326942116547846147
1326942121685889024
1326942125766938628
1326942134948212736
1326942137200603138
1326942147283742721
1326942149456371712
1326942163834466305
1326942181261717505
1326942192917688332
1326942213864087552
1326942215055159296
1326942224916099072
1326942228846170112
1326942229454331904
1326942258634117121
1326942262547390469
1326942264107692032
1326942275847467010
1326942281144938499
1326942311578800135
1326942314200227845
1326942319396925440
1326942334282502145
1326942338594246657
1326942341232427008
1326942378561855496
1326942382638686208
1326942420521668612
1326942430495727617
1326942438645248011
1326942441245728768
1326942446522146825
1326942449802113025
1326942466340233217
1326942471583100929
1326942504189636609
1326942515635707905
1326942523399544834
1326942524825595910
1326942527111434240
1326942529619701761
1326942536003358721
1326942550935146496
1326942553015537665
1326942557922881537
1326942558795288579
1326942564214247424
1326942565627801600
1326942570623152130
1326942576411291651
1326942579317993472
1326942585659723777
1326942619730055169
1326942623177830406
1326942626378027008
1326942655041986567
1326942661073379330
1326942687610744843
1326942797413437440
1326943140360691714
1326943263094419461
1326948273073033218
1326948275426037761
1326950378450116612
1326951176424861696
1326955543353827329
1326957297772322817
1326957334443208704
1326958334688321537
1326959468958126080
1326959588105728001
1326962411128107010
1326962938184396801
1326962963845165059
1326969010509017095
1326970462195298306
1326970667800154130
1326970744870481922
1326970802764472320
1326971366394966018
1326971525124280322
1326973294801719297
1326973387231682564
1326973394059976706
1326973399533555712
1326973405552316417
1326973410786897921
1326973763628511233
1326973853516648449
1326974343570714632
1326974346506727427
1326975122335559681
1326975400237559808
1326977066168803328
1326978072508309509
1326978278872199168
1326979187387883521
1326979803543691266
1326979839010725888
1326980630228463619
1326980637287387140
1326980697043718149
1326981675302215680
1326981776485601282
1326981875383021570
1326982726654824449
1326982828085682182
1326983475757510658
1326983527850799106
1326984028176703495
1326984031586693120
1326984252123197441
1326984399708151823
1326984863895916544
1326985567498874882
1326985713838075905
1326986899580465157
1326987735110983681
1326988812753514503
1326989347942522885
1326989405899395074
1326990793849118720
1326991585863733249
1326993171427938307
1326993309173223427
1326993801190256640
1326993855451893760
1326994113338728450
1326994318238814208
1326995144307068929
1326995407390580737
1326995705601331200
1326996188151902211
1326996864944758788
1326997948643876864
1326997954272620544
1326998148590546944
1326998153191596033
1326998364068712454
1326998652175388682
1326999132926603270
1326999272693391360
1326999296923852801
1326999533562294283
1327000978097397761
1327002266361077764
1327004198513364992
1327004309800816643
1327004995892486144
1327007428932603904
1327007507475288067
1327007517579284480
1327007700153233409
1327008106539343873
1327008203796865025
1327008523746746368
1327008743964471297
1327009434346917890
1327009549270781952
1327010324965445632
1327010510286561284
1327013088697180161
1327013279219200001
1327013300534710275
1327013300651974656
1327013377089081344
1327013389051301891
1327013685131419651
1327013760494661632
1327013782741274624
1327013911913238534
1327013913582592000
1327013915570663424
1327014465708158978
1327014477359886338
1327014478999916549
1327014480992235522
1327014596994076673
1327014605994995712
1327014727063580673
1327014780071260161
1327015289389768705
1327015784950980608
1327015818916474881
1327015819377844227
1327015972214087680
1327016081995812864
1327016096453570560
1327016161880330240
1327016298228953088
1327016381502590976
1327016444542988289
1327017090759471105
1327017776851062786
1327018219253755904
1327018266041217026
1327018333691056130
1327018334001500166
1327018460430413825
1327018538742243331
1327018996441501697
1327019074803675136
1327019383760285699
1327019498147287040
1327019634139279360
1327019636320251906
1327019825818963969
1327019882123309056
1327020155130535937
1327020164651560960
1327020180396978178
1327020344381759488
1327020537911136257
1327020733034352644
1327020734741426178
1327020775413518338
1327021359122313216
1327021554975305728
1327021906915192837
1327021985453527040
1327022152290328579
1327022588363759617
1327022795625295873
1327023220231462913
1327023369431117824
1327023444882501635
1327023624646238209
1327023838350225413
1327023969401180161
1327024015458922497
1327024254437748736
1327024330509864960
1327024545606344708
1327024959005265924
1327025296143507458
1327025786600235009
1327025826232225798
1327026242323947520
1327026621459656713
1327026788191662083
1327026813378441216
1327027141867925504
1327028408648396801
1327028417141805061
1327028436515360769
1327028521991069698
1327028529725403142
1327028580749021184
1327028649657249795
1327028653335646208
1327028654703079430
1327028670955986945
1327028680535797763
1327028713821790208
1327028761343258624
1327028765738852356
1327028795568775180
1327028797372248064
1327028806612373510
1327028858705604609
1327028858915344385
1327028859171188739
1327028864212738048
1327028925013356544
1327028934010171393
1327028947331260416
1327028974560665601
1327029029086629889
1327029035235328000
1327029096375668736
1327029130639126529
1327029188801519616
1327029202932158464
1327029211819859974
1327029225862406152
1327029234137767938
1327029264299028483
1327029267214049281
1327029281378037762
1327029291880755201
1327029299535294464
1327029315637219328
1327029396331442176
1327029416036331520
1327029446185005056
1327029490116145153
1327029539902533636
1327029541974503424
1327029546152058881
1327029565013839872
1327029565936590861
1327029580432093187
1327029631959126016
1327029636765806594
1327029664037146628
1327029664888594434
1327029715643883520
1327029715841003520
1327029730663665666
1327029782333317120
1327029799190204421
1327029825236824064
1327029833608654854
1327029842085285889
1327029842127319040
1327029887618715649
1327029899736076293
1327029927305162752
1327030041184710656
1327030050751967241
1327030054078062593
1327030178309173250
1327030181958197249
1327030264992829441
1327030282676023300
1327030301537742851
1327030307581812741
1327030345221496834
1327030353912078338
1327030397360861185
1327030401597136896
1327030490835116036
1327030491833372681
1327030562138120192
1327030650340315136
1327030653527990275
1327030663535538177
1327030665100087296
1327030670938546176
1327030682577678336
1327030690634981378
1327030708116860928
1327030745194508290
1327030749674037248
1327030767931846658
1327030785824747520
1327030787825348608
1327030830946947073
1327030862525976576
1327030902329913346
1327030917307658240
1327031094257053705
