1323414587748708353
1323414588319301633
1323414628584640512
1323414684914122752
1323414892641198080
1323415846362951680
1323416509042085888
1323416934650695680
1323418165439832064
1323418321644064769
1323418533049618434
1323419026182311942
1323419445222625280
1323419846202302469
1323420327502819336
1323420852780699648
1323421634762596353
1323421701112213505
1323421835019563008
1323421883312820226
1323422080998756352
1323422115031404544
1323422181229953024
1323422249320402944
1323422366223994880
1323422541797535744
1323422647363928065
1323422714359664640
1323422754591461378
1323422764645158913
1323422788888203264
1323422847126163456
1323422902667104257
1323422924146122752
1323423091683450881
1323423125271445506
1323423230066073602
1323423289067380743
1323423372424945667
1323423391991431169
1323423468776468481
1323423547260342276
1323423553635684355
1323423585281679360
1323423681503236096
1323423700545380352
1323423716575973384
1323423723479830529
1323423751363612673
1323423779423457280
1323423843000573953
1323423854228897793
1323423857110298624
1323423943055740930
1323424002291937280
1323424095439101954
1323424101998956544
1323424133275934721
1323424165664301065
1323424283494940672
1323424319372955649
1323424331200897026
1323424554631467014
1323424566094475265
1323424587611283456
1323424594938789888
1323424603402838019
1323424618393280512
1323424654187405312
1323424682087981056
1323424946979282944
1323424952519897088
1323425128563105792
1323425173328945152
1323425176336257025
1323425178806747142
1323425182640410625
1323425182854205440
1323425201414119425
1323425289934827520
1323425290928844800
1323425291893567488
1323425295496409094
1323425298969366528
1323425451071754243
1323425474056433666
1323425535045869568
1323425575868968960
1323425594109956096
1323425608051924992
1323425614389366784
1323425616914534400
1323425688565747719
1323425716176887808
1323425818887049216
1323425824834490369
1323425841926361088
1323425880203546624
1323426062932520962
1323426072667541505
1323426096528920581
1323426127201869825
1323426157098897409
1323426174089883648
1323426206738505729
1323426229702283267
1323426249860141057
1323426317665271809
1323426502525026305
1323426520912842753
1323426552856674310
1323426558279897088
1323426634628763648
1323426651401785354
1323426711757852672
1323426717277605888
1323426784470274048
1323426870961049600
1323426885120987141
1323427017807769601
1323427029178589184
1323427047469916160
1323427096052568066
1323427213430071296
1323427344829263872
1323427369609269248
1323427433597472769
1323427530016280584
1323427541726711811
1323427560554942464
1323427577374146565
1323427626753687559
1323427684492476417
1323427857209634816
1323427902743085058
1323427926285705218
1323428017717284865
1323428029176160257
1323428083597234177
1323428178489155584
1323428185661493250
1323428230423056386
1323428277902548992
1323428383854833664
1323428401189965824
1323428419665874944
1323428520295620614
1323428764177567746
1323428900215480320
1323428944066928641
1323428973523705857
1323429006142746624
1323429079014608896
1323429148472299521
1323429176481878025
1323429187655446529
1323429218848546818
1323429256467226624
1323429298703925248
1323429325610340354
1323429364684509186
1323429405985746944
1323429429712998406
1323429444845936641
1323429556120899584
1323429586479230978
1323429592967892995
1323429598365974530
1323429635170947077
1323429651306479616
1323429687121440769
1323429687863861248
1323429689273196544
1323429689692545024
1323429689776627712
1323429691265413120
1323429785775804418
1323429797998010375
1323429823713177600
1323429861877305346
1323429922245873664
1323430005968457728
1323430006119452672
1323430032430276614
1323430063774310401
1323430168250224640
1323430208146464768
1323430220926492678
1323430246436274176
1323430373917970434
1323430410492272641
1323430441379078146
1323430450849861638
1323430476498042880
1323430523692339201
1323430596832563202
1323430652470022144
1323430714780585984
1323430760825704455
1323430807399243777
1323430906443505665
1323430970712858629
1323431063667048448
1323431203739938816
1323431225147723777
1323431287760310278
1323431370945896448
1323431400155062273
1323431402419982337
1323431701708709888
1323431777378193410
1323431924191342592
1323431932416401409
1323431968869126144
1323431981909159936
1323432152374120449
1323432163950428161
1323432331550576644
1323432405378736139
1323432480372916224
1323432486366490625
1323432691598086151
1323432783373619200
1323432891506958336
1323432966693871616
1323432988970045440
1323433054963146753
1323433074005364736
1323433123065942016
1323433231920832512
1323433562687868929
1323433567364521985
1323433605549404161
1323433657441390594
1323433670745772033
1323433751884505097
1323433800915918848
1323433857790676993
1323433903156330496
1323434012006928385
1323434206769385472
1323434214474289152
1323434271810478081
1323434279641194496
1323434289623687170
1323434295671795719
1323434360171859968
1323434403360550912
1323434403603894274
1323434504846016514
1323434614677889026
1323434651852132352
1323434720861036544
1323434778570461190
1323434783372988416
1323434820098293760
1323434915321565184
1323434967037284352
1323434984670142467
1323435039061889025
1323435208323072002
1323435223976214529
1323435340300984321
1323435348899352582
1323435386832564224
1323435439039066115
1323435486145335298
1323435644853604352
1323435731977703424
1323435750596161536
1323435775841705985
1323435788164571136
1323435797970825216
1323435808418922497
1323435838068457473
1323435846226350080
1323436011385430021
1323436021242122240
1323436026078089222
1323436069078159360
1323436152016326657
1323436191744667649
1323436223621455873
1323436233457094661
1323436254273261568
1323436414575480832
1323436475476811776
1323436635753713665
1323436674546835457
1323436726828687360
1323436754154754048
1323436792360689669
1323436864490143744
1323436895297282049
1323437007712980992
1323437051711279105
1323437076935806976
1323437292376248321
1323437318984839175
1323437325418942472
1323437343148158976
1323437385586270209
1323437412731805696
1323437457040412672
1323437533938724866
1323437641006780416
1323437829406543873
1323438007400173568
1323438089814069249
1323438258018226182
1323438348627775489
1323438365702791168
1323438443670720513
1323438506664849413
1323438510196449280
1323438516089610240
1323438547504955393
1323438591243100162
1323438621316255746
1323438630183014401
1323438652287057921
1323438746562420742
1323438969011474433
1323439144291454978
1323439172561063939
1323439254991765504
1323439293990395904
1323439317461716992
1323439363330613255
1323439373791186946
1323439383312244738
1323439401389752322
1323439463029157889
1323439491391004672
1323439523888570370
1323439676284379137
1323439687550275586
1323439692210200578
1323439709482352645
1323439709855600642
1323440013275791367
1323440068367966209
1323440105848213505
1323440152463683584
1323440184155779073
1323440339366170630
1323440343967272961
1323440350887858178
1323440444152401921
1323440536506781697
1323440601501782016
1323440711992225793
1323440759715094529
1323440866233589760
1323440887754612737
1323440903999102976
1323440920826662913
1323440986253594625
1323441584390705158
1323441593685282817
1323441613427875840
1323441618435932160
1323441628321849345
1323441732390952977
1323441809465450496
1323441858236788737
1323441879187365889
1323441882068930561
1323441926062956544
1323442052110163973
1323442070212792322
1323442175892443136
1323442194619969538
1323442213599252485
1323442245564047361
1323442313360793600
1323442498442846208
1323442506357481473
1323442528595705863
1323442532794081280
1323442543858798593
1323442601324929024
1323442889251295232
1323443083992850432
1323443309688332288
1323443346195554305
1323443385559076867
1323443463996792832
1323443563825418240
1323443657702363139
1323443741785493505
1323443855836983296
1323443905883459586
1323444079032782848
1323444158183428099
1323444168480428032
1323444236872802305
1323444416569249793
1323444511134146561
1323444611415760897
1323444619435270144
1323444638326366214
1323444645741953024
1323444668563103744
1323444737186123776
1323444788167798784
1323444788427857920
1323444789681905670
1323444790751502336
1323444791347191809
1323444814495535112
1323444858707693568
1323444862247718925
1323444914760437760
1323444962659344384
1323444981235933184
1323445004220641280
1323445043705847809
1323445125767462915
1323445154825576449
1323445194558181376
1323445205664747520
1323445264670220288
1323445273511813120
1323445324002766849
1323445404466319360
1323445526617051141
1323445579486289921
1323445600948494336
1323445643403268097
1323445973125865473
1323446091065556995
1323446216592687104
1323446218698199040
1323446259320061953
1323446276835414016
1323446381906927619
1323446386210295808
1323446462513057792
1323446499611725829
1323446561280528386
1323446598995791873
1323446614229426177
1323446737781096449
1323446846547742720
1323446852495187969
1323446903498067968
1323446904978628608
1323446944304431104
1323447058490150912
1323447115767549952
1323447197371834368
1323447229768675328
1323447351713955841
1323447376682647552
1323447497570869248
1323447533440520195
1323447579343015937
1323447648058310656
1323447677347155968
1323447698545123329
1323447790354182144
1323447795441950720
1323447945598042112
1323448049117646848
1323448112610971650
1323448505608871937
1323448507647336451
1323448702170615811
1323448725260423169
1323448769816498176
1323448832559140865
1323448866222604290
1323448919867740160
1323449058959282176
1323449200131133440
1323449206598705153
1323449339369431042
1323449370403131395
1323449385087307782
1323449523994271745
1323449532416405506
1323449539567722496
1323449590931140609
1323449792572379138
1323449877733494789
1323450028724289537
1323450119824572417
1323450207099625472
1323450216830410752
1323450245150351360
1323450276423061506
1323450284971089922
1323450354940477441
1323450770264608769
1323450813449146368
1323450875667468294
1323451002104782854
1323451114503766016
1323451277263671299
1323451344506769409
1323451409061339137
1323451427683999746
1323451519925166082
1323451546005315584
1323451600086704128
1323451604016779265
1323451787580420096
1323451805167198213
1323451808036118528
1323451827216699395
1323452097338073088
1323452115864399872
1323452159313223680
1323452167513116678
1323452168993726470
1323452287994499073
1323452335545323521
1323452337118216192
1323452337487110145
1323452366331543552
1323452400464760834
1323452442974015490
1323452457234669568
1323452488322789378
1323452596682719234
1323452616312037376
1323452639150018562
1323452646230020096
1323452685299974145
1323452895287791616
1323453095251202048
1323453270535380992
1323453355763654658
1323453370804412416
1323453372373082113
1323453442397003783
1323453465008476167
1323453479780798465
1323453490384015360
1323453525444206593
1323453731090944000
1323453832454692874
1323453860904620037
1323453954961903618
1323454023232561158
1323454041733685249
1323454068153589761
1323454117084364800
1323454212903215105
1323454319845429255
1323454597470576640
1323454611810930689
1323454648628465664
1323454703028633600
1323454716869668866
1323454815620517888
1323454847027478530
1323454853172133888
1323454853214015488
1323455023339261952
1323455090007695360
1323455151013875712
1323455233733832704
1323455375161655307
1323455506304950272
1323455616346632203
1323455641550266368
1323455655789895680
1323455702371766272
1323455768494919680
1323455817253855233
1323455875546292224
1323456051438592004
1323456061811105797
1323456197794693120
1323456244376576000
1323456356087717891
1323456562405531654
1323456631166935045
1323456663739916288
1323456769373425665
1323456803812921350
1323456874025492481
1323456876579823618
1323456906564898821
1323456965255847937
1323457090136862720
1323457145640263681
1323457174383845377
1323457209431371776
1323457283313917952
1323457376255660032
1323457466735206400
1323457529775591426
1323457550675812357
1323457575493533696
1323457610754985984
1323457643311149056
1323457657840279552
1323457700186017793
1323457754757910528
1323457900287766529
1323458080206655495
1323458235312054272
1323458325460209665
1323458593606242304
1323458613919338496
1323458630595842053
1323458769192452098
1323458934724767750
1323459042950451200
1323459056502296576
1323459076022505474
1323459090937511937
1323459186018177027
1323459200513703939
1323459252606902273
1323459392239357952
1323459477463588865
1323459508472029184
1323459668367319041
1323459852673470464
1323459886147989504
1323459886437425153
1323459888303931392
1323459889667059713
1323459890480820224
1323459892083118083
1323459922860920834
1323459962455162881
1323460037394780160
1323460142155837442
1323460205724815369
1323460295608729601
1323460463494156290
1323460494896844800
1323460621912989697
1323460724325257216
1323460739668070400
1323461147698319361
1323461227046162434
1323461248864931841
1323461402217033728
1323461490230337542
1323461514527997957
1323461563253198848
1323461572233203712
1323461625383366657
1323461642210992130
1323461665367695360
1323461672456114176
1323461677174738948
1323461752571514880
1323461858406400000
1323461979730808832
1323461985619582978
1323462026539261953
1323462159779717120
1323462299399716867
1323462429402144769
1323462458862952452
1323462466047778817
1323462573027635206
1323462584884961280
1323462650282549249
1323462710479200263
1323462857850322944
1323462918487375872
1323463008560046080
1323463238663757825
1323463313473363969
1323463502024114176
1323463553832132608
1323463717766443009
1323463723470581761
1323463846619713537
1323463919768379394
1323463985585410060
1323464090669453313
1323464234416672768
1323464301135437825
1323464346526167040
1323464471046742016
1323464473454235650
1323464479431032838
1323464643168358400
1323464646276354049
1323464648721637376
1323464683748270080
1323464728547594242
1323464739066957826
1323464758784413698
1323464793701994496
1323464799242563589
1323464919522693123
1323464933653188608
1323464986870632448
1323465090973245440
1323465147080462336
1323465263094878210
1323465298419322881
1323465328408612865
1323465356170715136
1323465356523032577
1323465468045365248
1323465476220035074
1323465586718969858
1323465711180808192
1323465831372754945
1323465989535625217
1323466132674744322
1323466236873891845
1323466291219451904
1323466369380323329
1323466440943480832
1323466636872044549
1323466637685755904
1323466736281227270
1323466849212837888
1323466859761590272
1323466949997809665
1323466998144212992
1323467018662744064
1323467095523401728
1323467100938293249
1323467320904323074
1323467426357514240
1323467434624471041
1323467452387348480
1323467470800379904
1323467483391709184
1323467610193862656
1323467626094469120
1323467636550868992
1323467656649986048
1323467718562140160
1323467719166038018
1323467725944086534
1323467782747529216
1323467794713890816
1323467795707867137
1323467951811579906
1323468001392340992
1323468223942168576
1323468261854466050
1323468270570250240
1323468271564263430
1323468271828537344
1323468548111556609
1323468656802729986
1323468965407002625
1323468966061289473
1323468978732388358
1323469068314251268
1323469104372682752
1323469164187688960
1323469196710334465
1323469289345683458
1323469345058684928
1323469359650639872
1323469361160609793
1323469378726305793
1323469621652017157
1323469645467291648
1323469656615755776
1323469751117619200
1323469782155485190
1323469853597048833
1323469952473550849
1323469953329209344
1323470017204260864
1323470083440738305
1323470142806917121
1323470179611889664
1323470191150465024
1323470279209852929
1323470326169219072
1323470384264609793
1323470417277968384
1323470433497337856
1323470458352766977
1323470488698560513
1323470496218972161
1323470584475459584
1323470596911648774
1323470601542127617
1323470650804211712
1323470752792850432
1323470773122727943
1323470804454117376
1323471001221582848
1323471103977803777
1323471173162815488
1323471200312561665
1323471222756286465
1323471223955853312
1323471224282980353
1323471270772645891
1323471382487904262
1323471468924198912
1323471513899720704
1323471605620789250
1323471644107702272
1323471651665838080
1323471704929325058
1323471742094987264
1323471782486003712
1323471782557396992
1323471884239986688
1323471918079578112
1323472030419865602
1323472101831974912
1323472153401020420
1323472207884988416
1323472215699017730
1323472224809029633
1323472231620612097
1323472389372608517
1323472466317086721
1323472526954139648
1323472543953637376
1323472550895276032
1323472611691712514
1323472670063808512
1323472679966515200
1323472727945191425
1323472759582871553
1323472768386695169
1323472777639284736
1323472780558585859
1323472797482520576
1323472896342319110
1323472899177619456
1323472921688477698
1323472943209467906
1323472986050072576
1323473006698659841
1323473034968182784
1323473086386196481
1323473112248184832
1323473115893125120
1323473201830256652
1323473341144092672
1323473432261074944
1323473445334716417
1323473478020943875
1323473583553892352
1323473585390891008
1323473652009127936
1323473705880748039
1323473707461971970
1323473813326176256
1323473904380350464
1323473916925530112
1323473918519349249
1323473965399113728
1323474002610978816
1323474007862161410
1323474048542789634
1323474091878371329
1323474215966773249
1323474387555831808
1323474429381431296
1323474525980413953
1323474577767411718
1323474987454402560
1323474988251435008
1323475001199239168
1323475022040748034
1323475053158256645
1323475060238274562
1323475082937802752
1323475104270032898
1323475104400084999
1323475115531788290
1323475211858157568
1323475215997898754
1323475217843425281
1323475256384933888
1323475371673739264
1323475375150796800
1323475406071234560
1323475427978022912
1323475582676586496
1323475670874378242
1323475749391785985
1323475757113507842
1323475760749883392
1323475781545349126
1323475869210447872
1323475907487686662
1323475992602693637
1323476002740166657
1323476060688830465
1323476160068673538
1323476173461082118
1323476174060855296
1323476228674899968
1323476238321803264
1323476303736168448
1323476337256996864
1323476508715855872
1323476508812390400
1323476515007418370
1323476622977257472
1323476765851922434
1323476778091008004
1323476813503488000
1323476821464272898
1323476953526140928
1323477046656438272
1323477179926269953
1323477465172451328
1323477470042050561
1323477483279339520
1323477505303601153
1323477604150685696
1323477604297564160
1323477610131836928
1323477688875626496
1323477762619965440
1323477826759176192
1323477915544260608
1323477993294102530
1323478315102064640
1323478510808322050
1323478621265211398
1323479238247329793
1323479263262158848
1323479433676816390
1323479456196034560
1323479458511261696
1323479529034338304
1323479550546845697
1323479698651992069
1323479756336234498
1323480027535691782
1323480065548652545
1323480245471793152
1323480267634413569
1323480270578724864
1323480290501812224
1323480317877981184
1323480364426366976
1323480418235142150
1323480433166819338
1323480615128281088
1323480727103614977
1323480797538590726
1323481015805972480
1323481036962017280
1323481116024709122
1323481127789670400
1323481151349153792
1323481178628915201
1323481195800395779
1323481305737269248
1323481389879218183
1323481410003415041
1323481421294391296
1323481424435924998
1323481427426435073
1323481431033540609
1323481434741329921
1323481438637838336
1323481439778865152
1323481441733365760
1323481444967051264
1323481448771407874
1323481464609132549
1323481536784642048
1323481549833199616
1323481729227739151
1323481825243705344
1323481859859369984
1323482045272698881
1323482116378796032
1323482117859352578
1323482134259138560
1323482153473200133
1323482247056527361
1323482352790757376
1323482381748154368
1323482434797789190
1323482517396213761
1323482551298760705
1323482595175399425
1323482611633786880
1323482623252008961
1323482647876816898
1323482748154204160
1323482780676820997
1323482849593491457
1323482897572126721
1323482931025895424
1323482978950012928
1323483086454202368
1323483132327350272
1323483291597635585
1323483351156723712
1323483352356278272
1323483384430120960
1323483384614707200
1323483393213026305
1323483411173003268
1323483424305356802
1323483457142534144
1323483520568872960
1323483546997137411
1323483676827652102
1323483681470713859
1323483749804318721
1323483750320295937
1323483780187779072
1323483828804112391
1323483891508850688
1323483931048554496
1323483980688142342
1323484027614015491
1323484100427190273
1323484138444345344
1323484187765149697
1323484226843512832
1323484247076835328
1323484289615486977
1323484475318247424
1323484475951558661
1323484492993122305
1323484509166358528
1323484621892472832
1323484733456699392
1323484746282946560
1323484801060491265
1323484842043101185
1323484849534021633
1323484969302429696
1323484982745141250
1323485029205508096
1323485052152516610
1323485093860675585
1323485158784278528
1323485179294437377
1323485199481688064
1323485355362930690
1323485475882082304
1323485641267683329
1323485866644426752
1323485973699829760
1323485975276900352
1323486009896685568
1323486090561490944
1323486140150763520
1323486209885282304
1323486264906129408
1323486324540772354
1323486325350289411
1323486330458955776
1323486335513042944
1323486460801097729
1323486466073337862
1323486584952541185
1323486697284280321
1323486710689370112
1323486752955338752
1323486755371274241
1323486918588436481
1323486964918738945
1323486989581246464
1323487062360788995
1323487064281808896
1323487097244844032
1323487136297922560
1323487144527253509
1323487159874211841
1323487169206431744
1323487170288623616
1323487172348006400
1323487382558154752
1323487418004156417
1323487428657643522
1323487476141490176
1323487529237155840
1323487580546048000
1323487588011941890
1323487615933403136
1323487624590434304
1323487642042978304
1323487654076469249
1323487742488174592
1323487745868767232
1323487764428558336
1323487806564552704
1323487854144720901
1323487866245230598
1323487902123384836
1323487906225397761
1323487916606263297
1323488150350667777
1323488178230169600
1323488328986087424
1323488330730950658
1323488400025047040
1323488541846966272
1323488580711448577
1323488811188473856
1323488824568238080
1323488830477996032
1323488899424014336
1323488911008608256
1323488923352444929
1323488952767172608
1323489022119989250
1323489022468042753
1323489261442736129
1323489542473764864
1323489779414159360
1323489799056072704
1323489811265658881
1323489898037391360
1323489950717849600
1323489986403028993
1323490085065535493
1323490085480800256
1323490086365716480
1323490086726508547
1323490087049580544
1323490088467095553
1323490088525856768
1323490089436151810
1323490155827810311
1323490180653867010
1323490213319106561
1323490239797747713
1323490311876857863
1323490322857512960
1323490353094295557
1323490360954441733
1323490375563182082
1323490470777901056
1323490483323113472
1323490493385375744
1323490574310297600
1323490736508227591
1323490806699884550
1323490889000431617
1323490954523926534
1323491004750663680
1323491036543569921
1323491126855290884
1323491140943925248
1323491151933034497
1323491277585960960
1323491302714036224
1323491475305451527
1323491702389280770
1323491817199980544
1323491904357584896
1323491924846776320
1323491939858190336
1323491947311439872
1323492124562804736
1323492126412443648
1323492130489249792
1323492147325247488
1323492201377206273
1323492203818266624
1323492234327691264
1323492271170359296
1323492336962252800
1323492516738588672
1323492533876510720
1323492601828380673
1323492642680840194
1323492652667576321
1323492713166262272
1323492714659389440
1323492778240811009
1323492854069678081
1323492869336956928
1323492882821558273
1323492886751694848
1323492914987782144
1323492918880030720
1323492922180964352
1323492965176631296
1323492999981080576
1323493027940323328
1323493040246444032
1323493147058593799
1323493218659520513
1323493231250808832
1323493303040593920
1323493333340217344
1323493356689903617
1323493403078889472
1323493415795990528
1323493418044108800
1323493419197542401
1323493439841984512
1323493451174916101
1323493455448997888
1323493485174018048
1323493493579329536
1323493602354495488
1323493648210796544
1323493747531915269
1323493755350065152
1323493792373219329
1323493817153105920
1323493855761747970
1323493860215906304
1323493860312408066
1323493897239220226
1323493963152691200
1323493989140570118
1323494032056717312
1323494100457369601
1323494111710650370
1323494114470567936
1323494115863105536
1323494151879561217
1323494307622510592
1323494317755957248
1323494550481080320
1323494554952085506
1323494676121505792
1323494694316290057
1323494706622455809
1323494819990294529
1323494850512244736
1323494860322709505
1323494864076623872
1323494990442602497
1323495115407695872
1323495118276644866
1323495118838534144
1323495126707150848
1323495192830316545
1323495280851955713
1323495333872226304
1323495351278587905
1323495486045720577
1323495507638059009
1323495556946251776
1323495565003554816
1323495619055505408
1323495630694682624
1323495638412206080
1323495745849298946
1323495763641585664
1323495918512017409
1323495988926046208
1323496010581237760
1323496108870565888
1323496206706855937
1323496305491062784
1323496356837810176
1323496384268521472
1323496400022364161
1323496497166561281
1323496507589406720
1323496583955156992
1323496588698898432
1323496670034759686
1323496768483459072
1323496785772486656
1323496867909480448
1323496911433830402
1323496942689832960
1323496965758476289
1323496979868143619
1323497004664836096
1323497042333868032
1323497217987121152
1323497315898896386
1323497321913634816
1323497348304146433
1323497351382781952
1323497414536400896
1323497423587692545
1323497436011286529
1323497441811959808
1323497460640194561
1323497535042953216
1323497572779151360
1323497589350817793
1323497608787173376
1323497626034208768
1323497634875600897
1323497635290976256
1323497635689328640
1323497635769012224
1323497697765171200
1323497727502831616
1323497765155098624
1323497823149658112
1323497892997464064
1323497894683549697
1323497998589067264
1323498006033944577
1323498012761608192
1323498016590991360
1323498095787823109
1323498210095149057
1323498236771008512
1323498280408567808
1323498315217014786
1323498333990735872
1323498419973955585
1323498437795631104
1323498463196180480
1323498474801827842
1323498691861401600
1323498832685125635
1323498862309462017
1323498886586159110
1323498946891841538
1323498961995530246
1323498963153178624
1323499018681520132
1323499038369587200
1323499048817577986
1323499052475027459
1323499081348632576
1323499088483110912
1323499159320743936
1323499199963516930
1323499263406518272
1323499382780665856
1323499398987456513
1323499408831504385
1323499442906025985
1323499459284783104
1323499463797858304
1323499485943730176
1323499585264885764
1323499606433517568
1323499647504158720
1323499691036889093
1323499718526357504
1323499742433857536
1323499804870221824
1323499834201047040
1323499849032105984
1323499923875180545
1323499991537754112
1323500406241136640
1323500410439610369
1323500441548787712
1323500473735852032
1323500521697742848
1323500546670710789
1323500552114896898
1323500689042083840
1323500785091698688
1323500793958420480
1323500896844763136
1323500901001240579
1323500907326251009
1323500985592020993
1323501182481014785
1323501246624522241
1323501380305342465
1323501409862561792
1323501452078338049
1323501500002390016
1323501542603894784
1323501597146558464
1323501618705453056
1323501620123045888
1323501667682234368
1323501754546376704
1323501781742137344
1323501788679540736
1323501800985665536
1323501887543484416
1323501949510131714
1323501957789687808
1323502099070595072
1323502175704723461
1323502237897887746
1323502250665353216
1323502268184956929
1323502349688721408
1323502462465150976
1323502508296331264
1323502510343159808
1323502541024325632
1323502568098668544
1323502581801492481
1323502667990269954
1323502674084388870
1323502675648983040
1323502675690954753
1323502759409233921
1323502771421782016
1323502808407056385
1323502811837947904
1323502815851941889
1323502818007941120
1323502819089920005
1323502849502924800
1323502914594365441
1323502938979971072
1323502964791717888
1323502965790068736
1323502984953815040
1323503018554368000
1323503022144659457
1323503045343383553
1323503065887100930
1323503096312549376
1323503169180225537
1323503176054689792
1323503302395469825
1323503411065692160
1323503413942980609
1323503448495738881
1323503475662225410
1323503552619257858
1323503553680388096
1323503557316890624
1323503592536420353
1323503600459501568
1323503602380513281
1323503783842877441
1323503833507651585
1323503885865148416
1323503894488559617
1323503926595842048
1323503927627755521
1323503929943097345
1323503944434331648
1323503995126747136
1323504047786283009
1323504094712049664
1323504183224553472
1323504194096123905
1323504202635792384
1323504280985362432
1323504284022001664
1323504298597240832
1323504312174186500
1323504345653137408
1323504355694284802
1323504410383863808
1323504437160103938
1323504465480220673
1323504482878169088
1323504565166198785
1323504583038160896
1323504700315062272
1323504775145598976
1323504781994958849
1323504800311480320
1323504848101347329
1323504910382583808
1323505001512259584
1323505025499467776
1323505028661944321
1323505045091033088
1323505122467598336
1323505144684826624
1323505176116940800
1323505186187341824
1323505186237632512
1323505187185692673
1323505187198128128
1323505187353370626
1323505191057055744
1323505226855436296
1323505290285821952
1323505331197091842
1323505349610119169
1323505351057166336
1323505357302439936
1323505388629585920
1323505415905251328
1323505420007342080
1323505448654352384
1323505485694308352
1323505516321144832
1323505526068662272
1323505546083946502
1323505576505167875
1323505720202043393
1323505754968608769
1323505781367517184
1323505823050424320
1323505858106580994
1323505863835996160
1323505876238585857
1323505959004758016
1323505975786115072
1323506031687847937
1323506040420421632
1323506069713391616
1323506102902923264
1323506116047884288
1323506226513268738
1323506237913370626
1323506245718986752
1323506304158224384
1323506360533815301
1323506362857512960
1323506389205962757
1323506402082627585
1323506443216056320
1323506567900286976
1323506697021870080
1323506712893038592
1323506729942994944
1323506738876862464
1323506738889371654
1323506776445227008
1323506808682663941
1323506844401340416
1323506858729099264
1323506871605624832
1323506875611160576
1323506898260398080
1323506908540604416
1323506962668179457
1323507010776739840
1323507071644565505
1323507080955891712
1323507097204641792
1323507121640689665
1323507130368929792
1323507140770865152
1323507150941990912
1323507155794878466
1323507198513860611
1323507210257911809
1323507255619309569
1323507304193499136
1323507332874194944
1323507358283300864
1323507373919608834
1323507525623390209
1323507530945933312
1323507584637296640
1323507597983494144
1323507600433074178
1323507632695611393
1323507633995829248
1323507648801722368
1323507767899029510
1323507771489353728
1323507784739135490
1323507842993840130
1323507858940583938
1323507860932874242
1323507937873154049
1323507967824662530
1323508033553653760
1323508081163198464
1323508275657297920
1323508290081443840
1323508316715311104
1323508348625555456
1323508353197314048
1323508355214835712
1323508367969685504
1323508369186054144
1323508381261463553
1323508397937958922
1323508431072972800
1323508431278452738
1323508441147678722
1323508474437914624
1323508529664241665
1323508552489672705
1323508656097427457
1323508737890488320
1323508840751632384
1323508903099990016
1323508908191895552
1323508917184376833
1323508959597096960
1323508959718764545
1323508988487458818
1323509063771148288
1323509103222808578
1323509172844056576
1323509174412677120
1323509185808650240
1323509215437213696
1323509311138680832
1323509311142854658
1323509324803657728
1323509362418208769
1323509364888580096
1323509377664536576
1323509386128609282
1323509409130176512
1323509423822819330
1323509442302922752
1323509586473701377
1323509600566607873
1323509663439167488
1323509670091390976
1323509671974576128
1323509677263650817
1323509761711738881
1323509799968006144
1323509806557179904
1323509814346088450
1323509840593956869
1323509889453490186
1323509907069505536
1323509934215090176
1323509950585470976
1323509958114222080
1323509994814406656
1323510013860683777
1323510059150811136
1323510069120634880
1323510078406828033
1323510085021323264
1323510218165137408
1323510221998825472
1323510246569058304
1323510256618622976
1323510261513375744
1323510287476117507
1323510369382522881
1323510371819442177
1323510379352363008
1323510436952682496
1323510442887651328
1323510448805826560
1323510506263633920
1323510524630441990
1323510525360279557
1323510589935783936
1323510627902640128
1323510645497778176
1323510649843044352
1323510721146179584
1323510748367278080
1323510756126662656
1323510855418421249
1323510856358002689
1323510860418080768
1323510892001153026
1323510896732311553
1323510899152441347
1323510901501267968
1323510930332884992
1323510948699799552
1323510991297105922
1323511007814262785
1323511081755680769
1323511137502199809
1323511165171994625
1323511195492585472
1323511214580912129
1323511214983491584
1323511238886891520
1323511242598817798
1323511254825242624
1323511292037128193
1323511301776297986
1323511311653810176
1323511317232320513
1323511357724102657
1323511368977424384
1323511386694164480
1323511467983982593
1323511489358155777
1323511492155740161
1323511500171055104
1323511525349490689
1323511570014654466
1323511616420401152
1323511656018812928
1323511669235044352
1323511682564526085
1323511701761859584
1323511730161549312
1323511739498024960
1323511769453727744
1323511792304312325
1323511930070487040
1323511932591263746
1323511977113780225
1323511980515336192
1323512002808000513
1323512044969185280
1323512091576274945
1323512117010509825
1323512184132018177
1323512227303968768
1323512244580352001
1323512268286558208
1323512277270728706
1323512378336677888
1323512459056062464
1323512483366211584
1323512582137925632
1323512596025298945
1323512615381905408
1323512628040376321
1323512642825265152
1323512653831163904
1323512734684745728
1323512734911143936
1323512735024386048
1323512738270904320
1323512760739729408
1323512780708827136
1323512786471788544
1323512793149198336
1323512830881128449
1323512832915312641
1323512849369604096
1323512881015607297
1323512885293797383
1323512923608764416
1323512980735184896
1323512983293743104
1323513085282471936
1323513198092394498
1323513210394284032
1323513234024968193
1323513268086972416
1323513311036661761
1323513323774758912
1323513344876306433
1323513345069195264
1323513372286005248
1323513412484276227
1323513473180073984
1323513496097665026
1323513540553166848
1323513560161570816
1323513590461157376
1323513592856121344
1323513603903967233
1323513611541712898
1323513645742120960
1323513701987733506
1323513710963511296
1323513738645917697
1323513739497320449
1323513759508373505
1323513764763869185
1323513772720463873
1323513782749007872
1323513786746216448
1323513858863075329
1323513895890440192
1323513901053550592
1323513962651144192
1323514068032958464
1323514117722877952
1323514160374784002
1323514180339748865
1323514251336732674
1323514251844165634
1323514262942228482
1323514363936940032
1323514434040532993
1323514437467332608
1323514472301035520
1323514490466541569
1323514538575175680
1323514608175468546
1323514627175686145
1323514633454526464
1323514639901204482
1323514648092696576
1323514650512789504
1323514678815895552
1323514691323310081
1323514784487190529
1323514806234681344
1323514846885851136
1323514947649884161
1323514970747842561
1323514975797858304
1323514992545669122
1323514994269523968
1323515019586379776
1323515030546059264
1323515038523600899
1323515079158095873
1323515079883739136
1323515102570684416
1323515107629010944
1323515117229715457
1323515161295073280
1323515234674528256
1323515243709014016
1323515269663412224
1323515307126829056
1323515315117084677
1323515373229137922
1323515418749915136
1323515502669504514
1323515506427600898
1323515509598490624
1323515539105456131
1323515551998791681
1323515606948261889
1323515620726579200
1323515641639391233
1323515679438442496
1323515722769813504
1323515733943504897
1323515774754054144
1323515812184002560
1323515835982499841
1323515847810424833
1323515860011671554
1323515931532972032
1323515939690893317
1323515966261780480
1323515977166966784
1323515977888419840
1323515986306355200
1323516009492434944
1323516009937063941
1323516044238032896
1323516112911388672
1323516129822822405
1323516152887320577
1323516183514128384
1323516280192802818
1323516302569414658
1323516310354038785
1323516324862169089
1323516353723195393
1323516400468660231
1323516403031433218
1323516406672072705
1323516437286297600
1323516451416875009
1323516472895918080
1323516517963759617
1323516525366726656
1323516525572198400
1323516526650163201
1323516587790475265
1323516600348221440
1323516635886571521
1323516726722650119
1323516734150565888
1323516847350779906
1323516859900141568
1323516878027923458
1323516880175378432
1323516924538593280
1323516948488048641
1323516982986264576
1323517087646625795
1323517138200600577
1323517178344361985
1323517250364706816
1323517276017119232
1323517310791987201
1323517320707321862
1323517322842300416
1323517325589491713
1323517401988767747
1323517412642271232
1323517535690641408
1323517585703489541
1323517589511950337
1323517597472772097
1323517686249304064
1323517731778514944
1323517737113714688
1323517743908478976
1323517744051032065
1323517767526600705
1323517767648161792
1323517767664852992
1323517770743644160
1323517780327628802
1323517915048644609
1323517934283726848
1323517940965298176
1323517942907154433
1323517962196758529
1323517967993393152
1323518022137630721
1323518027887902720
1323518051111849985
1323518066114895872
1323518083072491521
1323518087321296896
1323518088428572673
1323518093252055041
1323518102869598208
1323518102970183681
1323518103733633024
1323518183710576640
1323518192342413313
1323518203503562753
1323518207563567104
1323518211703345153
1323518228656631808
1323518276991942656
1323518283002380289
1323518316498006017
1323518318066737158
1323518391995535360
1323518416452489218
1323518428938981376
1323518431908503552
1323518454607982592
1323518479266390016
1323518503916363776
1323518520181821441
1323518559859990528
1323518620773867521
1323518632375312384
1323518651618779136
1323518652122103808
1323518668387590147
1323518745411751936
1323518753955586049
1323518794082537472
1323518837535494144
1323518861384294401
1323518878048309248
1323518879931469824
1323518889481900032
1323518895886618624
1323518912277958656
1323518936755916801
1323518975788093440
1323518984575160320
1323518995404869632
1323519033468223489
1323519033925394432
1323519036450394114
1323519037406695424
1323519040321703936
1323519079865606145
1323519094017134592
1323519094046470146
1323519096114196481
1323519134160822273
1323519151047135232
1323519203727548416
1323519209658265600
1323519312842412032
1323519356106690560
1323519385630347264
1323519398536220673
1323519448041562113
1323519511841177600
1323519516501041153
1323519553687703553
1323519558959927296
1323519593416171520
1323519597748826112
1323519611317424129
1323519712286937088
1323519717584199682
1323519719211716608
1323519750165663744
1323519753378516995
1323519757807689728
1323519827525382149
1323519833741340672
1323519862656901120
1323519942906515458
1323519954906472448
1323519979959046144
1323520029896380416
1323520053795500032
1323520066202292225
1323520088247537666
1323520090680266753
1323520112339619840
1323520116605227010
1323520191658156033
1323520194518667265
1323520205931352064
1323520212558381057
1323520225757876224
1323520261501628416
1323520271387709441
1323520284675198977
1323520285182697473
1323520285245546496
1323520286164070400
1323520286315044865
1323520286713667584
1323520286805942278
1323520286864547840
1323520286889828352
1323520287569108993
1323520300416487424
1323520306930196480
1323520317223030784
1323520326857359360
1323520328430215169
1323520334151241728
1323520359354818560
1323520393483792384
1323520419304034304
1323520419903676416
1323520440132882432
1323520456121606144
1323520461175689218
1323520464975765504
1323520475646013441
1323520476249993221
1323520477365735424
1323520535997911041
1323520607070334976
1323520613840019461
1323520650733080576
1323520684979572736
1323520734422044672
1323520757863866368
1323520772334407680
1323520827678248961
1323520828068163585
1323520848280670208
1323520900269047811
1323520912763867136
1323520913271185408
1323520914512859136
1323520939154382848
1323520939301232645
1323521017927663616
1323521080359727104
1323521122877480960
1323521144234905600
1323521164501725184
1323521179374755846
1323521225361117185
1323521262166179840
1323521268281413634
1323521316994113537
1323521377354293249
1323521464633593856
1323521527590039552
1323521616899395590
1323521665456898048
1323521670867488774
1323521768087265280
1323521794259767296
1323521800916054016
1323521829353463808
1323521845941964801
1323521905450749953
1323522070127484930
1323522084174241792
1323522088024592384
1323522103262515200
1323522110543769600
1323522114998206464
1323522134237392899
1323522142038859777
1323522156228190209
1323522177195511808
1323522183201722370
1323522211521638401
1323522244929269761
1323522276818620416
1323522363397464064
1323522382435418113
1323522395471290369
1323522434667073536
1323522488094121984
1323522489868308480
1323522536353730561
1323522542385201153
1323522552384442368
1323522583191572480
1323522613352845313
1323522615991017472
1323522631983837185
1323522642926657536
1323522643300098048
1323522685599686656
1323522715492507648
1323522734274584577
1323522800615915520
1323522800728985602
1323522809570729985
1323522815702740992
1323522832031166466
1323522838544994308
1323522842726719488
1323522849886343168
1323522868353896450
1323522897818910720
1323522924029091840
1323522954597117955
1323522960901263361
1323522984255070208
1323523002030563328
1323523019084619777
1323523048193040385
1323523052316069888
1323523054375444481
1323523066060808192
1323523109945823234
1323523129684168709
1323523138202836993
1323523151201030145
1323523178354876417
1323523185732657152
1323523192653230081
1323523203277426688
1323523219480039431
1323523226685837312
1323523251482566657
1323523262945644544
1323523280662388737
1323523291601084419
1323523315009466369
1323523322907398144
1323523323272323073
1323523348522033152
1323523376019812353
1323523380339974144
1323523411025559553
1323523427261698048
1323523437047013377
1323523440641478656
1323523451047550976
1323523467594113024
1323523470475644928
1323523475005448192
1323523511974010880
1323523516591910914
1323523582186631168
1323523634347020290
1323523661698080770
1323523662390169600
1323523702630293504
1323523710591094784
1323523723912241152
1323523757714145282
1323523779105095681
1323523780052922370
1323523792400994305
1323523805021614090
1323523813225750529
1323523820259598336
1323523863712567296
1323523887842402305
1323523893961904128
1323523932201340930
1323523938085949442
1323523971980152832
1323523973032910848
1323524004657975298
1323524008755843072
1323524015433125889
1323524022915780608
1323524037671292929
1323524065399775232
1323524076170842113
1323524083389239296
1323524088720199687
1323524131023998976
1323524152523812864
1323524183683440641
1323524185675730945
1323524186619416581
1323524210971594752
1323524244358209536
1323524244718931968
1323524252998504449
1323524273152135168
1323524273869303808
1323524286703935489
1323524294182342656
1323524298942877696
1323524303015600128
1323524330807037958
1323524346795741184
1323524360905334784
1323524373869924353
1323524380476035074
1323524381402931200
1323524382728294400
1323524434569924609
1323524474843602944
1323524494091276288
1323524503503282177
1323524538257342471
1323524541340094465
1323524567034376192
1323524588031102976
1323524624202846208
1323524632394293248
1323524645220474880
1323524724660572167
1323524728896786432
1323524759787696129
1323524781086515200
1323524782424526848
1323524800573222912
1323524809574305792
1323524815576309760
1323524835381780480
1323524848585478144
1323524854033907712
1323524897855987713
1323524948141449216
1323524948523208704
1323525002990358528
1323525016521187331
1323525019880869888
1323525032887332864
1323525056731992064
1323525066089467905
1323525068299841541
1323525090018005000
1323525113745149958
1323525148859895808
1323525158481612800
1323525199472504832
1323525201070534656
1323525210839109633
1323525211661193216
1323525221886922753
1323525234931175424
1323525235254190080
1323525262907219968
1323525280925949955
1323525291562602498
1323525317273636864
1323525317370150915
1323525321631637504
1323525335091064832
1323525372399538176
1323525391487766528
1323525408839577601
1323525423851016197
1323525426040459266
1323525435309854720
1323525443220328448
1323525496320249857
1323525507254788096
1323525530440912896
1323525541509668865
1323525550665850882
1323525592864739329
1323525598925508608
1323525612892553216
1323525627954290689
1323525631720775681
1323525657482190848
1323525725174059008
1323525792127688705
1323525801648803840
1323525811127914496
1323525811853512705
1323525857491722243
1323525902341472257
1323525968527503361
1323525972440895489
1323526047145615363
1323526052006842370
1323526088564396033
1323526112320868352
1323526113684037633
1323526127235813376
1323526146185715712
1323526172064518144
1323526214015803392
1323526228087873536
1323526272509714432
1323526282454409221
1323526357989625856
1323526365984022528
1323526377069518854
1323526381259657217
1323526384220856323
1323526398976225281
1323526479993573376
1323526482430468096
1323526487925018624
1323526537803632640
1323526569952972800
1323526581135003649
1323526587199967235
1323526604505702400
1323526623413571585
1323526624973856769
1323526651599269888
1323526659031662592
1323526674282065921
1323526676685508609
1323526682775556096
1323526706569879552
1323526707773661185
1323526740577234950
1323526783560491015
1323526796151848960
1323526831874678786
1323526841223811072
1323526888531333120
1323526911348363265
1323526920819146752
1323526945146130432
1323526957125013505
1323526991858044928
1323527062968279040
1323527063937175554
1323527064402743297
1323527073697288192
1323527079028314112
1323527087198593024
1323527098208759813
1323527139149434880
1323527143205294081
1323527155234545666
1323527177443270659
1323527186545053696
1323527198083588097
1323527206543400961
1323527238793519107
1323527336365535232
1323527352366829568
1323527353260277765
1323527394108559362
1323527410319560705
1323527437041442821
1323527458881261568
1323527515630145537
1323527528649285632
1323527553177526275
1323527555455090688
1323527562207891456
1323527581191340032
1323527610345885697
1323527630235275264
1323527652599386113
1323527683343589377
1323527696241119233
1323527757968613377
1323527758148964353
1323527769771417600
1323527834300604416
1323527834422444032
1323527834888003584
1323527851526791169
1323527853716262913
1323527870396932096
1323527902764388353
1323527910507094017
1323527917486383106
1323527917805195264
1323527923769499654
1323527933311524866
1323527941259698176
1323527956707348481
1323527977108426752
1323528003561922562
1323528034650148864
1323528049984475136
1323528066216460288
1323528095341645824
1323528097719791621
1323528111292559360
1323528112039219200
1323528113318465536
1323528124840218625
1323528137129545728
1323528147694948352
1323528185150115841
1323528197108105216
1323528211079352320
1323528220440956933
1323528247729152001
1323528265307443200
1323528315274203136
1323528326938533888
1323528337042661377
1323528345611653122
1323528400200474629
1323528411105660928
1323528420647751680
1323528424892338177
1323528429703254017
1323528434451128321
1323528453044506625
1323528544807510016
1323528585542512640
1323528631327641601
1323528647391780864
1323528652911529986
1323528699828965377
1323528723837145088
1323528743772737536
1323528745576267779
1323528793563287552
1323528841613217792
1323528842443706368
1323528844293283842
1323528856796540928
1323528869920595968
1323528880804798467
1323528900572520448
1323528934454079488
1323528937012678656
1323528961121550336
1323528964523102208
1323528969237467137
1323528978796318725
1323528991781904385
1323529069057757190
1323529089894985728
1323529101119016962
1323529103006466048
1323529111709667328
1323529133696126977
1323529145826054145
1323529153468092416
1323529221654913027
1323529232547516416
1323529253758083073
1323529255075151873
1323529286456934408
1323529301866778632
1323529306614747139
1323529317507338241
1323529348964638720
1323529373912387586
1323529400353202177
1323529440807276544
1323529480489570305
1323529485971525632
1323529503126245376
1323529504388730880
1323529542171086848
1323529571216564224
1323529598634774528
1323529607082029056
1323529625876705280
1323529633388777472
1323529640925954048
1323529646449872896
1323529646525337603
1323529676523032578
1323529760476155904
1323529812489719809
1323529830751752193
1323529842596466688
1323529844290953216
1323529849110147072
1323529872782860288
1323529970635939840
1323529994031763456
1323530003443818496
1323530005159284736
1323530012818087937
1323530022490132485
1323530165847236608
1323530169517297664
1323530173766115329
1323530195777867778
1323530204233363457
1323530241160192000
1323530255123009537
1323530258428141568
1323530268817448960
1323530278674063361
1323530285468844032
1323530304972378112
1323530314971553793
1323530316766695425
1323530324295487489
1323530332289859586
1323530347313770497
1323530349566140421
1323530350451060737
1323530355559858176
1323530398975041537
1323530410027077632
1323530414208724992
1323530432294604802
1323530437273288704
1323530437843714050
1323530467317080064
1323530497495097344
1323530497503481857
1323530500502413312
1323530519687143424
1323530577396551680
1323530619171778561
1323530630601330688
1323530632643940357
1323530636917964800
1323530643406495745
1323530693201305600
1323530696229605377
1323530705402535937
1323530738910830593
1323530777167101954
1323530796448231424
1323530802672578560
1323530813703704576
1323530831273611265
1323530850378633216
1323530861963300867
1323530870305792001
1323530938605776896
1323530941034352640
1323530944767250432
1323530951280848896
1323531048328843265
1323531061750571010
1323531070470586368
1323531106063437824
1323531119388626944
1323531140725166086
1323531146169405440
1323531162854346752
1323531181460246528
1323531189534314500
1323531196924649472
1323531222178516993
1323531226892947457
1323531251446435841
1323531258069209089
1323531317980631040
1323531338536886274
1323531341523308544
1323531348276056064
1323531380337291266
1323531414206353409
1323531421722517505
1323531464911310852
1323531550135406594
1323531557215342594
1323531566031790080
1323531569534013441
1323531577272532992
1323531608759037953
1323531611426750464
1323531622902353920
1323531657446674437
1323531675138228224
1323531706616471552
1323531720377962496
1323531732948234240
1323531737943674880
1323531746307121154
1323531772496404480
1323531787369406464
1323531787763650560
1323531795598610437
1323531814405885953
1323531851219296256
1323531870458490881
1323531903056678913
1323531911604674561
1323531932437798912
1323531978491060224
1323531982891032579
1323532015141093376
1323532022560731137
1323532115078688768
1323532140651438081
1323532143188942848
1323532178978934787
1323532188000792578
1323532221286883328
1323532258612072449
1323532264865751040
1323532266723749888
1323532374999764992
1323532390304751616
1323532399276294144
1323532424098316290
1323532448743989248
1323532469547794432
1323532470478929920
1323532478414495744
1323532500686299136
1323532508131135488
1323532522253373441
1323532522890907648
1323532530138624005
1323532531413766144
1323532564896894977
1323532566000001025
1323532572253630466
1323532577316184064
1323532610472189952
1323532625785442305
1323532648493551619
1323532652117446657
1323532677115510784
1323532687861288960
1323532696988065793
1323532734766157825
1323532759487467520
1323532776327454720
1323532783915016193
1323532801153634304
1323532810129416192
1323532867083755520
1323532874251907073
1323532875589947392
1323532879645855746
1323532880019099650
1323532888810414080
1323532942409388032
1323532956095401984
1323532971190722560
1323532996037746693
1323533005223284741
1323533017059655687
1323533027889303552
1323533048927948802
1323533077428187142
1323533081274363904
1323533105093873664
1323533128141426689
1323533140019892224
1323533141424902144
1323533171753975816
1323533190338891777
1323533193212026880
1323533248614535168
1323533268227104769
1323533298434539520
1323533353296011265
1323533380902936576
1323533390629490690
1323533395515871232
1323533413375266816
1323533439350542336
1323533471147589635
1323533515200319490
1323533553695629313
1323533579868114945
1323533590207041536
1323533618409574400
1323533663351562240
1323533682104217604
1323533682548854784
1323533682917998592
1323533688374702082
1323533707920244738
1323533713083408384
1323533725133611010
1323533776421609473
1323533843618533376
1323533846722318341
1323533855903670273
1323533860676710400
1323533872714403840
1323533875323326464
1323533905278967809
1323533933401808896
1323533938510434304
1323533968415825920
1323533977291005953
1323534056370458625
1323534070861729792
1323534120107102208
1323534158497566720
1323534162511486976
1323534172196085761
1323534172636459008
1323534179359969281
1323534187786326022
1323534208397135877
1323534217733693440
1323534236616396800
1323534246607228928
1323534267469697024
1323534285236822016
1323534288395055104
1323534297152761857
1323534309131751424
1323534321391722497
1323534325778960389
1323534350756024320
1323534444486103041
1323534489075752961
1323534541261332486
1323534552741150720
1323534582717779968
1323534598777774081
1323534618281345025
1323534620281970690
1323534638879547394
1323534644470599680
1323534698644152325
1323534743493857280
1323534747046477826
1323534750699659264
1323534796149170176
1323534819511455744
1323534834904584193
1323534854974263296
1323534886695800832
1323534890562916352
1323534904693530625
1323534936041787394
1323534936054419457
1323534955184558080
1323534985320669184
1323535028371005440
1323535059450793984
1323535068300742656
1323535139733868545
1323535141411717120
1323535142904909825
1323535168091656192
1323535196029931520
1323535221703299073
1323535232146960384
1323535246193758209
1323535249951854594
1323535260001460224
1323535261725315077
1323535286660403201
1323535327282274305
1323535333028487168
1323535337260535809
1323535345267449856
1323535350875230208
1323535386803609602
1323535387294199808
1323535389139886083
1323535398224756738
1323535404935634944
1323535405728321536
1323535430533451776
1323535439362433024
1323535529196064768
1323535570753249285
1323535582455386112
1323535589308846080
1323535598251089922
1323535600633479171
1323535609068138496
1323535614831173632
1323535619847524354
1323535675875069959
1323535709496610816
1323535729641869313
1323535731319541761
1323535731529146372
1323535758725124097
1323535761728294912
1323535763003351041
1323535793126887424
1323535808142389248
1323535840937730048
1323535847573127173
1323535857387712512
1323535871124131840
1323535877847584769
1323535887226068993
1323535900245135365
1323535907471958016
1323535913054601216
1323535927273279488
1323535931773722629
1323535944327270400
1323535966523580416
1323535974807339008
1323535977479110656
1323535982243811329
1323535993996267526
1323536034337050624
1323536041509330945
1323536056176836609
1323536062703087616
1323536064112291840
1323536091962593282
1323536095259332613
1323536097142542337
1323536104235143174
1323536107242283008
1323536130395021313
1323536154558431232
1323536156206706689
1323536195956125696
1323536215291953153
1323536240323579905
1323536297521221632
1323536311345684480
1323536330891108353
1323536344921133056
1323536348423348224
1323536394912976896
1323536425854341121
1323536431147569153
1323536456825081857
1323536463192051713
1323536464198717441
1323536487460331520
1323536496872357893
1323536508733792256
1323536543122948096
1323536549775085568
1323536579089018880
1323536593332961281
1323536604405837825
1323536630930616321
1323536642418728960
1323536674278854657
1323536681178484736
1323536690460430337
1323536697049653248
1323536707443109888
1323536712946036737
1323536713185153025
1323536716838436865
1323536730167955456
1323536745703608320
1323536745720328192
1323536754700390402
1323536764590559232
1323536779291561984
1323536779475968001
1323536823143014400
1323536904059572224
1323536941275586560
1323536960233840643
1323536963501232128
1323536994086080514
1323537006522191872
1323537061178204160
1323537087073759232
1323537093465935872
1323537099086303232
1323537111635628033
1323537131869032449
1323537145252884480
1323537171823923200
1323537182812999680
1323537191562334208
1323537225385168896
1323537276975153153
1323537284436758529
1323537326270746624
1323537328778940423
1323537348697743361
1323537369379852288
1323537414309236738
1323537419023601665
1323537431182888966
1323537450233405442
1323537478683398145
1323537494869200899
1323537495796101120
1323537548510113793
1323537567254536192
1323537681721208832
1323537683839361026
1323537696447483906
1323537701870706688
1323537704974454784
1323537718463418368
1323537723228069893
1323537775686242305
1323537802513055744
1323537808791920641
1323537819097309189
1323537834729443328
1323537845013913601
1323537848956583942
1323537900500185088
1323537902912081922
1323537903671271425
1323537909396447232
1323537922985992192
1323537926958043136
1323537934893670400
1323537937468968961
1323537950341292032
1323537959098945541
1323537960055308288
1323537962102099968
1323537964966858753
1323537972139098115
1323537976597557253
1323537979164512258
1323537981970485248
1323537986496114689
1323537987104313344
1323537991655170048
1323538000010219520
1323538001973121025
1323538018909802497
1323538045824585728
1323538070558380034
1323538140137721856
1323538157409894400
1323538160903626752
1323538215517769728
1323538236803850240
1323538268445724675
1323538328038289409
1323538341917282305
1323538346442973185
1323538354831527937
1323538363161419776
1323538380345483264
1323538403678408705
1323538445671768064
1323538456216244225
1323538462298001408
1323538487308619781
1323538492417314816
1323538496531869696
1323538498243252224
1323538518883344391
1323538533018193921
1323538551821225984
1323538554404950016
1323538572897562626
1323538581206478848
1323538586692669440
1323538646503403520
1323538693672607744
1323538707287330816
1323538727675826176
1323538742657880064
1323538744465629184
1323538755312144384
1323538765634306049
1323538779215437825
1323538810664267776
1323538817555537922
1323538857766379520
1323538865265717248
1323538867811766272
1323538885738188800
1323538932026482688
1323538960497389568
1323538998212571137
1323539029535711233
1323539029909000192
1323539031100166144
1323539054978322433
1323539078793580546
1323539096636182529
1323539101379751937
1323539117133713409
1323539135899017216
1323539144115658752
1323539158527336448
1323539158875410433
1323539170233622528
1323539173362552832
1323539198784249856
1323539200541679616
1323539206589865986
1323539215897022465
1323539224528826370
1323539227171262464
1323539259907821569
1323539260746551297
1323539264068636673
1323539383006494720
1323539385606877184
1323539395253800966
1323539421837381632
1323539439386320896
1323539465600716800
1323539489634062337
1323539514602721280
1323539569682374656
1323539604843220994
1323539625646923776
1323539632148144128
1323539638900957186
1323539680760090624
1323539686179176449
1323539726146691072
1323539752906379264
1323539763886919681
1323539804022329345
1323539821898440704
1323539853263384577
1323539855423361025
1323539869067522049
1323539905084039168
1323539905994248192
1323539910918373376
1323539940744069120
1323539944363724802
1323540016862212096
1323540025670275072
1323540028807675904
1323540042095218688
1323540048151719936
1323540057647624193
1323540069790208000
1323540164292038657
1323540190485504001
1323540219883343873
1323540241538523136
1323540242524241920
1323540249159622657
1323540252225642496
1323540261285363712
1323540294915280896
1323540320735416320
1323540330717827072
1323540339186126848
1323540348677795841
1323540397038178310
1323540405762379776
1323540416122228736
1323540417065873409
1323540437387325440
1323540446820356102
1323540479804399616
1323540549455007746
1323540558615367680
1323540611253809154
1323540623094415361
1323540631164256256
1323540665062641664
1323540677062545408
1323540685308465154
1323540711686524928
1323540721996046337
1323540750878068738
1323540774416502784
1323540797329936389
1323540799322267648
1323540817999515648
1323540843643457540
1323540857090412544
1323540857723723777
1323540866041057280
1323540880519778304
1323540882105212928
1323540900144992256
1323540916402094081
1323540925717585920
1323540942712983553
1323540985654267904
1323541152012898304
1323541172531331073
1323541228361785350
1323541244455374849
1323541253858930690
1323541262784438272
1323541277581914113
1323541278659874821
1323541296976449540
1323541300193492992
1323541308045217792
1323541318082142210
1323541354203484160
1323541358880182273
1323541389511139330
1323541393508323328
1323541394082856965
1323541513171853313
1323541536777318400
1323541543148494850
1323541554540281861
1323541586849026049
1323541604217618437
1323541616762781697
1323541626095099904
1323541675378008064
1323541677747875840
1323541683921977346
1323541687185014784
1323541704201408512
1323541712829095937
1323541755124424705
1323541762217050112
1323541780919390209
1323541805410013184
1323541807096102912
1323541819125366790
1323541852218417152
1323541875719065601
1323541924029091840
1323541960876085248
1323541977221181440
1323542002101854208
1323542047404425216
1323542070561308672
1323542082326331392
1323542126794285057
1323542145064751106
1323542157819523073
1323542210214723584
1323542231920369665
1323542248810778624
1323542276442906624
1323542293127811073
1323542297900974080
1323542341240655873
1323542367211839488
1323542370802114560
1323542403140194304
1323542406772465665
1323542430101196800
1323542439181910017
1323542466340003840
1323542468332236800
1323542475831713792
1323542485919059968
1323542490717265921
1323542491405144065
1323542528038227968
1323542544697987073
1323542558920839169
1323542614872903680
1323542623051808773
1323542644279119873
1323542673584615425
1323542678269792261
1323542678454325253
1323542682552197120
1323542690643009537
1323542711736115205
1323542750965473280
1323542933358874625
1323542933379805185
1323542934524973056
1323542935183499266
1323543038753411072
1323543052024193025
1323543154751131649
1323543185415569409
1323543241627738113
1323543243909378048
1323543521224237056
1323543545035268097
1323543561787330562
1323543655035080706
1323543691248676864
1323543714199969792
1323543753391484929
1323543796278272000
1323543972812365825
1323544039992549378
1323544086805139456
1323544139330428928
1323544210671341568
1323544304250486784
1323544306934861825
1323544345463656448
1323544440603090944
1323544471242506240
1323544492633444352
1323544655900925953
1323544738591580160
1323544959480483841
1323545102728470528
1323545151529230339
1323545306231955456
1323545481163800576
1323545500499517440
1323545535899406336
1323545569835524096
1323545577116868608
1323545609656324098
1323545774274367496
1323545821795799040
1323545889160548352
1323546062934650882
1323546371107049473
1323546410374094850
1323546504993320960
1323546617669144577
1323546688649351168
1323546740360962048
1323550596474064897
1323552917627035655
1323554095672819713
1323568263570329600
1323573679444426752
1323574871100657665
1323575272734674944
1323576019668914176
1323576093052424192
1323576655332466689
1323577696610328576
1323578165613285377
1323580623907397632
1323580688768131072
1323582032065290240
1323582902140096512
1323585308152242182
1323586036929318912
1323586950633295873
1323588264696184834
1323588556573593605
1323588578388123648
1323588779920207872
1323588820814733318
1323588891950145536
1323589047936290816
1323589075379625986
1323589109319929857
1323589379978366976
1323589416775012353
1323589744891207681
1323589766043107328
1323590194919034880
1323590202397495298
1323590616723447810
1323590865869279233
1323590916913975296
1323591124208988163
1323591169813733376
1323591184145592325
1323591229280604161
1323591309391732737
1323591319135145985
1323592242955718656
1323592383615913985
1323592482131742720
1323592617649754116
1323592706774437888
1323593297366048768
1323593366265888770
1323593430170324993
1323593615973715970
1323593639017222144
1323593727638708227
1323593992743931904
1323594181181382661
1323594224756023296
1323594322290348032
1323594457292427264
1323595511610441728
1323596203724996608
1323596247337492480
1323596416590270467
1323596549205753856
1323597286413402112
1323597507595821056
1323598843410341889
1323600544292917248
1323600904864616448
1323601686968049666
1323601961548132353
1323602475425955840
1323602536113295360
1323602984153108480
1323603942790619137
1323604089847107587
1323604188220313600
1323605518976430080
1323606698813173760
1323607236111945729
1323608498400333824
1323609814103134209
1323609998543540224
1323610151455248384
1323610886616031232
1323611982310899714
1323612591046987776
1323614316181016576
1323614413618880512
1323615125912379392
1323615798460583937
1323616241379086336
1323617206295580678
1323617290936606721
1323623852799393792
1323624456166744066
1323625986726965249
1323626021875257344
1323628497257046017
1323628827118096384
1323631660177494020
1323632333547839488
1323634726331174912
1323636567139864576
1323639739153584128
1323640796952858624
1323641025106235399
1323642309498593281
1323642499303354368
1323642532362768385
1323643103694172160
1323645238406225923
1323646113744740352
1323646757188894720
1323649665775112195
1323651223266959362
1323653799014240257
1323653979662856192
1323655651147526144
1323657431159812098
1323660799882063874
1323661177461891072
1323661496270921735
1323662419307188225
1323668983183249408
1323670312618205185
1323671654652878850
1323672361560870912
1323673795907866624
1323674991150440449
1323676490446327808
1323676563725033476
1323677164026372097
1323678393699893249
1323678993778937862
1323679307403808768
1323679750330732545
1323682915784556544
1323683186484879361
1323684110909530112
1323685801553764353
1323686379419770882
1323688529248067584
1323690458434994176
1323691120551960577
1323693512202792966
1323693693002489858
1323694036872560640
1323695413757681668
1323699038470967301
1323701428616105984
1323702082231296013
1323702292772773888
1323702368144412672
1323702840897011713
1323704416323674118
1323704427287642118
1323704520673734656
1323704759711387653
1323705088284786695
1323705128118046721
1323706253965692929
1323708912764391424
1323709822827712512
1323710009235132417
1323711198441938948
1323711624247709696
1323711765281198080
1323712020273876995
1323713007550156800
1323713109970821126
1323713110906208257
1323713528310697986
1323713534447046668
1323714576609955840
1323714799038091267
1323715053305155585
1323715259866222595
1323716338934755329
1323717181163667463
1323718052362506241
1323718313617346561
1323718356638334979
1323720565048385536
1323720683881377798
1323723691822321664
1323725089431523329
1323726225114832896
1323726313195216896
1323726522423848960
1323726534360944640
1323726644243132418
1323726761411170307
1323726801890353162
1323726890302058496
1323727252992000006
1323727527291031564
1323727682044153857
1323728181216595973
1323728278407028737
1323729319735296000
1323729870376108037
1323730199859630081
1323731228613320704
1323731819049701378
1323731916248567808
1323732070301052929
1323732112399310855
1323732219429572620
1323732611605417984
1323733166956359682
1323733398612025353
1323736813752750085
1323736906811801600
1323737035224588294
1323737189558177796
1323738502878633985
1323739614654455809
1323739996675854338
1323740781094588422
1323741826038333441
1323742293338345472
1323743575113408513
1323744307195662343
1323745114599100416
1323746521276391427
1323746777137250304
1323746837271072773
1323749012743327744
1323749058465464326
1323749135112175617
1323749498544443392
1323749613103362049
1323750362487099393
1323750685985353729
1323752916503638024
1323753344834392069
1323753719251566594
1323754327165394944
1323754364507463680
1323754412779708417
1323754420060999681
1323754457172185089
1323754499366936584
1323754582716092417
1323754658490392580
1323754670385516549
1323754731290955778
1323754781719076868
1323754813176352768
1323754861092110339
1323754997956431875
1323755232824860674
1323755432696053760
1323755584911413249
1323755657850429442
1323755959991361542
1323756004299988992
1323756019579867136
1323756226291896327
1323756227202076681
1323756325784997888
1323756672389685248
1323756737434996737
1323756751104200707
1323756803415560192
1323757003634855941
1323757150632660994
1323757229556801536
1323757345529307139
1323757498155868160
1323757501834285057
1323757547447296003
1323757829451296769
1323758094384508928
1323758210558418946
1323758217151844355
1323758361859547136
1323758753724964865
1323758827460825088
1323758833248858112
1323758863183683585
1323759372103749635
1323759374377095178
1323759417649635329
1323759623728410633
1323759790489804800
1323760185857462277
1323760607426973696
1323760617765830656
1323761389668847617
1323761539636252672
1323761772659122176
1323761881140572162
1323761882117758976
1323761922873921537
1323761923402407939
1323762155477438466
1323762500647661573
1323763006845669380
1323763391656329216
1323763626327609348
1323764007300419589
1323764337643819013
1323764399119749121
1323764769590026240
1323765054429372417
1323765139611537410
1323765240379678720
1323765258981429250
1323765610505973762
1323765857093386240
1323765952215830529
1323766207535845376
1323766401899876353
1323766623061319680
1323766702329470977
1323766822806654976
1323766861348130817
1323766906646634507
1323766907066089475
1323766933565689856
1323766947591368709
1323767008446550016
1323767011218960386
1323767015736299520
1323767025546743808
1323767053686312966
1323767062192443392
1323767151438778369
1323767154169335808
1323767168442519552
1323767203645345798
1323767224130105344
1323767407710773248
1323767412601221121
1323767422122225664
1323767422420135936
1323767448605216770
1323767470591795201
1323767504158818304
1323767512891351041
1323767538526945280
1323767608370483206
1323767659520032772
1323767694127226881
1323767720849059840
1323767824884649991
1323767836884537344
1323767921437478912
1323767925816336386
1323767976106037250
1323768032464904192
1323768068695273473
1323768079332028416
1323768112404221953
1323768130980712450
1323768203068215301
1323768253848657923
1323768282197929984
1323768328884813824
1323768335264337924
1323768356600717312
1323768377677144064
1323768390155206658
1323768404302536705
1323768411244138497
1323768412745728001
1323768427421589506
1323768448732856326
1323768465241628672
1323768466738978816
1323768478667595778
1323768487773425671
1323768515309019136
1323768530291089409
1323768552902590464
1323768568102739969
1323768587971121153
1323768617779998720
1323768641431719937
1323768650185269251
1323768652949278720
1323768688311414786
1323768694334459905
1323768719043121152
1323768755462246408
1323768772541501440
1323768786974101505
1323768834495442944
1323768839075778565
1323768882868473857
1323768923314151425
1323768933292408832
1323768975092756480
1323769026707935233
1323769027832008705
1323769082857009153
1323769097369407490
1323769120647745536
1323769136925868033
1323769142521044997
1323769150456606721
1323769174376640513
1323769192273924097
1323769221218709505
1323769243326914562
1323769285525807104
1323769330274807808
1323769366190661632
1323769409446551552
1323769422641856519
1323769426471079939
