1229556130998702082
1229556382208118784
1229556595056676866
1229557173723783170
1229557912030384128
1229557967533506560
1229558006620344332
1229558374259396609
1229559526069866497
1229560295967752192
1229560921204363265
1229561151970779136
1229561163689541632
1229561189560201217
1229562248617746432
1229562323003723776
1229562602835120129
1229564154220027906
1229564273011109888
1229565142188294146
1229565907938222081
1229567322672726022
1229568247382630401
1229568985496276993
1229569596434341888
1229570839596666881
1229571231323570177
1229571231751507968
1229571777946439680
1229571817477681154
1229571979432353792
1229572152896217089
1229572269124603904
1229573075454263297
1229573424529494016
1229574165637849088
1229574174672400384
1229574880615706633
1229575696151928833
1229576185316855814
1229576263079038976
1229576774440361987
1229579353043984386
1229579441715761152
1229580277447614464
1229580850360201216
1229581114060296199
1229581297447628804
1229581547994406912
1229581687023075330
1229582162116001792
1229582554514112517
1229583003594231810
1229583203863846913
1229583767767003137
1229583818580840448
1229584017827209216
1229584846177132550
1229586329413070848
1229586330721640449
1229586330822336512
1229586331191435265
1229586398493257733
1229586420286869504
1229587229108047874
1229588022120910848
1229588985963589634
1229589272140959756
1229589317422657539
1229589407969239043
1229590104580247552
1229590123374923777
1229590584660242432
1229591590773104645
1229591723728396288
1229591779827240960
1229592347958226944
1229592375938420737
1229592624408850432
1229592756022120449
1229592868563582978
1229593193961938950
1229593360056320006
1229593879445295104
1229593880095408128
1229595282288992256
1229595302983872513
1229595734569345026
1229595790173188098
1229595847341551621
1229595866924802049
1229596091877875713
1229596415782985739
1229598154456211457
1229598301693063169
1229598436552347648
1229598912354213888
1229599044957241344
1229599350952747008
1229600015464763392
1229600735471525888
1229601429729484803
1229601430941716481
1229601529407115268
1229602175766142976
1229602184330915840
1229602555287785472
1229602573809782784
1229603035455852546
1229603730464571392
1229603755131318273
1229603872387338243
1229604080600977408
1229604089853628417
1229604788356210688
1229605142028267521
1229605203923566594
1229605778308333568
1229605919966756869
1229606340873551873
1229606462290157569
1229606507924393986
1229606763667824640
1229606817669558273
1229607584900034561
1229608123700260864
1229608979036196866
1229609261078122497
1229609713735753730
1229610547878014976
1229610691373522944
1229610918566408192
1229611287174238208
1229611734421270528
1229612026462375936
1229612753637146624
1229612772092239877
1229612812034564097
1229612859761491971
1229613637070970880
1229614454452686849
1229614704114503680
1229615783539609600
1229615878838288384
1229616360218660864
1229616528863055873
1229616550585491456
1229617153382473729
1229617558778761218
1229617701066330115
1229618976201854976
1229618991309692929
1229619034683006977
1229619297904996358
1229619633193439234
1229620124518436864
1229620264251641858
1229620303342395393
1229620553734070274
1229621275955429377
1229621303252062208
1229621309518336001
1229621336542253057
1229621756190654464
1229621953419522050
1229622061443829760
1229622213994741761
1229622240980893696
1229622614018215936
1229622640542932992
1229622824865845249
1229622890238271489
1229623311405133824
1229623474689208323
1229623870182821894
1229624078132224001
1229624192976457729
1229624365530128384
1229624391450988545
1229624595784884224
1229624833169928192
1229624883711299585
1229625034907488257
1229625045326188544
1229625089378877447
1229625315389059072
1229625318404689921
1229625555726802947
1229626430390177794
1229626594848731138
1229626680643375104
1229626734062002176
1229626946696491010
1229627106671374338
1229627211734560769
1229627548381990912
1229627606443622400
1229627629847924736
1229627698974281728
1229627708579160064
1229627727021576192
1229627853060366336
1229628394238873600
1229628460957650950
1229628595657678848
1229629201105465344
1229629444421234688
1229629553125023752
1229629637988409344
1229629724143628289
1229629751398215681
1229630006374150146
1229630155276144640
1229630378589216769
1229630640976531456
1229630820484354050
1229630874456641539
1229630980513726464
1229631364665954306
1229631626235301889
1229631628349067264
1229631628353425409
1229631628940632067
1229631635143839744
1229631641410326528
1229631643738136576
1229631695449657345
1229631719801786368
1229631860378042370
1229632064754012161
1229632117132361728
1229632222480740358
1229632553306464256
1229632575574093824
1229632831774740480
1229632866461548544
1229632923826999296
1229633121559162880
1229633470613336066
1229634207850344448
1229634972035756033
1229635061227675650
1229635368397438976
1229635402832711680
1229635414673297408
1229635422818619397
1229635638640742400
1229635680571215873
1229635828185518081
1229635891595030529
1229636032460709888
1229636192628551686
1229636522967740416
1229636661161545728
1229637258871005184
1229637730121977857
1229637737604620288
1229637757091373056
1229637912339369985
1229638016920100865
1229638180405727234
1229638364179070984
1229638425734778880
1229638697596981254
1229638969371119617
1229639209557856256
1229639245771558912
1229639314486824960
1229639438315200515
1229639512789323776
1229639856902594560
1229639900187779072
1229639978675789826
1229639979753787392
1229640055121174529
1229640099509526534
1229640107910737920
1229640220292866048
1229640230732541955
1229640503421001729
1229640617027874818
1229641125717086208
1229641166976618498
1229641694263402496
1229641712714338306
1229641743823298562
1229642131301699584
1229642386827075586
1229642602372378624
1229642686120054784
1229642731187789824
1229642797134811137
1229642863438376960
1229642962885382144
1229642970179219456
1229642977980637185
1229643165126266883
1229643280062779392
1229643680211963905
1229643970235506688
1229644060148801537
1229644313606414337
1229644526387683329
1229644541256491008
1229644748220182528
1229644966701551616
1229645233815724034
1229645642051604480
1229645669381689344
1229645876957732864
1229646191375376384
1229646229220601856
1229646280630185984
1229646399454826496
1229646504610189312
1229646684319289344
1229646728103526400
1229646728829128709
1229646729215193088
1229646753667796992
1229646786668716032
1229646790905016321
1229647155960393728
1229647459942531074
1229647478011695105
1229647491110440960
1229647565647482880
1229647623717416963
1229647669808762881
1229647736426729472
1229647791623987200
1229647986206167040
1229648050550923264
1229648091126599681
1229648126253969409
1229648140086718464
1229648438511439872
1229648439723646977
1229648562901934080
1229648914694987776
1229649264101535744
1229649523229765632
1229649577202061313
1229649855016054784
1229649869142360065
1229650149451821061
1229650504277426176
1229650551635353600
1229650984596578304
1229651004192444418
1229651089823272960
1229651278759964672
1229651421542391811
1229651760496566274
1229651817744732160
1229652072607428609
1229652102386982913
1229652173534965761
1229652290107297795
1229652349091827712
1229652385976418305
1229652572073594882
1229652926643216384
1229653059921469441
1229653300661882880
1229653373021913088
1229653440411918337
1229653479880364033
1229653903316267010
1229654047621292033
1229654236620824577
1229654252466905089
1229654277209149446
1229654277368565761
1229654309656244224
1229654440535363584
1229654502313267200
1229654589072429057
1229654727836733440
1229654825039781890
1229654956220784643
1229654969210458112
1229655052148715520
1229655121153462272
1229655331933913088
1229655388250873856
1229655632262967296
1229655667537063937
1229655727779852288
1229655798852313089
1229655848739360768
1229656094378733569
1229656122363084800
1229656145595392001
1229656267070808064
1229656401460547584
1229656680096509952
1229656809998364672
1229656913022988289
1229656941368168448
1229656989208281089
1229657002453893120
1229657015741566977
1229657020397236224
1229657162370211842
1229657188953731072
1229657318922444800
1229657359997394944
1229657408131211264
1229657418998657024
1229657459846995969
1229657533092106240
1229657811342241792
1229657942661718017
1229658083208704000
1229658135473860610
1229658314277105664
1229658316734976000
1229658479243251712
1229658495567486976
1229658564240793600
1229658687905705984
1229658813600534528
1229658825457905664
1229659211736416256
1229659310247956480
1229659319450456064
1229659370641920000
1229659588070342657
1229660341283491840
1229660381741830144
1229660471869018115
1229660744796581889
1229660971171483649
1229661353167728640
1229661413137842176
1229661553894576128
1229661585695805440
1229661667870625794
1229661770761080835
1229661826805161984
1229661841732837384
1229661891833794560
1229661909131112450
1229662057399824385
1229662110113812480
1229662144398053376
1229662149800267776
1229662246785224704
1229662432081141760
1229662521629564929
1229662579238297600
1229662636134010880
1229662704165621760
1229662868947251200
1229663130642456576
1229663314310987777
1229663376193835009
1229663444124696577
1229663523405430784
1229663565168234496
1229663664279560192
1229664001103101953
1229664107491741696
1229664343601696768
1229664343702360064
1229664401835380736
1229664489555013632
1229664528243331072
1229664566499516417
1229665035686961152
1229665198597955586
1229665217510072323
1229665609291616256
1229665619773181953
1229665679047118849
1229665746353115136
1229665760857010183
1229665986640568321
1229666138612781056
1229666253763158017
1229666315390083072
1229666449528180736
1229666505891221504
1229666649185431554
1229666767624163328
1229666860041265152
1229666860272144385
1229666860364419072
1229666873110880256
1229666986743009280
1229667012265304064
1229667016241487873
1229667139868598272
1229667178938601477
1229667194293891074
1229667196135182337
1229667299101233152
1229667340507373569
1229667423755931648
1229667479733096448
1229667650478931968
1229667698809954304
1229667853391081472
1229667898458857473
1229668246061813760
1229668457022709762
1229668548710105088
1229668563327344641
1229668630947942403
1229668653139927043
1229668702209150978
1229668855804502016
1229668968924876800
1229668996334673920
1229669022817492992
1229669066740260864
1229669209354928128
1229669292700045312
1229669302812495872
1229669376623669249
1229669377219473408
1229669377521307648
1229669377592573952
1229669765611954176
1229669891088830465
1229669895094362112
1229670010748010496
1229670067643830273
1229670081585610752
1229670123910418432
1229670176616001536
1229670178226569216
1229670640359264267
1229670667102097408
1229670779585015816
1229670921817948160
1229670932953825281
1229671029292851201
1229671079163023360
1229671299477377024
1229671369526431746
1229671401231175682
1229671415651196928
1229671626947596288
1229671873534971905
1229672000341336064
1229672074911899648
1229672098030931969
1229672098676846593
1229672120268947456
1229672153529884673
1229672154159099906
1229672172924424192
1229672215215575040
1229672346644025344
1229672484015919104
1229672514751737856
1229672526244085761
1229672570473066499
1229672601385041920
1229672764556136448
1229672845577510914
1229673083402903564
1229673107826380800
1229673125123698689
1229673151451189248
1229673151639977984
1229673189015531521
1229673250915049474
1229673251049263104
1229673309073281034
1229673318208430080
1229673351234367488
1229673465856319488
1229673628456947712
1229673671717007362
1229673853351272448
1229673930237120512
1229674022356516865
1229674156712656900
1229674316477976576
1229674369833676807
1229674409817858053
1229674409889107968
1229674467997167616
1229674494266138624
1229674555330920448
1229674574037602304
1229674707621990400
1229674763829829632
1229674883279441920
1229674917865586689
1229675164968853504
1229675235311570945
1229675322544676864
1229675575758983170
1229675688862638081
1229675726720425985
1229675763919507456
1229675833834516480
1229675978856828928
1229676012448907264
1229676017654038528
1229676122117414913
1229676139779588096
1229676164333084678
1229676376418144256
1229676455690416130
1229676580773015552
1229676714214727680
1229676819915460615
1229676910126477312
1229676926299541504
1229676927033708545
1229676928061276161
1229676928220553216
1229676931005763584
1229676932406611968
1229676965420052484
1229676971350790144
1229676994767544321
1229677114150047744
1229677123620741121
1229677423354097665
1229677450319233025
1229677520645214208
1229677554686099458
1229677597203800065
1229677659149475840
1229677691600809985
1229677719484538880
1229677812900139008
1229678125958782977
1229678142887006208
1229678203398238208
1229678306259279873
1229678337464901633
1229678395501535232
1229678442490269697
1229678672589807616
1229678936524759041
1229679017252532229
1229679151612821504
1229679377190969344
1229679413408780288
1229679440717918208
1229679537727901696
1229679756750311425
1229679771795296256
1229680168949747712
1229680174125518848
1229680374550274048
1229680492397649920
1229680615034904576
1229680667824414721
1229680701672435714
1229680885051600898
1229681249935032321
1229681307183132675
1229681308739231744
1229681340645355521
1229681704169811968
1229681708976525317
1229681935326306304
1229682270002384897
1229682344191307777
1229682381134737409
1229682659145781250
1229682701160132608
1229682727861018626
1229682926511644672
1229682947051180033
1229683073962401797
1229683137929777152
1229683230623903744
1229683447012130817
1229683532634738688
1229683556290637824
1229683943961612288
1229683951968673792
1229684025582915585
1229684298934030336
1229684303782653952
1229684304315404293
1229684412050268160
1229684424452771841
1229684428743626752
1229684476109680642
1229684476256702464
1229684582238359563
1229684606355591168
1229684745400987648
1229684941757263873
1229685296649920513
1229685429957545984
1229685542004121603
1229686058172002304
1229686074701680640
1229686110017794049
1229686242482233344
1229686634745958400
1229686991194927104
1229686992851677184
1229686992855760901
1229687025776963585
1229687055019626498
1229687102834692096
1229687129472741376
1229687160556728320
1229687327208939520
1229687449795907584
1229687544473886720
1229687797818314757
1229687869138198528
1229687881809252353
1229687904559149056
1229687930823815168
1229687996338855936
1229688081181282304
1229688112806322176
1229688344558342144
1229688432617762817
1229688595935612934
1229688681004445696
1229688935686733824
1229689180835454978
1229689182643277824
1229689334783021056
1229689459400232961
1229689473966989315
1229689509467639808
1229689509484384256
1229689596738490373
1229689711771488258
1229689856915361793
1229690084175306753
1229690134817333248
1229690251217702912
1229690383304679424
1229690387570229248
1229690393689829377
1229690399347924992
1229690519284047872
1229690581414268928
1229690607683145728
1229690781272809473
1229690785706188800
1229690794027683840
1229690841914101765
1229691047418220544
1229691586755338240
1229691593558495232
1229691774261768197
1229691878997663744
1229691908445941760
1229691948346290176
1229692025408192512
1229692027563999232
1229692027593510913
1229692029183102976
1229692218656673798
1229692336608862208
1229692351276294144
1229692385170534400
1229692575738712064
1229692724154175490
1229692823542386689
1229693107534516225
1229693185745616897
1229693299579072512
1229693321095925761
1229693357607280642
1229693365874253824
1229693430332370944
1229693462309736448
1229693726139846656
1229693938606465024
1229693940309405696
1229693973985398784
1229693978452381697
1229694345869234178
1229694466501554177
1229694542657384449
1229694555001413633
1229694583497535489
1229694654431612928
1229694692692021248
1229694938297688065
1229694968484311040
1229695012260151297
1229695052294709248
1229695064781312000
1229695116761346048
1229695178912489473
1229695254351220736
1229695417975222272
1229695431657082881
1229695437285863424
1229695493468495873
1229695551903498240
1229695701128482816
1229695816799072256
1229695828106846211
1229696066490175489
1229696068373417984
1229696138376294401
1229696150481121280
1229696273248210944
1229696384686796801
1229696435169480705
1229696446804312070
1229696586738880512
1229696667793985536
1229696693328736257
1229697004349087744
1229697008790843392
1229697059311230976
1229697117746335745
1229697171597021184
1229697230862475264
1229697236952547333
1229697258326757377
1229697299267424256
1229697305906991107
1229697505803341825
1229697512128249856
1229697514649063425
1229697737874137088
1229697778944815111
1229697843096584193
1229697887489187841
1229697912684371969
1229697945823514625
1229697946624647168
1229697999535820801
1229698006380896256
1229698028904308737
1229698185469276160
1229698201206157312
1229698246618075136
1229698265018458112
1229698312149897216
1229698317455708162
1229698850526552064
1229698855257636865
1229699072308764672
1229699084535156736
1229699155045552129
1229699171902513153
1229699178600837121
1229699237555920896
1229699320531898368
1229699332548571137
1229699396385857536
1229699462144167936
1229699496730337280
1229699509892059136
1229699559103881216
1229699575641886723
1229699576086630400
1229699576480714752
1229699663873310720
1229699681560801282
1229699682869350400
1229699876658786309
1229699902697070592
1229700046569914368
1229700079088545795
1229700103574872064
1229700417489178625
1229700453258158081
1229700459281211392
1229700532740161537
1229700536875855872
1229700655528513539
1229700669239627777
1229700778819977216
1229700785530908672
1229700930926456833
1229701201085837312
1229701342618406912
1229701380471951361
1229701588987478016
1229701667668602880
1229701748291448832
1229701790762983424
1229701835252011010
1229701837906948096
1229701853031620608
1229702071345176577
1229702101154045957
1229702305559261184
1229702340745318402
1229702480621121536
1229702849937989632
1229702914064756737
1229703025331142656
1229703067983056896
1229703076182929409
1229703248208187394
1229703275794006016
1229703286330142721
1229703350536458241
1229703390097215488
1229703400176091136
1229703491616198656
1229703613976653824
1229703641130553344
1229703826585858048
1229703888644734977
1229703977979260929
1229704085361680385
1229704188214509568
1229704233085210624
1229704300642938880
1229704529375121408
1229704661621444608
1229704710753595393
1229704867280756736
1229704891268042752
1229704898247262209
1229704903859331072
1229705019022331904
1229705067005194240
1229705131916132354
1229705159044931585
1229705265395765249
1229705268537253889
1229705304167849986
1229705318818447360
1229705405456097280
1229705406215266304
1229705470711156736
1229705668480950273
1229705688483553282
1229705870331785216
1229706029258203136
1229706063299121152
1229706097839177734
1229706107322544129
1229706205393715201
1229706229322256384
1229706321555083264
1229706622181814272
1229706646361866245
1229706818676576258
1229706851136266241
1229706885265346561
1229706936570040320
1229706983768502272
1229707127704489984
1229707150114639872
1229707154518659072
1229707197975859203
1229707232591405057
1229707310513213442
1229707318385836032
1229707386732109825
1229707581339377665
1229707653078798339
1229707786478551040
1229707796863750144
1229707887137693702
1229707905571708928
1229707977369817088
1229708119632228353
1229708162846121987
1229708164137963520
1229708459043696645
1229708475808276480
1229708523107315713
1229708562143883265
1229708568619823104
1229708757296386049
1229708787096969216
1229709071801995264
1229709109697634304
1229709307995922432
1229709329693106177
1229709862378115073
1229709910432243712
1229709993382903813
1229710038501134336
1229710170810437633
1229710255476609028
1229710513858326528
1229710540467056645
1229710585148907521
1229710597874429952
1229710615113011200
1229710642988355584
1229710691495530496
1229710848542887936
1229710903513419776
1229711152831225856
1229711182707249153
1229711698669527041
1229711922959986688
1229711997886963712
1229712044309520384
1229712158587596803
1229712158604218368
1229712180968402947
1229712201037934593
1229712365836435457
1229712909321805824
1229713008961687553
1229713040318386187
1229713116801511424
1229713154021773314
1229713216395206657
1229713315393409024
1229713493575770112
1229713740574183424
1229713748857958400
1229714675585011719
1229714781680152576
1229714803356246016
1229714809387724801
1229715136035733504
1229715391259303938
1229715430345854976
1229715470045020161
1229715561300422657
1229715588127346688
1229715619135860736
1229715661640867841
1229715721917169666
1229716001039712256
1229716268745400321
1229716390921281537
1229716437075447809
1229716475419729921
1229716922629066752
1229717032523960320
1229717033211789315
1229717142616117252
1229717191836172288
1229717279954407425
1229717376825843712
1229717955149168640
1229718251195625472
1229718255767519235
1229718280870354944
1229718313246351360
1229718315066646528
1229718317499387905
1229718450085519361
1229718599817990146
1229718690582728704
1229719484639801344
1229719587408809986
1229719705205837825
1229719708347166720
1229719708380942336
1229719708443693057
1229719708540293125
1229719759220092928
1229719769294700546
1229719976191447046
1229720165773955072
1229720215979806722
1229720285559054337
1229720391075205121
1229720409907527681
1229720489720836096
1229720525674622976
1229720580225523713
1229720886065926145
1229720951673303040
1229721425906368514
1229721510337744897
1229721891071561728
1229722070969352192
1229722157820805120
1229722278147055618
1229722293963763712
1229722432103206913
1229722449899642881
1229722604229054466
1229722670159351808
1229722699557146624
1229722733078106113
1229722917887520769
1229722928591319040
1229722962779103232
1229723052231053312
1229723113853771778
1229723323380174849
1229723358910205952
1229723483720110081
1229723521414258688
1229723585104744449
1229723758979670017
1229723945449947141
1229723994166824960
1229724031978524673
1229724165349003264
1229724177604784131
1229724250052923392
1229724251378397186
1229724741575024640
1229724897011785728
1229724991194836995
1229725276046753793
1229725340215521280
1229725361057026048
1229725377641226240
1229725876373381120
1229725935928250368
1229725993784500226
1229725999853641728
1229726145765138437
1229726164983386112
1229726267970330625
1229726333028184064
1229726433754394626
1229726760687763456
1229726896465883136
1229726902564347904
1229727054268112896
1229727186497597440
1229727412352638978
1229727453821722626
1229727480107302912
1229727808198447104
1229727816574435328
1229727966311190528
1229728071521067008
1229728139011600384
1229728526988988416
1229728530524786689
1229728711869685761
1229728976609869825
1229728976719007745
1229728991956869120
1229729098848706560
1229729209087614976
1229729215383207936
1229729238674280449
1229729267115864064
1229729393091731457
1229729549635768323
1229729774626537473
1229729775092002816
1229729776547422212
1229730084300492800
1229730591383355399
1229730724632240129
1229730884565315591
1229731171506049024
1229731324593950720
1229731504575651846
1229731570170449920
1229731577485307909
1229731650600345601
1229731783664640001
1229731787925966849
1229732023675293697
1229732296682426368
1229732355763470337
1229732598731038721
1229732712203898880
1229733091201241090
1229733098750980096
1229733140933021698
1229733167646547969
1229733332805718019
1229733355517874176
1229733549579759617
1229733699530436610
1229733712750895110
1229733727355461632
1229733733764345856
1229733883102605312
1229733907253383170
1229733961468956675
1229734147444396033
1229734249718308864
1229734272325517312
1229734345138737153
1229734496808902656
1229734531743330305
1229734578316812288
1229734638874132480
1229734643416608769
1229734697489571841
1229734831707189248
1229734899529244676
1229735013354221568
1229735595200700418
1229735717246513153
1229735817259749376
1229735999984500737
1229736228427386880
1229736282546475008
1229736346899623938
1229736419351986176
1229736599635841024
1229736658200879110
1229736863944060933
1229737249119576064
1229737293566631938
1229737325803884544
1229737327267733506
1229737327276285952
1229737327280279552
1229737331327819776
1229737337988448256
1229737397484761089
1229737757485993984
1229737801329135618
1229737821709197312
1229737835772743681
1229737898758541313
1229737913300246528
1229738246130806784
1229738367744692224
1229738461462175747
1229738557176262657
1229738580551098369
1229738658594459648
1229738747127836673
1229738778731806721
1229738790610178054
1229739025470234625
1229739180869259266
1229739188695818241
1229739364768501762
1229739371575828480
1229739393285525504
1229739588463349760
1229739890990108672
1229740205382520834
1229740205554487298
1229740323867369474
1229740614100684800
1229740650234556416
1229740811543175168
1229740850206343169
1229741012303720448
1229741099540983808
1229741118105014272
1229741353631932417
1229741708553834497
1229741743186358275
1229741916625014784
1229741982278438912
1229742253339443200
1229742294363967488
1229742461364338688
1229742478229680128
1229742791753859072
1229743580576702472
1229743658687180800
1229743805936603136
1229744172262920199
1229744211341316098
1229744383584591873
1229744432297148416
1229744437368147968
1229744501008236545
1229744747725586433
1229744831049666563
1229744874192351233
1229744966462664704
1229745110117519362
1229745181941018626
1229745413139374080
1229745479451320322
1229745512523485184
1229745532492537856
1229745576629211136
1229745679980994560
1229745720489582592
1229745891172605952
1229745891642310656
1229745952350752769
1229745966623969281
1229746132588417026
1229746132609159168
1229746210443055104
1229746238427475968
1229746297143463937
1229746311831965700
1229746319293636609
1229746713424007168
1229746758491701248
1229747155545526272
1229747207055794182
1229747390959112192
1229747391051554817
1229747403525414912
1229747570290896896
1229747637404012546
1229747655083020288
1229747673923670016
1229747731058634753
1229747860045955072
1229747877058007040
1229747940778020865
1229747962609315840
1229747992997089282
1229748035820883970
1229748101713473537
1229748104309755905
1229748274254503936
1229748396023582722
1229748397982310401
1229748551036465153
1229748579062943745
1229748649308983296
1229748668066148353
1229748974065737728
1229749062989209600
1229749096191229952
1229749444184330241
1229749516452192256
1229749745016549384
1229750547416256514
1229750699296198658
1229751354551414785
1229751453541175296
1229751667501010945
1229751937555288064
1229752358814601216
1229752398421381123
1229752424748859394
1229752425030045696
1229752427768770563
1229752428695707649
1229752489827872769
1229752563123265538
1229752622988615680
1229752804203540480
1229752960361680896
1229753347080622082
1229753459764801536
1229753515968520193
1229753560533000194
1229753618586329088
1229753906453979136
1229753992487587840
1229754036909465605
1229754066479304705
1229754086033108992
1229754129108684800
1229754246884659201
1229754382918541314
1229754437238804485
1229754607448068098
1229754617694687232
1229754814206291970
1229754858095497217
1229754873954078720
1229754940605624327
1229754967772270592
1229755102505902080
1229755197498544128
1229755668363726848
1229755681399595010
1229755801255993346
1229755891928518662
1229755926967705600
1229756018931965953
1229756196644696064
1229756199374995457
1229756236796760067
1229756405239951360
1229756450819518466
1229756561519730690
1229756899412905984
1229756984565563392
1229757030161899522
1229757346714390529
1229757368986144768
1229757392201699332
1229757427421151232
1229757457053802496
1229757539002310656
1229757770485968897
1229758038216712193
1229758041970659328
1229758063768371201
1229758269016748033
1229758316001230852
1229758466165788673
1229758507597078529
1229759348253085696
1229759588003610624
1229759734682615808
1229759863800160258
1229759870943072258
1229759911900348416
1229759943688978437
1229759973694926851
1229759974018080770
1229759974508658688
1229760477040758784
1229760528362373122
1229760645849022464
1229761199585316864
1229761234721034243
1229761330837704704
1229761439092613120
1229761453428789249
1229761502242123786
1229761793947508736
1229761810246619137
1229761841716441088
1229762238808023041
1229762366688124928
1229762445863985152
1229762490394955781
1229762770972938241
1229762839340093440
1229762885578035201
1229763304719036416
1229763615873470464
1229763748493066240
1229763829141209089
1229763859805822976
1229763928462262274
1229764220297842689
1229764379387842561
1229764422543060992
1229764657172373507
1229764840949977091
1229765359944626176
1229765571828383746
1229765931313893377
1229766064864735232
1229766265155149824
1229766295803121664
1229766350081609729
1229766424261988353
1229766447519469568
1229766557980598277
1229766583020670976
1229766652683620353
1229766808430874624
1229766853351923714
1229766878052200448
1229766927242989569
1229767012966113281
1229767086320340994
1229767182407667712
1229767523739947009
1229767526537682947
1229767527514828800
1229767530912210948
1229767776358846465
1229767858697142272
1229767932793716736
1229767949503864832
1229767959545044993
1229768319399530503
1229768782198894592
1229768814864338947
1229768884896575489
1229768944174628864
1229768989955497990
1229769257325559809
1229769333955579907
1229769541967863810
1229769781680709632
1229769801058394112
1229769968549580802
1229770039949086721
1229770040351784960
1229770363770490881
1229770416127979525
1229770477209563136
1229770498713759744
1229770792956764160
1229771091566002176
1229771298286403584
1229771298454175747
1229771385880403969
1229771846545006599
1229772045887660032
1229772190809231360
1229772342118830082
1229772446074572801
1229772458217156609
1229772556674064384
1229772666116153344
1229772673372360704
1229772839777177605
1229773260285456385
1229773300836052995
1229773563416195073
1229773637126934528
1229773699911385090
1229773935736168448
1229774105005740039
1229774199809544199
1229774453950820352
1229774722872881152
1229774743534022660
1229774762135736324
1229774768985059330
1229774787116965890
1229775057657966598
1229775058069073923
1229775073231417345
1229775073499742209
1229775073780867073
1229775074145841152
1229775074879733760
1229775074900627456
1229775075055939586
1229775075513192448
1229775105032626179
1229775203821084674
1229775317943885824
1229775582168338432
1229775803359121415
1229776208826687488
1229776354591244297
1229776510946611200
1229776575480111104
1229777203895963652
1229777556775325696
1229777589780172803
1229777589943853056
1229777795808665601
1229777797377384453
1229777933671321600
1229778172113231874
1229778178140463105
1229778356016685056
1229778369929187340
1229778396030304256
1229778528650002432
1229778577580843009
1229778792157196289
1229778845420707841
1229778848260272131
1229778878769573888
1229779137671434240
1229779223230984194
1229779456182669312
1229780270393393153
1229780335316987905
1229780513759662080
1229780630948413443
1229780704743043072
1229780958557212672
1229781050622185472
1229781344814800896
1229781378184753154
1229781898899181568
1229781923872067586
1229782131154530305
1229782220791058432
1229782302290534400
1229782323991916546
1229782371420868608
1229782392723902464
1229782561464950784
1229782625134317569
1229782625432137733
1229783340317913090
1229783375495430144
1229783800386904064
1229784009401667596
1229784164737716226
1229784383806169090
1229784651893497857
1229785188017655809
1229785235447013376
1229785614280724482
1229785665581309957
1229786309574713344
1229786325202735104
1229786390831017986
1229786398145699840
1229786398338748416
1229786431201173504
1229786561765609472
1229786674001063941
1229786821250420736
1229786855358464001
1229786877235843072
1229786891177930753
1229787035558432772
1229787105422905345
1229788244965052416
1229788692644057089
1229788914459660288
1229789149965770753
1229789452739981312
1229789595279220736
1229789965279801347
1229790020262912000
1229790060737966085
1229790172625002504
1229790174785175553
1229790231844577280
1229790337918492674
1229790363356999686
1229790596337934338
1229790615505981443
1229790636871766016
1229790938119200768
1229791082596139013
1229791476806279168
1229791914804830208
1229792070359035905
1229792092005830657
1229792405626421253
1229792689266266113
1229792706051878914
1229792938680619009
1229793321113079810
1229793390293848068
1229793772378083328
1229793777050628096
1229793903856975873
1229793947670716423
1229794401116938240
1229794568310312962
1229794598396071938
1229794951095037954
1229795206154813440
1229795432517296128
1229795535856570377
1229795565522870272
1229796231838359552
1229796328651329537
1229796757023928322
1229796781392875520
1229796852758962177
1229797076713852928
1229797473838862337
1229797724528070657
1229797765821145088
1229797885782323202
1229797964178214912
1229798131677659136
1229798170311438336
1229798173574664194
1229798590522052611
1229798729370230785
1229798801050914816
1229798847167320067
1229798934379409408
1229798981355679744
1229799141771005953
1229799299824967680
1229799639370665984
1229800613069950977
1229800904007745536
1229800943371407360
1229801140201697281
1229801162318196737
1229801233768239111
1229801234774794242
1229801447946178560
1229801497887637504
1229801497908711426
1229801582570672129
1229801781351329792
1229802074864586754
1229802285787734016
1229802404788555778
1229802505825112068
1229803532783702019
1229803635917426690
1229803812224995329
1229803841979326465
1229804197048176640
1229804235459645440
1229804265843105793
1229804476258713600
1229804573730189314
1229804591321112578
1229804755599360001
1229805104049590272
1229805272094236673
1229805272111075330
1229805272400449538
1229805272887169025
1229805272903933952
1229805273528721408
1229805354999001089
1229805361739243526
1229805713255550980
1229805766200188928
1229805856772042756
1229805890615816193
1229806654260203521
1229806684379414529
1229806782098243586
1229806851811946497
1229806977422962689
1229807090241343488
1229807220134678533
1229807430005071873
1229807468336885760
1229807583332098048
1229807638017380358
1229807660184350720
1229807937671094274
1229808022131748870
1229808431802060801
1229808596772433922
1229809047022342145
1229809047643099141
1229809481716043777
1229809495821496324
1229809952996368389
1229809979261100032
1229810038111449089
1229810087923003392
1229810305456201728
1229810465032867846
1229810466777653248
1229810520565436416
1229810571748528130
1229810949890150404
1229811014792884227
1229811443333312512
1229811457044500480
1229811604671356928
1229811899723911168
1229812012340912128
1229812018573664258
1229812602798301189
1229812608607358976
1229812670901170181
1229812821841477632
1229812822286139395
1229812822466596865
1229812824433709059
1229812826518089728
1229812827663155201
1229812859472941059
1229812961100779521
1229812982886150145
1229813059067228162
1229813066688278529
1229813151639711745
1229813256606437376
1229813328941375495
1229813653995753475
1229813803703033856
1229814080703270913
1229814377827749889
1229814635005497344
1229814657042567173
1229814794900983808
1229815010047688704
1229815110924996608
1229815338784755717
1229815375434522625
1229815377204477955
1229815607090204674
1229815665126592512
1229815773293621250
1229815778419126280
1229816179012841476
1229816428116750338
1229816485113212929
1229816597084282880
1229816649919926277
1229816656777662466
1229816742483910656
1229817088224759810
1229817186950221824
1229817572461285376
1229818004155904001
1229818078747336705
1229818157801656320
1229818211195138051
1229818385384583168
1229818472508612608
1229818731548880896
1229818792731082754
1229818913036341248
1229818944250400770
1229819311914700801
1229819312069894148
1229819337504120832
1229820212519874561
1229820283957194755
1229820372138254339
1229820372205305857
1229820372230582274
1229820373417357312
1229820409538891776
1229820426756423681
1229820431303049217
1229820450672345088
1229820562337337346
1229820779984031747
1229820978890444801
1229821280771301381
1229821375956865029
1229821390800510976
1229821997477236741
1229822043492888577
1229822283943993346
1229822299295055872
1229822497769623552
1229822629030322177
1229822804129828865
1229822882039128066
1229822888309485568
1229822945020739584
1229823056450859008
1229823081742512130
1229823194040881152
1229823491744108544
1229823780761079810
1229823999338831878
1229824122001207299
1229824198484414465
1229824355309424642
1229824405670330368
1229824419268300800
1229824468975079431
1229824527934410753
1229824604274876417
1229824746755383298
1229824776480395264
1229824798819262471
1229824801109413888
1229824843815772162
1229824941807239169
1229824995624394752
1229825177330077696
1229825181478092801
1229825291121561600
1229825387850584069
1229825555010408449
1229825642163769347
1229825664662089729
1229825836464906242
1229825837349920771
1229825856392114176
1229826040735969282
1229826436581789696
1229826447373721601
1229826542865395713
1229826712172728322
1229826718896181251
1229826737984458760
1229827026112172033
1229827271625728000
1229827288868495360
1229827538790338562
1229827615705436160
1229827658227372032
1229827840415338496
1229827924011995138
1229828007315017728
1229828069462069250
1229828089758330882
1229828255051636742
1229828363042402304
1229828481804099585
1229828668928790532
1229828751082557440
1229828761027305472
1229829003235725315
1229829448020586496
1229829487765925890
1229829506514509829
1229829517818105857
1229829603704868864
1229829721304772612
1229830087157178370
1229830121898598402
1229830198335594502
1229830461955936261
1229830491139977222
1229830496089063424
1229831149695983617
1229831213147443200
1229831447399235584
1229831458350485505
1229831467674611712
1229831662143451136
1229831696289107968
1229831696331100160
1229831718686908419
1229831800278671361
1229831985834659840
1229832146833039361
1229832264600707072
1229832291234570240
1229832324071723016
1229832472722116608
1229832551226847232
1229832603018153985
1229832856152748032
1229832933206380546
1229832954769178626
1229832958326050821
1229832978374766594
1229833050713993216
1229833148101513217
1229833314833502208
1229833327571619842
1229833427832246272
1229833661467496448
1229833804862365696
1229833961385361408
1229834070978416642
1229834202847285250
1229834397807005696
1229834408082931713
1229834448138592257
1229834682533064705
1229834833704161281
1229834970358616064
1229835254107660295
1229835302103134214
1229835309719969794
1229835471145947138
1229835471951257602
1229835472161005569
1229835472693690368
1229835511373729793
1229835785727356928
1229835808380772352
1229835924244070400
1229836089264832515
1229836111293374464
1229836188875358208
1229836381263925250
1229836423882252295
1229836557416304640
1229836688760983552
1229836764250017792
1229836856327622657
1229837178588581889
1229837281978191872
1229837435082870786
1229838014207188994
1229838211272388608
1229838228309585920
1229838310446632963
1229838487467241474
1229838674302578688
1229839000917233664
1229839035314601984
1229839073986170882
1229839079711346688
1229839202554142721
1229839246027976705
1229839287522340864
1229839301569077248
1229839356208320512
1229839445840494592
1229839567118897152
1229840059127468033
1229840233476296704
1229840283002720257
1229840340351361027
1229840456378408960
1229840504558366729
1229840823417745411
1229841116570300421
1229841208983392257
1229841279447699456
1229841349094014978
1229841525456220166
1229841570310115331
1229841719945986048
1229842055461003264
1229842492159352832
1229842517748830210
1229842805142499328
1229842920464961536
1229843009572868099
1229843021467832320
1229843140888158209
1229843150618923010
1229843197771292672
1229843312846262272
1229843424175644673
1229843576575545344
1229843721908346880
1229843844486836233
1229844031695355904
1229844480817291264
1229844522533867523
1229844632718184453
1229844829301071875
1229844982837760000
1229845112903131140
1229845151566254081
1229845153801756674
1229845658850537472
1229845878493663238
1229846053517774850
1229846132651634688
1229846238767538177
1229846280450514944
1229846347693592576
1229846476253286403
1229846695544074241
1229846796156821505
1229846802125512704
1229846894773444610
1229846915547881479
1229846920383881216
1229847175355654144
1229847639778365440
1229847718694092800
1229847771500421120
1229847831097356289
1229847942942593036
1229847970448912384
1229848016464547840
1229848053076647937
1229848054192230400
1229848054720843782
1229848100421935113
1229848115072655365
1229848444354879488
1229848772538249218
1229848871205031936
1229849230694588416
1229849293420453888
1229849326144364545
1229849327947911173
1229849361162670081
1229849451411443719
1229849458386653184
1229849659805511681
1229850180628963330
1229850207388565506
1229850233212997634
1229850403468140545
1229850535270002691
1229850541112455168
1229850570728628224
1229850570988630016
1229850571814973440
1229850572506968069
1229850617843191818
1229850624600219649
1229850671370907648
1229850676810932225
1229850757488369666
1229851829061574656
1229851950432292868
1229852036419784706
1229852134998446082
1229852282390548480
1229852384144347138
1229852407397527552
1229852419082854400
1229852768833241089
1229852912823783426
1229852925532483587
1229852985460744194
1229853049562312705
1229853077357899776
1229853087336144897
1229853107988893696
1229853149290270720
1229853353372459008
1229853441763282944
1229853529399013377
1229853673909608448
1229853707661172736
1229854317135441920
1229854345438449664
1229854346180993031
1229854421842042880
1229854478813274112
1229854747756285952
1229854801317564416
1229854885866344448
1229855152900890624
1229855401119756289
1229855471567343617
1229855512021348358
1229855603834552321
1229855658796888067
1229855683178307585
1229855684801503239
1229855866964365312
1229855941237104640
1229855971599626240
1229855986791395331
1229856103351148545
1229856197718761473
1229856390086365184
1229856638946947072
1229856696115310597
1229856879653859334
1229857547731054593
1229857616957861888
1229857786978340864
1229857964124667906
1229858102901661702
1229858122694414336
1229858123390816259
1229858124552687616
1229858202134728708
1229858419374526466
1229858556930875393
1229858670256758784
1229858677139681280
1229858808228384769
1229858816856072194
1229858875018547202
1229858982153592832
1229859080694571012
1229859641322065925
1229859871711023104
1229859995015098371
1229860459706232833
1229860616694710272
1229860755610140680
1229860906210910220
1229861046996885507
1229861185329168387
1229861472328658944
1229861936919130113
1229862024731090950
1229862058725904389
1229862133833306120
1229862261935792131
1229862477724295170
1229862604648087553
1229862748974206978
1229863066327830528
1229863102746972160
1229863154240425985
1229863399527505923
1229863441072082944
1229863531325116417
1229863747465940993
1229864033546838021
1229864413605138432
1229864498577756160
1229864755487264769
1229864810000605190
1229864845538930688
1229865255926484992
1229865405864448000
1229865536240177152
1229865670369628160
1229865671292411905
1229865671468732418
1229865749294047233
1229865864255676417
1229865927442935809
1229866003967991811
1229866184536985600
1229866921769734147
1229866959266816001
1229867215010377728
1229867485480046592
1229867727172407297
1229867759984664576
1229867774551478272
1229867861268672512
1229867884991647744
1229868129771311105
1229868186671038465
1229868225883668480
1229868233806708736
1229868549990232070
1229869160378834959
1229869342772297730
1229869363609710598
1229869387357749248
1229869482031636482
1229869621983031298
1229869696771481600
1229869696855482381
1229869859338584064
1229870029438640131
1229870071490732038
1229870148514799617
1229870336394612736
1229870363112284160
1229870560794103811
1229870600539209729
1229870989003165702
1229871318201520128
1229871507804913664
1229871612486455298
1229871716358291456
1229871763640782850
1229871813800480768
1229872464835956736
1229872850527490050
1229873137111752707
1229873208515551234
1229873219907309569
1229873219911528448
1229873222885179396
1229873223610793985
1229873550003179521
1229873577723297792
1229873604772483073
1229873658543443968
1229873691175084035
1229874087280947202
1229874164850397184
1229874208295018501
1229874226833678336
1229874264175775744
1229874323059625985
1229874377279311879
1229874459416449026
1229874763960659970
1229875203406209025
1229875317197754369
1229875550606503936
1229875700838039553
1229875940240642049
1229875945915535362
1229876317811769344
1229876817936470018
1229876884995035137
1229876957036326912
1229876971666132992
1229876994957074433
1229877201375506433
1229877613314945024
1229877696588656641
1229878003297062913
1229878117579317255
1229878464989323264
1229878581729296385
1229878605204873218
1229878714596495360
1229878755797151744
1229878998680862721
1229879135067086848
1229879264029429761
1229879286796050437
1229879454501089281
1229879619190448128
1229879797624512513
1229879961684774920
1229880040021725186
1229880181860556800
1229880712452595712
1229880769637687301
1229880769926971393
1229880770472239104
1229880770510163975
1229880771256758277
1229880816995622913
1229880839762300928
1229881084516741120
1229881222232449026
1229881419046039554
1229881839122362368
1229882166617804801
1229882257067905025
1229882304966860800
1229882475595337730
1229882677374922752
1229882728230932485
1229882793469018113
1229883306331844608
1229883396299640837
1229883611895279618
1229884544985292801
1229884796228100097
1229884834237100039
1229884852876566528
1229885186420150274
1229885259782770690
1229885265440858116
1229885365609287681
1229885373918175239
1229885575324368896
1229886051268866050
1229886115932442625
1229887060997050368
1229888137855410176
1229888176862482433
1229888320278269960
1229888320341065728
1229888323050704896
1229888399001227265
1229888479368183808
1229888816820912128
1229888884072382467
1229889180748128256
1229911452284223494
1229899769755111426
1229899296721506304
1229902783421263873
1229914744040984577
1229901746450968577
1229901541055836161
1229901416313098240
1229904111736410113
1229890141214388226
1229913249384140801
1229900801369395201
1229912042439692288
1229900152502149121
1229902187624648708
1229915203179077638
1229897878446931969
1229906942161670144
1229901119947706368
1229906781419319296
1229918510266093571
1229894409648574464
1229902704270548997
1229910968681082882
1229893427778768896
1229895248601591809
1229905920437735424
1229898873465864195
1229915860061577217
1229906570026377219
1229901847663726592
1229903422285078530
1229899439348834304
1229892094510206977
1229910995084234752
1229910542682292227
1229895117487661058
1229897419518889986
1229896896765759488
1229899965079617536
1229912951089455105
1229914179991166976
1229898333168136192
1229902525182160896
1229918503748210688
1229900473978806276
1229906631850418178
1229900903878184960
1229890162127253505
1229899330481459203
1229893352696446977
1229899758094995456
1229901598807252993
1229902493024387073
1229897598489825281
1229900145904496641
1229905069329567745
1229900853827579906
1229897809148743687
1229909710444417025
1229899919084920832
1229907418102059008
1229898689881178112
1229897943622311936
1229901176038215686
1229908476371128325
1229892562296676356
1229898726384291840
1229910003978588160
1229910148828844032
1229897923162447879
1229915197680357381
1229906639916077061
1229912229530800134
1229900388175958022
1229916075791470592
1229915260561350662
1229911909396295680
1229898597837176833
1229898987894923268
1229889753111285760
1229899095969587201
1229916001891995648
1229900390319239168
1229900271989460993
1229899383472316417
1229914537861709824
1229896389846540300
1229899247610482688
1229900023309197313
1229900005613408257
1229900801490984960
1229906393429397504
1229899507460136961
1229911427378446336
1229918240241049600
1229897536057507840
