1328125633289924608
1328125634179174402
1328125634585956352
1328125634665619456
1328125637861765120
1328125654798360577
1328125658501951490
1328125669855916032
1328125736595677185
1328125759383330817
1328125766438105091
1328125813225566208
1328125835547697153
1328125838043308035
1328125877302005762
1328125920478158848
1328126139215220736
1328126282882834432
1328126327963217922
1328126425266868224
1328126475460087808
1328126497517940736
1328126564735848448
1328126600332840961
1328126610432724994
1328126687217930240
1328126689487040512
1328126694759280640
1328126695753347073
1328126731459420162
1328126819095220230
1328126835264270337
1328126871809249285
1328126916092686337
1328127151749681153
1328127164898811911
1328127165179826176
1328127190517633025
1328127307719053313
1328127344763146240
1328127497473568769
1328127533083226113
1328127543761842176
1328127588607332352
1328127595980976129
1328127636569206784
1328127654424297472
1328127694043754497
1328127755565862915
1328127805901639681
1328127958066876416
1328127986923663360
1328128053004865537
1328128103487578113
1328128151189397504
1328128216171679746
1328128231636160512
1328128285746876421
1328128323088752642
1328128376402554881
1328128436590825473
1328128478412218370
1328128505398358016
1328128566895276034
1328128627007909888
1328128647413325824
1328128672184881152
1328128920865091590
1328129069414834178
1328129114138693634
1328129117032755202
1328129144543186950
1328129192760893442
1328129197412397061
1328129198469369856
1328129226151784448
1328129240362082310
1328129268715573248
1328129281378164747
1328129286461677568
1328129287417856000
1328129301414371328
1328129310465646593
1328129328853430273
1328129369102020608
1328129373824835585
1328129404900261888
1328129421992144896
1328129464618921986
1328129582004887554
1328129612472324096
1328129616956022787
1328129657061990402
1328129665790185472
1328129670034833414
1328129714532311040
1328129762800373763
1328129772493426688
1328129821474435076
1328129822514696193
1328129863262363648
1328129877799788549
1328129970955313155
1328129984687460353
1328129997211639808
1328130064622493697
1328130072268714023
1328130209128845324
1328130277449863169
1328130302645039104
1328130478986170369
1328130499974467584
1328130552176783364
1328130598339293185
1328130609936527360
1328130656422014977
1328130663225016321
1328130666102480897
1328130669369823233
1328130700722139137
1328130832091975681
1328130914887593986
1328131084362649610
1328131122526564355
1328131180454146048
1328131313300344832
1328131315938455557
1328131338348744705
1328131351355199499
1328131366672863233
1328131395156369408
1328131412680187905
1328131459803131906
1328131479877144578
1328131579835715585
1328131602992525312
1328131606398296064
1328131664481050626
1328131688879230977
1328131707699154944
1328131767035961351
1328131791140626434
1328131798539374596
1328131820609810432
1328131907410931712
1328131917066145792
1328131940319453185
1328132091452796931
1328132213611892736
1328132263431856130
1328132313973190656
1328132373658079234
1328132411637567489
1328132415290793985
1328132439340888065
1328132449872850944
1328132496983199745
1328132608249749506
1328132609088626688
1328132609617108993
1328132631108722688
1328132784599216128
1328132823077842946
1328132868456001536
1328132913108574208
1328132923304898560
1328132940417667075
1328132946625224705
1328132950198800384
1328132995115573251
1328133042012086274
1328133179711041537
1328133180113739777
1328133180507914244
1328133180944248833
1328133186677686274
1328133197864054787
1328133255917408258
1328133280101773312
1328133282484072448
1328133316860514304
1328133415619624960
1328133430064844800
1328133597266649090
1328133600424964096
1328133616866562053
1328133662777413635
1328133683136454656
1328133683925164032
1328133696105439233
1328133807631949824
1328133926553051137
1328134005217177604
1328134005380755456
1328134048225652736
1328134132308844544
1328134162482667522
1328134199082151936
1328134248675614720
1328134277964369922
1328134356221767687
1328134389344194567
1328134646257897476
1328134731666481153
1328134800323063810
1328134853083193351
1328134867855544320
1328134905088405504
1328134939821400066
1328134946662330369
1328134954551824384
1328135037838118912
1328135049649270788
1328135116930027521
1328135138832756736
1328135181404868610
1328135230109216770
1328135265391681536
1328135316931219456
1328135371197214724
1328135388041523200
1328135532577239040
1328135602655649792
1328135676982923264
1328135696167612416
1328135709744652288
1328135764694216704
1328135966163410944
1328135980029718530
1328136183830994951
1328136206530596865
1328136287694544897
1328136348348395522
1328136385849602051
1328136536609714177
1328136573368619008
1328136783402504192
1328136851467735041
1328136877485023234
1328136988218814470
1328137018094858243
1328137018598187008
1328137130623840257
1328137145865936896
1328137354557710338
1328137354650017792
1328137356709335042
1328137403572252672
1328137412883730434
1328137446702395395
1328137454092742656
1328137904305090560
1328137993568317440
1328138013021450243
1328138085385768960
1328138125353299968
1328138210321592325
1328138233935503360
1328138250964398083
1328138291837870080
1328138396221526020
1328138413392994305
1328138417666920452
1328138500504514560
1328138509492883457
1328138546058833920
1328138696235872256
1328138703420743680
1328138864213565440
1328138892143366144
1328138911101693953
1328138974980960262
1328139017561513985
1328139124994347009
1328139177737777153
1328139226857279488
1328139342519410691
1328139437767847938
1328139451063824384
1328139476674224129
1328139676255997954
1328139975083364352
1328140044046098434
1328140097406050313
1328140283792531459
1328140306387263489
1328140606221266944
1328140729424748544
1328140729521233920
1328140730414600194
1328140731324755970
1328140731903397888
1328140739000356864
1328140775402647552
1328140779420839936
1328140854486241285
1328140864850300929
1328140865815019521
1328140881581498368
1328140962896416768
1328140962967789568
1328140985164034048
1328141093540679686
1328141121508270088
1328141245483339776
1328141249623289859
1328141736389079044
1328141751589236736
1328141779011571712
1328141838247735297
1328141849106771975
1328141896162611201
1328142057110691844
1328142098479116289
1328142110227357696
1328142113113042945
1328142123754020865
1328142246600990722
1328142325772660741
1328142504135372803
1328142506899496961
1328142557147242496
1328142613040467968
1328142639628247046
1328142815415705600
1328142819819548672
1328142833048559619
1328142894360825857
1328142944210100225
1328143006856339456
1328143096010452993
1328143099026157568
1328143120832270337
1328143129963278336
1328143291423055873
1328143506230095876
1328143565415968773
1328143591345098752
1328143639076335617
1328143688267083779
1328143767426232320
1328143910535835650
1328144085727793154
1328144109593300993
1328144313449148417
1328144354255523840
1328144463097696257
1328144514444390400
1328144555909275648
1328144660880101377
1328144722574118919
1328144821417086977
1328144875850698753
1328144946252144641
1328145108143845379
1328145121938976769
1328145199319670784
1328145259629588480
1328145269368770561
1328145293116837888
1328145471202865152
1328145762690199552
1328145832256835586
1328145870320242688
1328146023156473856
1328146114613284866
1328146126143447040
1328146213728784384
1328146251221774336
1328146380746067968
1328146558567723008
1328146732430069763
1328146828735508481
1328146885346013186
1328146954375852037
1328146964010184704
1328147038425526273
1328147163751313409
1328147210568134660
1328147236769894400
1328147282898903043
1328147302075297803
1328147326809104385
1328147384233234433
1328147387651678217
1328147446522900480
1328147475803365379
1328147520971747328
1328147569109819396
1328147572725325824
1328147578593161217
1328147714916425729
1328147720406708229
1328147841479553024
1328147953035464704
1328147967564517376
1328147973893709825
1328148039584899072
1328148107931037697
1328148271726997505
1328148279763165184
1328148279805227009
1328148280023269376
1328148300722221056
1328148327502909443
1328148396943740928
1328148400534155267
1328148489877000192
1328148521032310784
1328148564959236097
1328148579773505540
1328148732832051200
1328148770446598145
1328148787269935104
1328148803522879488
1328148817724706817
1328148899870220291
1328148937312669696
1328149034469519360
1328149369112190976
1328149409444532224
1328149595545890822
1328149676437217280
1328149765050294273
1328149785573007363
1328149905827880963
1328150103161511937
1328150290919526408
1328150306383933441
1328150336637464576
1328150357780824065
1328150374813999104
1328150400499904513
1328150430115880960
1328150491877036033
1328150598496161792
1328150610718453760
1328150658864861185
1328150660991348736
1328150712958726144
1328150715840290817
1328150717287325703
1328150731904454657
1328150795880189953
1328150839257608192
1328150848766169088
1328150850926227458
1328150912829939712
1328150932643663872
1328150938838724608
1328150958006792192
1328150995931697155
1328151050411515906
1328151153843040256
1328151204942254082
1328151235522928640
1328151317685137409
1328151391676882947
1328151406625349632
1328151650389864448
1328151744317186049
1328151815574077445
1328151865150812162
1328151872067301379
1328151950169411585
1328152054091530240
1328152120957300737
1328152244764741632
1328152486457307139
1328152510402424837
1328152582523678727
1328152591986003969
1328152773725138948
1328152787352506373
1328152793773912067
1328152918252457986
1328152973600550912
1328153004231548928
1328153125778321408
1328153232284258304
1328153256091148289
1328153264152604673
1328153283433799680
1328153433724039168
1328153446424330240
1328153480066981890
1328153674443595777
1328153772288323585
1328154021807403009
1328154063096180740
1328154146093101062
1328154248622845952
1328154458577137664
1328154459793461248
1328154581495406595
1328154689393799170
1328154705147482112
1328154780955447297
1328155020836081664
1328155033028993024
1328155279792463872
1328155344019877890
1328155508256231425
1328155534239932417
1328155828965306370
1328155830324244485
1328155830483628032
1328155851010551808
1328155897093369856
1328155905242894337
1328155943079653377
1328156132595146752
1328156198818942978
1328156215910821889
1328156228879601665
1328156256343887872
1328156360605888514
1328156441081942022
1328156685576396800
1328156691289006085
1328156905584406529
1328157063193759746
1328157084668616704
1328157104469893129
1328157180806246401
1328157288851509248
1328157291728744450
1328157310267633664
1328157375153528837
1328157476902948864
1328157481282007040
1328157538932695041
1328157609661181953
1328157760303763456
1328157925773357057
1328158169772793856
1328158256653623302
1328158346654982145
1328158511579148288
1328158556932214784
1328158635587903488
1328158718672900099
1328158721034379264
1328158727875293184
1328158761912061952
1328158778940911616
1328158919030616067
1328158941445050370
1328159057287409669
1328159221892976640
1328159232978464768
1328159255338377219
1328159560926945283
1328159595995521028
1328159640488726528
1328159691478851589
1328159733535137794
1328159782767910912
1328159876217004035
1328159956479184898
1328160155926732801
1328160165774946306
1328160530629058561
1328160850755117063
1328160862054604802
1328160990123450369
1328160991859929089
1328161001422737408
1328161102002335745
1328161197796057094
1328161308483710976
1328161336124190721
1328161352817446912
1328161426226155522
1328161538964852742
1328161665158959105
1328161703880781825
1328161817185619969
1328161862576435205
1328161881400500227
1328162136191885313
1328162204819075074
1328162262146813959
1328162450600955911
1328162502904049666
1328162522063630336
1328162559019642888
1328162612467658753
1328162683372392448
1328162834216349702
1328162926952390656
1328163063464419328
1328163087631986690
1328163127834374154
1328163142451474432
1328163255542550528
1328163323163062276
1328163378674630657
1328163378884268034
1328163378989154307
1328163379433750528
1328163379668791297
1328163379807182849
1328163484782256137
1328163513274048512
1328163515266437120
1328163515291422721
1328163733521227776
1328163738982211586
1328163795349417988
1328163859564269568
1328163875196383238
1328163927725928450
1328163993043701760
1328164040913399808
1328164043912327168
1328164322439258112
1328164342337052672
1328164388361150464
1328164423379390465
1328164464760393732
1328164490702188544
1328164591159926790
1328164637053837312
1328164791848939524
1328164895196651520
1328165182472925184
1328165196481900547
1328165204849471488
1328165288274227200
1328165446508453889
1328165615190896640
1328165695214006272
1328165699034943488
1328165741963698176
1328165762327044096
1328165843264557056
1328166012227899392
1328166161498836992
1328166181656727554
1328166185897177090
1328166406765113345
1328166461261623297
1328166476034023430
1328166496875524096
1328166513866629120
1328166519046623240
1328166529037443072
1328166545911058433
1328166638873620483
1328166660176445440
1328166784353099778
1328166895837704197
1328167040021041152
1328167177950810112
1328167321651863555
1328167384679653377
1328167391101071361
1328167429613244416
1328167469433958406
1328167571321925632
1328167583254720514
1328167607183224833
1328167781901201409
1328167787261546499
1328167908644585473
1328168090396397573
1328168180817268736
1328168258755833868
1328168283787436033
1328168294147350529
1328168351932280833
1328168384375238656
1328168481800544257
1328168841957011456
1328168854233751554
1328168943299809286
1328169022748299264
1328169053970698240
1328169093774630918
1328169132139966464
1328169208396574720
1328169325761622018
1328169454077960202
1328169682382311425
1328169696198352896
1328169798765850625
1328169878818349058
1328169906853076992
1328169918060261377
1328169950608056321
1328170221954347011
1328170300920500229
1328170357145137161
1328170378712244225
1328170425835286528
1328170488636575745
1328170550921998336
1328170624141778944
1328170694019047426
1328170709982568448
1328170796582318082
1328170800575373317
1328170906703851520
1328170928421814274
1328170928786780166
1328170929583742977
1328170929889947649
1328170934004559878
1328170934289592320
1328170934801403904
1328170971279323138
1328171048488099841
1328171054586621952
1328171056641826816
1328171062639509504
1328171153874165764
1328171155870654466
1328171219846193154
1328171221259837440
1328171308778201089
1328171442119307266
1328171536562462726
1328171634352680961
1328171701994201088
1328171738283315200
1328171759405846529
1328171774043959301
1328171910895722496
1328171930420129795
1328171997050900482
1328172006685237248
1328172275435270146
1328172290392125440
1328172299065942017
1328172346230890498
1328172407245377542
1328172433497595906
1328172435603152897
1328172440695021570
1328172487478272000
1328172497846620161
1328172504473604098
1328172710078386179
1328172866639073282
1328172890940960768
1328172892060852229
1328172916295540737
1328173007647477760
1328173064467611648
1328173077746749440
1328173154376830977
1328173158155870209
1328173344408170499
1328173391963172865
1328173505125429249
1328173561471774720
1328173564634206208
1328173604773785604
1328173759229022213
1328173869421588480
1328173886849028098
1328173918738329600
1328174030952783872
1328174268211924993
1328174270653067267
1328174329184608256
1328174364332789769
1328174451654057984
1328174661692166145
1328174689966039046
1328174712044851201
1328174903418183681
1328174953645170694
1328175071836385280
1328175206813364224
1328175304196710400
1328175334131441665
1328175555104141314
1328175592836132865
1328175822293889024
1328175844725055488
1328175921300447233
1328175927810027520
1328175961653747713
1328175969358786562
1328176063218929665
1328176085612290051
1328176090578350080
1328176135193161728
1328176193477238785
1328176278936150023
1328176362537054208
1328176451774922752
1328176500839952385
1328176620729999361
1328176634269057024
1328176764246487043
1328176775977906177
1328176806491459585
1328176856051408897
1328176862892322816
1328176933662720000
1328176946656792576
1328176949907361793
1328177013492953088
1328177021881643008
1328177126386884608
1328177147144450048
1328177267546222592
1328177270272495616
1328177455291654144
1328177464443613184
1328177530864590851
1328177558895128576
1328177582311940097
1328177584295841792
1328177790991134721
1328177867235225601
1328177891104972800
1328177947128303616
1328178048101969921
1328178102640500738
1328178225021849608
1328178226632462336
1328178342022045699
1328178511413010432
1328178597660680192
1328178669651709953
1328178697162158080
1328178789042577409
1328178797603028994
1328178817538678786
1328178911709106177
1328178940024938496
1328179107474059264
1328179135190102023
1328179193113432066
1328179204786098176
1328179209513160704
1328179231227060224
1328179502422368256
1328179770891362304
1328179802696798208
1328179945798066178
1328180181362675712
1328180255895457792
1328180320861040642
1328180459726057485
1328180491384664064
1328180617163517954
1328180755974017024
1328180798495846401
1328180900287352841
1328180925524570114
1328180994806046723
1328181039764803585
1328181050988703744
1328181052561629184
1328181056130920450
1328181063227748352
1328181083624665094
1328181085381988352
1328181120861691906
1328181201002246144
1328181252919349249
1328181254613835777
1328181257197531136
1328181266391371778
1328181402840477697
1328181404325339137
1328181598475399168
1328181653345329152
1328181701437235200
1328181716742246400
1328181735536930816
1328181838066692102
1328181907524349954
1328181922892230656
1328182120372645889
1328182191264845825
1328182237288931328
1328182239692271618
1328182306343952384
1328182552939655169
1328182690672037893
1328182799124353029
1328182958235201536
1328182984332152832
1328183143405391873
1328183157422755842
1328183222606450689
1328183260053188613
1328183324758708226
1328183406568595456
1328183422167158785
1328183496704200704
1328183507424845825
1328183511535108096
1328183586923622400
1328183616627761154
1328183673775136768
1328183751936008194
1328183758860800000
1328183912678481920
1328183923424292864
1328183936149819392
1328183937450070017
1328183941690392576
1328184116186058752
1328184177339068417
1328184196620308480
1328184275632578564
1328184287250804736
1328184383266820097
1328184389277282307
1328184389398880257
1328184460559470592
1328184463860305920
1328184529090121728
1328184611462066176
1328184653241577474
1328184661768609793
1328184716269326337
1328184744924864512
1328184749903450112
1328184769557893120
1328184896133672961
1328184899623260162
1328184939192475649
1328185026647891969
1328185060881739776
1328185095149264896
1328185127147433984
1328185142603620353
1328185184051732480
1328185215337066496
1328185234656030722
1328185300431073280
1328185323403300867
1328185373588156419
1328185385357340673
1328185505360605185
1328185573039869952
1328185577661935617
1328185578928672768
1328185724122886144
1328185786273910786
1328185873951838208
1328185937440944129
1328185979379851266
1328186028427886592
1328186029199794178
1328186029967167490
1328186030034477057
1328186030097305602
1328186030525038594
1328186049630126081
1328186061286232064
1328186064687796225
1328186123038969862
1328186155100213249
1328186188272988160
1328186204609781760
1328186265263624193
1328186295257092096
1328186384490835968
1328186401037422593
1328186465348620289
1328186530985254918
1328186554855120898
1328186650099388416
1328186690540810240
1328186702880452611
1328186716637835265
1328186758681550848
1328186835521187841
1328186902860750849
1328186982950989824
1328186987879260161
1328187001619746816
1328187017407176704
1328187051628441602
1328187056418402304
1328187155865358342
1328187234298818563
1328187288275267585
1328187295107788802
1328187297909645318
1328187303253184514
1328187303601311746
1328187358085308416
1328187361348423681
1328187478432485376
1328187495469768704
1328187537035235328
1328187568568012803
1328187608250322944
1328187641070759936
1328187672020590594
1328187686562238465
1328187696360120328
1328187757085257732
1328187763217338379
1328187769722638338
1328187780518866944
1328187806326329344
1328187853390671874
1328187893593104384
1328187936098185217
1328187997360181248
1328187999532802049
1328188016800751616
1328188022907686912
1328188144936693761
1328188147365257216
1328188173231460354
1328188238121594882
1328188240550047744
1328188249169399808
1328188360037429248
1328188360784048128
1328188399820345347
1328188503675592704
1328188535673909249
1328188612173836289
1328188623250993152
1328188642246975489
1328188661859561473
1328188763244285952
1328188774958968833
1328188851404337153
1328189004693565440
1328189176483819521
1328189205395238913
1328189222377971713
1328189296315084801
1328189373876146176
1328189388333981696
1328189390481477632
1328189500560961537
1328189556223594498
1328189580877684747
1328189759089422344
1328189841180389376
1328189867084419074
1328189919332855814
1328189922935705603
1328189971598086144
1328189971853955078
1328190041416458240
1328190121125048321
1328190122022604807
1328190123037560832
1328190146680852480
1328190183594930179
1328190197142614019
1328190273675878402
1328190295733886979
1328190383327735808
1328190415057678338
1328190431608377344
1328190471538085888
1328190582154547201
1328190587485515777
1328190695895564288
1328190699020242945
1328190705353650176
1328190708910497792
1328190713150902273
1328190757711306752
1328190820034363398
1328190882135339016
1328190885998170113
1328190913626202113
1328190998409850880
1328191030273912832
1328191035604865024
1328191061135667201
1328191086330859522
1328191171185795074
1328191205952380929
1328191213850210305
1328191232196087808
1328191243227164673
1328191309602058240
1328191321060753408
1328191322637955073
1328191337796161536
1328191358079787012
1328191399569874946
1328191410349203458
1328191412224090112
1328191459221266432
1328191547767222272
1328191574157783040
1328191684908376069
1328191685009018887
1328191702591533062
1328191770916757504
1328191789015183361
1328191843960561666
1328191847437660160
1328191900734660608
1328191955663269889
1328192015121702912
1328192042560839683
1328192058922831874
1328192169023303681
1328192194075824130
1328192196714115072
1328192277785825282
1328192298535034886
1328192370047922176
1328192474116927494
1328192477787009024
1328192667747053568
1328192706531745795
1328192739603865600
1328192800249307136
1328192846441172992
1328192856838852608
1328192880045940736
1328192902334451713
1328192942381666304
1328192987336241156
1328193040931033089
1328193142466744320
1328193222099816450
1328193420318420995
1328193424605011971
1328193438483963904
1328193466740977664
1328193538560061440
1328193544549507072
1328193545048453121
1328193548773187584
1328193559888007168
1328193606897823745
1328193646450126848
1328193681673908225
1328193760518410240
1328193770400206848
1328193783142502401
1328193784308518912
1328193819289001987
1328193862427348992
1328193933562814464
1328193965808607236
1328194018346414081
1328194020582043648
1328194034691608577
1328194043273162753
1328194053687697410
1328194177331572738
1328194229017960448
1328194276673597440
1328194373901803522
1328194374765842434
1328194396165206016
1328194598045421568
1328194671684808709
1328194749849890816
1328194755747000322
1328194771991597057
1328194819529781249
1328194830657343490
1328194843567337472
1328194855890194435
1328194910164561922
1328194998119051265
1328195121100283906
1328195144252862465
1328195200259330048
1328195303145672709
1328195335718625281
1328195430337875975
1328195471408500738
1328195566371803137
1328195579860688896
1328195610957279233
1328195620276940802
1328195643467309058
1328195737772036099
1328195790502813699
1328195863735361536
1328195937248882689
1328195938993786882
1328195940025589760
1328196055687696384
1328196078957637639
1328196094153601024
1328196094283702272
1328196094338088960
1328196111639699457
1328196168770269186
1328196275045588992
1328196276786245633
1328196487126331400
1328196523751067648
1328196647503925248
1328196656001650688
1328196839972212736
1328196935887548417
1328197044444536833
1328197056385703943
1328197067425116161
1328197111041699840
1328197188699217921
1328197214359998471
1328197246228238337
1328197330999406592
1328197352411303937
1328197352532946944
1328197368756494336
1328197526353219584
1328197563858776064
1328197604539310080
1328197607706013696
1328197671925010434
1328197720788660234
1328197722923479042
1328197727763763201
1328197738488619008
1328197742733221888
1328197764518453256
1328197907229667330
1328197957804560387
1328197996396339200
1328198024779194370
1328198028763815936
1328198176046804992
1328198311988383744
1328198469367042049
1328198548660359170
1328198593191276547
1328198661076086784
1328198675387060224
1328198685688258561
1328198771960852481
1328198894522687490
1328199009534693376
1328199084369391616
1328199538000191490
1328200361677627392
1328200378479992832
1328200664904839173
1328200751831789568
1328201127343558657
1328201127624646659
1328201128375316481
1328201129826533376
1328201145110683649
1328201153918627841
1328201173208272898
1328201267802492928
1328201488750010369
1328201667481841672
1328202002409672704
1328202145183752192
1328202312410664960
1328202358015340544
1328202734089154560
1328203358805618689
1328203467152875520
1328203534106587138
1328203643913445378
1328203644097818625
1328203703883599874
1328204032280834048
1328204716908683264
1328204920563134464
1328205428216487938
1328205471111655424
1328205779485200384
1328205874649845760
1328205978324578312
1328206627791654912
1328206795802873857
1328206914140991488
1328207334355701761
1328207414664028161
1328207418799640577
1328207420284407808
1328207445433446401
1328207932517920768
1328207951979536384
1328208312383524865
1328208469447618561
1328208677086650369
1328208677128441857
1328208777796079619
1328208823052623872
1328209167446925312
1328209228134297602
1328209497060470789
1328210214252896257
1328210444159492096
1328210952626577408
1328211023745126400
1328211057375064072
1328211113205518337
1328211444253528065
1328211461844459520
1328211830733500417
1328212452039909378
1328212462081085443
1328212807897243650
1328213037526999045
1328213289076207619
1328213379304075264
1328213623408373760
1328213704215842816
1328213722427518976
1328213852346003456
1328213968398258176
1328214263425593344
1328214378764783616
1328214444195930112
1328214627231129600
1328214859469770752
1328214940872740864
1328215135127822337
1328215398366457856
1328215571658371072
1328215690948513792
1328215758749503489
1328215920779681793
1328215922553868290
1328215949212852224
1328215949552594944
1328215995891191809
1328216111024926720
1328216188464336902
1328216227467018241
1328216415657189378
1328216422523281410
1328217135798226945
1328217388324708352
1328217412370567169
1328218079994777600
1328218307170799616
1328218447201902592
1328218502247968768
1328218609609568257
1328218743407841280
1328218743634231298
1328218774626050048
1328218824747995136
1328219388772806656
1328220288832692226
1328220393153421312
1328220581750247424
1328220791180324870
1328221260040515584
1328221260103503874
1328221260296323073
1328221260405301249
1328221312624582657
1328221517168128000
1328221604296486913
1328221631450394624
1328222025891127296
1328222060863172613
1328222663874125826
1328222676020826114
1328222864953192449
1328222872641433604
1328223088014749697
1328223327312355328
1328223367938379777
1328223445126176768
1328223660252016644
1328223797275717638
1328223830733705216
1328223954801192960
1328224029531049984
1328224033956106241
1328224114348318720
1328224273408856070
1328224416388542465
1328224557174566917
1328224616981139456
1328224644424458245
1328224712581931008
1328225231606083584
1328225248399986689
1328225281732128768
1328225452981432321
1328225556144529414
1328226030994288641
1328226177392259072
1328226378165211141
1328226420867428354
1328226548202303490
1328226692607971328
1328226852289253376
1328226891355058176
1328226925874089984
1328227024922697728
1328227048205258755
1328227244808962048
1328227276295720960
1328227355450601472
1328227551580282881
1328227551597117447
1328227749832642563
1328228364663054339
1328228410301222917
1328228485874282496
1328229045704810497
1328229050637283330
1328229653413318656
1328230068187922433
1328230437534248960
1328230520472432640
1328230522900897794
1328230565926072320
1328230569877057536
1328230584519434243
1328230793592922112
1328231030671757313
1328231031313485824
1328231139023216640
1328231143754358799
1328231260846698498
1328231326676381696
1328231327712169984
1328231329108934656
1328231334695800832
1328231611658366977
1328231719699353601
1328231728146690048
1328231994157838336
1328232132582535168
1328232180540116993
1328232189323059201
1328232371989188608
1328232389919772673
1328232412611039232
1328232790882709504
1328232901130014720
1328233410805067776
1328233579776716800
1328233591361347584
1328233618423107589
1328233775470403584
1328233843116142592
1328233914205425667
1328234043146719234
1328234238148284416
1328234358243782657
1328234362597470211
1328234404355956736
1328234597893681153
1328234649047486464
1328234791519588360
1328234816035282944
1328234872960380928
1328234979516674048
1328235069211701248
1328235114376130560
1328235348682534912
1328235392424955905
1328235764363239424
1328235794721550336
1328235797825392644
1328235881585586176
1328235932697436160
1328236016868716549
1328236073676378113
1328236101526556672
1328236193004335104
1328236254480257024
1328236311057215488
1328236329226932224
1328236410843910146
1328236582978138112
1328236641258008576
1328236646970630144
1328236653153046528
1328236782329139200
1328236938701250560
1328237249847320577
1328237280654454784
1328237288443293696
1328237423223050240
1328237544522342400
1328237581344137217
1328237594606526465
1328238075890311169
1328238123277488128
1328238274721275909
1328238287933349889
1328238326508359682
1328238365104332800
1328238462282194949
1328238641488023552
1328238676082642945
1328238678846689281
1328238782999633920
1328238828222619648
1328238876104613889
1328238877073571856
1328238899165077505
1328238934829232129
1328238971554574339
1328239136503902208
1328239170658201600
1328239173967425536
1328239312371068932
1328239358659469312
1328239378112638978
1328239562003517440
1328239612289048577
1328239770921791489
1328239925238624256
1328239948214964226
1328240116255612928
1328240157913452544
1328240213391527936
1328240302100860928
1328240330324533248
1328240344832614400
1328240399618600960
1328240763436736513
1328240767937228800
1328240798572425222
1328240914175758336
1328241083759865857
1328241102298755073
1328241141133631488
1328241202815250432
1328241337251094528
1328241479286976513
1328241487079944193
1328241497356038145
1328241523750805504
1328241561734426625
1328241616864350208
1328241710082777088
1328241787958333442
1328241880585424900
1328241949103493122
1328241952538718209
1328241993672167424
1328242003390427136
1328242124249247745
1328242166691483650
1328242272522162176
1328242651099906049
1328242742825201664
1328242810122883073
1328242824840699910
1328242828330344448
1328242952565567488
1328242966738182145
1328243017648627713
1328243756479475713
1328243886809116672
1328243893083791362
1328243909344911365
1328243919180734464
1328243950738677760
1328243983764647941
1328244077926756358
1328244198630436866
1328244239583600640
1328244255471640577
1328244315282427905
1328244323004133376
1328244347855368193
1328244481871777802
1328244556870008834
1328244656304480256
1328244705864404995
1328244776316014592
1328244827968966657
1328244831466958848
1328244835359318016
1328244976665432064
1328244983380516864
1328244983405694976
1328245017547321344
1328245106437218304
1328245109138350080
1328245327980355586
1328245360536543234
1328245373677211650
1328245387627540480
1328245394678099968
1328245478266429440
1328245487154188288
1328245579378520064
1328245616712032257
1328245632063201280
1328245656599883776
1328245748446670849
1328245802444206080
1328245939438436352
1328245956182237184
1328246130296168448
1328246137485217792
1328246241621405696
1328246261238149120
1328246320017133568
1328246330049884161
1328246419824709632
1328246427097595904
1328246427718336513
1328246451978301440
1328246477400002561
1328246651966943233
1328246673303363584
1328246709315624960
1328246714768248832
1328246843457892358
1328246895169433602
1328246903084081152
1328246909602066432
1328246912957501440
1328246972453695488
1328247077193781248
1328247162531098624
1328247429758668800
1328247625410342912
1328247639398297601
1328247691135037441
1328247816599298048
1328247846475354112
1328247881644576768
1328247900061708288
1328247917484920833
1328247962405888001
1328248188160143361
1328248222100447233
1328248387498618882
1328248387737628673
1328248451210113029
1328248485154607105
1328248486115086336
1328248516460875776
1328248528011976715
1328248567421657090
1328248636325695489
1328248637059686402
1328248653593653248
1328248761039138816
1328248798963970050
1328248900109611008
1328248942534995968
1328249044150464514
1328249069404348424
1328249179785850887
1328249207061434368
1328249215672348673
1328249242947883015
1328249278029029376
1328249321851117573
1328249510255071233
1328249665482092546
1328249777444753408
1328249911511568384
1328249939701477378
1328249992805560322
1328250072648146944
1328250117024083969
1328250200855506944
1328250200968761344
1328250200985657344
1328250201149214720
1328250224435998721
1328250244119875584
1328250326139478016
1328250368799748097
1328250413322264576
1328250413649375232
1328250415834685440
1328250540107706371
1328250568142426112
1328250619853934593
1328250946879696896
1328250955138273280
1328250999694368768
1328251063871418370
1328251119722786817
1328251204548358144
1328251250484371456
1328251302028206080
1328251357632077825
1328251379417309184
1328251394839764992
1328251417618997249
1328251480797818880
1328251491547746305
1328251697714651142
1328251739393363968
1328251969933365248
1328252101823254531
1328252128616476673
1328252199772753920
1328252238435917824
1328252349178146816
1328252492531064833
1328252722735407105
1328252727382700032
1328252750409453568
1328252829107097600
1328252882450341889
1328252895813378048
1328252955250864128
1328253048616083461
1328253098285015041
1328253114437263369
1328253185828466688
1328253305638805507
1328253378372251651
1328253490976743424
1328253497368842240
1328253497855406082
1328253511814029313
1328253812298145792
1328253866685698048
1328253893189447682
1328253923736608769
1328253976651952129
1328254077415927808
1328254266172182529
1328254267883393025
1328254283695972353
1328254409843896320
1328254514500145154
1328254686252593152
1328254748106117121
1328254856642129922
1328254932844212224
1328255145893916672
1328255270380859393
1328255302966390785
1328255410516725760
1328255427386241032
1328255459124539396
1328255533384667136
1328255575109603328
1328255633192333312
1328255633565622278
1328255745113133057
1328255870245941255
1328255985249611781
1328256133803421696
1328256237759238146
1328256242616307712
1328256492240207872
1328256572301189121
1328257064653758464
1328257190822617088
1328257320481132545
1328257415431729152
1328257455307038720
1328257471086006272
1328257503965089793
1328257557346070528
1328257560902819842
1328257573405995014
1328257750615412741
1328257750657282048
1328258061618843649
1328258133211406336
1328258193005404161
1328258277482893315
1328258283187089409
1328258324001939456
1328258405950230528
1328258499277713411
1328258499470614529
1328258597726380032
1328258606970646528
1328258645386293249
1328258758372364289
1328259008931631105
1328259105828515841
1328259174124425218
1328259222514098176
1328259309155790851
1328259328143450113
1328259421089259521
1328259701818204161
1328259944009916416
1328259966424281088
1328259987064295425
1328260196368576514
1328260276978819072
1328260370423832578
1328260487650430977
1328260491337216000
1328260502196281344
1328260580491341824
1328260864810553344
1328261008880787457
1328261211260153856
1328261526063632384
1328261527502086144
1328261527980294149
1328261528802390017
1328261531700629505
1328261532292161536
1328261744763035648
1328261818536570880
1328261891815206912
1328261895393071105
1328262000640724993
1328262013915684866
1328262025546321921
1328262055737118720
1328262162356301825
1328262223618301952
1328262236511547393
1328262408851365890
1328262433044107264
1328262436521193472
1328262584747880448
1328262590460538880
1328262779665575937
1328262939028152323
1328263068959301632
1328263074067976192
1328263217425080321
1328263220386205697
1328263233027895296
1328263268088025088
1328263432618078208
1328263564168224769
1328263632170479618
1328263701321949184
1328263739733401600
1328263794989133825
1328263931220078592
1328263963767877632
1328264042121736193
1328264112464334849
1328264128255959040
1328264172350607360
1328264391695929346
1328264476223811585
1328264796786094080
1328264824460079104
1328264977023717377
1328265017062551552
1328265020988387331
1328265048649834496
1328265056635805697
1328265114743615488
1328265131671875586
1328265289818103809
1328265292775088128
1328265300396167174
1328265407141130240
1328265428506980352
1328265532240441345
1328265629141495808
1328265676507721729
1328266156084441088
1328266193963266048
1328266515368513537
1328266558653739008
1328266558905282560
1328266571282845696
1328266714547679234
1328266865005752320
1328266871691472898
1328266924799762432
1328266942294188034
1328267093733765121
1328267317847990272
1328267623797231617
1328267668747673601
1328267712028700672
1328267719704195072
1328267912340271112
1328267933173379072
1328268070142545920
1328268236211843072
1328268287822753792
1328268318533439488
1328268370387611649
1328268780686938115
1328268935628787712
1328269059209781250
1328269075408011264
1328269076305760257
1328269083960340480
1328269219243421698
1328269249966727175
1328269317645987842
1328269431399649280
1328269486298902529
1328269533904302080
1328269606033747968
1328269706516705280
1328269815136530432
1328269909600710656
1328269947462705154
1328270148910911488
1328270240057274368
1328270259338539010
1328270307082309633
1328270333703376898
1328270339034533888
1328270416767557632
1328270561433317377
1328270768854233088
1328270963813675008
1328271105359040512
1328271111017082880
1328271244156940288
1328271294253690880
1328271317624365056
1328271349794672641
1328271453767266304
1328271527205285888
1328271591671812098
1328271591814250496
1328271606116966401
1328271741311922177
1328271983130386432
1328272037572390918
1328272087253966849
1328272092949848064
1328272256653529088
1328272264882688006
1328272377441083393
1328272417563811845
1328272437360922627
1328272448983281664
1328272493719805952
1328272799232831490
1328272905818558464
1328272925364015104
1328273001163464704
1328273192708927488
1328273556455755776
1328273749771161603
1328273839197974530
1328274175207862275
1328274267352535040
1328274314920128512
1328274944120250369
1328274965691510785
1328275198152470529
1328275545990291458
1328275658414432259
1328275798218911746
1328275894952136704
1328275930851266560
1328275933124550657
1328275976799854592
1328275981103140865
1328276033863344135
1328276125622136833
1328276159109455872
1328276253594578949
1328276368233259011
1328276464131780611
1328276521912561664
1328276541948764160
1328276627176914945
1328276628787531776
1328276629328515072
1328276630788313088
1328276632314933248
1328276670873280513
1328276710249394176
1328276747285094400
1328276747427713024
1328276780315267072
1328276781632249856
1328276799151886336
1328276882924695557
1328276958518652928
1328276977451749376
1328277005071167488
1328277015896666113
1328277061270646785
1328277116912357377
1328277185598279680
1328277195643564032
1328277227495190530
1328277261972332544
1328277386845163520
1328277448358760449
1328277487898546177
1328277584396816384
1328277685064376321
1328277687597666304
1328277847123914755
1328277850596794368
1328277883580768258
1328277978267197440
1328278020868673536
1328278085582680064
1328278225433337857
1328278241245859841
1328278302965063681
1328278309327818753
1328278314478342144
1328278330248990721
1328278360510914560
1328278402063884288
1328278473111199746
1328278476089122816
1328278524310982656
1328278643425095683
1328278653399130113
1328278682469806081
1328278684239847424
1328278798077468674
1328278803936923648
1328278855174545409
1328278864037105664
1328278890419269632
1328278892193456130
1328279141586661377
1328279419350298624
1328279436534353920
1328279544005087232
1328279585755189249
1328279639618412544
1328279706744057856
1328279741527437314
1328279759521009664
1328279775945904128
1328279893268967424
1328280239437451264
1328280240427327488
1328280336673988608
1328280399789907972
1328280532292087808
1328280543155408898
1328280658129674242
1328280721337835521
1328280933104050176
1328280969535746048
1328280977018380289
1328280993317482497
1328281051093987328
1328281067917348870
1328281201359122433
1328281287103221765
1328281342564511744
1328281522470871047
1328281658156433413
1328281658160599040
1328281693157994498
1328281724657299456
1328281842580156416
1328281863153213441
1328281933332275201
1328281951812415492
1328282159971491840
1328282198861107200
1328282216363913217
1328282262861975552
1328282285670535168
1328282290326212610
1328282407343185920
1328282555381129216
1328282603665944577
1328282609718358017
1328282882566201344
1328282916368080896
1328283056902430720
1328283086166106114
1328283245998272513
1328283307092680704
1328283388827103234
1328283441788497920
1328283613704695810
1328283688984043521
1328283740112519169
1328283893544443904
1328284067792556034
1328284122201133057
1328284148214210560
1328284166048321536
1328284175175196673
1328284175242289152
1328284176928419840
1328284207433588736
1328284209572700161
1328284303663501312
1328284465735544832
1328284486895747073
1328284498803515392
1328284513135435776
1328284565182484480
1328284729943203840
1328284741959888898
1328284755788517380
1328284799514107905
1328284817214099457
1328284952086122497
1328284963612090369
1328284990946349057
1328285012433772544
1328285036278403072
1328285044872536064
1328285073507037184
1328285694524084230
1328285785192337409
1328285833682690050
1328285878440112131
1328285925504405506
1328286035319590920
1328286086829924352
1328286145290100736
1328286174746710020
1328286195353350144
1328286241129967619
1328286321698287618
1328286370687823874
1328286387238539264
1328286387741843457
1328286446051086337
1328286586170187776
1328286691182960640
1328286795705036800
1328286823467151362
1328286927565557763
1328286966920712194
1328287043395477506
1328287079567151104
1328287082377334785
1328287154951385089
1328287201642340354
1328287344642953216
1328287392915140608
1328287515019792384
1328287538872725505
1328287651003305984
1328287699409776640
1328287713351626754
1328287714769317888
1328287763834298368
1328287775045672960
1328287808532910080
1328287883418083328
1328287941802782720
1328287949608415232
1328287949834887169
1328287950228967426
1328287961553768454
1328288051458498560
1328288177589727232
1328288517185744897
1328288563369308161
1328288615257026560
1328288688791490561
1328288760946159618
1328288890235531264
1328288975405150209
1328289145681309696
1328289189666893826
1328289207974916098
1328289244230672385
1328289387378057216
1328289488444022785
1328289551966740481
1328289592227794945
1328289620556193794
1328289742677553152
1328289758238355456
1328289870054350849
1328289930431311877
1328290212607352832
1328290461237309441
1328290534163689474
1328290752632336384
1328290825143463937
1328291025555779587
1328291061681287173
1328291071776919552
1328291154987716608
1328291257089732609
1328291265646112769
1328291382549762048
1328291548199530496
1328291635223007234
1328291725081763842
1328291730144309248
1328291820351188993
1328291865372790784
1328291945597243392
1328291968393338883
1328292001821962241
1328292036886355970
1328292044763226113
1328292139218898945
1328292171678625800
1328292426017091585
1328292470778712064
1328292528446124032
1328292620590862336
1328292651041513473
1328292670591086599
1328292701410897920
1328292738580815872
1328292760592461825
1328292872421076992
1328292930713477120
1328293470180675585
1328293479307415552
1328293575331876864
1328293626355593216
1328293788926824450
1328293949749010433
1328294003872247809
1328294037900685315
1328294207774203907
1328294263575162880
1328294270139248642
1328294280356655105
1328294289349226496
1328294439668899841
1328294534560833538
1328294647496642562
1328294758750556161
1328294827218317312
1328294845153234949
1328294885707943937
1328294966523727874
1328295039232073730
1328295047301828613
1328295087802097668
1328295207352360960
1328295259072294914
1328295264180899842
1328295267620298752
1328295304702078978
1328295378270253057
1328295499317723141
1328295499376467970
1328295524030701568
1328295530091450368
1328295574395891713
1328296057164484608
1328296083840229377
1328296148059230208
1328296184235094016
1328296299536506881
1328296559725981698
1328296642576084992
1328296670535315456
1328296758061924352
1328296911984586752
1328296947325792256
1328297134211395586
1328297402101624832
1328297403460571136
1328297490618208256
1328297509895155712
1328297628132577280
1328297713490915330
1328297747619991552
1328297925903052800
1328297979422404608
1328298015942193153
1328298084007292929
1328298220544462849
1328298271543070726
1328298470030135296
1328298607154442241
1328298677627215872
1328298940094144512
1328299056540618753
1328299063717007360
1328299151692607493
1328299276208902144
1328299298585513984
1328299430722875392
1328299437748326400
1328299480865705984
1328299623207800832
1328299701440016384
1328299806792556545
1328299809128783878
1328299995603345409
1328300005933903874
1328300006600830978
1328300029287645184
1328300060229185536
1328300099731075074
1328300121918935043
1328300160951214081
1328300210053918721
1328300214436974593
1328300233558732800
1328300236222193670
1328300276852387840
1328300353121611777
1328300379034038272
1328300397082054661
1328300447497588740
1328300484457795584
1328300508390559744
1328300556792836096
1328300562736160770
1328300742122352640
1328300766734544896
1328300784082161665
1328300796774068225
1328300854571577345
1328300996381044737
1328301237645832194
1328301287708921856
1328301351441489920
1328301399457878017
1328301413219389441
1328301441400918024
1328301581683597313
1328301612595613703
1328301639405613058
1328301643042091009
1328301781311496192
1328301790937288704
1328301808146640903
1328301823392952320
1328301865428267009
1328301865809956866
1328301890992545797
1328301906431594497
1328302024065245185
1328302200016302081
1328302216126590976
1328302244534636551
1328302333630017536
1328302356593864705
1328302411023147010
1328302522138824704
1328302584797532161
1328302656910200832
1328302718700675072
1328302822396452864
1328302894341304320
1328303005016453122
1328303011312103426
1328303049102794752
1328303049228468227
1328303049727733761
1328303062117740544
1328303064516878337
1328303071261323265
1328303079742173187
1328303235539603456
1328303280301236229
1328303342569840640
1328303343941414912
1328303428855017477
1328303466834432001
1328303620245348352
1328303620836777986
1328303649039282188
1328303667020173312
1328303689753374720
1328303694195142656
1328303723915960320
1328303770317549568
1328303810243153920
1328303877305856001
1328303969047891969
1328303977977483265
1328304112535019521
1328304115148075008
1328304120286089217
1328304122735505410
1328304154851373057
1328304155514036231
1328304238607425538
1328304283402592256
1328304304529223682
1328304307452616708
1328304339115515904
1328304453435469824
1328304543608827904
1328304601678884866
1328304677063188481
1328304678371782657
1328304679017648128
1328304825663012869
1328304947558051840
1328304972920852481
1328305059059339264
1328305317428539392
1328305317642375168
1328305354946588672
1328305372667449344
1328305383140700160
1328305416414097410
1328305458189381632
1328305474605895680
1328305506079928321
1328305565727158275
1328305636585697288
1328305735722274817
1328305851669639168
1328305889976127488
1328305956862763009
1328306108772061185
1328306229907779584
1328306358903578624
1328306364402241537
1328306410292211713
1328306439534817280
1328306561308106752
1328306669131067393
1328306719106232320
1328306737368215553
1328306764480204800
1328306785036488707
1328306812127498240
1328306823955243010
1328306825247162368
1328306857748860929
1328306862173908993
1328306894545489922
1328306905152884738
1328306907145187328
1328306945305047043
1328306995703803905
1328307049948733443
1328307156165259265
1328307312247889923
1328307427670970368
1328307501272592385
1328307510856609793
1328307583657123840
1328307598353965061
1328307602212720648
1328307629303734272
1328307961278578688
1328308192993046528
1328309413514530816
1328310317861007361
1328310490859233281
1328310827821174786
1328311050756894721
1328311356601274369
1328311643806294018
1328311931615268870
1328312214839824386
1328312274151464960
1328312644797861896
1328314308346982400
1328315442860093440
1328315479275020288
1328315677388771329
1328315694648352768
1328315799627554816
1328315888139952128
1328316112271003649
1328317301339398150
1328318267723812864
1328318554178015233
1328319091690573824
1328319360088350720
1328319828692783105
1328319830970294272
1328320003104530433
1328320132779798528
1328320784092307458
1328320873007357954
1328321559828815872
1328321832810917890
1328321907096231939
1328322427269517312
1328322698322337792
1328324385787301889
1328326014271938560
1328326101320523777
1328326457211428868
1328326991150518272
1328328764527349761
1328329544235970561
1328330330462416896
1328330568128487424
1328331835802312704
1328332020288806915
1328332606883115008
1328333205628481538
1328334052353511430
1328335147234684931
1328335603688202242
1328335625477623808
1328335687918161920
1328336866245025792
1328338242626785280
1328340652128673793
1328340829023457283
1328341087644250114
1328341860331491332
1328342078804385793
1328342091483795457
1328342255007100933
1328343410823081990
1328344242511622149
1328344487496716290
1328345148053483520
1328345751651569664
1328346129038184448
1328346877880885255
1328347204264849409
1328347626647982085
1328347677512306695
1328347869364031488
1328348498094411776
1328348708421906437
1328349167803052034
1328351780812562432
1328353924353568768
1328354639578710016
1328355820904591367
1328356497173180418
1328356726693834752
1328357155943174146
1328358041717272576
1328361399089844226
1328362618403295232
1328362962214551554
1328363672163540992
1328365023996104705
1328365206926450690
1328365296097300481
1328365510753443841
1328366292223598592
1328368546137706499
1328369067447771143
1328370974841049095
1328372146196844544
1328372568529784833
1328374858594611201
1328375389719306241
1328378037293998081
1328378650274697217
1328379885073608705
1328380876674240514
1328383265766563840
1328383454011142145
1328384653636595712
1328386244217344005
1328386628482699266
1328386839972024329
1328387141924237312
1328387699695357952
1328387862002274310
1328389560313720840
1328389629159104517
1328389965001216001
1328390278491877376
1328391146012282884
1328392690694836228
1328395877665435653
1328396541862801412
1328397025902292995
1328397943989276674
1328398267084922882
1328403883627057152
1328405057893756931
1328409320351010830
1328410531565350919
1328410535621177344
1328413183749591040
1328413363739750402
1328413492253167618
1328413789260275714
1328417854186811394
1328419987229437953
1328420451475972097
1328420608095432712
1328421090188800002
1328421949106696194
1328422616395296771
1328423359877689355
1328424893139062786
1328425755487956992
1328426149056274432
1328427844444303362
1328429267236118528
1328431000351870987
1328431017728872457
1328431737693671431
1328433156354154500
1328433734488616960
1328434733777362945
1328434926291726336
1328435067740442625
1328435217216974849
1328435903694516225
1328435930483527681
1328435979854770176
1328436402913210370
1328436620899610625
1328437292260859910
1328437686349213696
1328437912086728707
1328438809621655555
1328439062194171904
1328439840594071555
1328441334231863301
1328441371708043271
1328441755818225664
1328442331272515590
1328442349932974091
1328442468036079616
1328442520079110148
1328443062046089223
1328443077997039618
1328443080077438979
1328443180379848704
1328443303092756483
1328443433694998535
1328443977998028800
1328444845464096770
1328444998103289856
1328445082836537351
1328445729514328065
1328446351621959680
1328446494458871808
1328446921392926720
1328447226688004100
1328447689621721095
1328447721884307458
1328447850188058624
1328448025098903564
1328448303697195008
1328448981739966470
1328449296828600323
1328449792612118528
1328450338500866050
1328450378329960448
1328450691455709186
1328450772749717517
1328451045748580352
1328451073158373377
1328451475434049542
1328451527669780481
1328451531524370432
1328451616660463617
1328451759694606337
1328452090629398529
1328452132006146048
1328452138939408384
1328452785822691329
1328453565313060870
1328453639464161284
1328455255328235530
1328455320574832648
1328455441869889536
1328455684069974024
1328455872868192256
1328456079009869827
1328456333864079361
1328457190701666308
1328457567228493825
1328458217647726592
1328458979090046978
1328459418565038080
1328459746979024910
1328459996393320450
1328460149787340811
1328460335448199173
1328460449269116928
1328460843244269568
1328461363082039296
1328462483867234304
1328462638678945793
1328463088228642818
1328463129144078336
1328463368945020933
1328464655854006274
1328465040224235521
1328465888052453376
1328466762707456002
1328466984321880067
1328467414774853633
1328467949573705731
1328468931523334149
1328469271710740480
1328469382150967296
1328469466259263494
1328469498719039489
1328469504456880131
1328469522676854785
1328469613982720007
1328469720937488386
1328469981751894019
1328470031848665089
1328470278628909057
1328470341841281026
1328470354776481796
1328470401844998147
1328470401966514176
1328470402071347200
1328470601191845888
1328470648235175937
1328470713259466756
1328471072820391936
1328471250004549632
1328471865149583361
1328471962834915329
1328472148181200897
1328472252724211712
1328472514742378496
1328472639661363201
1328472722352054277
1328472744279859201
1328472782997426177
1328472873632227329
1328472874768871427
1328472920557977601
1328472922659430400
1328472937234649089
1328473046185816065
1328473178516185088
1328473204768256001
1328473207020658693
1328473351912906753
1328473380136382464
1328473490731773953
1328473613440327682
1328474009231560705
1328474177309868032
1328474223929679880
1328474450434678786
1328474677723979777
1328474948600520705
1328475235356733441
1328475434955268097
1328475551884042240
1328475616295968771
1328475726786555904
1328476258401968133
1328476453420339201
1328476501940051968
1328476507895963648
1328476514900471810
1328476693481152513
1328476739627065352
1328476783046324224
1328476799177723906
1328477113310212096
1328477154385031168
1328477318248095750
1328477457368961027
1328477502608695298
1328477503716024320
1328477645332492288
1328477815583494145
1328477943128002560
1328477951755579393
1328478059842863104
1328478262012633095
1328478271688896514
1328478313107632128
1328478327133380614
1328478328639135744
1328478355029700608
1328478359656034305
1328478450261307394
1328478455046885376
1328478550740099075
1328478566099595264
1328478595677900802
1328478614443200513
1328478647620132865
1328478710610202626
1328478717119660032
1328478724308668416
1328478725617324034
1328478727626321922
1328478728058507268
1328478728582664193
1328478730520457217
1328478732642750466
1328478735927046150
1328478752112783360
1328478784014733315
1328478788158693385
1328478808198922241
1328478819590746115
1328478832811237376
1328478840021078016
1328478841984012288
1328478843028467712
1328478844068589568
1328478845033353222
1328478845977063424
1328478848715956224
1328478851031240706
1328478851987501056
1328478877757419526
1328478880416542720
1328478932379852800
1328478964101357568
1328479008355463171
1328479062394892290
1328479098352578560
1328479100835688448
1328479101552824325
1328479108922298370
1328479151515381761
1328479153700663296
1328479188580524032
1328479200534257664
1328479326216531969
1328479338749161474
1328479368293834753
1328479372463005696
1328479389550567424
1328479469984751617
1328479477312221186
1328479485281374213
1328479500120825857
1328479599433371649
1328479627527024641
1328479630806966272
1328479633331920896
1328479633772339200
1328479659462430722
1328479664319455233
1328479689799835649
1328479701350965252
1328479723442364416
1328479791109074947
1328479857542635521
1328479894465032193
1328479919274332162
1328479959967535105
1328479960831586310
1328479975448645633
1328479982260248577
1328479984768475136
1328479989927391239
1328480011402289152
1328480015084871688
1328480058470785026
1328480090519441410
1328480159423467521
1328480180386426880
1328480260002877441
1328480267875586058
1328480272162189313
1328480344002224130
1328480350218162176
1328480390823206912
1328480407847915526
1328480453830057986
1328480466169683979
1328480530908778499
