1310006237573062656
1310006238625722368
1310006244178948096
1310006271295262725
1310006274407489541
1310006275036581889
1310006281718108161
1310006290152853504
1310006322390278146
1310006373543849984
1310006388320612352
1310006448030732290
1310006482050703362
1310006497556955136
1310006509967998977
1310006537293828096
1310006539462340609
1310006565127294976
1310006613705711617
1310006668110028803
1310006700485869568
1310006732945588224
1310006850264485888
1310006949728137218
1310006959802920962
1310007051221905410
1310007071740485634
1310007075536338945
1310007087867592706
1310007104862814208
1310007119307997184
1310007143156908032
1310007181484253184
1310007258500206594
1310007267866050562
1310007290792210432
1310007303165358081
1310007313860898816
1310007333423022080
1310007439710920704
1310007446404915200
1310007475844919296
1310007498984878081
1310007513937477632
1310007577883947011
1310007620753911810
1310007636767670272
1310007655403053056
1310007698910576645
1310007703046180864
1310007724164493312
1310007730149756928
1310007757043576832
1310007854028464137
1310007882184830976
1310007890363789313
1310007962535108609
1310008046509318144
1310008166030233604
1310008208023605248
1310008219251732480
1310008234590326785
1310008282908626946
1310008294468210688
1310008350155956225
1310008383341289472
1310008384897404928
1310008385551638535
1310008389544677377
1310008390719090689
1310008413309595649
1310008437691101184
1310008469886558208
1310008470335303683
1310008477947961344
1310008497036316672
1310008544096391169
1310008577948618757
1310008716272578560
1310008753228480512
1310008765207515136
1310008783524036610
1310008810027745281
1310008827039944706
1310008837802467328
1310008864700592130
1310008879217078273
1310008889300185097
1310008891112120320
1310008913790672898
1310008920400945154
1310009017440309248
1310009058389372928
1310009074591903749
1310009084448563206
1310009108909694976
1310009113905168384
1310009132171366401
1310009230993297409
1310009235246325760
1310009462032412673
1310009480541810689
1310009487588315139
1310009522229051393
1310009593066598400
1310009603002949632
1310009622770659328
1310009662427795464
1310009700163956737
1310009731013062656
1310009732338458624
1310009750650851328
1310009820385292288
1310009840597598216
1310009861141344256
1310009905382854656
1310009919584772096
1310009920838873089
1310009946864484352
1310009950731743232
1310010011666571270
1310010019723837440
1310010037205696512
1310010147083825153
1310010150183464960
1310010165391958017
1310010233473953792
1310010235143192576
1310010347584196610
1310010378634645504
1310010442874589187
1310010477410426880
1310010480061276161
1310010494737174528
1310010522193080321
1310010591046762496
1310010612429320197
1310010616556511232
1310010624215265280
1310010624571854848
1310010634017353734
1310010640359215104
1310010647057489921
1310010679332610049
1310010702686556162
1310010719971278848
1310010723028795393
1310010800648712192
1310010813852327937
1310010856604864512
1310010867837284352
1310010882588581888
1310010915241299973
1310010973001060352
1310010991791558656
1310011038163755009
1310011076881387520
1310011142513856518
1310011240140472323
1310011254686261253
1310011280435146758
1310011286248476674
1310011286642724864
1310011298344730632
1310011349595025408
1310011372483338240
1310011379726737422
1310011462874812417
1310011476539826176
1310011511520272384
1310011547993939968
1310011592394846208
1310011608949809153
1310011673999179777
1310011751950422019
1310011756069228544
1310011778575880193
1310011787258073089
1310011805541031936
1310011821181591557
1310011825782693888
1310011861547524096
1310011893365567489
1310011909702324224
1310011915314376704
1310011924340527105
1310012025939132420
1310012031026823168
1310012048596754432
1310012194176806913
1310012304235343873
1310012314247192576
1310012323038363650
1310012328520413184
1310012379703451648
1310012380722720768
1310012409097183232
1310012413274710016
1310012500092620812
1310012542694100992
1310012551347007488
1310012553360216069
1310012589129240579
1310012593516539904
1310012648260501504
1310012663682998272
1310012680053420033
1310012686860718082
1310012722634018816
1310012741902630912
1310012784017584128
1310012855870160896
1310012895984578560
1310012897205121024
1310012994739490821
1310013024875483142
1310013053702987776
1310013063198904322
1310013074892623873
1310013165883842560
1310013227070304261
1310013259769151493
1310013282674257921
1310013295043121152
1310013325930094595
1310013367923421185
1310013388592943104
1310013396331507712
1310013459199909888
1310013533485256709
1310013606256406528
1310013632797970433
1310013637332021248
1310013676968120320
1310013711189504000
1310013787244765184
1310013791216775169
1310013823311646725
1310013865867071488
1310013875228758019
1310013911228452864
1310014212148801537
1310014635295285250
1310015548000886784
1310015932207685632
1310016015548526596
1310016197879042048
1310016754601598978
1310017761809178625
1310018642961141760
1310018764134637573
1310020348184846337
1310020368049082374
1310021340007673856
1310021350245924866
1310021670841745408
1310021751938613254
1310021839272521728
1310023576439992321
1310023641707544578
1310024851281842176
1310025064922963969
1310025293332189185
1310026369284276224
1310026616089841665
1310027021871874048
1310027270648717313
1310027728737972225
1310028300039983104
1310028490150948865
1310028613773938692
1310029831929827329
1310029908115161090
1310030114583908352
1310030563617763328
1310030698829484032
1310031402579169281
1310031922064752640
1310032751014313984
1310033146327502855
1310034713717997574
1310035177310019586
1310035596471988226
1310036185037840385
1310036436859588609
1310036437291720704
1310036437451014145
1310039527961047040
1310040581637365761
1310041042322849792
1310041433181650944
1310041468921196545
1310043522536538113
1310043545299021824
1310043985390469121
1310043986308919298
1310045845501419521
1310046442598395905
1310046527952388096
1310047760381607936
1310048288343818241
1310049018496643073
1310049093566201857
1310049162038214656
1310049578058690561
1310050470770114561
1310050608943173632
1310051543664570368
1310052275147210752
1310052292138356736
1310052662193393670
1310053365376745475
1310053834748760064
1310053915778527236
1310054210864545795
1310054743801319425
1310054871970836483
1310054905357520897
1310055533890551809
1310056198931185664
1310056364727840768
1310056537478623233
1310057382005870593
1310057957279883264
1310058056567476226
1310058074674212864
1310058136250834945
1310058425053839360
1310058517781508096
1310058894098657280
1310059085707071488
1310059266980679685
1310059597802209280
1310059615363772417
1310059911456468992
1310059971657248770
1310060505218920450
1310060710567841795
1310060864087695360
1310060976004378624
1310061200617738246
1310062116007747584
1310063093469376512
1310063781876305921
1310064135720312832
1310064543192809472
1310064873942986752
1310065201572610048
1310065732374462466
1310066380323119115
1310066398278934528
1310066418856210432
1310066589212049408
1310066634594242561
1310066635584069633
1310066636150517762
1310067189102325766
1310067599066177536
1310068013861867554
1310068038075641858
1310069167316504577
1310069903421050880
1310070365696258048
1310070926231449601
1310072823818457088
1310073857609523200
1310073867378012160
1310074184324861959
1310074185285283840
1310074185457086464
1310074226821529600
1310074360770826248
1310075024175489024
1310075432587472902
1310075497326489600
1310075542759243778
1310075866089754625
1310075991138742272
1310076125691994112
1310076222223908864
1310076308135829504
1310076477782790145
1310076535446081536
1310077471795089408
1310077634622173186
1310077959341060098
1310078267601416192
1310078569100476418
1310078651015274496
1310079649540698112
1310079779908071424
1310079967510892549
1310080826256896001
1310081528735637505
1310081734051065856
1310081736131244034
1310081753479090176
1310081842104725504
1310082260490743808
1310082408868347904
1310082530587160576
1310082712540246016
1310082740981657600
1310083198160965632
1310083387760218112
1310083715809325057
1310083749028212737
1310083881597571077
1310083937746771973
1310084106148028417
1310084889073659905
1310085330356363265
1310085508995850245
1310085509008568323
1310085987989676038
1310086736572223488
1310086747892707333
1310086880738922497
1310087165670576128
1310087563483512832
1310087615513845760
1310087839657451520
1310088025527980032
1310088547928596480
1310089283764584449
1310089284565626880
1310089520432533504
1310089731179450373
1310089751479889920
1310089965934702596
1310090038961725441
1310090232491061250
1310090268390100992
1310090627518996481
1310090698461454337
1310090716186636288
1310090748172394496
1310090836672155649
1310090989328044032
1310091143888220160
1310091449082544129
1310091708974206976
1310092131147677697
1310092449197576197
1310092817621028864
1310092831814549506
1310093058671747073
1310093058684444673
1310093209872326658
1310093558322429952
1310094175220772867
1310094711709986816
1310095642056892416
1310095747258429440
1310095798043119616
1310095912547516416
1310095942075518976
1310096065056641040
1310096380132757505
1310096445962362880
1310096556717203457
1310096585897005063
1310096833486753793
1310096834157780993
1310096834203803648
1310096834447069187
1310096835902545922
1310096845096587266
1310096856668680193
1310096900469776385
1310097318436319237
1310097515119890433
1310097568890839040
1310098117761658881
1310098171628908546
1310098216533327872
1310098244446322693
1310098282811731970
1310098343570411521
1310098813458288640
1310098898900353024
1310099006069104640
1310099043088044039
1310099098507374592
1310099133584244740
1310099162462027777
1310099244817281025
1310099578750935040
1310099633067130889
1310099787451117571
1310100142100484102
1310100406333255681
1310100468673253377
1310100499904040961
1310100644204773382
1310100656573894657
1310100801268994049
1310101240781697025
1310101326316163074
1310101455144132612
1310101488568545280
1310101513898012673
1310101866924007424
1310101892610035716
1310101955398627328
1310102152111689733
1310102155416735744
1310102312988356608
1310102681671864321
1310102703620661248
1310102801104752640
1310102930381582336
1310103022152843264
1310103352227909634
1310103389108350976
1310103533685964800
1310104027418460160
1310104066354294785
1310104093294174208
1310104113712160768
1310104149393104896
1310104157051858944
1310104245660717056
1310104282134450176
1310104384508841985
1310104396601217024
1310105144609189889
1310105178058756096
1310105252222427136
1310105265476448256
1310105355444269056
1310105390084841472
1310105475720138753
1310105762379837440
1310105884778008577
1310105917069889545
1310106138613080065
1310106519162294272
1310106642239946753
1310106712968491008
1310106757495128064
1310106769717370880
1310106803485712384
1310106990249742337
1310107220764495873
1310107467750297601
1310107539657428992
1310107577653571590
1310107609702313984
1310107777512157185
1310107832059125761
1310107877433118720
1310107906604326913
1310107921888542720
1310107964863373312
1310108158321242112
1310108158342225921
1310108217075281922
1310108219285671941
1310108275891990528
1310108440614842370
1310108474601242624
1310108529869680648
1310108573641437185
1310108735692562445
1310108879053783040
1310108998369259520
1310109043847987201
1310109070473519104
1310109129571209216
1310109139788533760
1310109346534223873
1310109351168872450
1310109616798343169
1310109626885713920
1310109645449703424
1310109671110463488
1310109706325811200
1310109788466970624
1310109791281451009
1310109923347492866
1310110285286514688
1310110458943287296
1310110539092238336
1310110722827923457
1310110848556371968
1310110862871605249
1310110886032441344
1310111150651117568
1310111362673147905
1310111366494248960
1310111622627758080
1310111908083752960
1310111933081686016
1310111934319079425
1310111934398623747
1310111935342485505
1310111936281944064
1310112003747442688
1310112198631600133
1310112254877200384
1310112279732645891
1310112563066286080
1310112673292521474
1310112797699776513
1310112871767060484
1310112898136633344
1310113138679918593
1310113149954281479
1310113285019258880
1310113290786418691
1310113391319683072
1310113681041219585
1310113686728704000
1310113831868342273
1310113864126730240
1310113865561190400
1310113923866284033
1310114453950791680
1310114462590996480
1310114701280505858
1310114761733013504
1310115003907833862
1310115063420858368
1310115273807200257
1310115293629485062
1310115293830807553
1310115456372453377
1310115613998809088
1310115708014075904
1310115708118786049
1310115780944629760
1310115835017601025
1310115909785341952
1310116060906115074
1310116076554989568
1310116208826617856
1310116393757573120
1310116448623263744
1310116524963893248
1310116592743841792
1310116721483829252
1310116890837217473
1310116903801827329
1310116944809529344
1310116950853455872
1310116984680411136
1310117046932451329
1310117250515513346
1310117437791252486
1310117468027977728
1310117530950930432
1310117583480328192
1310117604732923904
1310117619090022400
1310117630943072256
1310117772622430209
1310117910673854465
1310118033986326528
1310118145068339200
1310118224508448769
1310118224705413120
1310118224705581056
1310118234104967171
1310118316460191744
1310118349884530688
1310118728059813888
1310118755805134849
1310119084571406340
1310119193728122880
1310119242361196544
1310119323198009344
1310119454978834432
1310119482820423686
1310119482828951552
1310119483206332416
1310119500587708418
1310119583341309953
1310119801247891456
1310119907145723904
1310120072460017666
1310120205125902336
1310120322746716160
1310120544797425664
1310120577898868738
1310120587885514753
1310120678365028353
1310120846766288896
1310120897202860032
1310121133904211968
1310121200383856642
1310121357619998720
1310121378167783424
1310121503359414275
1310121559588208640
1310121587501346818
1310121711501807619
1310121908319522816
1310121999369416713
1310121999436451840
1310122223399829504
1310122236796432384
1310122239476498433
1310122283701358593
1310122436663431168
1310122492485406720
1310122584336367616
1310122700296327169
1310122744378462208
1310122752318353409
1310123032774684672
1310123084121354241
1310123106686496773
1310123257694244864
1310123596585603072
1310123652852088832
1310123761027424256
1310123771597131776
1310124096580194304
1310124228583268353
1310124327367565313
1310124349517697024
1310124471152508933
1310124516534673409
1310124597937934337
1310124994744250368
1310125205335863296
1310125385468784640
1310125395786846208
1310125452103757825
1310125459498246144
1310125505597800448
1310125625919770624
1310125643368206336
1310125699563499520
1310125778689052673
1310125914060136450
1310126076824297472
1310126089830834176
1310126143983562753
1310126238976049153
1310126289559326723
1310126387471282177
1310126499274657792
1310126730234007562
1310126772676186112
1310126822219276288
1310126906235326464
1310126960010571777
1310127018718224384
1310127032605392896
1310127033687523329
1310127034094419968
1310127034127900674
1310127034291478529
1310127035608707074
1310127036443193345
1310127068210921473
1310127152516542464
1310127198381240321
1310127287736696832
1310127369676521472
1310127435221020677
1310127587331584001
1310127670836031488
1310127767124684800
1310128065763213313
1310128204154318849
1310128248257421312
1310128291068612610
1310128447939723264
1310128549735665664
1310128742598148096
1310128763502563328
1310128862500659201
1310128936970526721
1310129291255001093
1310129389133352961
1310129390483918848
1310129391331160065
1310129441239072775
1310129465893302272
1310129549150236672
1310129683250507777
1310129950750642176
1310130114752065536
1310130121735581701
1310130164907548673
1310130348228063233
1310130398031228928
1310130407330009090
1310130491845206016
1310130573739003905
1310130817109295104
1310130832099639296
1310130842384113665
1310130870200696840
1310131112602218496
1310131524335960071
1310131755500871680
1310131843614814208
1310131925760253952
1310131942713708544
1310132025274388480
1310132065883492352
1310132073903124480
1310132327503163392
1310132364115357697
1310132607020077056
1310132720115351553
1310132766709813249
1310132884653649920
1310132898255851522
1310133034755207168
1310133112014360576
1310133268013101056
1310133541146169349
1310133748919304193
1310133753012944896
1310133823422648321
1310133864300515329
1310134029056868353
1310134063634804738
1310134093036892160
1310134119041576960
1310134192932630529
1310134324302352384
1310134360365031424
1310134370229989377
1310134374050992128
1310134422394613768
1310134455445659648
1310134510969856001
1310134582700912641
1310134583334141952
1310134628024545280
1310134640842289153
1310134700003004416
1310134756961648640
1310134918987612161
1310135180393316352
1310135303110303744
1310135337574756358
1310135342964649984
1310135417384165379
1310135631130042368
1310135793323737088
1310135823627628546
1310135832976723973
1310135906930692096
1310136292110413824
1310136385739857921
1310136567936278536
1310136834433912832
1310136891602358275
1310136967347269633
1310137069763731456
1310137098888859650
1310137099018936321
1310137439005085696
1310137470172966912
1310137517967118338
1310137571415068672
1310137636380725249
1310137638737846279
1310137684531306496
1310137743792631808
1310137887724314624
1310137927138193408
1310137996574896128
1310138116691369985
1310138169095081984
1310138346295955456
1310138504513556480
1310138534909612034
1310138547995914240
1310138686965788672
1310138694238646272
1310138780645576704
1310138784336486402
1310138984778158081
1310139000917757959
1310139050368675840
1310139213929684993
1310139365411237888
1310139383899717632
1310139395492716545
1310139438463365120
1310139439788765184
1310139442238291973
1310139455920103424
1310139510525747205
1310139546022088705
1310139615521669122
1310139615580364800
1310139673130536961
1310139683721097216
1310139692231331841
1310139791841910785
1310139895915122690
1310140033978990593
1310140132931108864
1310140140568883205
1310140157979435008
1310140171095072769
1310140217421172736
1310140218859806721
1310140269061382145
1310140285108789248
1310140315408502789
1310140358593056768
1310140509390856192
1310140524477788167
1310140533168320513
1310140553485586432
1310140565409890305
1310140654501195777
1310140688764469248
1310140716211937281
1310140930222166016
1310140945053122561
1310140951038496768
1310140951327842306
1310140990381006848
1310141004289372161
1310141015924371458
1310141055254237186
1310141128050716674
1310141203451719687
1310141207411142656
1310141233835184128
1310141240223170560
1310141268102709248
1310141314391052289
1310141345923837953
1310141396301631488
1310141487942963201
1310141501771522048
1310141512857128960
1310141539394482177
1310141549536333825
1310141581870104576
1310141586248994816
1310141613600124928
1310141614556409856
1310141621418196992
1310141644990275587
1310141683678564352
1310141685737938946
1310141690330652680
1310141699163906048
1310141760606269440
1310141783171571712
1310141796257796096
1310141798027845633
1310141798325669888
1310141829191544832
1310141852948066305
1310141881121214465
1310141921612963840
1310141926876884993
1310141945398931456
1310141959969869825
1310141966819131392
1310142076852600832
1310142078110887936
1310142132091576320
1310142132271878145
1310142133752471553
1310142138160644098
1310142150093484034
1310142153537060865
1310142155403517953
1310142171790618624
1310142173741043712
1310142183777894400
1310142244633051137
1310142264560234496
1310142270092570625
1310142274194599938
1310142331023175681
1310142417534935042
1310142531062112256
1310142599831916544
1310142683692793856
1310142719533223937
1310142807856877568
1310142848851902464
1310142940669448193
1310142955005464576
1310142995983986688
1310143066360016897
1310143291564920837
1310143438411706368
1310143470665977858
1310143477305536512
1310143509568126976
1310143534645891072
1310143642460393473
1310143653483081729
1310143689004646400
1310143738119847942
1310143811000172546
1310143845041082368
1310143886271090688
1310144012200927232
1310144027690491904
1310144100121956353
1310144240832466946
1310144277532602369
1310144384323776512
1310144416926097408
1310144442611965952
1310144456939712513
1310144523222253568
1310144543321448448
1310144545535991809
1310144588087283715
1310144600682758144
1310144617174757376
1310144627119357952
1310144629506027520
1310144682064658433
1310144703485149184
1310144721604534277
1310144738461450240
1310144782572892160
1310144840320061440
1310144847580409857
1310144862608674816
1310144889783488513
1310144924139106305
1310144952488415232
1310144991684157440
1310145002367062021
1310145046994391051
1310145056184000525
1310145152091123716
1310145152460222464
1310145263818936320
1310145340159520769
1310145346581004290
1310145384497414146
1310145579708829696
1310145593579315200
1310145700487929856
1310145712613740545
1310145789902163968
1310145793312149504
1310145796793421825
1310145854834184194
1310145872655716352
1310145889466494981
1310145906692501505
1310145915462844419
1310146014611898369
1310146062607319041
1310146076675108870
1310146095427747841
1310146118685163520
1310146156564013061
1310146158183026688
1310146217171714050
1310146219524730881
1310146235685392385
1310146273551486976
1310146289280090112
1310146299300372482
1310146365499080706
1310146442313506816
1310146450781884417
1310146460332240897
1310146486060056577
1310146551046721537
1310146589105811456
1310146704432300032
1310146818899169280
1310146970259017729
1310146987061370881
1310146996137791488
1310147042560413697
1310147046192496640
1310147059018858498
1310147104879280128
1310147120620548097
1310147165453385730
1310147343103209472
1310147345703723009
1310147361394565120
1310147405334171649
1310147422698582016
1310147447201685504
1310147464343805952
1310147480999337984
1310147544555630592
1310147562410848257
1310147616307662849
1310147639065948161
1310147658124853248
1310147678504771585
1310147687581245440
1310147744749826049
1310147746276487168
1310147847132766209
1310147901864267776
1310147910189883392
1310147935351590915
1310147936446287872
1310147990007484422
1310148036946022407
1310148063298813952
1310148076334723072
1310148090238820352
1310148127006093317
1310148163223932928
1310148168521314304
1310148178914824192
1310148199441727489
1310148222820716544
1310148259780984833
1310148260120666115
1310148347043500032
1310148362629509121
1310148494385188865
1310148497224552448
1310148498906583040
1310148531999649794
1310148546927235073
1310148611448201222
1310148632927240198
1310148670915072003
1310148733296939014
1310148891787100160
1310148904936239104
1310149001132548097
1310149032338173955
1310149063518621696
1310149066035277824
1310149070460157954
1310149081449353216
1310149082254635008
1310149111669284864
1310149130728206337
1310149203482402821
1310149397716627456
1310149421422739456
1310149422970556416
1310149527236685825
1310149563639099392
1310149612167147521
1310149696351019008
1310149705503059969
1310149772737642496
1310149808498319360
1310149809991553026
1310149895538520064
1310149896360656897
1310149903746764801
1310149917348945921
1310149941470396416
1310149944980971520
1310149981836324864
1310150008566669312
1310150030641176583
1310150152343220225
1310150153094025216
1310150160224223232
1310150174677839872
1310150195070394368
1310150258702397440
1310150298040782848
1310150314369134598
1310150319599480832
1310150331934879746
1310150341464334337
1310150361035005955
1310150380714708992
1310150446288232448
1310150490718711809
1310150545261420544
1310150588282425345
1310150685229490178
1310150795376168963
1310150796001017856
1310150809301274624
1310150920781606913
1310150941262467077
1310150942130667526
1310150997470314496
1310151011789672452
1310151017284227073
1310151068752515072
1310151113019195392
1310151122808647680
1310151144359047168
1310151160544858112
1310151290123628545
1310151294456418308
1310151319437676544
1310151326681182208
1310151346641829890
1310151370666905600
1310151421548007431
1310151561881030658
1310151584760950784
1310151650909224960
1310151695092068352
1310151735374159873
1310151778638458880
1310151785546473472
1310151920162660352
1310151938823073792
1310152149565931520
1310152235599441920
1310152275118239746
1310152285750808576
1310152296202993665
1310152326347452416
1310152331028320256
1310152335763664897
1310152369007726592
1310152395746402306
1310152422371844096
1310152513530757120
1310152613921468416
1310152736017731584
1310152840304787456
1310152968080154624
1310152983318089728
1310153011549933573
1310153104021741568
1310153242559631361
1310153281851871233
1310153286616584193
1310153308020015104
1310153346246938626
1310153374298443776
1310153378551521280
1310153465348452352
1310153484222824448
1310153516229459968
1310153542284595200
1310153557459558401
1310153608449667074
1310153627001122816
1310153817644826624
1310153833239187456
1310153863345967104
1310153915686629376
1310154046964142085
1310154155265269762
1310154164153061376
1310154321644810240
1310154334408245248
1310154390830034946
1310154405883318272
1310154447876763648
1310154556479868931
1310154568542629889
1310154583327506432
1310154715015966721
1310154753746382848
1310154765955993600
1310154797018951680
1310154807810940928
1310154815608152064
1310154873216917504
1310154875750305792
1310154931563909120
1310154937150705665
1310154966275948544
1310155111377891330
1310155113726697472
1310155179464024064
1310155335005605888
1310155376994721792
1310155380677382144
1310155478190764032
1310155559178514433
1310155562127155203
1310155597229289472
1310155864934932480
1310155973282197505
1310156058300764165
1310156087908237313
1310156102496137216
1310156241126203392
1310156285426446336
1310156297019559938
1310156499495391232
1310156525466456064
1310156563034898432
1310156593871364096
1310156693117042690
1310156694962532359
1310156705595043840
1310156763535233024
1310156829763264513
1310156941910573058
1310156993710223361
1310157020847370241
1310157027151314944
1310157041760165889
1310157106176237568
1310157149935411200
1310157171460657153
1310157232185782273
1310157233737666560
1310157233909424128
1310157234844782594
1310157237592023041
1310157240729350144
1310157293284134912
1310157297600126978
1310157297893732354
1310157371298070528
1310157465380704258
1310157499144773632
1310157584557633536
1310157597979287552
1310157631487643653
1310157646796926976
1310157698831396865
1310157763486646285
1310157812538978304
1310157900770357248
1310157933884387331
1310157982483783681
1310157999529431041
1310158000196386816
1310158068534181895
1310158113299984384
1310158116303056897
1310158119432073217
1310158190613585921
1310158214839885824
1310158237212258310
1310158300332388352
1310158345848983553
1310158355952959490
1310158370977058817
1310158376354172928
1310158388039385090
1310158453940379648
1310158490309136384
1310158540254982147
1310158575856214016
1310158827698954240
1310158841779294210
1310158869650378753
1310158954018861056
1310159006305071107
1310159015859630081
1310159210588626944
1310159354608390144
1310159473672163328
1310159487983124482
1310159510569463808
1310159696347762688
1310159736160112640
1310159748281577472
1310159819370827776
1310159820734029825
1310160017773993984
1310160129011187712
1310160175249141761
1310160231264067586
1310160269805576193
1310160320569147393
1310160387984306182
1310160395928317952
1310160405008965633
1310160428685815813
1310160489570349057
1310160538802978816
1310160550702317569
1310160702947184640
1310160790452928512
1310160804289880065
1310160812854718465
1310160852599877632
1310160991162896386
1310161006409273345
1310161006639960065
1310161006673506305
1310161016051859456
1310161116245434370
1310161125078716422
1310161152417071104
1310161290514501633
1310161317723070465
1310161383032524807
1310161436954497025
1310161446173540354
1310161514284933122
1310161579854397441
1310161581171503105
1310161590294061057
1310161596040318982
1310161613832552448
1310161624402137088
1310161629686964230
1310161758762536960
1310161811115773953
1310161870788198400
1310161927079972865
1310161950274453505
1310162005169446913
1310162264733835265
1310162264775852032
1310162280210935808
1310162344010559488
1310162383038492672
1310162498235117568
1310162522884812802
1310162565608153088
1310162635229409280
1310162636558995462
1310162772886540293
1310162796156510208
1310162800526929920
1310162943556890625
1310162944920084481
1310162954697015298
1310163042517344257
1310163100679704577
1310163131390464000
1310163151103709185
1310163159647477761
1310163180354764800
1310163191217954818
1310163213372329985
1310163236042530818
1310163283798786050
1310163386752147456
1310163510614257664
1310163523171840000
1310163530730086400
1310163601999704064
1310163612787503105
1310163635390623747
1310163644668354568
1310163679703371784
1310163682052182017
1310164061880037377
1310164161595412482
1310164170990587904
1310164243090677760
1310164339941347328
1310164359423971330
1310164444794806273
1310164515120652288
1310164515699527680
1310164596842549249
1310164672251940864
1310164693546393600
1310164741130776577
1310164756121092096
1310164782092173312
1310164788601909248
1310164937986244610
1310164959972687872
1310165048044802049
1310165057993662464
1310165083532726272
1310165097503952897
1310165195654934530
1310165241020506115
1310165301502390272
1310165358159048705
1310165563973472257
1310165615542521857
1310165618948218880
1310165765945950209
1310165771557974017
1310165883097165825
1310165917050040326
1310166004387975168
1310166032930287616
1310166203130957824
1310166394789531648
1310166479443296256
1310166502155354114
1310166550792548352
1310166617297485825
1310166759731802113
1310166802878681090
1310166859317215232
1310167015534067712
1310167069405704197
1310167149239992321
1310167200158842880
1310167229191856128
1310167452706377730
1310167468023914499
1310167724014870528
1310167749549752320
1310167763374280705
1310167763974074370
1310167801194135552
1310167830055325697
1310167959806062597
1310168187758153728
1310168217948762117
1310168452091576320
1310168457963540483
1310168499248148480
1310168506298753027
1310168522560098305
1310168532211163137
1310168556596727809
1310168575416479746
1310168831734820865
1310168857382846464
1310168900588503040
1310169031526187008
1310169124388196352
1310169178343698433
1310169269695643648
1310169312368513024
1310169330282360832
1310169427191660544
1310169600584286209
1310169637808730113
1310169647845703681
1310169715143135232
1310169728271486976
1310169737016508418
1310169795606851584
1310169814711689217
1310169841177956352
1310169869808283650
1310169875025985536
1310169947306446849
1310169950968053760
1310169987143925761
1310170021969170432
1310170065799610369
1310170090621603841
1310170139510403074
1310170147580252160
1310170231457931264
1310170349607284738
1310170422126825472
1310170433455616007
1310170445866508288
1310170487859933185
1310170512467820544
1310170590511235072
1310170726624829442
1310170777644400642
1310170783797383168
1310170820048809985
1310170908779257857
1310170971983228929
1310171009031573511
1310171010998640643
1310171268432490496
1310171279375429632
1310171363349590016
1310171483436613632
1310171538042302464
1310171584544542720
1310171609538457600
1310171622293278727
1310171629088059392
1310171716753260547
1310171746893533189
1310171823523467264
1310171874404466688
1310171897502617600
1310171920084733952
1310171945464467459
1310172052951838720
1310172087450042369
1310172174804758533
1310172186515320834
1310172334704164864
1310172338261024768
1310172404199587846
1310172405277642755
1310172415255863303
1310172424646909954
1310172446163689472
1310172518867767297
1310172583078187008
1310172601168408576
1310172661658652673
1310172724271239175
1310172815908311040
1310172900629061633
1310172954500661248
1310172969621168134
1310172998796808192
1310173038755876865
1310173049342304257
1310173068598312966
1310173100525445120
1310173130346958849
1310173149611339783
1310173151825985537
1310173232109162496
1310173284290396166
1310173348870213632
1310173355702714368
1310173381313138689
1310173389668179968
1310173403060502528
1310173404348252160
1310173455103524864
1310173570681778176
1310173592211066881
1310173658476957697
1310173760641806336
1310173830447607809
1310173900534427649
1310173924135710720
1310173968104673280
1310174008080506880
1310174030813696000
1310174043614646278
1310174090452520962
1310174386922586113
1310174387379863552
1310174400663220224
1310174496821850113
1310174554426404864
1310174596600078337
1310174596730060800
1310174608092524550
1310174630309658624
1310174682117812224
1310174736442425346
1310174847683575808
1310174847922655232
1310174868307091456
1310174902285152259
1310174904126496768
1310174913618206720
1310175017716641794
1310175070086668288
1310175115141881856
1310175246310346752
1310175259958685696
1310175369308311553
1310175444407324674
1310175462421823489
1310175541027319808
1310175566453239808
1310175672585912320
1310175806891663360
1310175815376736256
1310175828811096064
1310175847815557120
1310175894875582465
1310175931500310528
1310176101445120001
1310176105991733250
1310176197511385088
1310176242554077185
1310176261277396992
1310176268407758850
1310176340910452741
1310176359302541312
1310176359717707776
1310176386494193665
1310176549719736321
1310176610486824961
1310176790602809344
1310176828418658307
1310176894134951938
1310176904108859395
1310176916180217857
1310177045037670400
1310177055401807873
1310177134850322433
1310177139178835968
1310177280317063168
1310177357114888192
1310177364383592448
1310177364404436994
1310177365088182272
1310177367621537799
1310177385925545986
1310177456951881735
1310177502858555392
1310177654373572608
1310177659721261065
1310177724695281664
1310177791388913665
1310177832086183941
1310178077603921921
1310178113985351698
1310178467229700096
1310178570833190912
1310178715847069696
1310178784738512896
1310178965932441600
1310179075311513600
1310179125953519616
1310179158765506561
1310179203183149070
1310179409635180553
1310179430694899713
1310179464781926401
1310179486214819847
1310179542473023489
1310179606528434181
1310179676325924864
1310179768449589257
1310179772299968513
1310179837336866817
1310179848460152834
1310179856685113351
1310179863848984576
1310179881364324353
1310179882220032000
1310179905032851456
1310179905305546758
1310179993981517827
1310180105633886209
1310180116782346240
1310180123962937345
1310180202362867712
1310180250702286857
1310180274081337345
1310180274957946880
1310180299410739202
1310180300702601216
1310180407061688334
1310180468978053125
1310180501664260096
1310180533209575424
1310180546560040960
1310180645671501826
1310180685941026817
1310180759433629700
1310180854036131841
1310180861682372608
1310180945933336578
1310180970625150977
1310181004322242561
1310181028296826881
1310181050845401088
1310181075587665922
1310181139210997760
1310181185327374337
1310181185797140481
1310181231817093120
1310181298896547856
1310181311106162690
1310181326205652993
1310181328852340737
1310181392215465984
1310181396183420928
1310181491020791810
1310181498549657600
1310181509752651779
1310181521039527938
1310181570314149891
1310181589851287552
1310181618708078592
1310181620310257664
1310181690187419648
1310181704003457024
1310181756889374725
1310181758437068801
1310181761180209159
1310181761230475264
1310181773435965441
1310181773788229632
1310181785192591360
1310181789005164547
1310181811117490177
1310181900863131650
1310181930806239237
1310181944412471296
1310181952016789506
1310181964402565123
1310181972216557568
1310182007108968450
1310182020128165888
1310182031159169025
1310182057117712386
1310182066663968768
1310182103884148737
1310182145827061761
1310182205352824835
1310182224172642305
1310182228933177344
1310182381576429568
1310182459787673601
1310182509230071808
1310182665161781248
1310182693540331534
1310182796502106112
1310182942862454784
1310183012898877440
1310183020259880962
1310183045127983104
1310183093647618058
1310183112853389312
1310183115759980546
1310183137322962946
1310183214816911360
1310183221800382464
1310183287592189952
1310183348355112961
1310183410191740930
1310183488432353282
1310183657433370624
1310183690362814466
1310183694464937993
1310183749259268110
1310183769798836225
1310183840934170625
1310183877189791744
1310183924413464576
1310183927005544448
1310183939299069954
1310183945699495936
1310184015425568770
1310184087840227328
1310184102033850368
1310184140189335552
1310184149215514625
1310184211735814145
1310184238487080961
1310184333135749124
1310184361417936899
1310184458688098304
1310184498227798016
1310184512798814208
1310184584659730434
1310184687411834880
1310184710879031297
1310184762695442432
1310184805884219393
1310184806463025154
1310184821805772802
1310184822241923072
1310184853959307266
1310184870539386883
1310184875622903809
1310184877342560265
1310184901011009536
1310184913904128002
1310184916026613761
1310184916047589381
1310184921466580992
1310184935605628928
1310184940185751553
1310184940517167108
1310185032288530432
1310185128669388802
1310185152660885505
1310185197229543425
1310185238501392389
1310185249280843778
1310185347272318976
1310185387319603200
1310185427052228608
1310185452784291840
1310185510137069569
1310185552361205760
1310185646795952128
1310185697228226570
1310185731831336960
1310185784851525637
1310185814844944385
1310185885435154435
1310185918477852683
1310185994763763712
1310186016788172800
1310186113273917440
1310186191497687040
1310186451473240072
1310186535774564352
1310186552555958273
1310186593983107072
1310186637331173378
1310186685825773568
1310186740028710921
1310186775822979072
1310186898158227460
1310186983113850883
1310186991473119234
1310186998938972164
1310187069285728256
1310187150261059584
1310187349821751297
1310187351650586625
1310187375109251074
1310187376342233088
1310187403861200897
1310187410052055040
1310187432680321026
1310187433091362818
1310187435146514434
1310187436253872135
1310187438241800192
1310187463168733185
1310187516759289856
1310187549088980992
1310187582622519296
1310187682593566722
1310187719079989250
1310187775749173251
1310187791423283201
1310187887200284673
1310187911078465536
1310187934226812930
1310187953092780033
1310188021334106113
1310188041223507969
1310188056461348866
1310188139114356742
1310188263928365061
1310188274263220232
1310188305150078977
1310188307804979200
1310188375123595264
1310188486406868993
1310188495953178624
1310188595383341057
1310188634914553859
1310188663423283207
1310188849155518469
1310188949160288256
1310189031460941824
1310189042265399296
1310189143654367233
1310189269215072256
1310189290664734722
1310189452262858753
1310189460995346432
1310189505945702400
1310189522265702401
1310189556944302081
1310189607858982913
1310189660036096001
1310189796938129415
1310189867800952834
1310189947287085056
1310189947354193921
1310190009903984640
1310190063930744833
1310190283838062592
1310190321653948416
1310190453216751618
1310190542572130310
1310190551245914113
1310190714425413633
1310190913621233667
1310190993178796033
1310191005472260098
1310191072547680257
1310191205834059776
1310191266504806400
1310191462995369984
1310191544209678336
1310191611813539840
1310191630935371789
1310191662245842951
1310191718378147842
1310191804759842819
1310191841699147777
1310191850196807687
1310191908145299456
1310191963614961664
1310191974855704577
1310192038420381697
1310192241969856513
1310192300744638470
1310192330935275520
1310192338644488192
1310192463768817666
1310192463865356297
1310192668123815936
1310192715598970886
1310192765721026560
1310192829583499264
1310192842376183811
1310192950832435200
1310192981601902598
1310193095024279552
1310193351535267840
1310193416895172610
1310193473342103552
1310193490207408130
1310193560583639046
1310193711284977664
1310193714959183872
1310193717119266817
1310193796567760896
1310194041338945536
1310194078361976835
1310194122167406593
1310194193088872448
1310194256129273856
1310194422248808450
1310194486274863106
1310194496597110784
1310194585755410432
1310194667309461504
1310194693406425089
1310194714151452674
1310194726415593472
1310194770510217217
1310194775832879104
1310194980334567425
1310194981559300096
1310194981873815552
1310195066372227072
1310195138921205760
1310195213189742594
1310195312984817665
1310195334086299649
1310195529503199233
1310195668062031873
1310195681156567040
1310195786827862021
1310195792653754369
1310195879073193984
1310195971805122561
1310195987131047936
1310196091653107712
1310196103023915009
1310196119222341634
1310196332091641856
1310196716264660992
1310196808455421958
1310196851979804674
1310197154040942599
1310197212736098304
1310197412242259969
1310197768649093120
1310198132576313348
1310198573338894337
1310198958598295554
1310199468357283840
1310201621809332227
1310202212874883073
1310202678027399168
1310203032345473024
1310203948184334338
1310204320613310465
1310204481091571712
1310205402416664576
1310206474249998339
1310208182879432705
1310210233097220098
1310210236930830336
1310212615734521857
1310213244133441538
1310214268571332608
1310214438465699841
1310214616190984193
1310215587474354181
1310216401957924864
1310217290982490112
1310217593672945664
1310217737365487617
1310218841918713856
1310219138598670336
1310219617919475713
1310221431373004800
1310221562520522752
1310228514210295809
1310229443449892865
1310230195216044032
1310230478612557824
1310230724210028545
1310231264348311554
1310231859897528320
1310232556084826112
1310232840768978947
1310234358222127106
1310235078157574145
1310235598800773121
1310236544171757569
1310236598500458501
1310239547566034944
1310243997533843456
1310247834634072064
1310250871373135873
1310252537790988288
1310254749778939904
1310257152825741320
1310258156250038272
1310260831263895557
1310262618075140096
1310263179998408705
1310264026040078342
1310265760330256389
1310266501325299715
1310267189224787968
1310268112965640192
1310270695901925376
1310271950749667328
1310274352982757376
1310277947903946753
1310279959672389634
1310280847598252033
1310281328009637888
1310281514106617856
1310282157106003968
1310282609914793988
1310284020358492161
1310284101384052737
1310284290660487169
1310284562291929090
1310285181132169222
1310285577435009024
1310285578697465856
1310285626328186880
1310286014531993600
1310286088666308608
1310286609548443649
1310287828052578305
1310288226394025984
1310288459156910080
1310288606569869313
1310289747751964673
1310289766819266568
1310290373185605633
1310290572486365191
1310290847406206978
1310291662254542848
1310292161548746753
1310292325424340994
1310292510418370560
1310292724462092291
1310293181922238467
1310294022615756801
1310294385851084801
1310295150120390659
1310295210241527809
1310297585941450753
1310297694653616133
1310298160473014272
1310298282824957952
1310298595200040962
1310298839602135041
1310300546813886464
1310300677273509890
1310301648632381441
1310301652092682245
1310301899892105216
1310302057895690240
1310302266902093825
1310302339111301121
1310302482971725824
1310305763202682880
1310306482525798401
1310307077894672386
1310307131145564162
1310308226794049536
1310308419631489026
1310308753795883016
1310309654371672066
1310309683853512707
1310310735289790466
1310313900529922049
1310316161674903552
1310316717013336067
1310317898573975553
1310318001883734017
1310318098554249220
1310323434417778690
1310323613271240704
1310323691457310722
1310323904926355456
1310325592907186180
1310325842610778112
1310327029523525639
1310327487591788544
1310327760703938568
1310328051377504256
1310328629176352768
1310329507652538368
1310330887075229698
1310331158685798406
1310332483016314881
1310335730716151808
1310335908919431169
1310337256138436613
1310337267869921280
1310337957270872065
1310338150422716417
1310339216908455936
1310339877079314434
1310339929650626560
1310340616912502791
1310340869288009730
1310341649223110656
1310341733172084737
1310341864671907840
1310342464105074690
1310342644279709697
1310343112540262402
1310343206786207744
1310343293943918595
1310343546189348864
1310343614946594816
1310343652489736192
1310343749197852673
1310343749499838466
1310344101343236096
1310344366100283393
1310344518831616000
1310344545956253698
1310344550813257728
1310344649031266304
1310344706409234433
1310344763883708418
1310344899867402248
1310345192210337793
1310345502160953344
1310345690317500416
1310345815454515201
1310345997860704256
1310346021667438595
1310346284042248193
1310346655305281537
1310346918787272704
1310347107912515591
1310347120839462913
1310347233703813125
1310347375509200896
1310347427640160259
1310347544866762756
1310347608678903809
1310347648378036226
1310347958320353281
1310348096782700545
1310348491873333248
1310348565336797195
1310348783234973701
1310348804777009158
1310348865036574720
1310349517963829250
1310349972966178818
1310350074569019393
1310350168127135746
1310350412617220097
1310350436537430017
1310350479038308357
1310350594901782528
1310351251763277824
1310351253545811968
1310351494160547846
1310351799749091329
1310351855067844608
1310351932763058177
1310351974609686529
1310352038430113793
1310352652979576833
1310352730075131910
1310352970182258688
1310353355647184898
1310353527072534531
1310353527777169415
1310353529584975872
1310353556743036929
1310353733205852161
1310353734501888000
1310353743456751617
1310353763744526336
1310354862832574465
1310355083843043328
1310355153577545731
1310355213782523911
1310355258258980865
1310355308301217793
1310355396251594752
1310355486282219521
1310355613403287552
1310356759563898884
1310357132991225857
1310357472163569665
1310357898573344768
1310357914394275841
1310357920484339713
1310357991661744129
1310357993922461696
1310358030748393472
1310358047206891520
1310358055771668480
1310358075820462082
1310358126009479168
1310358164311814144
1310358256381026304
1310358296256278531
1310358296692428808
1310358353055539201
1310358370227040257
1310358372076711939
1310358405253681152
1310358414770528256
1310358528008298497
1310358541937577986
1310358564289081344
1310358610707349507
1310358671721934850
1310358794438873091
1310358831155818496
1310358867151380480
1310358883257528327
1310358904916922369
1310358951503028225
1310358981613944833
1310359004133101568
1310359031677059073
1310359033895956480
1310359055727316992
1310359070671593472
1310359104108605444
1310359118100729857
1310359127860719616
1310359162799431680
1310359162816258048
1310359202775404547
1310359206554488838
1310359240905838592
1310359260719648768
1310359271939375106
1310359276368678913
1310359323344764929
1310359352298090497
1310359379741274113
1310359392236208129
1310359478596968448
1310359498591105025
1310359523106979854
1310359578618605570
1310359587548258304
1310359607307636737
1310359642317434880
1310359763147001856
1310359764367441924
1310359851109933058
1310359857976016899
1310359906931953664
1310359949122449408
1310359960769921025
1310359961021681665
1310360068873953281
1310360135643156480
1310360159953317888
1310360182640254978
1310360193612615681
1310360212541505536
1310360325980647430
1310360343043080193
1310360352530587652
1310360393299251201
1310360581673758720
1310360583619907586
1310360586631499777
1310360599243755520
1310360600803934208
1310360687101849601
1310360841859084288
1310360849421422594
1310360850184708096
1310360912096829440
1310360913887846400
1310360918186962951
1310360919680208896
1310360932942516224
1310360946477592577
1310360947219935232
1310360971194621952
1310360972285149185
1310361008465227777
1310361067328024578
1310361073057435648
1310361074848247808
