1311455788200845314
1311455791430459393
1311455794018185216
1311455795343695874
1311455799546441728
1311455850066776064
1311455875975065602
1311455894711013381
1311455916697554944
1311455921915088896
1311455931495055360
1311455950017122305
1311455964550266881
1311455981646348288
1311456012558368770
1311456044229554178
1311456174512967681
1311456190635937793
1311456275612475392
1311456304880328704
1311456313927438339
1311456334181793798
1311456360589144064
1311456431254757378
1311456454512177153
1311456456311541761
1311456457867624450
1311456491438837761
1311456502721449985
1311456614898167811
1311456626092781583
1311456656526585857
1311456670707523586
1311456762252472321
1311456766597705728
1311456815838887936
1311456824122634241
1311456838957793280
1311456856196493314
1311456869198827522
1311456877155430400
1311456913889124352
1311456996986695680
1311457046806618112
1311457050053017601
1311457054238924801
1311457190557908992
1311457237240614914
1311457400529002504
1311457487330181120
1311457505239871488
1311457521182408711
1311457567999242257
1311457569840529409
1311457589343944704
1311457598277857283
1311457608168091648
1311457622143520768
1311457698907648000
1311457709347287040
1311457779710918662
1311457813890248709
1311457828960374790
1311457932626857984
1311457936489627649
1311457957863976966
1311457981805064192
1311457987945529345
1311458051841568769
1311458053674414084
1311458197908131846
1311458226815332360
1311458284273119233
1311458321602412544
1311458393249460226
1311458409645051904
1311458459179679744
1311458496706220032
1311458525776957441
1311458556135251970
1311458563022376962
1311458610560610304
1311458617833422848
1311458643456425991
1311458772666265601
1311458814525345798
1311458814701506561
1311458823836758017
1311458832418299905
1311458922662899714
1311458923434708992
1311458952648032258
1311458996725968896
1311459029391151105
1311459048622039040
1311459117765136391
1311459150380101633
1311459167253733376
1311459186706771968
1311459330353508357
1311459365556293633
1311459388952117256
1311459404659732481
1311459499895648257
1311459502370291718
1311459562948620293
1311459591138480129
1311459783761891328
1311459855153147908
1311459856000450560
1311459905530925056
1311459924480794624
1311459942646329345
1311460021943906304
1311460093721038849
1311460097600692224
1311460125320904704
1311460131843059719
1311460158250328066
1311460173471461379
1311460180094267392
1311460303708868613
1311460326706221056
1311460358364762113
1311460369546842112
1311460370951876613
1311460451407065089
1311460505769435143
1311460531061116929
1311460539441115136
1311460572194574338
1311460583053512704
1311460624036134914
1311460694341160961
1311460742244294656
1311460814772109312
1311460842978840576
1311460929968787456
1311460954610323457
1311460980128317440
1311461013666123776
1311461077197221893
1311461081810952192
1311461088853209088
1311461160785448962
1311461195849887744
1311461201541464065
1311461213830819842
1311461299977687040
1311461383486218240
1311461579595145218
1311461606979764224
1311461629008244736
1311461666425634823
1311461670741569536
1311461673648226305
1311461801117323265
1311461856356245504
1311461877776560129
1311461934110306307
1311461973717069826
1311462006755655681
1311462007724552195
1311462013692977152
1311462149785636864
1311462157993771008
1311462179808440321
1311462231050252289
1311462243134066688
1311462297995546624
1311462374352846848
1311462417696804867
1311462434281062400
1311462446373236737
1311462463200727040
1311462486546231296
1311462517307305985
1311462567794151425
1311462579466915840
1311462631333597184
1311462676032258048
1311462716897361925
1311462725516767232
1311462793019830273
1311462818949017600
1311462838985199616
1311462871986057217
1311462981256065024
1311462990525407237
1311463018044313606
1311463049103118337
1311463108423057409
1311463215570841600
1311463230607372291
1311463270641995776
1311463285489840128
1311463291563241474
1311463293186453509
1311463338128310273
1311463338694631426
1311463350027669511
1311463356214243330
1311463377248686082
1311463403572146177
1311463415983071232
1311463454511947784
1311463474778656768
1311463479597916160
1311463483028901889
1311463486581399554
1311463493565022209
1311463539320803328
1311463553707147264
1311463563886768128
1311463589459431429
1311463605875945474
1311463633579319296
1311463643817676801
1311463661760917504
1311463668207452160
1311463720804118529
1311463722846691328
1311463740626341894
1311463748444585990
1311463752823382016
1311463762210230272
1311463883698245632
1311463892695089152
1311463935019806722
1311463944251478023
1311463953831165952
1311464002053169153
1311464032528990208
1311464047758454784
1311464079488364544
1311464089584054273
1311464118428278789
1311464123440467969
1311464161562578944
1311464292106067968
1311464298133192704
1311464303804010497
1311464322627969024
1311464349408669700
1311464357772099585
1311464468757454848
1311464509408763907
1311464570393956353
1311464635426627585
1311464706683568129
1311464872979369986
1311464875462397953
1311464896832434176
1311465057918820352
1311465060838109184
1311465107642290176
1311465160910024704
1311465317210771457
1311465337762742274
1311465357396373510
1311465380112728064
1311465460760707072
1311465488258666500
1311465537541636099
1311465636040671232
1311465661043015680
1311465734632091649
1311465821609365505
1311465835140190209
1311465844048891909
1311465854450585601
1311465896272109570
1311465901091442689
1311465901288574988
1311465908431400963
1311466009354817538
1311466093962199040
1311466124018675712
1311466241442361345
1311466316293984259
1311466370022875137
1311466371692326912
1311466391271333888
1311466394580590598
1311466454148173824
1311466526101340161
1311466621278605318
1311466622582837248
1311466634566078464
1311466720926859268
1311466751310409728
1311466757970964481
1311466779676422144
1311466796537597952
1311466808872968193
1311466818314403845
1311466857342423040
1311466888627654657
1311466921649491968
1311467008144355337
1311467068823404559
1311467101899706369
1311467112754368512
1311467193058590720
1311467228538208256
1311467343281819648
1311467358435913728
1311467429776818177
1311467574773706752
1311467601512534018
1311467695599226880
1311467712942608385
1311467735759630336
1311467758081589254
1311467876784758786
1311467885315985408
1311467895562670082
1311467896560902146
1311467939321860099
1311467993889755136
1311468031160221696
1311468067369766913
1311468075485626368
1311468178149715968
1311468208927506433
1311468210764632064
1311468246332252160
1311468266523684865
1311468268218130433
1311468419557076993
1311468476729634817
1311468483339857920
1311468659097956353
1311468670611267586
1311468725573476352
1311468737313243136
1311469255532175360
1311469264419913729
1311469281423560704
1311469385639436291
1311469405289746434
1311469468535717894
1311469470410584065
1311469509119807489
1311469577054945280
1311469589251985410
1311469638895767552
1311469638899970049
1311469756835336192
1311469941833560064
1311470079650025473
1311470095219261442
1311470181814857728
1311470305911635968
1311470462124331009
1311470635823108097
1311470647063633920
1311470703628226562
1311470734586372096
1311470764579844098
1311470848084238336
1311470887627964417
1311470888563351554
1311470889066610688
1311470890778087424
1311470891642040320
1311470891725979648
1311470892069777408
1311470902111096832
1311470908079517698
1311470919139942400
1311470937758408711
1311471043341684738
1311471049482162177
1311471086735888385
1311471161587499008
1311471249353211910
1311471261302886402
1311471304265039872
1311471322019618818
1311471325261844485
1311471334535372801
1311471394992140289
1311471446573625349
1311471485773639686
1311471489196097536
1311471498276806657
1311471503695896576
1311471508301197315
1311471535706775559
1311471708067565570
1311471778426953728
1311471840859222016
1311471957603495936
1311471981041274882
1311472029149859845
1311472042152255488
1311472096602619905
1311472128592687106
1311472149270593537
1311472233387364356
1311472321266356226
1311472354015563776
1311472425821929474
1311472438224588802
1311472490259120131
1311472496114360320
1311472555782537216
1311472585767636996
1311472699320020992
1311472846003208192
1311472890731270144
1311472893910548481
1311472911195275265
1311472996910067713
1311473030107934720
1311473100232568832
1311473259934814208
1311473326070681600
1311473404319420416
1311473413907771392
1311473441451773952
1311473566970454017
1311473658167283712
1311473694984802304
1311473697082036226
1311473728212144128
1311473780099895296
1311473791629893632
1311473794821701632
1311473796038057985
1311473864656986112
1311473878385020929
1311473919329800194
1311473971615928320
1311473991157153798
1311474134308794368
1311474151589281797
1311474215321825281
1311474435631837189
1311474550132088833
1311474592649826305
1311474704910348288
1311474791854084097
1311474798099263488
1311474839245512704
1311475088571748353
1311475105827090432
1311475193999749120
1311475232427958277
1311475233224888321
1311475253265170434
1311475294767853569
1311475371313893376
1311475411340197889
1311475431347048455
1311475525521637376
1311475617771278336
1311475640978341890
1311475664093155331
1311475677103882243
1311475701430841346
1311475778618617856
1311475880049414144
1311475920704688128
1311475935070298113
1311475972428967942
1311475988077916160
1311476047465062401
1311476067459313664
1311476148174548998
1311476272531410945
1311476401292402688
1311476409840345089
1311476424147038210
1311476442933403649
1311476449078108161
1311476454237048832
1311476547602219010
1311476596977565697
1311476603860529152
1311476913878245378
1311476973470973955
1311476999194587137
1311477012926734337
1311477025794854912
1311477085706366976
1311477232221786112
1311477328548159489
1311477395140927489
1311477470093365249
1311477490733453313
1311477499948412931
1311477556034633729
1311477571658354688
1311477643380957184
1311477645612376064
1311477656718897154
1311477706144591874
1311477722477195265
1311477787304308736
1311477840366497795
1311477960197758978
1311478079664070656
1311478094885261312
1311478114770444288
1311478136706654210
1311478229463699456
1311478291791065094
1311478381557547009
1311478383210041344
1311478437576572931
1311478437664583680
1311478495097348096
1311478507558629378
1311478564240478208
1311478619328438274
1311478652048154624
1311478911717511168
1311478944269578240
1311479073311526915
1311479075530248203
1311479458835161089
1311479465285910533
1311479466670133249
1311479572609802241
1311479590351765505
1311479669296967680
1311479707234381824
1311480031982608386
1311480050332643334
1311480075276161031
1311480092699303942
1311480108474130443
1311480116653051904
1311480162496712704
1311480164304461825
1311480178971996161
1311480267949977601
1311480277936623616
1311480438515544064
1311480458350190592
1311480468110540802
1311480580027056129
1311480630648205312
1311480683588653057
1311480861431394306
1311480868205195265
1311480954050011136
1311480981153406978
1311481001357565954
1311481019657314306
1311481057879961600
1311481132240769029
1311481165371637760
1311481224557363201
1311481248649547777
1311481396284850176
1311481481311780865
1311481520234860544
1311481580330852352
1311481708995383302
1311481715093909505
1311481736417681411
1311481842802003968
1311481896795336704
1311481906677067778
1311481927552118784
1311481976122216448
1311481978227765248
1311481997076897793
1311482044489363457
1311482120406274048
1311482190010757121
1311482212135710720
1311482212244688896
1311482378011979777
1311482407053340673
1311482435260084225
1311482489689591808
1311482496215928832
1311482503757209607
1311482626121883648
1311482735236702208
1311482899267489793
1311482967827591168
1311483042645643264
1311483044038090755
1311483059758403593
1311483088287997954
1311483131942309888
1311483145645105152
1311483205179105280
1311483225907265538
1311483227140321280
1311483228151140352
1311483230042779648
1311483231053594624
1311483263945502721
1311483265702912006
1311483266273357825
1311483708197621760
1311483738136735744
1311483831300440064
1311483845011701762
1311483912200347648
1311484063782498305
1311484208913809408
1311484235056910336
1311484695331438592
1311484855499317249
1311485179417047040
1311485190620020737
1311485315203428354
1311485339148709890
1311485364725583872
1311485365086191616
1311485444916350976
1311485461412679681
1311485548322787328
1311485624738885634
1311485750857195520
1311485770436358145
1311485833887784960
1311485878167101446
1311485897125363712
1311485982647123970
1311485987130945541
1311485987885912064
1311485989009973249
1311485989735587842
1311485989874003969
1311485989957767169
1311485990259683328
1311485990523944960
1311485990536699904
1311486014288990210
1311486033524076545
1311486041170341889
1311486090222751745
1311486247853010945
1311486251372081159
1311486299216453633
1311486406037037056
1311486423380492289
1311486465998811138
1311486601021870082
1311486626263183366
1311486769536413701
1311486788280692741
1311486820417404928
1311486863513919490
1311486917649760257
1311487031177023489
1311487272886337537
1311487305971118085
1311487330587475968
1311487479632011264
1311487604098060291
1311487627988697094
1311487646875766788
1311487686549614593
1311487702705999872
1311487704480313345
1311487741063057408
1311487821916573696
1311487833367105537
1311487875482034182
1311488014930120706
1311488081623744512
1311488103052435456
1311488126523768832
1311488159025422344
1311488197772406785
1311488288923029507
1311488420942934017
1311488454870605824
1311488503721517056
1311488517395165184
1311488594381606914
1311488652271329280
1311488686551371776
1311488704352071680
1311488761679806465
1311488807779405825
1311488816809570304
1311488847658782720
1311488994870464512
1311488996904783873
1311489000855789568
1311489016055824384
1311489088210513921
1311489116681515009
1311489178132242434
1311489203197415425
1311489238970621953
1311489251159273472
1311489260441219074
1311489365516967936
1311489448652214277
1311489511097094152
1311489531921805312
1311489544001265664
1311489656312213506
1311489749358718977
1311489879377936390
1311490158416535552
1311490330760540166
1311490552035147777
1311490557890494464
1311490587917459458
1311490756188790784
1311490824019083271
1311490841471483905
1311491019406479360
1311491020392071168
1311491115904884736
1311491126189330432
1311491179469574145
1311491188495654912
1311491227896942593
1311491327109066752
1311491356590837761
1311491374689193985
1311491575210561537
1311491579006390274
1311491585398444041
1311491616897675264
1311491633364566018
1311491646970908674
1311491663039209472
1311491670261858304
1311491784560656384
1311491821424521217
1311491822573834241
1311491841993441280
1311491891842748416
1311491924172435456
1311491924537348097
1311492059170308096
1311492104422666240
1311492194788835328
1311492259154669570
1311492278456774656
1311492339509190656
1311492446275002368
1311492487865868289
1311492638252642305
1311492832604180480
1311492857191034880
1311492890057674753
1311493058576482306
1311493093808640005
1311493103174455296
1311493222892527618
1311493233717936128
1311493285119242242
1311493303620325379
1311493304320655360
1311493372289351681
1311493409685803008
1311493413037117440
1311493469219717121
1311493511712305152
1311493537624551426
1311493697448669188
1311493798397173761
1311493816445292544
1311493820194881539
1311493848103882753
1311493938767953920
1311493943293550595
1311494067646279680
1311494098696765441
1311494100403859456
1311494291504738306
1311494378133880835
1311494468869279745
1311494488293023745
1311494492088922112
1311494495477915648
1311494498980114433
1311494557629116418
1311494657461891078
1311494713527226368
1311494787883827200
1311494795357941760
1311494800311554048
1311494911167025152
1311495018373435392
1311495212460539904
1311495392861839360
1311495394749186048
1311495556779380737
1311495583983599617
1311495610789494784
1311495736262037504
1311495742088007681
1311495891069607937
1311495897814007808
1311495934027722752
1311495951480164352
1311495994710818817
1311496018811289600
1311496053368160257
1311496053414223872
1311496054299217922
1311496175862784000
1311496248369844224
1311496478616154117
1311496528909959168
1311496558656065536
1311496565333393408
1311496586111918080
1311496601517600768
1311496640025497601
1311496713975345152
1311496781562343424
1311496903780175872
1311496934407000065
1311496941553975298
1311496969320366080
1311497020285349888
1311497060101894144
1311497218466119681
1311497269691273216
1311497321117560833
1311497357851332609
1311497371151478784
1311497394824118273
1311497442060365824
1311497456006373377
1311497591776063488
1311497598306582528
1311497628824281088
1311497633102430209
1311497681299288066
1311497808290209792
1311497861293658113
1311497882663518208
1311497902070673414
1311497917509885954
1311498047856275458
1311498067779227648
1311498092974354433
1311498288839843842
1311498461905391616
1311498561679429632
1311498611734216704
1311498659666833408
1311498917352271872
1311498993202061312
1311499015490592769
1311499087766790144
1311499119890964480
1311499146868731904
1311499159481057287
1311499218524286976
1311499295674249217
1311499336820420609
1311499395058237440
1311499438804946947
1311499439081754624
1311499444257468417
1311499458329432064
1311499472275472387
1311499532119748609
1311499872898551809
1311500405747179520
1311500424428613632
1311500437523181572
1311500929456365574
1311501087375986696
1311501090542817281
1311501091142500360
1311501103620599810
1311501109278773249
1311501198000783366
1311502391745806337
1311502803362349056
1311504270521520128
1311504862056779778
1311504881241522177
1311505278437920769
1311505688166887426
1311506199280594944
1311507223508643845
1311507361388007425
1311507606704455687
1311507641068183553
1311507899051638790
1311508241701052417
1311508414770679809
1311508542625587201
1311508599609401344
1311508636384911363
1311508636422766592
1311508637337161728
1311508747865468930
1311509193178910721
1311509521077080065
1311509706435899392
1311509906684612608
1311510037978849280
1311510206229221376
1311510256288231424
1311510427965194240
1311512159587794944
1311513496660717568
1311513964023549952
1311514420678463488
1311515451067961344
1311515593510653952
1311516186656550912
1311516186878844929
1311516468757102592
1311516490257117184
1311517075236630528
1311517160959868928
1311517400349765632
1311517451381768193
1311517766751588352
1311518721048039424
1311518774714085376
1311518948014403585
1311519312205828098
1311519406401499138
1311519509652668418
1311519665538170880
1311519679073091584
1311519715882405889
1311521171045863424
1311521579130597376
1311522262529519617
1311522477638447104
1311522537285746688
1311522694706462721
1311522701207629824
1311522784913301505
1311523735707541509
1311523736420601862
1311524152508112897
1311524598958166017
1311524894493024260
1311525317857734657
1311525353110810625
1311525831559262210
1311526566954967040
1311527226941353985
1311527467241398273
1311527510698459140
1311528443507601414
1311528611833360385
1311528676501131264
1311529067108331521
1311529107147030533
1311530047342338048
1311530261658718208
1311531290034941952
1311531316391837697
1311531353356279808
1311531364102045697
1311531373119893504
1311531558675808262
1311531572668006402
1311531575021056000
1311531679299915777
1311532180930269184
1311533200934678528
1311533517336129537
1311533518531555328
1311533622080483337
1311533681018798082
1311533810396401665
1311534342133485568
1311534391391387648
1311534574036549632
1311535041537810434
1311535076237287424
1311535548234952705
1311535853529968641
1311536115539759105
1311536334830538752
1311536545988595712
1311536670521556994
1311536832795086850
1311536917842927616
1311537113054277633
1311537210928365568
1311537237226672129
1311537577124487168
1311537579557376001
1311537581264441345
1311537641331085313
1311537657416224769
1311537752886968320
1311537938933649409
1311538224137936896
1311538247001137152
1311538255708520448
1311538259005255680
1311538283671887876
1311538309777305600
1311538472532967425
1311538988608565248
1311539217093328902
1311539452616073216
1311540047892475904
1311540752586027008
1311540821812969472
1311540885675487232
1311541052608860160
1311541085764759552
1311541113694629888
1311541272562348035
1311541307169538049
1311541353369739264
1311541745512046592
1311541786477826053
1311542230394564608
1311542576135180291
1311542610205396992
1311542610310332418
1311542610327228416
1311543211333234688
1311543291939155968
1311544002106327040
1311544646401691648
1311544777381470208
1311544824797949954
1311544830569447426
1311545120823611392
1311545137928036352
1311545138179645440
1311545444187754497
1311545483802947586
1311545784052207616
1311545827714834432
1311546044052910080
1311546282541027328
1311546288635285505
1311546387260231680
1311546388048605184
1311546459267969025
1311546459561562113
1311546524283801600
1311546545309876226
1311547278730113024
1311547758248157185
1311547800820371456
1311547845250613250
1311547884354121728
1311547899885629441
1311547919229689856
1311548568877043716
1311548639798538240
1311548645439930368
1311548687903010827
1311548920980439046
1311549149083570176
1311549980361007105
1311550032101941249
1311550076632870912
1311550160057454592
1311550213811654656
1311550335010430976
1311550395056041985
1311550498965782528
1311550875698106369
1311551257727971328
1311551384936943617
1311551410115432449
1311551607063097344
1311551754404847617
1311551992817426432
1311552004343443456
1311552048345870336
1311552182576123906
1311552264851648514
1311552279267495936
1311552395621658624
1311552448012718080
1311552493390835712
1311552635409969152
1311552682705014785
1311553039023648769
1311553076252336130
1311553152018243585
1311553229088530432
1311553326434181120
1311553481933758465
1311553911459917824
1311553934733897728
1311553935115603968
1311553955051253760
1311553955122606081
1311554470476738560
1311554496888287235
1311554577012068352
1311554741944680448
1311555099202813952
1311555303947808769
1311555587512115200
1311555670366392324
1311555684618702850
1311555834606956545
1311555835596877825
1311556102006464513
1311556110189551622
1311556168553320448
1311556291144421376
1311556427018838016
1311556457683447808
1311556710046281728
1311556745391636485
1311557062762156033
1311557187169288192
1311557430350811136
1311557489457082369
1311557594646011904
1311557598831837188
1311557630586953729
1311557644398858241
1311557709704167424
1311557951514128384
1311558111052824578
1311558320717692928
1311558351948574720
1311558534337908737
1311558546820038657
1311558576687767552
1311558648058064899
1311558659936264192
1311558772918231040
1311558888794324993
1311558943475404805
1311558968007888898
1311558968032915457
1311559062656634881
1311559608033521664
1311559860031500290
1311560021256347648
1311560127871422464
1311560233584599040
1311560243311185921
1311560292762034176
1311560345035603968
1311560407941869570
1311560474002182146
1311560542750941186
1311560773181865987
1311560882426720257
1311560976630767619
1311561031941066752
1311561337110175746
1311561403925438464
1311561484695203841
1311561485445988354
1311561486968541184
1311561487333298182
1311561488457293824
1311561488834977793
1311561489174601730
1311561572880351235
1311561608880107520
1311561809225297920
1311562011453554688
1311562079975944192
1311562135756042240
1311562220275478529
1311562310742413312
1311562408633266179
1311562604574371840
1311562799089319937
1311562874062544906
1311562964256915456
1311563291932733441
1311563355900043264
1311563726449975298
1311563818523336704
1311563828937846784
1311564001290133506
1311564037910560768
1311564060534677510
1311564306782314497
1311564361199222786
1311564599628632064
1311564772165459968
1311564783477547008
1311564865128071168
1311564984065945601
1311565007952343041
1311565048792453120
1311565154446970880
1311565259476471813
1311565259547836423
1311565845068472320
1311566080012410883
1311566353632047104
1311566508120825858
1311566715730440194
1311566728904704000
1311566835993718785
1311566936480845829
1311566950368194563
1311567038951895041
1311567193616850944
1311567317030010880
1311567326291132416
1311567379076448256
1311567433161990145
1311567570387062784
1311567710237716480
1311567731188211712
1311567769893318656
1311567776033595393
1311567790621458433
1311567859529773056
1311568031991160832
1311568198106517506
1311568338343034880
1311568416797532160
1311568604169736194
1311568633508888581
1311568761187692544
1311568776199049217
1311568849230274560
1311568878800179200
1311568919338123265
1311569030713618432
1311569034207547392
1311569230953881601
1311569423984140288
1311569537855361024
1311569546768273408
1311569555408461824
1311569670999289856
1311569674761625600
1311569878508359680
1311569957982007296
1311570103671152640
1311570133681397760
1311570169689518080
1311570261154639872
1311570292662325248
1311570362593955840
1311570366888845312
1311570383183716357
1311570572896284674
1311570577140875264
1311570676554313729
1311570769923760130
1311570776953413633
1311570981908090880
1311571028582305792
1311571088204345345
1311571095858876416
1311571109645619201
1311571192487256068
1311571374033506304
1311571499602542592
1311571578283528194
1311571636966039554
1311571775457767430
1311571982618521601
1311572083575533575
1311572129075298304
1311572133630410752
1311572181068001292
1311572229801603072
1311572276668661761
1311572324395646978
1311572431048519680
1311572622401056768
1311572639610146816
1311572787790778368
1311572809236115456
1311572842471985154
1311572994859433992
1311573007282958337
1311573091722690560
1311573266927161344
1311573292109660160
1311573529654067200
1311573736815038464
1311574067460419585
1311574116458270720
1311574183982362625
1311574423732981760
1311574455051866114
1311574618612944898
1311574684790644737
1311574819796930560
1311574853686824960
1311574867863629824
1311574930149044226
1311575092762226688
1311575325877436418
1311575353249464321
1311575389626564609
1311575663225327616
1311575982051078145
1311576005551755268
1311576150804701186
1311576264726253568
1311576332438970368
1311576361488781314
1311576430715826176
1311576439976853504
1311576464115077121
1311576584369975296
1311576584801968129
1311576586668441600
1311576587943411712
1311576589214380037
1311576591953059840
1311576618377326592
1311576641194393600
1311576641429286914
1311576698828324865
1311576761830912000
1311576956731822080
1311576964302606341
1311576979016241152
1311576980731711488
1311577332289855488
1311577426477158400
1311577427773194240
1311577573042913280
1311577591107653632
1311577648930459648
1311577655091884032
1311577745181343751
1311577750680080385
1311577771970187264
1311577842887659520
1311577877624819713
1311578015231508482
1311578071351341056
1311578133603274752
1311578154084032512
1311578160480374784
1311578162183237633
1311578165966499840
1311578215589326849
1311578439963611137
1311578511841390594
1311578621924999168
1311578859062652929
1311578975509114881
1311579170124763136
1311579289750581248
1311579344981159937
1311579666113757185
1311579906166476800
1311579956498124800
1311580009736343552
1311580358916403200
1311580362385088512
1311580372455567360
1311580429179387904
1311580503858970625
1311580548809269254
1311580886593343490
1311581099156537347
1311581099194298368
1311581183558459392
1311581381735198720
1311581617454948352
1311581672740188162
1311581716360953862
1311581953171300352
1311581992144732166
1311582048386244609
1311582099338600448
1311582188916350977
1311582239139004417
1311582296156315648
1311582443858800642
1311582517288468480
1311582668065329152
1311582907597819904
1311583030838992896
1311583054276812801
1311583275115261952
1311583430895861762
1311583467638005760
1311583481491845120
1311583488626356224
1311583503285444609
1311583651117895687
1311583806374195201
1311583862951219201
1311583878314950656
1311584116714942464
1311584133743865857
1311584135257890816
1311584164399976448
1311584170905415680
1311584187900743680
1311584227960524800
1311584232410677254
1311584304867291136
1311584524879396865
1311584611521171456
1311584632815661056
1311584751128588288
1311584857127112704
1311585024387551237
1311585101638139904
1311585201521340418
1311585376172224514
1311585390525120513
1311585390948646912
1311585414453645312
1311585419532869633
1311585584981463040
1311585677079990272
1311585700672868352
1311586016281714690
1311586086968270849
1311586087144480768
1311586101543555072
1311586169944240128
1311586186834644992
1311586212394815488
1311586283429466113
1311586360449470464
1311586458139058177
1311586474249334784
1311586594252615680
1311586707272273920
1311586846208651264
1311586895768563712
1311586920800153601
1311587024797925376
1311587191605297152
1311587407033249794
1311587439031582725
1311587642421784576
1311587716367355904
1311587735514370048
1311587751666552832
1311587788102524928
1311587881627123713
1311587908797624321
1311588021096062976
1311588134128320513
1311588141887877122
1311588165199822848
1311588300348588032
1311588315976601600
1311588417810169856
1311588948003651584
1311589056267128839
1311589067713318914
1311589068111740928
1311589104937775106
1311589167130800128
1311589167172775937
1311589167206334465
1311589180783329280
1311589395544317958
1311589410144686081
1311589587039531008
1311589588536832006
1311589599534297089
1311590006289575936
1311590042243129345
1311590086430130176
1311590172128169985
1311590197100974080
1311590260661518336
1311590269406584837
1311590480430465024
1311590559312752645
1311590599997493254
1311590641433038849
1311590702799900672
1311590928658780162
1311591092433948673
1311591120422526976
1311591153490374657
1311591394096697344
1311591434139701248
1311591457363562496
1311591471565471746
1311591621507649537
1311591683516231681
1311591683977629697
1311591692013891585
1311591739459764224
1311591839900872706
1311591860457140224
1311591886092726272
1311591940991918080
1311591955059613696
1311591955818778626
1311591985057275904
1311592090317606913
1311592186195124224
1311592290083844096
1311592389535039488
1311592704904753152
1311592865659842560
1311592942432260097
1311592997226766336
1311593108937814017
1311593339649748992
1311593382486175753
1311593404741095424
1311593426836770816
1311593544977657856
1311593622488387585
1311593628138196993
1311593670123155456
1311593708983332864
1311593978891046912
1311594200295759872
1311594215873425408
1311594356986515456
1311594440323215360
1311594784327438338
1311594880016281600
1311595054729961474
1311595087990841345
1311595149198327808
1311595185524989956
1311595286335193089
1311595305809457152
1311595346204786691
1311595400323833856
1311595412462202880
1311595458591105024
1311595479638179840
1311595539067265024
1311595637633417216
1311595643912310784
1311595645048938496
1311595697624489985
1311595845377236994
1311595886833799169
1311596008288256000
1311596051770548224
1311596106741092353
1311596107366043648
1311596161778802688
1311596353383002113
1311596388220891136
1311596426120527874
1311596437017251841
1311596501844422656
1311596511386624000
1311596517552205824
1311596547646291968
1311596571532951552
1311596730018942976
1311596839502831616
1311596860390494210
1311596949322293250
1311596982817951745
1311597051482968064
1311597102204583936
1311597251630895111
1311597262276112384
1311597385118867457
1311597746109984768
1311597862237724673
1311597970081624064
1311598020912349186
1311598226567499776
1311598232557027328
1311598328912777218
1311598374060261376
1311598614670651392
1311598626133737472
1311598708065214464
1311598732446756864
1311598857436921863
1311598868539285507
1311598896708300803
1311598921945317387
1311598983274541057
1311599064866344963
1311599090082471937
1311599114627547136
1311599233263263744
1311599233997266945
1311599281154011136
1311599288221224966
1311599290503114752
1311599436523622400
1311599574520344577
1311599992256294912
1311600097965281282
1311600409874755585
1311600456574042112
1311600471229059072
1311600491852259328
1311600579119063040
1311600590947000324
1311600639282155520
1311600643996516352
1311600656801726469
1311600821084327938
1311600940772929537
1311601031525076994
1311601237389869057
1311601284873687040
1311601286350024705
1311601373344157696
1311601408647589888
1311601427018547201
1311601455191777281
1311601597517041664
1311601686885150720
1311601749929586688
1311601749938114561
1311601749950566402
1311601750051176450
1311601776190197760
1311601894352093184
1311601894888927233
1311602013168377857
1311602216244043777
1311602252742905856
1311602254231883777
1311602265673867265
1311602474873245696
1311602549426999296
1311602572525031424
1311602589096652800
1311602650832662528
1311602984216858625
1311603008262856704
1311603008581509120
1311603345174523912
1311603367555325952
1311603477341143040
1311603650100420608
1311603801099509762
1311603811627208707
1311603980301201408
1311604044067110913
1311604080196956160
1311604082746982401
1311604106998546432
1311604196177776640
1311604221297524742
1311604221507182592
1311604249017679873
1311604252096237569
1311604266499559424
1311604266528911360
1311604354458288128
1311604360208670720
1311604474864119808
1311604645912031232
1311604697837588481
1311604796449792000
1311605041841799169
1311605046023520258
1311605112972902400
1311605271031099393
1311605447242252288
1311605524882886658
1311605647012761606
1311605873211514880
1311605971978944512
1311606057450573824
1311606101977292800
1311606179571871745
1311606262816288768
1311606276892364801
1311606333364465664
1311606403296047106
1311606450746163200
1311606476222455811
1311606786680446976
1311606787913768960
1311606788316368896
1311606791747170306
1311606810906853376
1311606829953228801
1311606871296532480
1311606954733731840
1311607122703060992
1311607159856267264
1311607164042174466
1311607222741405701
1311607328832065537
1311607634777313280
1311607710090227712
1311607734312284160
1311607763232063491
1311607936624492547
1311607986134151169
1311608010276515841
1311608015615864832
1311608042056749056
1311608156980731904
1311608501186310145
1311608586389401600
1311608597852422149
1311608757626056704
1311609043706937344
1311609380564066304
1311609425044611074
1311609518082666497
1311609670461722634
1311610204908331009
1311610345056854016
1311610496366391298
1311610672787197953
1311610789371863042
1311610839498190848
1311610933576376321
1311610937846108160
1311611063918637056
1311611179056463872
1311611306143813635
1311611420040196097
1311611739415478273
1311611838463971328
1311611838556184576
1311612007670599680
1311612073944797184
1311612085642629120
1311612609175715841
1311612952332636162
1311612961748930560
1311612996226088960
1311613088647573505
1311613126564089856
1311613231115513856
1311613326300983296
1311613472866791424
1311613491967655936
1311613508015058945
1311613509634076672
1311613516009308160
1311613605687832577
1311613710767722496
1311613767881547777
1311613946894393346
1311613991249227776
1311614037235564549
1311614080030044163
1311614153392640000
1311614165388328962
1311614243175829505
1311614332833275904
1311614333210615809
1311614333760266242
1311614333793628160
1311614767921061888
1311614771221983234
1311614790914236421
1311614840809705472
1311614924481802240
1311615147245436929
1311615156921737216
1311615288316760070
1311615331849457664
1311615571855896576
1311615669922942976
1311615744409571328
1311615767138443265
1311615841277038592
1311615845282590720
1311615891369590785
1311615913087635456
1311616057803788289
1311616121670373378
1311616245175857152
1311616621656657920
1311616651742400512
1311616779303743489
1311616970203238401
1311616999815106563
1311617047126839298
1311617131260379136
1311617316791222273
1311617439587872770
1311617478720712704
1311617513231462401
1311617542658691073
1311617855956414465
1311617955701166080
1311618101369286656
1311618108042342400
1311618108436680704
1311618130872012800
1311618148429451264
1311618150073618438
1311618175319126016
1311618219703230466
1311618244189589505
1311618366340296704
1311618459965558785
1311618539049177093
1311618628731756545
1311618631718105088
1311618811649568768
1311619044018135040
1311619060040433664
1311619122355220487
1311619189887635456
1311619190059659264
1311619304287350785
1311619366153154561
1311619370183987200
1311619511213326336
1311619707158622208
1311619778075922433
1311619814738276352
1311619847709749250
1311620145543028736
1311620268583006209
1311620438192279553
1311620440897462272
1311620455313399808
1311620485374005249
1311620524418662401
1311620554735194112
1311620567892733958
1311620592282603521
1311620610741633024
1311620632250118151
1311620683487744000
1311620718581473286
1311620739020271616
1311620856314048512
1311620880334757889
1311620903596326912
1311620917307432960
1311620921925525504
1311620924186267649
1311620930066681857
1311621153803378688
1311621162934378498
1311621251073482755
1311621335127330823
1311621494741569538
1311621507093757952
1311621621506072576
1311621631794610180
1311621632339963910
1311621884979613696
1311621904214765569
1311621934958940160
1311621943229988864
1311622158037266432
1311622393631330307
1311622436429930496
1311622460379402248
1311622497217974277
1311622509536698368
1311622531191898116
1311622647000768514
1311622690747428865
1311622763250094081
1311622768727937025
1311622791519768583
1311623051558166530
1311623182743371777
1311623329460224002
1311623333016936449
1311623380660088839
1311623399056314368
1311623712907685888
1311623861776117760
1311623966189121537
1311623983863914497
1311624284754849792
1311624316325449729
1311624386365906944
1311624399603331073
1311624452397035521
1311624616666775557
1311624667866726407
1311624707591024645
1311624730449981440
1311624733574692864
1311624755498360833
1311624787681214464
1311624823655759872
1311624877879767040
1311624902416510976
1311624927368433664
1311624974784958466
1311624999195860997
1311625006573641730
1311625103990550528
1311625395343679494
1311625487458934785
1311625526457622533
1311625564009254913
1311625638361665539
1311625654232809472
1311625709639606273
1311625713896783872
1311625824328708098
1311625871560790018
1311626012598427648
1311626332531556352
1311626333177491456
1311626412588249088
1311626423287910401
1311626537796595715
1311626599150870528
1311626664141447168
1311626738628202497
1311626951711436802
1311626994552053762
1311627150169169920
1311627289722052611
1311627387323510785
1311627556244934656
1311627776391249921
1311627817344475137
1311627820964229125
1311628025398726656
1311628052775010309
1311628064934117376
1311628135557926912
1311628347554828288
1311628359084978178
1311628412818280451
1311628671166427136
1311628792557903872
1311628810522169345
1311628854084145153
1311628856978288641
1311628948682534912
1311628986104020993
1311629021747335169
1311629219718475776
1311629263364337664
1311629283341852673
1311629399217799169
1311629432633917441
1311629464128966658
1311629488313249795
1311629583679135745
1311629593720360967
1311629611952939017
1311629615161630721
1311629669494595585
1311629684665315328
1311629699924271106
1311629729787764737
1311629764327813123
1311629809752121346
1311629849824555009
1311629862529052672
1311629898373623808
1311629902257549312
1311629968653381634
1311630006502780938
1311630054921732100
1311630055194451969
1311630086832091136
1311630092439891968
1311630145967591424
1311630175944278019
1311630202116747264
1311630214427009024
1311630230491103232
1311630256642625536
1311630324695216131
1311630336263061504
1311630346484617216
1311630380651499524
1311630434187513856
1311630447886114816
1311630456232841216
1311630503234220036
1311630521701728258
1311630535786213377
1311630537019269120
1311630620536307712
1311630750672982016
1311630775943602177
1311630782428073984
1311630974850080768
1311631025789861888
1311631061840007169
1311631114621071360
1311631166060011520
1311631176780713984
1311631200881176577
1311631202089086976
1311631245705703424
1311631247882563590
1311631412982935552
1311631482671239168
1311631511003766784
1311631541152423939
1311631576430772224
1311631670357954561
1311631733440294915
1311631740025307137
1311631757498888194
1311631786552819713
1311631947953844224
1311631948989698050
1311631949245673473
1311631950654959616
1311631954668851203
1311632035023400966
1311632068019998720
1311632191303168001
1311632407615995904
1311632441447256064
1311632480525582343
1311632528898494469
1311632575417536512
1311632588763791360
1311632669961224194
1311632767915102208
1311632916250873860
1311632962627284992
1311632988757786624
1311633012497539074
1311633046404321281
1311633065425473536
1311633098715664384
1311633116600176641
1311633119754285063
1311633125211090948
1311633173177151489
1311633173902774274
1311633177421770753
1311633207226441728
1311633207599661062
1311633241154224128
1311633327380746242
1311633420473303040
1311633440303976448
1311633797436313601
1311633867657416704
1311633988243591173
1311634038470438912
1311634144615686144
1311634213914005507
1311634247799713792
1311634283883356160
1311634335347494913
1311634447863820290
1311634465609838594
1311634591317450752
1311634712784498691
1311634793067679744
1311634845131591680
1311634887997370369
1311635050111393792
1311635068117540864
1311635124564492288
1311635201357905922
1311635270509494272
1311635309256417281
1311635569571696643
1311635679294693379
1311635797477658625
1311635887017594880
1311636067146227713
1311636184226033664
1311636294209077249
1311636319685292038
1311636386454409218
1311636507053223937
1311636521624231938
1311636628767748108
1311636636900495360
1311636677727748097
1311636750712930305
1311636823651880962
1311636840303276032
1311636893990350849
1311636966614671360
1311636966887301120
1311637021820100609
1311637071413547008
1311637307334811649
1311637338309767173
1311637403984105473
1311637414771912706
1311637428411789318
1311637461940961282
1311637606497693696
1311637639544672256
1311637649489309696
1311637757056425985
1311637762198568960
1311637894621286400
1311637906411454464
1311637994663800834
1311638003773829120
1311638069150453760
1311638084182835205
1311638170002432005
1311638272624427009
1311638273077530627
1311638292673302531
1311638296154513408
1311638450492366853
1311638473380634624
1311638609188081664
1311638641593257985
1311638694093299716
1311638773592207363
1311638780231782400
1311638914453704704
1311638923026862082
1311639053431762945
1311639253173112834
1311639342184632320
1311639444500475907
1311639543381143552
1311639709429489664
1311639843143901186
1311640191401168896
1311640225534349312
1311640291762483200
1311640320048869377
1311640350667268097
1311640434398105606
1311640470188105728
1311640757288275968
1311640771121033216
1311640786291904512
1311640989799452672
1311640998972358656
1311641044665151490
1311641057235533832
1311641129012658176
1311641132980412418
1311641382755405824
1311641434328571904
1311641571251695617
1311641748314222594
1311641959346438150
1311642015327645696
1311642028770570247
1311642390780874752
1311642491142234113
1311642631697506304
1311642654288105472
1311642809192067076
1311643089203867649
1311643271245058048
1311643282011828224
1311643523813343232
1311643589802373121
1311643852525252608
1311643941024956419
1311643963355525121
1311643999229411331
1311644088970682368
1311644210718744576
1311644423835586562
1311644464734261255
1311644533965443076
1311644534003109888
1311644573605789698
1311644607424364547
1311644631457648642
1311644748181131264
1311644821447151619
1311644860525490176
1311645069368328192
1311645220229058562
1311645332632219648
1311645355457605633
1311645525599547398
1311646119303274497
1311646547101339648
1311646881026650112
1311648076289933319
1311648199246073862
1311648263481757698
1311648300601401349
1311652078545235969
1311652133054316550
1311652563058593793
1311654651746553859
1311655413209804800
1311655584081608709
1311655908112359429
1311656294072422400
1311656431905648641
1311657210288566274
1311657527466061825
1311659378584383488
1311659736090120192
1311659749461692417
1311662591387680769
1311662792634585097
1311663990091599874
1311665448098754563
1311665493728653312
1311666162715959306
1311670126610178048
1311670565120495616
1311671426253041666
1311671843217121280
1311672739875491843
1311675145279471623
1311675513048571905
1311677634741440512
1311678550668439553
1311683827719458817
1311687809871286277
1311688916983066629
1311689699753422848
1311694762194489346
1311696506529906689
1311702853031952392
1311704931569676289
1311708125725159432
1311712568399015936
1311712681251016706
1311716135818190853
1311716987404513280
1311717326182645761
1311717789854560256
1311718073771192322
1311718433621409792
1311719466775044096
1311720334886871040
1311720390562111488
1311721203262984198
1311721218404429826
1311721476249333768
1311722012528836612
1311722027066298372
1311722635752022024
1311723310116417540
1311723579361447936
1311723653294370819
1311723661708201985
1311724496668299266
1311725392760365056
1311725642568929282
1311726321085579271
1311726687286177792
1311726810762276870
1311727643520364547
1311727663845957632
1311727802287300608
1311728348754837505
1311728866826817537
1311729290367696898
1311729439919800320
1311729758452019200
1311730254424268800
1311730968047357952
1311732190502416384
1311732986992300034
1311733269277356034
1311734005969158146
1311735262062370816
1311735742960406535
1311736600490110977
1311736962886270977
1311737347881529345
1311738297182453760
1311738788624900097
1311740375900581891
1311740817091035140
1311741505472733184
1311741926471806977
1311741992175534089
1311742676430094337
1311742683640213505
1311744252079112192
1311744712609591309
1311744720792621063
1311745006072467456
1311745644663627778
1311746888081825793
1311747222422388737
1311747347974705159
1311747963774009348
1311748034108297217
1311748913725087747
1311749016041009152
1311749748563546112
1311752568993984521
1311752956627365888
1311753593754718214
1311754003420778496
1311754027907117063
1311756274254651393
1311756501414039553
1311757394003865600
1311757782765502465
1311758083656384512
1311758733555499010
1311759932606353408
1311761394119786497
1311763082704818178
1311764031745650688
1311764060615127040
1311765014483742727
1311765724294254598
1311766620474429442
1311766636626694162
1311767041582530565
1311767453135974401
1311768102166827010
1311769056102559746
1311771281986072594
1311771552006975495
1311773235256623104
1311773712480456705
1311774097009971201
1311775431985639429
1311778684718776323
1311780998301052932
1311783674267021313
1311784394047328257
1311784547042955267
1311784927868919808
1311785383374532608
1311786021902835713
1311786290636087297
1311787453376856065
1311788116802498560
1311789715859873792
1311790375795920902
1311790560626331648
1311791606098530305
1311791670950846464
1311792977908510720
1311793008224985088
1311793025094385669
1311793165289041922
1311793340069949441
1311793513474916355
1311793693498707968
1311794220097822721
1311794259964633093
1311794311948763136
1311794497626480642
1311794646528397313
1311794847263731713
1311795034535190533
1311795303494934540
1311795314106531844
1311795528284409857
1311795668974006273
1311795980187115520
1311796001242570754
1311796015268323329
1311796303744163840
1311796827075883009
1311797075634462723
1311797549884411908
1311797653789962241
1311797673838686209
1311797715400036354
1311797822791057420
1311797869792301056
1311798067331465217
1311798080736579586
1311798195324887041
1311798527761281028
1311798557133934592
1311798563542892544
1311798653154197512
1311798674284929025
1311798708128931841
1311798764756140032
1311798872033951745
1311799037813829640
1311799301790560256
1311799306689695744
1311799359080665097
1311799378353573891
1311799386360475649
1311799431977725953
1311799731346182145
1311799775667326981
1311799956320276486
1311800009625669634
1311800559943516162
1311800560102920194
1311800566067101696
1311800570064318464
1311801448833843200
1311801511559692290
1311801919342546944
1311802278085619713
1311802409451163649
1311802488471904256
1311802589076357120
1311803026248736770
1311803078140715009
1311803080560635904
1311803081592508416
1311803104032108546
1311803149490028544
1311803175700176897
1311803265454149636
1311803268557869061
1311803614298546176
1311803712428535808
1311803738802225159
1311803874626416645
1311804136778760200
1311804163513372678
1311804243607781377
1311804375615123458
1311804436033961984
1311804494993383424
1311804696944877569
1311805337561833473
1311805923682377728
1311806064493502465
1311806545303396353
1311806599791407105
1311806813956964359
1311806929182904321
1311807284897624070
1311807524664999938
1311807560450793472
1311807606177103874
1311807659960602625
1311807669984952320
1311807719008018433
1311807767536074752
1311807797638684674
1311807831201509376
1311807836133961728
1311807909433671680
1311807936482676736
1311807940156944385
1311807968485281793
1311808051716988928
1311808064379650049
1311808088056500226
1311808098001182720
1311808098017964032
1311808107220283392
1311808109669621760
1311808109757693952
1311808109841649666
1311808110017699841
1311808214225256450
1311808221313630209
1311808353845284872
1311808381980741632
1311808402109198338
1311808465724211202
1311808500738252800
1311808546875604992
1311808580526505991
1311808651619958792
1311808679864344577
1311808691692277760
1311808749070417926
1311808762060189696
1311808767869288448
1311808782641623046
1311808796231110657
1311808818385506305
1311808846277611520
1311808847225540608
1311808872655417344
1311808879441960960
1311808895040577537
1311808908764352514
1311808942461378568
1311808991887077381
1311809004222504968
1311809023105101824
1311809100414693380
1311809120513785859
1311809160326111232
1311809183864557568
1311809196258660352
1311809212129968131
1311809230995849218
1311809343386509312
1311809347220103169
1311809360113393664
1311809401423122434
1311809415339798528
1311809429852114944
1311809429885550599
1311809453860294656
1311809496356917249
1311809523972288514
1311809574752706561
1311809599520026624
1311809604679012352
1311809618444681216
1311809652213133318
1311809657346949120
1311809676686831617
1311809714876035073
1311809719481364486
1311809732458557442
1311809741996412928
1311809796623007744
1311809806018150402
1311809837278334976
1311809921638432768
1311809937736118272
1311810086503882758
1311810115398496258
1311810123094994946
1311810208981757952
1311810221409533952
1311810227826765829
1311810230083301376
1311810256482295810
1311810275155357698
1311810290468769793
1311810318671253505
1311810467413848066
1311810532408807429
1311810580940980224
