1336460550784487425
1336460551048708096
1336460552734867456
1336460553087307778
1336460553770979333
1336460554181939206
1336460555150876678
1336460556233039875
1336460556883140612
1336460559320027137
1336460598108971014
1336460606740770817
1336460617155272704
1336460764614418433
1336460790514249728
1336460791739002881
1336460827663233027
1336460874068975616
1336460882738630657
1336460977898803200
1336461145453027330
1336461176130183168
1336461357517066240
1336461441315053568
1336461442002939916
1336461457794486277
1336461466141143044
1336461507090059266
1336461537167478787
1336461606465703936
1336461607510085635
1336461661092401153
1336461662006730756
1336461771414986753
1336461816453599233
1336461821650284546
1336461942517534725
1336461979993640965
1336462013334220801
1336462131399712770
1336462133974929419
1336462163796516866
1336462229915521029
1336462403521949696
1336462468395175937
1336462491073851392
1336462562339282946
1336462601031737345
1336462602256453633
1336462645239681025
1336462683126833154
1336462701846016000
1336462816019148800
1336462822298030093
1336462824743301120
1336462848172625922
1336463067719364608
1336463072865771532
1336463091719008257
1336463198258667527
1336463315871162371
1336463319121580033
1336463322481373186
1336463427863252993
1336463548172668929
1336463674681290754
1336463701633884160
1336463776565096448
1336463822610116609
1336463861776527361
1336464134041427970
1336464157697257475
1336464216564379648
1336464232880214016
1336464261791567872
1336464274072489985
1336464327008718850
1336464347133075457
1336464352388452359
1336464355236458501
1336464388245630976
1336464450069663750
1336464568692994050
1336464608152915969
1336464612779290624
1336464615358816257
1336464651836657664
1336464720254136320
1336464772477423627
1336464778538213379
1336464788747149318
1336464931374460929
1336464986974154752
1336464992665788416
1336465024752226304
1336465045065138176
1336465047493742604
1336465088631418886
1336465194139217929
1336465295209336839
1336465312460517376
1336465373412139010
1336465374238355457
1336465428630155265
1336465456102825984
1336465507302694912
1336465516513423362
1336465617763901443
1336465751289569283
1336465795006795784
1336465832604557313
1336465862937763848
1336465880243429377
1336465895506501633
1336465930864488453
1336466063022825472
1336466091434971138
1336466149190627331
1336466155083624454
1336466206862274560
1336466215947169793
1336466265318297601
1336466345588903940
1336466363527860226
1336466530897424391
1336466586149007363
1336466731473231875
1336466738905542656
1336466804034691078
1336466834439217154
1336466843142328323
1336466885509058561
1336466890672234496
1336466968946282496
1336466981474639872
1336466985169739776
1336466988315467777
1336466991461363713
1336466992484790272
1336466995315834882
1336466998235041792
1336467000931938307
1336467003729534977
1336467004027527171
1336467020083245063
1336467036508196864
1336467278712492035
1336467323474087938
1336467345242468360
1336467405367881729
1336467423067856900
1336467434614743051
1336467452922896386
1336467460892061697
1336467544224518154
1336467629846966273
1336467645936373764
1336467722079703045
1336467723266699264
1336467731701489665
1336467738945056770
1336467856884719617
1336468028591116288
1336468100569427970
1336468101823488002
1336468112552681475
1336468113961984002
1336468202998685701
1336468277791514629
1336468299345965059
1336468400437157891
1336468469836099584
1336468483983495169
1336468495358455809
1336468532457054208
1336468680302063616
1336468756143484928
1336468808735846402
1336468822493175808
1336468878512238594
1336468911915757574
1336469060465385474
1336469088881807360
1336469091389992964
1336469185229168640
1336469311997796353
1336469433351606273
1336469505992749057
1336469696548392961
1336469824751460352
1336469833089753096
1336469945857822720
1336469997259001859
1336470000622841861
1336470041093693440
1336470122303807493
1336470284522704896
1336470285701304322
1336470364097048582
1336470365539733504
1336470376495235073
1336470396007280645
1336470406061060097
1336470454870085632
1336470617168642048
1336470617487499266
1336470657534668800
1336470860702633984
1336470956529889283
1336471066416467968
1336471150021365760
1336471273610862595
1336471355961827331
1336471484173266945
1336471537407365123
1336471684036120576
1336471692332441601
1336471772888240131
1336471838432632832
1336471910264295433
1336471938391224320
1336472029151850498
1336472054133043203
1336472376041742340
1336472503640788993
1336472732016521216
1336472898886897664
1336472901340573697
1336472991153197056
1336473015454937089
1336473062775066624
1336473129712046080
1336473267138269184
1336473390375460864
1336473514279362560
1336473529076883457
1336473593358807041
1336473703694077954
1336473823290535937
1336473849093877772
1336473851409158147
1336473869021016065
1336473909860904960
1336474016790552577
1336474026563293184
1336474082490118144
1336474263684067332
1336474350283857920
1336474353773514757
1336474356386390021
1336474370387161095
1336474408400117760
1336474449680461824
1336474552742928385
1336474632040353795
1336474672146288640
1336474733861277698
1336474831005552640
1336474942414745600
1336474970113908738
1336474977806110720
1336475232945795075
1336475390358007812
1336475486319472642
1336475496117379073
1336475652925521924
1336475656499191809
1336475683112022016
1336475724379648000
1336475729094201345
1336475770705879043
1336475806332317696
1336475824216805378
1336475843116191745
1336475922694860801
1336475930273837056
1336476069961093121
1336476159673044994
1336476195945328640
1336476318138052615
1336476393325006849
1336476399427837952
1336476536120152069
1336476590147035137
1336476664059076613
1336476701287706627
1336476766374932480
1336476815645347843
1336477069962784770
1336477255556448256
1336477280382685192
1336477328868855808
1336477388151140352
1336477416508837888
1336477523140546560
1336477541603938305
1336477665231069187
1336477702484848640
1336477819052896262
1336477846680854528
1336477900342784003
1336477933737807872
1336478120199786498
1336478161379467265
1336478162570665986
1336478390975668227
1336478682051825665
1336478694697803776
1336478717539979264
1336478736917667840
1336479020360347649
1336479033190658048
1336479045836484608
1336479198416875521
1336479273792770049
1336479344399581184
1336479491523293184
1336479684142436353
1336479815495536641
1336479853210710016
1336480352311922688
1336480354128048128
1336480395467034624
1336480408045805569
1336480445521924096
1336480462412378116
1336480483664945153
1336480527277297666
1336480782139973633
1336480847499825156
1336480942421061640
1336480953313751041
1336480989644804098
1336480996196298752
1336481102928732167
1336481185418108929
1336481320336232448
1336481419338653698
1336481492164366336
1336481499231772674
1336481667708559367
1336481701464301570
1336481976686174209
1336482028573913092
1336482069690593281
1336482074392489992
1336482101340860416
1336482200628367362
1336482203858067456
1336482207997812737
1336482459563782145
1336482533773615104
1336482540589379587
1336482583446740992
1336482817858007040
1336482919934734341
1336482956081319943
1336482979590385665
1336482993129607169
1336483014117892098
1336483077930029058
1336483118597935105
1336483200390991872
1336483200395309058
1336483200407724032
1336483263993552897
1336484416152104964
1336485007444094976
1336485779237957633
1336485926403444739
1336487489868017664
1336489062119698433
1336490571515404289
1336490750587019264
1336490751497146369
1336490753372131328
1336490753967730689
1336490832610910208
1336491007597305865
1336491073762455556
1336491238137147393
1336491473429270528
1336492540011360256
1336493402183987202
1336493733446111235
1336494524722364418
1336494718272802816
1336495596828561413
1336495600053989377
1336495603342249986
1336497894778658816
1336498299621179393
1336498391329746945
1336500241110077442
1336500772897492993
1336500980419063809
1336501343800995846
1336501776170831878
1336502717414576130
1336503444652355584
1336504841196212226
1336505850165420033
1336505851176161280
1336505852598038533
1336505852610531333
1336506009095987207
1336506110799474691
1336506477289287680
1336506557215944705
1336506914147094529
1336507283635904512
1336507702680424456
1336510623945986050
1336510882763956224
1336510944852242433
1336511112980934656
1336511370674761735
1336512551950184449
1336512615619682305
1336513198233702400
1336513400457764865
1336513915224805378
1336515233922379779
1336517202275659776
1336517984442064896
1336518229058007045
1336518543643455489
1336519910319677440
1336520694834880512
1336520923336347648
1336520948888051712
1336520948896333824
1336520952025268224
1336520962662023169
1336520992097771526
1336521124251918337
1336522878125285376
1336523678960525312
1336523691522281472
1336524624474017792
1336524723686019077
1336525347538481153
1336525824015675392
1336526148835094529
1336526346034540544
1336526373771485189
1336526416037470208
1336526620136529923
1336526833379053568
1336527251995844608
1336528499469922305
1336528539827515393
1336528563453956096
1336528760963813377
1336528764277239813
1336529114409414658
1336529570435117059
1336529612231352322
1336530737835741185
1336530745305784321
1336531014999367680
1336531331224924168
1336531423679930368
1336531509973577729
1336531526511628289
1336533544613654528
1336535554326994944
1336535771495493633
1336535775211630592
1336535847936675842
1336535951150034944
1336536048256524288
1336536048273219584
1336536050794188802
1336536051083427841
1336536051268063235
1336536054224961536
1336536095752904710
1336536106179981314
1336536168620552193
1336536333024636928
1336537026192150528
1336537040373112834
1336537171570921473
1336537424147714048
1336537728159244288
1336538028093943809
1336538095232184320
1336538410035662848
1336538462980366337
1336538564968894464
1336538765700063233
1336539301656612865
1336539600563679237
1336540468491005953
1336540949141393408
1336541897796575232
1336542071512035329
1336542329306558466
1336542906476326912
1336543007638687745
1336543023585484803
1336543356512575489
1336543407267786752
1336543466235383811
1336543483394465793
1336543579196583936
1336543625400946688
1336543640643129344
1336543794188181512
1336543829219012613
1336543849041289221
1336543859468341249
1336543971674349569
1336543991802847232
1336544129870946304
1336544433148481536
1336544446431842309
1336544453666988032
1336544656981696515
1336544748585283585
1336544845209497605
1336544867351224320
1336544869523857408
1336544915631861760
1336544990353379328
1336545412099035137
1336545518613360640
1336545875418607616
1336545881533935616
1336546129933185025
1336546309306781697
1336546704884183040
1336546782462042112
1336546953920962562
1336547373082820611
1336547875547996160
1336548092133380096
1336548294877720576
1336548970835881985
1336549125324730368
1336549573339308032
1336550028236742657
1336550090002063360
1336550490935599111
1336551068067635201
1336551071876083712
1336551149722169344
1336551149839806464
1336551151039180801
1336551151211323397
1336551166793150464
1336551169766748160
1336551201794633729
1336551483375022081
1336551702741344256
1336551753161043968
1336552250861383680
1336552289054715904
1336552406369226754
1336552776260841473
1336552810117296129
1336552957865758720
1336553444929384450
1336553630065971202
1336553718611931136
1336554006538313731
1336554274013245441
1336554384625463297
1336554464841445377
1336554613378584576
1336554684425842693
1336554686426599424
1336554725223895040
1336554923270561794
1336555253169336325
1336555365132066816
1336555781576134656
1336555938099105792
1336556017551863808
1336556209470627841
1336556376613588993
1336556517898784770
1336556579643076608
1336556701387022344
1336556915204173824
1336557086860337153
1336557420043186188
1336558112334077952
1336558323533926402
1336558535598088193
1336558697645019136
1336558698261569536
1336558746839945221
1336558751315275776
1336558841257992192
1336558868311269376
1336559057302396930
1336559272633786368
1336559322357264385
1336559390787309568
1336559481631744000
1336559632832192518
1336559640583213057
1336559647914946560
1336559994414669824
1336559998583902209
1336560155383750656
1336560332026695680
1336560409998987264
1336560496078708737
1336560497886294017
1336560523677216768
1336560713830117377
1336560744985464832
1336560880155234307
1336560914145955841
1336561020844863489
1336561090315100160
1336561099425112064
1336561110892371970
1336561169268682752
1336561218400694275
1336561222582472704
1336561238822825986
1336561349296533506
1336561474433642499
1336561721381621761
1336561744127385605
1336561800062623744
1336561918388154370
1336562342750982144
1336562472673714176
1336563015785779200
1336563697267994624
1336563730793029633
1336563967947370497
1336564181575868418
1336564195228229632
1336564487810375683
1336564593523630087
1336564658707247105
1336564740525584385
1336564740877938690
1336564741179731968
1336564741284777984
1336564741293084672
1336564741590970368
1336564794401431552
1336564938442149889
1336565299286577153
1336565480912527361
1336565607651807232
1336565740997140482
1336565788833165312
1336566020442632192
1336566030999691269
1336566191389880320
1336566247203409926
1336566247987716098
1336566248679731200
1336566248805560321
1336566255105368064
1336566393941188609
1336566501743022085
1336566611130658816
1336566949346746368
1336567130008023041
1336567238715973633
1336567631030136832
1336567635975294976
1336568687252353024
1336568708555284480
1336568763907330049
1336568774330347520
1336569071073193984
1336569237012426752
1336569431678390273
1336569653129326594
1336569655872385027
1336569710175981569
1336569732107931649
1336569788424974336
1336569850303492099
1336570034718728193
1336570045577748480
1336570158152867840
1336570187743715340
1336570208220278790
1336570399895810049
1336570400508178434
1336570435224428546
1336570527339655171
1336570527394263040
1336570536256823302
1336570550915915776
1336570796307705856
1336570874082676738
1336571188890439680
1336571247140990976
1336571280535900161
1336571280603148290
1336571281487978497
1336571291076337664
1336571356163485697
1336571725161574406
1336571918149955586
1336571978774417408
1336571978799599618
1336572258308026370
1336572272253997056
1336572285352873984
1336572309247815680
1336572350066778112
1336572538936307713
1336572550911037441
1336572590626906113
1336572612651192323
1336572615616499712
1336572864930177026
1336572880495276033
1336573029401374720
1336573045318836225
1336573092387319812
1336573171290558466
1336573279142899714
1336573315729809408
1336573331579887616
1336573503848509442
1336573645787983872
1336573658987442176
1336573706655633408
1336573789904187393
1336573797520969729
1336573798317916161
1336573798485733376
1336573860288884736
1336573927175323654
1336574067957243905
1336574083702661120
1336574308374687746
1336574666262130688
1336574724827209728
1336574756213100544
1336574803759624192
1336574912849436672
1336574986803417088
1336575090503331840
1336575323174039553
1336575344669765634
1336575347953897472
1336575395764822019
1336575482934988802
1336575510537756673
1336575784144809984
1336575982422122496
1336576019306848257
1336576074495438848
1336576257375547392
1336576313600192514
1336576344830906368
1336576377282310144
1336576387977793536
1336576388955070465
1336576389403844609
1336576451714445312
1336576525953605638
1336576562620194816
1336576660670468097
1336576753582616578
1336576922072084482
1336576965722116096
1336577208534650881
1336577224280072192
1336577256022532103
1336577260040712192
1336577513586364419
1336577571828461570
1336577582272229376
1336577589989806080
1336577624227852289
1336577937320108033
1336577952050532353
1336578009508229120
1336578083302895616
1336578092744192000
1336578097240530944
1336578214957879296
1336578265100771331
1336578310202150913
1336578334667526144
1336578384265097216
1336578456948252675
1336578457900371970
1336578487994429441
1336578578570305536
1336578830794940417
1336578856623411200
1336578936281686016
1336579214640885760
1336579216675049473
1336579245871656961
1336579337181667330
1336579412104503296
1336579571127361538
1336579585316622337
1336579601733136384
1336579645777571840
1336579743831953410
1336579789512187906
1336579850379927553
1336579868881022977
1336579941119504385
1336580131763200001
1336580595913273350
1336580628465258496
1336580771969110016
1336580832711086081
1336580837995913216
1336580839539429376
1336580915364040704
1336580966601674759
1336581008293056514
1336581148311494657
1336581348144910336
1336581348727918593
1336581349935902722
1336581352339218434
1336581358961917952
1336581387290284032
1336581419745882113
1336581498338750464
1336581560896778241
1336581561932804097
1336581591355813889
1336581647874084865
1336581679184551937
1336581694653165568
1336581710687981568
1336581779571007488
1336581840128380929
1336582015173488640
1336582295000657921
1336582435463704576
1336582707262918658
1336582710039638038
1336582747331158016
1336582762669748224
1336582799625760768
1336582915363246081
1336582956014592001
1336583331392200707
1336583331639558144
1336583387117707265
1336583480050847744
1336583621784776704
1336583639811895297
1336583749379756032
1336583841381748736
1336583863422742528
1336583915579056128
1336583934134677504
1336583942393237512
1336584061746372609
1336584100635938816
1336584122756689920
1336584311328411649
1336584481231282176
1336584547211808770
1336584642749751297
1336584647543828482
1336584737553592320
1336584851017912320
1336585087283040256
1336585121688739841
1336585121965674497
1336585134762549250
1336585242338058240
1336585308247363586
1336585438996226048
1336585508286328835
1336585527181647875
1336585646773768193
1336585697730457600
1336585705296982017
1336585710279811072
1336585965306081281
1336586181602127872
1336586182042513408
1336586550654750721
1336586630145200128
1336586648696614917
1336586791911120898
1336586805777461249
1336586824987398144
1336587051085524992
1336587180907565056
1336587241028718594
1336587465612791808
1336587920656961537
1336588000151674882
1336588351529508864
1336588565816479746
1336588621068066816
1336588708108234752
1336588869513383936
1336588896553955328
1336588897254576129
1336588898353364993
1336588907983622145
1336588982734426113
1336589001315250176
1336589021208850432
1336589250373017601
1336589311362347008
1336589329246941184
1336589382980132864
1336589739365986304
1336589745166704640
1336589846882693120
1336589872069566464
1336589997084962821
1336590133324296193
1336590137908727809
1336590138344939523
1336590227025129473
1336590394277105664
1336590406515970049
1336590436434141184
1336590510018981888
1336590540209598467
1336590542566809605
1336590691967897600
1336590762860015619
1336590902249320448
1336590914467360768
1336590958226534401
1336591252746276865
1336591402231328768
1336591413073473536
1336591429066436609
1336591668292841472
1336591833552596993
1336591898820096003
1336592008899596288
1336592064100896770
1336592069293465600
1336592174721470465
1336592350437642240
1336592413587083264
1336592420042141696
1336592488019226626
1336592616436150272
1336592638166831105
1336592671385800705
1336592671448707078
1336592671574544385
1336592671721320448
1336592671771480065
1336592724141764612
1336592738213617664
1336592748636463106
1336592942862045190
1336592970930409472
1336593140074098688
1336593278427406342
1336593463857602561
1336593466793529344
1336593535060078592
1336593929840414720
1336593929848885249
1336593946512920578
1336594062971957249
1336594192601067520
1336594232119791616
1336594303301324801
1336594306619072512
1336594460633931777
1336594650388426753
1336594731858620416
1336594778839015424
1336594853715644416
1336594876205576193
1336594973110784005
1336595188160970758
1336595206670573568
1336595358273691649
1336595411994357760
1336595467296272385
1336595552889417733
1336595561131233280
1336595590088716288
1336595708145664002
1336595883543187456
1336595952761769986
1336595962278637568
1336596218139578368
1336596248837677060
1336596381063122944
1336596406845452289
1336596446217302021
1336596446565396482
1336596447379288066
1336596448205438976
1336596448729763840
1336596453322592256
1336596455239294976
1336596609979871232
1336596613104537600
1336596696390905864
1336596698311712769
1336596733950894080
1336596750287704065
1336596780167917569
1336596839441772544
1336596940511993856
1336596950053838848
1336596999844585475
1336597019872403456
1336597147429588992
1336597189913612290
1336597192774209537
1336597308348182528
1336597385473093633
1336597399154909186
1336597429857243136
1336597494759886848
1336597516863889409
1336597521272025088
1336597521444053000
1336597551269748737
1336597589672783873
1336597604558364672
1336597652201480192
1336597655426744320
1336597748091678720
1336597817024974850
1336597836398551041
1336597843705008129
1336597881516601344
1336597898700730370
1336597912512581632
1336597944829681664
1336598016321593344
1336598054934286338
1336598109904887808
1336598120407441408
1336598125230895105
1336598129819443201
1336598215874015232
1336598270378979328
1336598339564032001
1336598404663742464
1336598483076321282
1336598506514092033
1336598561065197569
1336598573346136065
1336598584557514752
1336598586986000385
1336598591729782786
1336598625745575937
1336598631458222080
1336598669940977664
1336598755315998720
1336598765512351745
1336598783208067080
1336598923864121344
1336598961734430720
1336599048808259590
1336599067716169728
1336599203443847169
1336599203754160128
1336599238659215360
1336599338571612160
1336599466225377280
1336599568008556544
1336599662082609153
1336599741589827584
1336599778340253698
1336599824783773696
1336599965548896256
1336599970988830721
1336600014609641474
1336600055189475332
1336600074013569025
1336600221103632385
1336600221636243458
1336600224245174272
1336600230435954690
1336600239483080704
1336600288757755904
1336600312572903425
1336600401383198720
1336600402909868033
1336600414972764160
1336600472929656832
1336600584351330304
1336600738034749440
1336600778056798208
1336600847074140165
1336600894352355329
1336600901960802304
1336600967685562369
1336601013348937728
1336601119691247618
1336601177652420608
1336601216453775362
1336601263396560896
1336601279792033793
1336601304144162817
1336601425560940545
1336601501154893824
1336601555970248705
1336601560663678981
1336601647104057344
1336601755979755521
1336601902218407938
1336602235116072960
1336602729150623745
1336603442354204672
1336603843539447808
1336604143251828737
1336604999019876352
1336605270777139201
1336606277565362176
1336606512672776192
1336606620688773121
1336606808333553666
1336606887312285696
1336607564373569536
1336609364921225222
1336609945538732033
1336610501070123016
1336610944034762753
1336611456159248384
1336611546286469125
1336611548811251713
1336611549088272384
1336611555014799360
1336611569367724034
1336611761756073985
1336612548842500096
1336612668925472768
1336613258178990083
1336613390412865537
1336614763032436737
1336614947737001984
1336615317154508800
1336616256380792832
1336616449264201730
1336616568671903747
1336616582508912641
1336616855457370113
1336617739839033344
1336618955994259459
1336619149540384769
1336619961226235905
1336620017513803776
1336620131234013186
1336620768906653698
1336621178417532928
1336621360857178113
1336621667435622401
1336621897946177537
1336621934574972934
1336622029076918275
1336622352419983362
1336623080748290051
1336623394599669760
1336623422206521345
1336623707305996290
1336624289970343937
1336626980096253953
1336627242034581504
1336627407571345410
1336628021105668099
1336631794905583617
1336632481425068033
1336634194982653953
1336635596001980418
1336637998146924544
1336642069503373313
1336645156565561346
1336647940912402439
1336648698454040579
1336649063119380480
1336650299495342080
1336650940766687233
1336651381080530944
1336651446419337217
1336652345082585088
1336655681965989888
1336656526212276228
1336657792837554177
1336657831903301632
1336658476819476482
1336658587364548610
1336659219915878401
1336659581666254848
1336659590914695169
1336660217367556098
1336661286562787331
1336662016963043331
1336663117993029634
1336663229158862850
1336664149707927552
1336667580875087872
1336669346228301830
1336669649891708928
1336670523019808768
1336670614933921794
1336671437655044098
1336672647971737600
1336672909004316679
1336675062037024771
1336680272121782274
1336681959314087938
1336687151916994561
1336687267625234432
1336687330531434499
1336687341558255617
1336687342250319879
1336687363477663748
1336687396608479234
1336687467664171010
1336687551063711747
1336687834321870856
1336687900998635530
1336687963183460352
1336688147707654144
1336688180788162560
1336688414402490370
1336688436993024000
1336688439014662149
1336688528659521545
1336688609475358733
1336689009112866817
1336689498000941061
1336689819842449408
1336690480491470849
1336691970689863680
1336692092983238659
1336692118061002752
1336692384109895680
1336693150715424772
1336693615171670018
1336695251449352194
1336695736931672066
1336696808232325121
1336697828916289536
1336698883704037377
1336699515655557129
1336699945857015810
1336700150388039680
1336700209561210880
1336701478279503873
1336702407284158464
1336703277304516614
1336703710295109632
1336703857737551872
1336703904520802310
1336704163904970752
1336705172672798720
1336705834068357122
1336706034199650305
1336706141351456773
1336707361646456832
1336708012212441089
1336708078373310464
1336708275384029186
1336709292943171584
1336709736633405440
1336710193984405505
1336710455805546499
1336710764875411457
1336710867145138180
1336711306355863554
1336711376333574147
1336711715640254465
1336713084535255042
1336713927783305216
1336716409712353282
1336717496339062785
1336718698296598528
1336718846107942919
1336719235159044098
1336719652286836736
1336720172506370049
1336721057466757122
1336722868034473987
1336723192493322242
1336723989708812291
1336724895389151234
1336724955963273216
1336725751354286081
1336726759534854145
1336726790144995339
1336727553948725255
1336729257930788865
1336730059982450694
1336730628058976256
1336730781184651266
1336731002954260485
1336731455096025088
1336731653176242176
1336731981271494656
1336732200146964484
1336732347224502281
1336732439985664003
1336733632279547906
1336734095402016768
1336734585699381249
1336735722125074432
1336736536205864968
1336738646758744064
1336738818892976133
1336739998725517319
1336740206930759681
1336740960026439681
1336741702539882497
1336742110977003527
1336743413585162241
1336743593587904514
1336743867664781312
1336744441181315075
1336744716256354311
1336745139063164929
1336745460766273539
1336745981728223235
1336747455690526726
1336747655989485569
1336748665835282432
1336750270974472194
1336750961143001091
1336752489979387904
1336753857687412736
1336754042777853952
1336754588964229123
1336754991973994496
1336755910354604034
1336756769108979712
1336758963283570688
1336759222957207557
1336759724252016641
1336759829575168002
1336759978179391494
1336760053764923398
1336762331703996422
1336762792808861696
1336763616834490376
1336764802149052417
1336765095834247169
1336765902738640896
1336766242250760193
1336766315650928640
1336767081220628481
1336767573980045313
1336767587120783367
1336767833380954118
1336767877375021059
1336770145214193664
1336770862993838080
1336772708542066688
1336773107072315395
1336773692819435520
1336775514741219330
1336775565190303747
1336777538153156608
1336777641454575616
1336777851744432131
1336778232398548992
1336778285578121220
1336778349931327488
1336778604370407426
1336780667334631425
1336780667460460551
1336780667972186113
1336780668202864649
1336780668538327041
1336780670631292929
1336781977689731076
1336783657495826433
1336785057286074368
1336785348999999495
1336785662352240645
1336786306433691651
1336787035621912582
1336787257412489222
1336787355760377856
1336787748431261696
1336789988898459648
1336790857522024451
1336793179799101440
1336793282362429442
1336793394463510534
1336793596998119425
1336793605164462089
1336793840850755592
1336793908618141699
1336793962292580352
1336794054516936715
1336794345421287436
1336794595838074880
1336794622853517318
1336794635155410945
1336794869394771969
1336795600029962241
1336795607512571907
1336795835670163458
1336795937369432064
1336796069615767562
1336796137337069575
1336796514614697990
1336796616142032896
1336796756726722563
1336796760027619331
1336797107282391047
1336797131114483713
1336797451009875969
1336797499672104963
1336797574959869952
1336797672615927808
1336797773149114385
1336797783433605130
1336797870687727616
1336797871056818176
1336798420179283969
1336798574248665094
1336798685171228672
1336799471397646341
1336799879105040385
1336800075062849536
1336800221410496513
1336800290553683977
1336800293590343680
1336800416101752838
1336800446531457026
1336801121231376388
1336802051142033408
1336802097472425991
1336802113440124929
1336802880058224640
1336803080495620106
1336803533509840900
1336803646185598982
1336803651248148480
1336804937423073282
1336805043488628738
1336805157426913281
1336805334715916289
1336805774828466178
1336805825927516161
1336805855333855234
1336805869909127168
1336806867327193089
1336806896414711810
1336807021077729280
1336807614865416193
1336807650558930947
1336807730837921792
1336807785246371840
1336807786966110215
1336807792418676746
1336807801147023362
1336807840665649153
1336807845958967296
1336807889734873088
1336808054533332992
1336808097008988160
1336808573788155909
1336809904884117511
1336809983648927744
1336810635561218049
1336810671065927681
1336811159626919943
1336811393731989507
1336811403693449216
1336811418906193920
1336811519477215232
1336811593892507649
1336811596761468930
1336811606181867524
1336811614234836995
1336811642135384064
1336811751644524548
1336811753569738752
1336811889309921280
1336811894414471180
1336811966162235396
1336812015734693888
1336812180247818241
1336812202498600963
1336812211440848900
1336812229979746306
1336812288247001098
1336812370723827712
1336812383130488832
1336812470246273034
1336812522385649665
1336812543432675329
1336812638362361863
1336812662219546624
1336812662399897600
1336812703873167363
1336812729789779970
1336812790556860417
1336812827600953344
1336812844826980352
1336812872471617538
1336812872492609538
1336812970098167814
1336812982228185090
1336813050771484674
1336813131067252737
1336813156891553794
1336813230665109507
1336813259924647937
1336813284884877315
1336813358272667648
1336813396004642821
1336813396642025473
1336813400177852418
1336813407274586113
1336813410357407744
1336813413419286531
1336813416472702976
1336813419454853120
1336813442745966593
1336813450731941905
1336813495984283648
1336813514082582528
1336813517333139456
1336813590091866118
1336813604851634180
1336813733662822400
1336813736116547585
1336813752210042882
1336813776264368129
1336813784598458372
1336813786230120451
1336813793226141696
1336813868119695371
1336813888810184704
1336814101339705350
1336814109405421569
1336814114648289282
1336814139906277377
1336814169723637765
1336814181115441153
1336814293061427201
1336814337579737093
1336814361747349504
1336814368458231813
1336814381041115146
1336814439073509377
1336814473974341632
1336814504408199169
1336814562331533320
1336814576852062209
1336814614621917185
1336814621001461762
1336814624205844482
1336814627036925952
1336814652823572481
1336814720704241665
1336814737963823104
1336814882906320898
1336815091061288962
1336815097096916993
1336815264785055745
1336815302127067137
1336815357789696008
1336815389418852357
1336815390035300354
1336815391453159434
