1320877872723095552
1320878012284473344
1320878196070453254
1320878240622206977
1320878971630821379
1320879402230730754
1320880727500689409
1320881362769948674
1320881371502546944
1320881572766253056
1320881647747768321
1320881794426851329
1320883339843297281
1320884218298167299
1320884600550297600
1320885499305824257
1320885675403714560
1320886155726987267
1320886728849199104
1320887431630102528
1320887553457795074
1320887723012534274
1320888923401408513
1320889481516457986
1320891495168249856
1320891678295760897
1320891749498236933
1320892599813709824
1320892737403629570
1320893075812687872
1320893137854889984
1320893244167856128
1320893451278405632
1320893642266021888
1320894175076847616
1320894636085432321
1320895526410268672
1320895685495984128
1320897402711252992
1320898215881908227
1320898473751990277
1320899305985712131
1320899438936756226
1320899846862196739
1320900048209805312
1320900521973239808
1320900522178654208
1320901536831180802
1320901763252293632
1320902203029229568
1320902311363940353
1320903834659479552
1320904306225274880
1320906423098732544
1320907855046868992
1320908071825252354
1320908148392210433
1320909664209543168
1320911020181708800
1320911030893957120
1320911856354164739
1320911873718538240
1320912909111885826
1320913333516668933
1320913579223195650
1320914155969327105
1320915818767618048
1320915836740186112
1320915847351881728
1320916600053211136
1320917374137225218
1320919511369920512
1320919618094059520
1320920083112333312
1320920237034872833
1320920375014924288
1320921021629800448
1320921553434005504
1320922056490450948
1320922512008491008
1320922727818121216
1320922970248876032
1320923173395677184
1320923174536728576
1320923252366204933
1320923303876452352
1320923516963856386
1320924721249136640
1320925000258506752
1320925711637618688
1320925813588529152
1320927174275305472
1320927768314609666
1320927791626551296
1320927847150702592
1320927899252367368
1320928371702964229
1320928968887992323
1320929097011335168
1320930376634814472
1320930487976759296
1320930513058729985
1320930721821794304
1320930880328769536
1320931436539580418
1320931976505888768
1320932112833433600
1320932638992044032
1320932894903279616
1320934891702243333
1320934893719900162
1320934978075516935
1320935289737629696
1320935378224848906
1320935510815236099
1320936568677376000
1320937439159033856
1320938272269332480
1320938272558731264
1320938575270170625
1320939872954310656
1320940059714084864
1320942390635614208
1320942797562744832
1320943083027091459
1320943288174759936
1320943313046876161
1320943383175680001
1320943487181795330
1320943782393774080
1320943966485909506
1320944256895356928
1320944684798267395
1320945373352022016
1320945842442960896
1320945843906772995
1320946031048216576
1320946092666724352
1320946314167857154
1320947718731243520
1320947822087315457
1320948289852854273
1320948904314241024
1320948999562711041
1320949033200947200
1320949413745958912
1320949556083916805
1320949602862931968
1320950476368695297
1320950618811453440
1320951058932342785
1320951093531213825
1320951114355920902
1320951952772136960
1320952186730328064
1320952201343242241
1320952483003379712
1320953180331659271
1320953309742714880
1320953369993859072
1320953370253824000
1320953498750668800
1320953507239858176
1320954371786579969
1320954466087161858
1320954653442539521
1320954676133699584
1320954789501435909
1320954882317320192
1320954984704417798
1320955039188439041
1320955363521421312
1320955373856186368
1320956013470720000
1320956273505017857
1320956385283198979
1320956530745843713
1320956937182302209
1320957050978000896
1320957349604003841
1320957388858470400
1320957776252817410
1320957826915774465
1320958023767150593
1320958371109969920
1320958403406106625
1320958495269613573
1320958938934845440
1320958957947658241
1320959016856657920
1320959193034170368
1320959333509877760
1320959333698572288
1320959649806471171
1320959889091473409
1320960003898068992
1320960207451836416
1320960668674260993
1320960760009363457
1320960809871298560
1320960865533833221
1320960920063979522
1320960935599788032
1320960938070183937
1320960982542389249
1320961014029049856
1320961500639563776
1320961763765067776
1320961816168669185
1320961980019204096
1320961984599330816
1320962099900764160
1320962626264989701
1320962778635620352
1320962915814563841
1320963206504947712
1320963436411379712
1320963450856755200
1320963699700649985
1320963734995673088
1320963815769579521
1320963961773314048
1320964937116770304
1320964975138099200
1320964990891950080
1320965304546152448
1320965616644349953
1320965917455667200
1320965952930983936
1320966095923224577
1320966203708448769
1320966634476052481
1320966953654276098
1320967035380244480
1320967462976811008
1320967661036122113
1320967682372571136
1320967856054587392
1320968160149995520
1320968260377059328
1320968332598804485
1320968425196453888
1320968469592985601
1320968469890949121
1320968470696239107
1320968471602233344
1320968501960581121
1320968557799313408
1320968617673019392
1320969313654870016
1320969371704008704
1320969382940598274
1320969838580371457
1320969976073900032
1320970046454272000
1320970355276734464
1320970472406818816
1320970735460995072
1320970790129512448
1320970986108440579
1320971275045654535
1320971289482375169
1320971396969881600
1320971693318352896
1320971721428684800
1320971899673976832
1320972050958290944
1320972168201670657
1320972338960191489
1320972476336230400
1320972592992423938
1320972609618649089
1320972819015061505
1320972913839906816
1320973093091889153
1320973117116846080
1320973130291171328
1320973183638474753
1320973204446310401
1320973399284482048
1320973712615788544
1320973942086139904
1320974231434366977
1320974464629284865
1320974553628233729
1320974653549150211
1320975010081738752
1320975143393398786
1320975324956528641
1320975502732087296
1320975525867905024
1320975619161788416
1320975724736618502
1320975737449492480
1320975846241406977
1320975969331630080
1320976073086087168
1320976073677484037
1320976117407383557
1320976241751691265
1320976274794438656
1320976459045998594
1320976533473972226
1320976781646663680
1320977032457654273
1320977099994419201
1320977148249808898
1320977170135699458
1320977468304576512
1320977664799330304
1320977666439262211
1320977782650843136
1320978535830462464
1320978563072446464
1320978714990174208
1320978750243250178
1320978766739447808
1320978821873606657
1320978838235553794
1320978844405407744
1320978848117334019
1320978945802702849
1320979020721381376
1320979232189784065
1320979574700838913
1320979616727736320
1320979759384399873
1320979969493868544
1320980128525156353
1320980182791000064
1320980571456233472
1320980715425714178
1320980843754590208
1320980858539511809
1320980899769536517
1320981025107881985
1320981208013148162
1320981321573978112
1320981365446320131
1320981442906771456
1320981446039900160
1320981534363574276
1320981760285564933
1320981834797355009
1320981859921252352
1320982042021109761
1320982202289672197
1320982299870142466
1320982487724687360
1320982520477827072
1320982598416539656
1320983190144770048
1320983226953990145
1320983368092114944
1320983522895691777
1320983571868372992
1320983572023365632
1320983783324196864
1320983793726038016
1320983876504870912
1320984077466566658
1320984270702288896
1320984399308115970
1320984546091933696
1320984556879699970
1320984607764959233
1320984648609157120
1320984755358322690
1320984914599301120
1320985036749942784
1320985069209735168
1320985214215200769
1320985481878900736
1320985704734797824
1320985755007787010
1320985835680997376
1320985887719776257
1320985899543527424
1320986085774794752
1320986112337317888
1320986284538630144
1320986654161707008
1320987194539020288
1320987256853827584
1320987274956337153
1320987343889653760
1320987344489631745
1320987624446795776
1320987678419070976
1320987733083521024
1320987751232147456
1320987753782353920
1320987775471128586
1320987909634314240
1320988233111666689
1320988315823316993
1320988329303773184
1320988400053354496
1320988426791981056
1320988600658546688
1320988602189389826
1320988602235457536
1320988602294247456
1320988602398953472
1320988618106769408
1320988625438466049
1320988625782407169
1320988700646559749
1320988717713117186
1320988861728755712
1320988987234942976
1320989002254700544
1320989130487144454
1320989381449207808
1320989611586396160
1320989869968183297
1320989876620242946
1320989879304622080
1320990067662426113
1320990098738061312
1320990300869922816
1320990322550333445
1320990361569906688
1320990443992207361
1320990580986576897
1320990808791801859
1320990893382471681
1320991111767347201
1320991120076075010
1320991177001357312
1320991305711996928
1320991476688572417
1320991550344777728
1320991592631721985
1320991613653524480
1320991623627657218
1320991771820773376
1320991880298090496
1320991954109431808
1320992172645195776
1320992475536908288
1320992597494693893
1320992924671369216
1320993068103905281
1320993079151808513
1320993234118692864
1320993246923968512
1320993293015154688
1320993555465338880
1320993611035627520
1320993635446476802
1320993652181794819
1320993812831940609
1320993857232883712
1320994008529801216
1320994044449820672
1320994110837317632
1320994662308564993
1320994665001353216
1320994767044562946
1320994828017086466
1320994883021262849
1320995096347725825
1320995209451364352
1320995451097751552
1320995470710366208
1320995985645015040
1320996000505487360
1320996152234397701
1320996478484176896
1320996775780622336
1320997017313824770
1320997097026539520
1320997135786147841
1320997151162404864
1320997291927457793
1320997353378242562
1320997416649281538
1320997675345580033
1320997713870311425
1320998171695288320
1320998433398947840
1320998437513515008
1320998671152902144
1320998671987650561
1320998672235020288
1320998672541376512
1320998699049340929
1320998734973423616
1320998770381856769
1320998795077947392
1320998810508808192
1320998907061653505
1320998920487665665
1320998942461595650
1320999122141384704
1320999254081605632
1320999311623282688
1320999412492050435
1320999745234575360
1320999800221900800
1320999846686457857
1320999993994596354
1321000640747896833
1321000686402867200
1321001037570940928
1321001085323141120
1321001127480037376
1321001170975006722
1321001282736443392
1321002123778248704
1321002124470374400
1321002402993082368
1321002431040413696
1321002849137025024
1321002967122747392
1321002998546518016
1321003004359856128
1321003114577698818
1321003222593581057
1321003273197916163
1321003347973971970
1321003395596115968
1321003460314222592
1321003475443077128
1321003579914833920
1321003669886803969
1321003764539678720
1321003908005769216
1321004003845656576
1321004039899893761
1321004107822436352
1321004267361210368
1321004350341263361
1321004351234650113
1321004455039557632
1321004476094963712
1321004584479956992
1321004799773577217
1321004946502963200
1321005038475661313
1321005040484651009
1321005131656269824
1321005177365794817
1321005360858226688
1321005377463439360
1321005673673613313
1321005680929710080
1321005816758079489
1321005825771610112
1321005838610407424
1321005861012180992
1321005966804987904
1321005989676617728
1321006070475706368
1321006093846433792
1321006193167507456
1321006219520167936
1321006225660747776
1321006285647761408
1321006309412622336
1321006464236965888
1321006533086531585
1321006549960138753
1321006863366971392
1321006890625703936
1321006972985114625
1321007054002311169
1321007805285978112
1321007813162864641
1321008068369502208
1321008146538782720
1321008333898289155
1321008590845595649
1321008665411887104
1321008735003631618
1321008790976823296
1321008802330742785
1321008894173466624
1321008908220116992
1321008982316797952
1321008986691284992
1321009079184166917
1321009087908356096
1321009290707165184
1321009334827032577
1321009629317500931
1321009652365172737
1321009663731781633
1321009754752339974
1321009765733027842
1321009932397891584
1321009993353605120
1321010068868005889
1321010081664847873
1321010098622398465
1321010196127354883
1321010240255676416
1321010310648680448
1321010500990308353
1321010519524990978
1321010748277940225
1321010812115423233
1321010897666691073
1321011002138365952
1321011124582653952
1321011171730837506
1321011226529464321
1321011251678531586
1321011251820965889
1321011277586726913
1321011311464034304
1321011388714766336
1321011691593834496
1321011933269676035
1321012104971849733
1321012226203987968
1321012269552226304
1321012307183521792
1321012384752898049
1321012519146762242
1321012599350267908
1321012599375482881
1321012602122706945
1321012778967175169
1321012941211185154
1321013015341387776
1321013030260514816
1321013105061699586
1321013108526239746
1321013159184998401
1321013177530855425
1321013205540524032
1321013254450302976
1321013331986100225
1321013496339988480
1321013503206002688
1321013540942131201
1321013607249907713
1321013726196256768
1321013769804214277
1321013770089598977
1321013770492223488
1321013775089037319
1321013800938688512
1321014003238404097
1321014025883451392
1321014057214889986
1321014074189221888
1321014084645642241
1321014124470566913
1321014211959468032
1321014218557181952
1321014243232284673
1321014258684092419
1321014463374516224
1321014508412899331
1321014518521208832
1321014526523940864
1321014620786753537
1321014635768799232
1321014701967421440
1321014955307618304
1321015030217953280
1321015048488341504
1321015077542207488
1321015157506662401
1321015297709613057
1321015401015349249
1321015466509348864
1321015486092554240
1321015494279897089
1321015602409099265
1321015610709454849
1321015620058624000
1321015675704528898
1321016033176625158
1321016033981964288
1321016104207192064
1321016658069233666
1321016694802993153
1321016848075415553
1321017051578859523
1321017364004130817
1321017400691740672
1321017410703511560
1321017431570190336
1321017444081741827
1321017501237596161
1321017591176040450
1321017714765373442
1321017881505705984
1321017914812698624
1321017946811047936
1321017981976092674
1321018277070589952
1321018320120786944
1321018514153623552
1321018792978382848
1321018801417146368
1321018801509388290
1321019209644711937
1321019226149146624
1321019243249475585
1321019448611012608
1321019579003478016
1321019655000104960
1321019686369320961
1321019693025628160
1321019756321951745
1321019788668317697
1321019898773016576
1321020057019944965
1321020072647950341
1321020084987506688
1321020098778406918
1321020282119868416
1321020476567752705
1321020524659658752
1321020583832932352
1321020655857524737
1321020736518148096
1321021168766361600
1321021317743738881
1321021320063168513
1321021409724956672
1321021487957106692
1321021554340306945
1321021767436111881
1321021991814680576
1321022002669506562
1321022034319650817
1321022125306748929
1321022168055095297
1321022215446532098
1321022337198755840
1321022356257689600
1321022507604971521
1321022584616529921
1321022818864214016
1321022860530429952
1321022898434383877
1321022962712137729
1321023178207014914
1321023331089313793
1321023353390551040
1321023360508301313
1321023400173834241
1321023403734827009
1321023439969333248
1321023709721862144
1321023750490435585
1321023807830872064
1321023920573698048
1321024070561968128
1321024073116299264
1321024171292397568
1321024419280683009
1321024463270563840
1321024648348377089
1321024815256449024
1321024937428176896
1321024974002552832
1321025092822855682
1321025106076991488
1321025125559504897
1321025357244497920
1321025673234993152
1321026106959515648
1321026351185494017
1321026351290294272
1321026353253154818
1321026451517415425
1321026484191055872
1321026680295739400
1321026884528910336
1321026971044880385
1321027026434859008
1321027339761995777
1321027607056519168
1321027692960112640
1321027736572493826
1321027827790172160
1321027846001885184
1321028035785695234
1321028126227529729
1321028130233081858
1321028166459232256
1321028175011467265
1321028271891484673
1321028344851406849
1321028395807969280
1321028525730734081
1321028666709737474
1321028730001772544
1321028745596227585
1321028778827669504
1321028780081717250
1321028788642263040
1321028833148129285
1321028868635914240
1321028868686417920
1321028875099475968
1321028916304334849
1321028919965999104
1321028979017551872
1321028985627811843
1321029035946893312
1321029065558675458
1321029118192947201
1321029122647273472
1321029142872285184
1321029170533666816
1321029186270695429
1321029190263676928
1321029227697811458
1321029231212662784
1321029374586589185
1321029474394263559
1321029562038407168
1321029591516008448
1321029599808147461
1321029677109157889
1321029704909029381
1321029722562854912
1321029877336838145
1321029909985349632
1321029926355640321
1321030018856869888
1321030041849847808
1321030099152625669
1321030121659269122
1321030126348455940
1321030164688625666
1321030175451131909
1321030179133804545
1321030254253801472
1321030311879344128
1321030368179458048
1321030379893973003
1321030395551502336
1321030419790397440
1321030460084908032
1321030503886131200
1321030661315153921
1321030693992992769
1321030794840780800
1321030827589935104
1321030867695947778
1321030879075016704
1321031099720650752
1321031114383917057
1321031130037035013
1321031204506841088
1321031295670124544
1321031329065148419
1321031405921599489
1321031453967327233
1321031859124477952
1321031865466298370
1321032017434365954
1321032068424519680
1321032195532836871
1321032306807754754
1321032329893130240
1321032441285496832
1321032490543403009
1321032613159731200
1321032637754994688
1321032642439966721
1321032642867834881
1321032663956967426
1321032743208296450
1321032838259658752
1321032909579554816
1321032917347377158
1321032959227551744
1321033004245024769
1321033110209835009
1321033112491577344
1321033366704181249
1321033370562940928
1321033391924563968
1321033537265479680
1321033571998511104
1321033582811533313
1321033747232395266
1321033797090070528
1321033867575336960
1321033901062516745
1321033901100437504
1321033914421575680
1321033979982655488
1321034065236103168
1321034105627303937
1321034159196934144
1321034250892775425
1321034297197895680
1321034311584370688
1321034335215079425
1321034603017195520
1321034649863442432
1321034780700483585
1321034834190475264
1321034931372437504
1321034948791439363
1321034978566819840
1321035141599399936
1321035147743997952
1321035222994034689
1321035293928075265
1321035342611439616
1321035406981369857
1321035475705073665
1321035512296185857
1321035744480210944
1321035874629541893
1321035938290651136
1321035961397108736
1321036114967334913
1321036166158835713
1321036230000345089
1321036233909456896
1321036243581440001
1321036419599482880
1321036420165693446
1321036442995511297
1321036475002212357
1321036580564443143
1321036703151366144
1321036861012385792
1321036922756698113
1321036930935607296
1321036937130631168
1321036963835764738
1321037149869846539
1321037213333901312
1321037234292838400
1321037272960126979
1321037273119547392
1321037392090902529
1321037554183974912
1321037751098245121
1321037763546877952
1321037972226101253
1321038007747706880
1321038011505758215
1321038063188004864
1321038159577337856
1321038170151157760
1321038221074223105
1321038251004698625
1321038308017922048
1321038318600101889
1321038497029959681
1321038595457748992
1321038678056177666
1321038781030395906
1321038813938905088
1321038822164017154
1321038897653174273
1321038918784110595
1321038932361052161
1321039118831374340
1321039380614664198
1321039407810490368
1321039457500495875
1321039639059304448
1321039750648791040
1321039773742583809
1321039977778761735
1321040194649378816
1321040232897101825
1321040272499900418
1321040574414278657
1321040579761967105
1321040608446894080
1321040743780225026
1321040861128499201
1321040917411860482
1321040984625553409
1321041076191399938
1321041222480310275
1321041450612699137
1321041457176809475
1321041557164838912
1321041562118270977
1321041853035225089
1321042051090337792
1321042074125389829
1321042187983953921
1321042260633493507
1321042291516231680
1321042357035347969
1321042450153132032
1321042461419065345
1321042594097516544
1321042605485002752
1321042618428608512
1321042700762673153
1321042709541457920
1321042723311407104
1321042733499375616
1321042851728412673
1321042860595138560
1321042944770662400
1321043177353236482
1321043264179494913
1321043286455422978
1321043355162333185
1321043408639709185
1321043460065996800
1321043481905795075
1321043588181086208
1321043594506108928
1321043660486705153
1321043664588705792
1321043809984221184
1321043847263256576
1321043992205611009
1321044064511340544
1321044072698699776
1321044130240356353
1321044150997946376
1321044266295111681
1321044335664762880
1321044437670285313
1321044645422485506
1321044794026713088
1321044842479276032
1321044969675722752
1321045212752416769
1321045225880481792
1321045275671224320
1321045334555037697
1321045344453537792
1321045364661800962
1321045365039239169
1321045365903314944
1321045381740974082
1321045462749716480
1321045481389129729
1321045489236594688
1321045497205854210
1321045531628625920
1321045585831596032
1321045653221494785
1321045660444069898
1321045684951371778
1321045986786029568
1321045990451908611
1321045998756651011
1321046038845771776
1321046292949307393
1321046344715407360
1321046412616998913
1321046438479089667
1321046479843319808
1321046483773411332
1321046484431810561
1321046660361916417
1321046726413877248
1321046735490326530
1321046780847546368
1321046800686526464
1321046812158025728
1321046934703034369
1321046961563328512
1321047019109208065
1321047225783472129
1321047338702483456
1321047378737115136
1321047463197921280
1321047556219117569
1321047569968091136
1321047587131215872
1321047666965549056
1321047738511958020
1321047750671245314
1321047788952686593
1321047835152912384
1321047984117874688
1321048086299480065
1321048126808010752
1321048239160889345
1321048356613877760
1321048362406346758
1321048487727820802
1321048529679233024
1321048682654031878
1321048763218186242
1321048933272006657
1321049000477257730
1321049000523505669
1321049000829579264
1321049306372001793
1321049341738524673
1321049503600967680
1321049511574331393
1321049780517298177
1321049800771575809
1321049918228803586
1321049944506159105
1321050181987667969
1321050258617651202
1321050291878375424
1321050325625769984
1321050361549959168
1321050482140450816
1321050660872343553
1321050751653847040
1321050842162552832
1321050917593096192
1321050968583213056
1321050996609585159
1321051061621268481
1321051371341271041
1321051441281290240
1321051517042847744
1321051548835815427
1321051564543496194
1321051591089311744
1321051617060413442
1321051620252286978
1321051625298022401
1321051666624487424
1321051719720120320
1321051726426886144
1321051734312210433
1321051753748508673
1321051826653958146
1321051827794837505
1321051860673961984
1321051865879093248
1321052030077730816
1321052031495348225
1321052098356805637
1321052158561832962
1321052307186962432
1321052335368491008
1321052355220148226
1321052392947961857
1321052435071311872
1321052451542343681
1321052669511933957
1321052684523286528
1321052702852472833
1321052737031802881
1321052744212467712
1321052771496431616
1321052783810850817
1321052786222600192
1321052944691847168
1321052958243590145
1321053064577585153
1321053085746237441
1321053157112295424
1321053161239531521
1321053162879492098
1321053206785544193
1321053235415834629
1321053246887235586
1321053248434962432
1321053257905614854
1321053276876509184
1321053298095542273
1321053359508508672
1321053366227787776
1321053403775193088
1321053424297889792
1321053473660669952
1321053516069281792
1321053547325251584
1321053548155752451
1321053616975872000
1321053631689482245
1321053660168835076
1321053708294234112
1321053762933448704
1321053767551373313
1321053801160335360
1321053811620876289
1321053823549452290
1321053830856003585
1321053855535243264
1321053966617235456
1321054028936155143
1321054033700737024
1321054033713352705
1321054048313876482
1321054081457311745
1321054157843910656
1321054224659042307
1321054271190781952
1321054299921752065
1321054356393861120
1321054385716240384
1321054508517122048
1321054533552885761
1321054561872859141
1321054567220600832
1321054740097224706
1321054868338081792
1321054902941044736
1321054916232753153
1321054921974779907
1321054994267840512
1321055065940107264
1321055105085513737
1321055141374709762
1321055180037726211
1321055183514832896
1321055217526460416
1321055240792297474
1321055274082439173
1321055291774017541
1321055326548955139
1321055338716663808
1321055364876554240
1321055399127191554
1321055464562561024
1321055551636283393
1321055630921240576
1321055657710276614
1321055736454090752
1321055740694417408
1321055769714974720
1321055794515873795
1321055816791764996
1321055882747219968
1321055882751418368
1321056013445980162
1321056200398671879
1321056252466733058
1321056301091348480
1321056365431955457
1321056391998689282
1321056393881931776
1321056479886061568
1321056548693676034
1321056549956177921
1321056634525913089
1321056673457414145
1321056719057858560
1321056736682381314
1321056738716639232
1321056804042870785
1321057008188084225
1321057025321848834
1321057076320309249
1321057085036089344
1321057148613332993
1321057161359822849
1321057361050640389
1321057464519925761
1321057515900198912
1321057573517316098
1321057666563776512
1321057816711450624
1321057838941249540
1321057841336274945
1321057974064975872
1321058040343396354
1321058103102705665
1321058116688060416
1321058118416125952
1321058223760265216
1321058284472799232
1321058302588080128
1321058350117912576
1321058510235439104
1321058636400132096
1321058639797538816
1321058639927513088
1321058640430796803
1321058642142105602
1321058646034468865
1321058669447053312
1321058672185925633
1321058701093064705
1321058703106215937
1321058706872741888
1321058724706979853
1321058726657335296
1321058754289426433
1321058757326098434
1321058759834136576
1321058765916065792
1321058768080281600
1321058788959522818
1321058794856656903
1321058845997830144
1321058847847534593
1321058881238376451
1321058881431314433
1321058886477062145
1321058898053386241
1321058904630042625
1321058919045828608
1321058929045053442
1321058932442497026
1321058932639617028
1321058941418246146
1321058972011560960
1321058977787031552
1321058988792885248
1321058992144191489
1321058994698489857
1321058998288830470
1321058998917976076
1321059025291796481
1321059025572823041
1321059028840140800
1321059034603073536
1321059060603592707
1321059067939360768
1321059068006572038
1321059068371374080
1321059070397145088
1321059071949197313
1321059072322449408
1321059074792775681
1321059074952212482
1321059075241570306
1321059092828475393
1321059120485748736
1321059139058094082
1321059144036732928
1321059147408953350
1321059147681615876
1321059171467481088
1321059171622682626
1321059187082874881
1321059206900764672
1321059206989053952
1321059211334291456
1321059224722485250
1321059225938894851
1321059234667266048
1321059239264210944
1321059242665803778
1321059265919045634
1321059268846604290
1321059270985715712
1321059271816011779
1321059275100348416
1321059277881180161
1321059292217311239
1321059293735587841
1321059293815283713
1321059295174209536
1321059318196801537
1321059325369065472
1321059338862157825
1321059339021463555
1321059346873262083
1321059356025249792
1321059356595703814
1321059383573360640
1321059387260231681
1321059408441417728
1321059444860604423
1321059475982344192
1321059481518747649
1321059489848692738
1321059516524486656
1321059526867648513
1321059537613398016
1321059540092231684
1321059542785007616
1321059546320830464
1321059547105107970
1321059552004083712
1321059554260590592
1321059569444048897
1321059571910221824
1321059579569053697
1321059581452341250
1321059607771553792
1321059629686636545
1321059633776238592
1321059650784165888
1321059668505092096
1321059673257185282
1321059673756356609
1321059674960089088
1321059701094830081
1321059710867484672
1321059734468861958
1321059745155948544
1321059758498000896
1321059766836383745
1321059780543336449
1321059810247352321
1321059813250531328
1321059829755092993
1321059864492298240
1321059882230046720
1321059903012622336
1321059906531872768
1321059908381478918
1321059945891172353
1321059956896968706
1321059958792900608
1321059964211859463
1321060003764146176
1321060014795218945
1321060027017449475
1321060041030541313
1321060046856425476
1321060046869045249
1321060052627869699
1321060064178962432
1321060082721918980
1321060083690840064
1321060089848078336
1321060104138117120
1321060108818911234
1321060115970142208
1321060119296253954
1321060121036902401
1321060123884900359
1321060123922571268
1321060125373849606
1321060128196616195
1321060173419585541
1321060225093349376
1321060235344302080
1321060239517622273
1321060268177346560
1321060270895149056
1321060284438614016
1321060285910835201
1321060309377994758
1321060315455459328
1321060342789742596
1321060348531773440
1321060352977678336
1321060366282088448
1321060371940212737
1321060386129457153
1321060405054197760
1321060414013276160
1321060415065989120
1321060421462274048
1321060442077319168
1321060443478200322
1321060444958851079
1321060491905687552
1321060524260499457
1321060534674956289
1321060539271942145
1321060557777215488
1321060623069970435
1321060650911698945
1321060666925613057
1321060714182811649
1321060744687964163
1321060751969320960
1321060788199710721
1321060790921736193
1321060825742909442
1321060828586647557
1321060838241783810
1321060840523493377
1321060884102422528
1321060968810631168
1321060975500513281
1321061022912962560
1321061029682548737
1321061032928923648
1321061038901571584
1321061058379980805
1321061061026549765
1321061063689994241
1321061066860875777
1321061087274557443
1321061087299719169
1321061089862451200
1321061093452689408
1321061100301873154
1321061114235506688
1321061154219765762
1321061188382478341
1321061204056514560
1321061226512814085
1321061228710690817
1321061232246476800
1321061246519648257
1321061251150131200
1321061272495050754
1321061273681932288
1321061297589538816
1321061299594366977
1321061301863485440
1321061337322106881
1321061355865075712
1321061368750051328
1321061369920262144
1321061370704678916
1321061378174713856
1321061397795643398
1321061400794595328
1321061441345064960
1321061450820014080
1321061464740749312
1321061498261770241
1321061536320917511
1321061556315213824
1321061568096907264
1321061583410352128
1321061599478689793
1321061636539559936
1321061672807735296
1321061706236350464
1321061706882310144
1321061724284456960
1321061744597520385
1321061756047941632
1321061790202142720
1321061802692775942
1321061804559212545
1321061809122648072
1321061823366483968
1321061839934005248
1321061844593893379
1321061856623079427
1321061863044587520
1321061891540688896
1321061934196789254
1321061938152046592
1321061972067143680
1321062001150484482
1321062109787074561
1321062140086800385
1321062146990657538
1321062175029530624
1321062177411837952
1321062190204350470
1321062194180771843
1321062194910552064
1321062212648185856
1321062289634697217
1321062294919458816
1321062305271001088
1321062319770771457
1321062342646484992
1321062359696289793
1321062360916860928
1321062369108336642
1321062371876589569
1321062381976489985
1321062391430455301
1321062403686256645
1321062413697953793
1321062427744702464
1321062430869512195
1321062435726524416
1321062440910639106
1321062442235998209
1321062445385998336
1321062464457498630
1321062467083128832
1321062480534265858
1321062485131206657
1321062507742699520
1321062555725561858
1321062558116315140
1321062576789377024
1321062577154260993
1321062591184146433
1321062593918808065
1321062604828278786
1321062608905056257
1321062655080177664
1321062724797911040
1321062726194524160
1321062729214382083
1321062730309120007
1321062731345096705
1321062732389445632
1321062736445358081
1321062737481355265
1321062768242532354
1321062784717803520
1321062811993313280
1321062828250451968
1321062837763133443
1321062840862679040
1321062843182129152
1321062849725243393
1321062853013577730
1321062854678642689
1321062858356998149
1321062861452365825
1321062864820469761
1321062866192011266
1321062868436090880
1321062872353484801
1321062874991730690
1321062894851817472
1321062908302925825
1321062913206005760
1321062917115121664
1321062925063327744
1321062930625036288
1321062944147460102
1321062955988013057
1321062959553126401
1321062962577231875
1321062981766098944
1321062993677979649
1321063000313417729
1321063004381814785
1321063013806428162
1321063077513711619
1321063103073832960
1321063120018821120
1321063133931360256
1321063149685116928
1321063153900376065
1321063186746007552
1321063191338692610
1321063198737502209
1321063263669489665
1321063314567385088
1321063326760185858
1321063350546145280
1321063351137542145
1321063355206041600
1321063370569764864
1321063372675260417
1321063388668219392
1321063408972738562
1321063433849241600
1321063442212626433
1321063494872113153
1321063510294646784
1321063531681320960
1321063542838222848
1321063543945441281
1321063546571075584
1321063550689968134
1321063556083818496
1321063573821493249
1321063574060650497
1321063583720054786
1321063588178649089
1321063623519801344
1321063694453870594
1321063714108440576
1321063731590275077
1321063736803811328
1321063748254244866
1321063766113636352
1321063769490051073
1321063771167752193
1321063799215038466
1321063804172730368
1321063811630178304
1321063834082250752
1321063839413272582
1321063841686573057
1321063845079715843
1321063894241206272
1321063905477775360
1321063918677204993
1321063930006020101
1321063932744863745
1321063935076950016
1321063955817783296
1321063961857531905
1321064010440212480
1321064013476843520
1321064036365144064
1321064072482377731
1321064088655548416
1321064119190069248
1321064120377106435
1321064121136226304
1321064122671353856
1321064138886598656
1321064190824583170
1321064196889595906
1321064249783963648
1321064262710808576
1321064270864486401
1321064276644319235
1321064293878681601
1321064309724766209
1321064346005475331
1321064363051024386
1321064366104547328
1321064371880153088
1321064381615058946
1321064399495434241
1321064402544721922
1321064407745634304
1321064438468907008
1321064440142405634
1321064506303389696
1321064521906180096
1321064546287656960
1321064574519513088
1321064596900368385
1321064611391721472
1321064626914811904
1321064633239822337
1321064695265140736
1321064727901065220
1321064730006560768
1321064757059870720
1321064771408547840
1321064800177315842
1321064823216611329
1321064826618159105
1321064848189509634
1321064849602945024
1321064872432513027
1321064875620208640
1321064936878051330
1321064987322916864
1321065010190311432
1321065025419837443
1321065046768799750
1321065064590462982
1321065073826242561
1321065082244206594
1321065082462359553
1321065093816266758
1321065094831329291
1321065098195148802
1321065112078290948
1321065130294157314
1321065142038204416
1321065142461882370
1321065236980506631
1321065238003941377
1321065271436730369
1321065276646064129
1321065280068636672
1321065358095253505
1321065381600124928
1321065401468522496
1321065404538802176
1321065405629288448
1321065430799319040
1321065452236394496
1321065488403828736
1321065560042622978
1321065572587753472
1321065598848278529
1321065602316963840
1321065608268730368
1321065613670961152
1321065630481715200
1321065650576654337
1321065658856181761
1321065667504865282
1321065684336582659
1321065703785594880
1321065744025702402
1321065753014116353
1321065758273789952
1321065789525528578
1321065818403360769
1321065819007320064
1321065832324177925
1321065868848226305
1321065871847182342
1321065884123910144
1321065901144395777
1321065906362089473
1321065907754590211
1321065908698337281
1321065921218301952
1321065945004150792
1321065974435618817
1321065975177949184
1321065976952217600
1321065989061136384
1321066003170840577
1321066003942563840
1321066014596075520
1321066021277630471
1321066046548299776
1321066046783131648
1321066064801910786
1321066074922573824
1321066081226756097
1321066085983129601
1321066097639116801
1321066099908247553
1321066100197654530
1321066101493637121
1321066116987424776
1321066150944477184
1321066158662045697
1321066210495180800
1321066210822443011
1321066218531553280
1321066220897095682
1321066225292763136
1321066272730341377
1321066281664192514
1321066299020201985
1321066361163026434
1321066366464643072
1321066383858376704
1321066394264444929
1321066418830479361
1321066455195070464
1321066457397080065
1321066459347509248
1321066496135733248
1321066508068507648
1321066548858130432
1321066555791343617
1321066573839425536
1321066581036834816
1321066585939939330
1321066586707513345
1321066593812729856
1321066596421586945
1321066596845211648
1321066616277315587
1321066616277340163
1321066616709214209
1321066616738713600
1321066617288167425
1321066618240356352
1321066618479403008
1321066620295409665
1321066631989252096
1321066636326146049
1321066687811211273
1321066712356261888
1321066766060163073
1321066812973469697
1321066813015416833
1321066834397958144
1321066859215671296
1321066877020524551
1321066880728260610
1321066884268134400
1321066897245229058
1321066902664417283
1321066908087627778
1321066941977681923
1321066946746634241
1321066947312816135
1321066958100566016
1321066958847135744
1321066975326572544
1321066985996853253
1321067003105431564
1321067020247617536
1321067028908748801
1321067051016966145
1321067126346649601
1321067133107920907
1321067139567157250
1321067143891423233
1321067155069276160
1321067172307881984
1321067172534362118
1321067184861446144
1321067194772525056
1321067225038655489
1321067230180814849
1321067235461529604
1321067241723645953
1321067266755203073
1321067277547151360
1321067281141686273
1321067304231358465
1321067341992677376
1321067349311655936
1321067357335408641
1321067368433569795
1321067371394641922
1321067372065792001
1321067438595837952
1321067488419975169
1321067490038943744
1321067506350653440
1321067508221255680
1321067563112157184
1321067594707816455
1321067597182455808
1321067610855903235
1321067619047395333
1321067621517852674
1321067636927680512
1321067638215319552
1321067644594905089
1321067662911438848
1321067676731584514
1321067711917641728
1321067731169533954
1321067748479434755
1321067760353333248
1321067762815520769
1321067764455411718
1321067786366525442
1321067805056372736
1321067809506512897
1321067825310666752
1321067848375111680
1321067853961924609
1321067866330959872
1321067878460915713
1321067881333952512
1321067883137519618
1321067896588673024
1321067897637294082
1321067901126934528
1321067902708207617
1321067910656368640
1321067939613782017
1321067942675648518
1321067943640420354
1321067952070938624
1321067965580775427
1321067969460473857
1321067980436942848
1321067986325852162
1321067995242921985
1321067996253720577
1321067996773830657
1321068000099897344
1321068035977990145
1321068055364018176
1321068060611063808
1321068060942491649
1321068060984434689
1321068076251701250
1321068077551943680
1321068083180564480
1321068087739822080
1321068089732177920
1321068089757360128
1321068092689207298
1321068109235687425
1321068117439766528
1321068138121863173
1321068141879984129
1321068146661511173
1321068149345832960
1321068152386686977
1321068161765122049
1321068180949901319
1321068188625440769
1321068207604666374
1321068213090897923
1321068216832110593
1321068218170167297
1321068218824429568
1321068237694664706
1321068244028002305
1321068261065240579
1321068269374263297
1321068300743434241
1321068301779427329
1321068304719613952
1321068309866074113
1321068310289633280
1321068319085121540
1321068323812069377
1321068327557627907
1321068346444570625
1321068363498618880
1321068381102026752
1321068381659930626
1321068392791580673
1321068396121714688
1321068401373138944
1321068404338470912
1321068408180531201
1321068409740763137
1321068434608820224
1321068436001345537
1321068439038005249
1321068443307749378
1321068448693264385
1321068463369183236
1321068474890858497
1321068480108613632
1321068485909295105
1321068486085455872
1321068490187513856
1321068490674065409
1321068510555103232
1321068511435915265
1321068514749329409
1321068517031071747
1321068520411725824
1321068533351129088
1321068533611114497
1321068537880973312
1321068554196844544
1321068556864393218
1321068567559897088
1321068576774696963
1321068579891093508
1321068593665220609
1321068601219207171
1321068616591249408
1321068622354259968
1321068625311244288
1321068625810378752
1321068626133352448
1321068626401808384
1321068636409352192
1321068638665953280
1321068652356096001
1321068657758404615
1321068671729586183
1321068673042391041
1321068675722608640
1321068685663080448
1321068686971645953
1321068700083040257
1321068702318678018
1321068717040689152
1321068723990597633
1321068725148258305
1321068730646933508
1321068733067075587
1321068739673161731
1321068760703340545
1321068764910276609
1321068777212153856
1321068781288984581
1321068786208985088
1321068786896801795
1321068788561924096
1321068798804398081
1321068811345342464
1321068815598452737
1321068825769631749
1321068835554951171
1321068839153639424
1321068847361830912
1321068849375096833
1321068853036810240
1321068865007329281
1321068872674541568
1321068874331262981
1321068885936902144
1321068895046979585
1321068905549516801
1321068907701129223
1321068907944464385
1321068916240769024
1321068921915645952
1321068924881031169
1321068927250796544
1321068934662074368
1321068935320653826
1321068941247193091
1321068947303792640
1321068948876611585
1321068953821732866
1321068955151290369
1321068962050957312
1321068963451838465
1321068963976151041
1321068975317491712
1321068986696609792
1321068989691367424
1321068997874458627
1321068999489323011
1321069016081989632
1321069037795889155
1321069040039809026
1321069047874834432
1321069049372155904
1321069052568195072
1321069057802670083
1321069059149078528
1321069071803256832
1321069073455865861
1321069079940243457
1321069081446014976
1321069086428811272
1321069096033832960
1321069100110618625
1321069103302483968
1321069110676127744
1321069112471310336
1321069127461675009
1321069146008858625
1321069146709381121
1321069147204194305
1321069148169003008
1321069148697448448
1321069152753377282
1321069162324742144
1321069164614668288
1321069165013323784
1321069165147496449
1321069166158352387
1321069169669001224
1321069169899720704
1321069182046375942
1321069184995020801
1321069193320681472
1321069203227615232
1321069208831221761
1321069216955551744
1321069219220475905
1321069221472882689
1321069222659821569
1321069223792300036
1321069240401743872
1321069240548544512
1321069240833761281
1321069265584312320
1321069281900142594
1321069282109829122
1321069306231312386
1321069310765371393
1321069313885982725
1321069334437990407
1321069346194677760
1321069363751956485
1321069372203520001
1321069373302386691
1321069379564482561
1321069399906914304
1321069412556918784
1321069434707025920
1321069435243892737
1321069436275707911
1321069441065590786
1321069445331169280
1321069470044094465
1321069470287384576
1321069471163965441
1321069481356075011
1321069485898539011
1321069488238833665
1321069495956475904
1321069501987827713
1321069505678893056
1321069518295343114
1321069528273555456
1321069528680402945
1321069529754206208
1321069533768093697
1321069545172488192
1321069547542237184
1321069548146200576
1321069561765122049
1321069571353305091
1321069573844701184
1321069576524910592
1321069585295134720
1321069586033319937
1321069589250322432
1321069591192346625
1321069593192996864
1321069594224840705
1321069597387333633
1321069606115618818
1321069609102041088
1321069619377917953
1321069625006792705
1321069636578877441
1321069643402981382
1321069647756742659
1321069649790812160
1321069649832873985
1321069651804200962
1321069661828632578
1321069672918298624
1321069680744943618
1321069695022321666
1321069705680093184
1321069709974999040
1321069715163385856
1321069715654123520
1321069731558969344
1321069738739535877
1321069740056600578
1321069746381611010
1321069756082958336
1321069767495684096
1321069768888254464
1321069770880503809
1321069775724990465
1321069779365568512
1321069779810164736
1321069786399444992
1321069786856673282
1321069808444690432
1321069810789343233
1321069814685798405
1321069815315005442
1321069833111412737
1321069854653325314
1321069864577060865
1321069869694144512
1321069883359199237
1321069884374208512
1321069884915273729
1321069887867990022
1321069888878702593
1321069897108148224
1321069901868638208
1321069907476267008
1321069907593842691
1321069919644114945
1321069925641953280
1321069929760755713
1321069929869791233
1321069957187293184
1321069958219051009
1321069958403534856
1321069958655258625
1321069971871416325
1321069979224199169
1321069979995934720
1321069980411187200
1321069987646328833
1321069988065775622
1321069999382036488
1321070003316248577
1321070007095382019
1321070010480107520
1321070028112957440
1321070028121362432
1321070034291171328
1321070038653276161
1321070046991495170
1321070049457823745
1321070051169095680
1321070054922964994
1321070068625776641
1321070076263583744
1321070083402334212
1321070087542083585
1321070089601486849
1321070090109001730
1321070106714148865
1321070123818590208
1321070128386236417
1321070130667794436
1321070135956983809
1321070160258781188
1321070160892055556
1321070162762760193
1321070173110083585
1321070175312060417
1321070179854491651
1321070184946421761
1321070191367913474
1321070198544281601
1321070209604689923
1321070224712601601
1321070230031028226
1321070237027045376
1321070241183633411
1321070243222069249
1321070246900453377
1321070254211170304
1321070254500532227
1321070254718652416
1321070267330908160
1321070267460890624
1321070276956823554
1321070290147880966
1321070298280677376
1321070311052369920
1321070316437819392
1321070318262329350
1321070329855356928
1321070343214292992
1321070343222603776
1321070346586492928
1321070350910803969
1321070352659894273
1321070353825890304
1321070371290992644
1321070374990286854
1321070381575393280
1321070383764807682
1321070385849393155
1321070388147818496
1321070391352320001
1321070391662526464
1321070394032402440
1321070401884168192
1321070408557154304
1321070413556944898
1321070418439163912
1321070425724563457
1321070432469028864
1321070434763313152
1321070438135549952
1321070438655602688
1321070440408895488
1321070442338263041
1321070465566363649
1321070474126856193
1321070480330280961
1321070489557704704
1321070513066856448
1321070550308003840
1321070554959486977
1321070564325339137
1321070601042350080
1321070607518388231
1321070619329548289
1321070627051196417
1321070652388974594
1321070653588516864
1321070655140438017
1321070655849308160
1321070657401217027
1321070657812209664
1321070666104426497
1321070668763537408
1321070703152680961
1321070705321168897
1321070706906570753
1321070712199794691
1321070727915839488
1321070734316326914
1321070747998179329
1321070748140785664
1321070749088686081
1321070749197676546
1321070749323567105
1321070769426833413
1321070770760650753
1321070777119158272
1321070779484774400
1321070796710838273
1321070804268961792
1321070823260803072
1321070839958278146
1321070855837880320
1321070885223211008
1321070889635631104
1321070905783656452
1321070915006980097
1321070920082034690
1321070921566818310
1321070924653875203
1321070925555605506
1321070935823306752
1321070948339036160
1321070950629187585
1321070972968030211
1321070979028865029
1321070992932933632
1321070995294375938
1321071003171196929
1321071006451224582
1321071052861120512
1321071054853443584
1321071057957232641
1321071062029897728
1321071064936599560
1321071078307991555
1321071079486640129
1321071080799424512
1321071096863641600
1321071098969075713
1321071099195592704
1321071101775122432
1321071102827921410
1321071104874733569
1321071108846723073
1321071109740077057
1321071118850150400
1321071132863324162
1321071137351225344
1321071139435794433
1321071156456284160
1321071176718843904
1321071183127785477
1321071188051955713
1321071203361165313
1321071214295732224
1321071215067496449
1321071216640299009
1321071234621317120
1321071239855808513
1321071250836541443
1321071263121580033
1321071278787362816
1321071307400880128
1321071317156827138
1321071320931749892
1321071326258450433
1321071338073825283
1321071346869248001
1321071355081744384
1321071365399695360
1321071385649815555
1321071401986654208
1321071403668484096
1321071421603328000
1321071429249605633
1321071429622861824
1321071431174815744
1321071446043611137
1321071449973673985
1321071453148794882
1321071465832325120
1321071482605391873
1321071494961729537
1321071513160847364
1321071540604194818
1321071549533880320
1321071555389067264
1321071560745230341
1321071570740273154
1321071584958992384
1321071587609759752
1321071592697454592
1321071603183177729
1321071612570030082
1321071629821202435
1321071640583802880
1321071649714651143
1321071650054402048
1321071683676098563
1321071683999014914
1321071700142940161
1321071700642062341
1321071721508753408
1321071728995557378
1321071731927339009
1321071749421764610
1321071762864590850
1321071767650263041
1321071780602220544
1321071789594841089
1321071819529572353
1321071821106663424
1321071825326088192
1321071839112814593
1321071845446135808
1321071850659729408
1321071862571507714
1321071871597707264
1321071876798619649
1321071879894032386
1321071880233779202
1321071883241070592
1321071891721977857
1321071896969072640
1321071898046980097
1321071904002813952
1321071922260725760
1321071924215164929
1321071927251914752
1321071928585687040
1321071941533532160
1321071956976947202
1321071960084930560
1321071998269870083
1321072002153807873
1321072019035820033
1321072020055068672
1321072032793153536
1321072035620102150
1321072040456146946
1321072042310017025
1321072043908124673
1321072049406779393
1321072053613662211
1321072061868027904
1321072062279176198
1321072066280493056
1321072082332098561
1321072087881129985
1321072092096434177
1321072113701314560
1321072116305928194
1321072144151793667
1321072147125686277
1321072151793930242
1321072172819902466
1321072182747893760
1321072185092485121
1321072187177140225
1321072190939369472
1321072207615975425
1321072210132553730
1321072212577845249
1321072221503279105
1321072226997800961
1321072233171820546
1321072233931034625
1321072238557384706
1321072242642608130
1321072255342882816
1321072277195284480
1321072286024278016
1321072288108744704
1321072299727065094
1321072301794856961
1321072317737406464
1321072321369677824
1321072376856170499
1321072377418125312
1321072387929055232
1321072408409841665
1321072418153222146
1321072426776551425
1321072444610908160
1321072445571407873
1321072450034192388
1321072454031319041
1321072458791849986
1321072475346767873
1321072480606445570
1321072493386473472
1321072496716730374
1321072516937428994
1321072547111358466
1321072589243121665
1321072605957410817
1321072624563376140
1321072650924498944
1321072661301256194
1321072670063165442
1321072670696419331
1321072673036918785
1321072675431895040
1321072681630998530
1321072691261149186
1321072713851719686
1321072714178830338
1321072715915284480
1321072723460804609
1321072753953411075
1321072760894951424
1321072761452855296
1321072765445746689
1321072766704062464
1321072767421304833
1321072826812608513
1321072831015358472
1321072857703686144
1321072886275256321
1321072889920212998
1321072893367898118
1321072898380058624
1321072899118215169
1321072900879847424
1321072922874839050
1321072932915945473
1321072936950898688
1321072949382815745
1321072950653734912
1321072954206228480
1321072969167286272
1321072971805503490
1321072986762391554
1321073005297098752
1321073027589775360
1321073035978395648
1321073052923449346
1321073066672357378
1321073078596751361
1321073088860164097
1321073098767192064
1321073105540960256
1321073122511081472
1321073124935405571
1321073125501657089
1321073133307252736
1321073137853890561
1321073149853708288
1321073179377475585
1321073186440646656
1321073187141099522
1321073190999904258
1321073257446051841
1321073263603294211
1321073283241050112
1321073286386733062
1321073288098029571
1321073291776450562
1321073293852581890
1321073305936343042
1321073306183806977
1321073306385195008
1321073316682211328
1321073328917012480
1321073331819470849
1321073342540062721
1321073344922460161
1321073357694095361
1321073387008106496
1321073389952487426
1321073410970181634
1321073411263762432
1321073414640193536
1321073420680003584
1321073421598425089
1321073426870661123
1321073439013326852
1321073446693048320
1321073465038983174
1321073474752913409
1321073488870936583
1321073491773476865
1321073495342780417
1321073523947962368
1321073545401782272
1321073573205868544
1321073578855534592
1321073591388196866
1321073598073868288
1321073606953226240
1321073610715529217
1321073635193425920
1321073636573327363
1321073646635520001
1321073664163536896
1321073670199062529
1321073673848057857
1321073674359730183
1321073724662206466
1321073735869366272
1321073736368459778
1321073754735366147
1321073775425789957
1321073775442616321
1321073779041337344
1321073783734677505
1321073805016662019
1321073812331499520
1321073852659703809
1321073856300392449
1321073866941341697
1321073892132347904
1321073895357747200
1321073898813902848
1321073922280988675
1321073927670632448
1321073932758384642
1321073934863917057
1321073937078431744
1321073948474462211
1321073951561449473
1321074004225130497
1321074025850916864
1321074033211985922
1321074033971073027
1321074036416356355
1321074039079796741
1321074046696640520
1321074047824920576
1321074091760230400
1321074097393225729
1321074135095795714
1321074149973020672
1321074160202878978
1321074167861575687
1321074168364847105
1321074169706995714
1321074169832861696
1321074170793467908
1321074171959455745
1321074172945072128
1321074173939118081
1321074184609501184
1321074205941780481
1321074210811379712
1321074225273315328
1321074226498064386
1321074231141109760
1321074255082196998
1321074273100959745
1321074296391958528
1321074298463887360
1321074303140564992
1321074324313411585
1321074344643170310
1321074349206609921
1321074355879792640
1321074356353748992
1321074359818166277
1321074372002652161
1321074381922226178
1321074391397113857
1321074400515543041
1321074408530812930
1321074410997112835
1321074418202767360
1321074452327813120
1321074459655213058
1321074460066304001
1321074472728825856
1321074482648354820
1321074491884244993
1321074499882803201
1321074505310154753
1321074506774040576
1321074523697983488
1321074532476768256
1321074533483368449
1321074544468234241
1321074561366986752
1321074571362127872
1321074576844087297
1321074613581946882
1321074620603244545
1321074623358840833
1321074624906600448
1321074647199264769
1321074655042637824
1321074661661310978
1321074669961633792
1321074676853022722
1321074684167778304
1321074693802217472
1321074703281377281
1321074706531930113
1321074715285458944
1321074717370044417
1321074719689494529
1321074740728074242
1321074747489267715
1321074765319360513
1321074766258659329
1321074791814733825
1321074794725576705
1321074835695558656
1321074866678804481
1321074871426863105
1321074876145422336
1321074913898303493
1321074915160825856
1321074944571248640
1321074967728033794
1321074973352599553
1321074999982231558
1321075010711232512
1321075017766051840
1321075017833238528
1321075049454067713
1321075057037377537
1321075076184289284
1321075078965219330
1321075121570959360
1321075158258536448
1321075173269884929
1321075181192970240
1321075188595785730
1321075191871582208
1321075196850298886
1321075228785709056
1321075233844088833
1321075247416750085
1321075259328647170
1321075269365649408
1321075293117947905
1321075307370192897
1321075307743465473
1321075308552953857
1321075327414751232
1321075327548952577
1321075345349627906
1321075363397668864
1321075363641020416
1321075373090562048
1321075383270318080
1321075384276996096
1321075405063860229
1321075426664460288
1321075445861896194
1321075446742593536
1321075479999356929
1321075482675347459
1321075488606113793
1321075489285591040
1321075498496204800
1321075501738434563
1321075517408366593
1321075537507438593
1321075572680908803
1321075574488604673
1321075582495526912
1321075595170746369
1321075622349856770
1321075628301574151
1321075635553398785
1321075643770163210
1321075646907486209
1321075660245340167
1321075682898792449
1321075686082301956
1321075686308749312
1321075693434920960
1321075697847312384
1321075712569282566
1321075777006350338
1321075777077731328
1321075777207701506
1321075781792075776
1321075784774230017
1321075786888204289
1321075814092472320
1321075814172033025
1321075841242157057
1321075882749005826
1321075895449325571
1321075895885582337
1321075898179792896
1321075898217615361
1321075910343335937
1321075946724745216
1321075950101155843
1321075961920688128
1321075995928076290
1321076002890649608
1321076005298200576
1321076017054797824
1321076034603798528
1321076035065049089
1321076062093193216
1321076071790501889
1321076102937382912
1321076107823796224
1321076117869154304
1321076118502494208
1321076118984818692
1321076120519921669
1321076128774266880
1321076132540801025
1321076133488676864
1321076134709178370
1321076137154498564
1321076154426642433
1321076157840842753
1321076164056748035
1321076169790365698
1321076170444673025
1321076183333773312
1321076185003134978
1321076212333191170
1321076228091219968
1321076254569877505
1321076269044371457
1321076270529155072
1321076295388794880
1321076325449371649
1321076356323704833
1321076363676311553
1321076367413415941
1321076374321401857
1321076414586769410
1321076423822553090
1321076448975822852
1321076457662222336
1321076488301694976
1321076497214513152
1321076515056971778
1321076518127308801
1321076544945721345
1321076553330151425
1321076567565430789
1321076570317070337
1321076589287845889
1321076589422170113
1321076592148385795
1321076594975395842
1321076627527192576
1321076627879665666
1321076629238620163
1321076638088658944
1321076646137520129
1321076646955417601
1321076652131160066
1321076652206706691
1321076672234430465
1321076677313777672
1321076696595005443
1321076714009698304
1321076734083665923
1321076737401327617
1321076743755673601
1321076749086720000
1321076759354368000
1321076762856620039
1321076767667507201
1321076783622557705
1321076793001037827
1321076805093175297
1321076811812536320
1321076845299773445
1321076861263335424
1321076873095487489
1321076876039868419
1321076883635773442
1321076888794705921
1321076891730792450
1321076905957859335
1321076945824714752
1321076949809303553
1321076954980851714
1321076993027379201
1321077000631713792
1321077019095027713
1321077042188865536
1321077144169177088
1321077158752768002
1321077159537102848
1321077164717035520
1321077178574974976
1321077191917129734
1321077194496581633
1321077211626115072
1321077220782280704
1321077259403481091
1321077262293368834
1321077263207747584
1321077272372252672
1321077274842714112
1321077281629085697
1321077286846824448
1321077287530467329
1321077330308116481
1321077368128212994
1321077375669538820
1321077376911028227
1321077380841148417
1321077395491835904
1321077403125428224
1321077407810523136
1321077410574536706
1321077429490896901
1321077449707474944
1321077450328125450
1321077483115061248
1321077504350801921
1321077510084374528
1321077518049415168
1321077525360029706
1321077531861258242
1321077550442053637
1321077574487941121
1321077583686098944
1321077588236947459
1321077598013841409
1321077614648434690
1321077637066952706
1321077647108177932
1321077659628113921
1321077670155870209
1321077681568550914
1321077688082305024
1321077689533411328
1321077693098635264
1321077704884547588
1321077731136884736
1321077732328067072
1321077747033276418
1321077793308975105
1321077803018817537
1321077832185950208
1321077845121183744
1321077867485298688
1321077898187603969
1321077912733450240
1321077915212271619
1321077915807813638
1321077938369024001
1321077940935950339
1321077941229572100
1321077941288095745
1321077941569228801
1321077941783187462
1321077971638247425
1321077981280903171
1321077984200110080
1321077987505278976
1321077988096724993
1321077990822957056
1321077999383564288
1321078025350533122
1321078032136835073
1321078037086150656
1321078039413956608
1321078050218528768
1321078057797623813
1321078076772618240
1321078078454587392
1321078080774037507
1321078082107748352
1321078083210924033
1321078084024631303
1321078091104604162
1321078099824574464
1321078100923437057
1321078108880031748
1321078110092222466
1321078135912304640
1321078138269536258
1321078146557509632
1321078154031751168
1321078178484490241
1321078197207900160
1321078202257805318
1321078211325906945
1321078218942763010
1321078264115482627
1321078300912029703
1321078364959027200
1321078372596961281
1321078418713251841
1321078434194464769
1321078438069940224
1321078444743077888
1321078471452463104
1321078497373265920
1321078514485993479
1321078518130876416
1321078564381491201
1321078564415066112
1321078583222218752
1321078590046392321
1321078614385922049
1321078626092224513
1321078689560432642
1321078692110630914
1321078694920790018
1321078710699778048
1321078721638469637
1321078732761812994
1321078742479970304
1321078782116114437
1321078794921410561
1321078807084863488
1321078826005385217
1321078870225915904
1321078876320210944
1321078896201261056
1321078901880348672
1321078901993594882
1321078939696115713
1321078955567439872
1321078971862261761
1321078987536404481
1321079002245828608
1321079009317408773
1321079053743509505
1321079055228305410
1321079061586870274
1321079073712517123
1321079074236846083
1321079088191361024
1321079102636544000
1321079102762266624
1321079114711945217
1321079162879332354
1321079165228060672
1321079172987498498
1321079182777077762
1321079188342845440
1321079206349017089
1321079228947976202
1321079233750487041
1321079234304135169
1321079244487749635
1321079249202253825
1321079259188920328
1321079264142413824
1321079266331758592
1321079278910492673
1321079281066323970
1321079284497264640
1321079310581682176
1321079334162104320
1321079378349117440
1321079383633920001
1321079384955039750
1321079390856425480
1321079400201412608
1321079425295933440
1321079427917336577
1321079447567609856
1321079456648355845
1321079462046371841
1321079478764871681
1321079487866544135
1321079504115277824
1321079522960297990
1321079526177329153
1321079551959728129
1321079559178117120
1321079559328989189
1321079571479932929
1321079573912657920
1321079577117155328
1321079597497118720
1321079607202820104
1321079632276455426
1321079637133479937
1321079647673716738
1321079681530155009
1321079705899061249
1321079718037377025
1321079772747833344
1321079785322414081
1321079824652374022
1321079826384670721
1321079832478961666
1321079836786397184
1321079839349112834
1321079874120011778
1321079879689998337
1321079884068933632
1321079885134266371
1321079889844461569
1321079920815181825
1321079937034571779
1321079957301403649
1321079959054594050
1321079967241949185
1321079969267798017
1321079980256886789
1321079987659808768
1321079995025018881
1321080013433806850
1321080014029410304
1321080034950582272
1321080051434196993
1321080056144449536
1321080070694440960
1321080078709772291
1321080084359467014
1321080094765535233
1321080096845975552
1321080114470420481
1321080116101943298
1321080131503443973
1321080140919615489
1321080184284565509
1321080187501641728
1321080194862620674
1321080246272167937
1321080266602020864
1321080293638459394
1321080317747318784
1321080352698519557
1321080354581680128
1321080382578675714
1321080402765860865
1321080404632313856
1321080420046393346
1321080437247193090
1321080451994427393
1321080460743741441
1321080466556874753
1321080467970543617
1321080488669384704
1321080495887863813
1321080507103326208
1321080526644617217
1321080601261285382
1321080628771803136
1321080644009644032
1321080684421750786
1321080693766631425
1321080729862885382
1321080752889647104
1321080774569897990
1321080775543037954
1321080783512227845
1321080784703442951
1321080795264700417
1321080798582288384
1321080859450134530
1321080872905428994
1321080882405531648
1321080958788009987
1321080966757175297
1321080978874531840
1321080990261981185
1321080991079976968
1321081030250532867
1321081031932452864
1321081041688342531
1321081050815188996
1321081069341450241
1321081089264373760
1321081094251446272
1321081134957166592
1321081156067012608
1321081161775546368
1321081181610348545
1321081209578004481
1321081212195250178
1321081239596617735
1321081287243976705
1321081326641074184
1321081333955919873
1321081347528708098
1321081362934308866
1321081376129634304
1321081402436259842
1321081402696343552
1321081406169165824
1321081414062874628
1321081435143475200
1321081439706845184
1321081452252045314
1321081464549683213
1321081481008173056
1321081502378188800
1321081506270453761
1321081509764358144
1321081510351507459
1321081548335177734
1321081573937238017
1321081576059449344
1321081630468046852
1321081640089751557
1321081662529294337
1321081711048953857
1321081715755016195
1321081715893424132
1321081716568543233
1321081717264805888
1321081717545934848
1321081719102078983
1321081719777230849
1321081720465141760
1321081722805649409
1321081729352871937
1321081732460908545
1321081741713547265
1321081752035708928
1321081754007019521
1321081758557888513
1321081758868295682
1321081763117096963
1321081777759391744
1321081783723634690
1321081787125276672
1321081823586373634
1321081829122854913
1321081857925152770
1321081858050895875
1321081906927198211
1321081911771570182
1321081918549643280
1321081928225824771
1321081934991249410
1321082013881901056
1321082039513292802
1321082052641460230
1321082059989897218
1321082067023745024
1321082069020217346
1321082080936316928
1321082103686066177
1321082122145308674
1321082215606951943
1321082249153044490
1321082251141091329
1321082258594451456
1321082260297310208
1321082265414369281
1321082271454154753
1321082274528530432
1321082288545894400
1321082299895717891
1321082309345509381
1321082314638692352
1321082320359727104
1321082367411425281
1321082383442083840
1321082393562910720
1321082404862394369
1321082407261556736
1321082428883111938
1321082461292560385
1321082461351272448
1321082475871899648
1321082492095516673
1321082507408904194
1321082529013731329
1321082536852938764
1321082550966767618
1321082573255225345
1321082575276937218
1321082637935644672
1321082648102580228
1321082686279208961
1321082689336860677
1321082708118953985
1321082733410557952
1321082758605737984
1321082773449265154
1321082775810834434
1321082788318187520
1321082795150757888
1321082837366431744
1321082868676919297
1321082894245310466
1321082895327465474
1321082905721012224
1321082953762545665
1321082956539113473
1321082974356471808
1321082974419365889
1321082988776591360
1321082994447339522
1321082997739868162
1321082997945344007
1321083011568459776
1321083027477434368
1321083034624548866
1321083036138573824
1321083047295504384
1321083078576611331
1321083112609251331
1321083136290263044
1321083144515235840
1321083183979520000
1321083204892266499
1321083225721233408
1321083232876724226
1321083234038501376
1321083247959355393
1321083257157570561
1321083294038007809
1321083340599054338
1321083361708879873
1321083366410723329
1321083384312057857
1321083402636898306
1321083437651025922
1321083438577975296
1321083443443310593
1321083450858872838
1321083491652493312
1321083503774228485
1321083507989454853
1321083527421661187
1321083547969617923
1321083549378842624
1321083557834612736
1321083559705223172
1321083569356328965
1321083569511555074
1321083570350395393
1321083588524335106
1321083601572765697
1321083611819499520
1321083638491029504
1321083644233076736
1321083663526907917
1321083669142974468
1321083683542048769
1321083726651154432
1321083755625402368
1321083758020349953
1321083781126782976
1321083821719244801
1321083837741436929
1321083845916139524
1321083865172246530
1321083873124560905
1321083879357255680
1321083889981427713
1321083900534272000
1321083903000629248
1321083946910830595
1321083973066461184
1321083977311096832
1321083994423857157
1321084013797400576
1321084028242612227
1321084046378749952
1321084069543903237
1321084076586160128
1321084084098158595
1321084106290200576
1321084110262181890
1321084139332902922
1321084140486316033
1321084156621819905
1321084166591729665
1321084168407797761
1321084180265115649
1321084193384861696
1321084232400207873
1321084232614047744
1321084232635195393
1321084232756654081
1321084235562864646
1321084239316721664
1321084267594719236
1321084267909316609
1321084273387020289
1321084290361397248
1321084294455021568
1321084311232221186
1321084326675685376
1321084333948608515
1321084407797731329
1321084413455880192
1321084454094426113
1321084461249929224
1321084465070940160
1321084471752429568
1321084492262625280
1321084511531225090
1321084521689894912
1321084548327841798
1321084567667748866
1321084590224793601
1321084590845501445
1321084607383699460
1321084674073047051
1321084680041598982
1321084707690450945
1321084714166398984
1321084729769283585
1321084735733596166
1321084744017170432
1321084825042903043
1321084831409803266
1321084847197138947
1321084852737843201
1321084880944594946
1321084900234170369
1321084902218018825
1321084927799103489
1321084931850801153
1321084938821750785
1321084945259991040
1321084962389532672
1321084964704821255
1321084972577546242
1321084978172731394
1321084988821913600
1321085004773023747
1321085033604620289
1321085039933857793
1321085041187917824
1321085052583903238
1321085090735267840
1321085101619453952
1321085127552913408
1321085127561236480
1321085197874536451
1321085218086916104
1321085234876657666
1321085248269144068
1321085258050187264
1321085259644063747
1321085284285636609
1321085306880159744
1321085333203767299
1321085346893934597
1321085373494161408
1321085375985537024
1321085399012433921
1321085403814875136
1321085431874662402
1321085443430109185
1321085462208040961
1321085471791976451
1321085471930355715
1321085490766979075
1321085491534565376
1321085502875930630
1321085523847335938
1321085524719915014
1321085539051819008
1321085577018695683
1321085589647753216
1321085603686002695
1321085640935501824
1321085643838181378
1321085667485622273
1321085693129609216
1321085699903336449
1321085719121694721
1321085743314407425
1321085744233021442
1321085747080892418
1321085816555380737
1321085829670981637
1321085899233439764
1321085903054491651
1321085990904254464
1321085994016198656
1321086009447272449
1321086042460594176
1321086050446548996
1321086068607897607
1321086072852500480
1321086072961552384
1321086111364587525
1321086116028682241
1321086126573178883
1321086130272505863
1321086145262997504
1321086177487822852
1321086183221415943
1321086188707598337
1321086201240133638
1321086208399839232
1321086209196777472
1321086210845122563
1321086215563714564
1321086245393620997
1321086258832171009
1321086285575061507
1321086292097159169
1321086331779428354
1321086368760606723
1321086372120305664
1321086440466452483
1321086455431704578
1321086480907907076
1321086495881596930
1321086496582094849
1321086514168799236
1321086521546543105
1321086525560541185
1321086532791504899
1321086557265297410
1321086572289232898
1321086587875270660
1321086591822110721
1321086623711453187
1321086627784101894
1321086630153867266
1321086630258757632
1321086705638756352
1321086714492997632
1321086721983942656
1321086763037843456
1321086764942020611
1321086771841683461
1321086818796920832
1321086848064802817
1321086849918685186
1321086850379952131
1321086879966650372
1321086894453739527
1321086894608928774
1321086915634933760
1321086955929690112
1321086960107163649
1321086968474836992
1321086972639825922
1321086981611393033
1321086983851180034
1321086984207650824
1321086994366271492
1321087023957102598
1321087025345449984
1321087038767157248
1321087052520263680
1321087055615664129
1321087061236002821
1321087065086480387
1321087089958703106
1321087117267738627
1321087176726220807
1321087191456632832
1321087202080759815
1321087217662656512
1321087236511830017
1321087246313922565
1321087260448751617
1321087271391645702
1321087294011564033
1321087307445948417
1321087323287814145
1321087323434528770
1321087331575750657
1321087335145103361
1321087346226434053
1321087355097403394
1321087371316744194
1321087384117776387
1321087422827057155
1321087423636512769
1321087452224905224
1321087460613459975
1321087476132421633
1321087515273633799
1321087561910145024
1321087570672033807
1321087614754148354
1321087622891143169
1321087642637881353
1321087661633904655
1321087671180136460
1321087709285355522
1321087748841885696
1321087773093277696
1321087781582573568
1321087806014455810
1321087806240940038
1321087814591750145
1321087840164450305
1321087841049452544
1321087856253816835
1321087856887140354
1321087865305092098
1321087870292152323
1321087873005879296
1321087876520677377
1321087876994576386
1321087879033081856
1321087893755101186
1321087917243195393
1321087935383523329
1321087940865511425
1321087980304506881
1321087995693486088
1321088004799299587
1321088007303274497
1321088010952257542
1321088029117788161
1321088053453197313
1321088057265819650
1321088083799003139
1321088119727378432
1321088119966412804
1321088133576990722
1321088135258918914
1321088140006678528
1321088142183714816
1321088151184646144
1321088157534867457
1321088222391422977
1321088223016374272
1321088232646496261
1321088242737991682
1321088248572223490
1321088255903830016
1321088287394746370
1321088311931379718
1321088312598286337
1321088320596856834
1321088331443261449
1321088342415560706
1321088372870361092
1321088383507140609
1321088411139264513
1321088415610359808
1321088417082626050
1321088452629270528
1321088461332455428
1321088471126126593
1321088481993674754
1321088503690743811
1321088544224497669
1321088562276741124
1321088563929403392
1321088564650803200
1321088568907976707
1321088603611680768
1321088615913525248
1321088636536979457
1321088646594859009
1321088650185035776
1321088668589842441
1321088683315990533
1321088684863750146
1321088720670494723
1321088728262189057
1321088734171901954
1321088739637137410
1321088755831365633
1321088759669075971
1321088770754650115
1321088789536776194
1321088792904798212
1321088797271072772
1321088808834768896
1321088831194566656
1321088879072550914
1321088879122960385
1321088895883292673
1321088898760609795
1321088907535097856
1321088935297196035
1321088939231465475
1321088952946855937
1321088963298340864
1321088964292448258
1321088976674017281
1321088992910151685
1321089008613658625
1321089021406334979
1321089032420548609
1321089047104753665
1321089055128539138
1321089055887675393
1321089059238907904
1321089072325185537
1321089072463577095
1321089080403308547
1321089081246392323
1321089088250892291
1321089098724069380
1321089118437363713
1321089122996506624
1321089165925240835
1321089198259097602
1321089206995849218
1321089230286802954
1321089238335709184
1321089254756405250
1321089266038915072
1321089266848464896
1321089267318153216
1321089268857540608
1321089268962316288
1321089268995993600
1321089271093207047
1321089271504146432
1321089276759724032
1321089280186474499
1321089283005054976
1321089337203789826
1321089345307267079
1321089378618347520
1321089383685070850
1321089395508809731
1321089419785494532
1321089431571435520
1321089435778322432
1321089439087665153
1321089441247711235
1321089462248636419
1321089496478339073
1321089500441882624
1321089502744662026
1321089517953101825
1321089537259544576
1321089547409772555
1321089551343984640
1321089561238376452
1321089569773813761
1321089589260521474
1321089629236449285
1321089630842867716
1321089635263614978
1321089651969544196
1321089670353195013
1321089700891865090
1321089713650978828
1321089754276995076
1321089759880585216
1321089763047297024
1321089766180462592
1321089768197861376
1321089771129708547
1321089772664823812
1321089813227909120
1321089828507844618
1321089889061011459
1321089889790812168
1321089900280713216
1321089904940589058
1321089913081729025
1321089922523144194
1321089966181679104
1321089986687606787
1321089989233594371
1321089990009475080
1321090007021531136
1321090018514001920
1321090042610200582
1321090044602556419
1321090064324186114
1321090076395405313
1321090085186621443
1321090103817719819
1321090113074532368
1321090135610576904
1321090139062444034
1321090163104194560
1321090166392586242
1321090233589518343
1321090236013776897
1321090241550258178
1321090246801543169
1321090266581913600
1321090280708284422
1321090302430613504
1321090305148493827
1321090305622482948
1321090309175037954
1321090309380624385
1321090325427965952
1321090365944975360
1321090399356755968
1321090400396943365
1321090401340706824
1321090402791940102
1321090408731103232
1321090414431113221
1321090436111519746
1321090460199374852
1321090462007152643
1321090485793017861
1321090491564367872
1321090498036142083
1321090504134635520
1321090521079709696
1321090529300537346
1321090567351271429
1321090567527432196
1321090574741606401
1321090588016545793
1321090623701745666
1321090629737291778
1321090633617022976
1321090689409687554
1321090763829161985
1321090786495266818
1321090827603554304
1321090833953787905
1321090846448562176
1321090855982272514
1321090913427464194
1321090914295623680
1321090949003595778
1321090950295441412
1321090955437576194
1321090962408546308
1321090965822648326
1321090987490496513
1321090990837534725
1321091003831517184
1321091005974720513
1321091007618945025
1321091018209533955
1321091039608905729
1321091051453616128
1321091059536011286
1321091064820846600
1321091065282240519
1321091075650527235
1321091090963927041
1321091091723157505
1321091101969833987
1321091120835809280
1321091142088359942
1321091162887933956
1321091187223240705
1321091190251524098
1321091190633234432
1321091198937899017
1321091204315074561
1321091217342504961
1321091218516959232
1321091242537701377
1321091248451706883
1321091250515251203
1321091260271251462
1321091269762912257
1321091298728775685
1321091325220036608
1321091339233185796
1321091353334435843
1321091401095012354
1321091405746491394
1321091425367412739
1321091434221604864
1321091448108994560
1321091450554208268
1321091476072390659
1321091478576418816
1321091508842516481
1321091554661044224
1321091557164986369
1321091560667303938
1321091561158070274
1321091568334446593
1321091576714743816
1321091632914194437
1321091646612787201
1321091647296413700
1321091664501420034
1321091672818786306
1321091673708003335
1321091681316425730
1321091695061147649
1321091706612310017
1321091716686974978
1321091718301818881
1321091727835451393
1321091760353927169
1321091767085748224
1321091769635844100
1321091770931924994
1321091779194703875
1321091782180917249
1321091796517195779
1321091798547238912
1321091802963812353
1321091808273801220
1321091827190083587
1321091828918198272
1321091841769541646
1321091854310481930
1321091874430570498
1321091874439024643
1321091890939367425
1321091891002286090
1321091898275221507
1321091915471818753
1321091919552929799
1321091922438606854
1321091925919866886
1321091934367174656
1321091937596788739
1321091940683816962
1321091946622996485
1321091947080130561
1321091964398350340
1321091969796505607
1321091975823663106
1321091981251170304
1321091991741075459
1321092016034467843
1321092042617925633
1321092064059281409
1321092068262006789
1321092107591913476
1321092109051568144
1321092115707867140
1321092117675057154
1321092133168812035
1321092142027182083
1321092144053051394
1321092155130191875
1321092155738329088
1321092163640397825
1321092198004346880
1321092205621239813
1321092212386631681
1321092216987754504
1321092224134905857
1321092225716178950
1321092231386845187
1321092235551801347
1321092254375780352
1321092275691278336
1321092276173623304
1321092301096181775
1321092313834233857
1321092317537849353
1321092326131961858
1321092355366281217
1321092361414418435
1321092371321393152
1321092418377310211
1321092424140206080
1321092427529281536
1321092446730752002
1321092447800315907
1321092448148480000
1321092480264216576
1321092481690251268
1321092511549526017
1321092523222323201
1321092537277440008
1321092550393036800
1321092565618331649
1321092582508793860
1321092604604391426
1321092610400931842
1321092616809840643
1321092624816709633
1321092637865267204
1321092655552602113
1321092661445644290
1321092663811125252
1321092664553545730
1321092665459527681
1321092691632050187
1321092709399101447
1321092714578980864
1321092725974929409
1321092742454353926
1321092753556647938
1321092757545508867
1321092765665677316
1321092793046097920
1321092830018834432
1321092830555680774
1321092831851761668
1321092873878720515
1321092877284507653
1321092889062055938
1321092897035485186
1321092926013906949
1321092930329870336
1321092954321276933
1321092966010769414
1321092974630064129
1321092995949731848
1321093034386345994
1321093040732315649
1321093041285963777
1321093056255430660
1321093078745260033
1321093079642918912
1321093079789670402
1321093093844754433
1321093099511304192
1321093101881012226
1321093104057942016
1321093118536650752
1321093124635189249
1321093141424971778
1321093162706849793
1321093276057874433
1321093282710102019
1321093287244107776
1321093324825153550
1321093334140596226
1321093344894865410
1321093359419723782
1321093380630347783
1321093401543102468
1321093408354689025
1321093429380734979
1321093440864686081
1321093458304606211
1321093477606764546
1321093482296037384
1321093510297231362
1321093515582054409
1321093533210677252
1321093533328117760
1321093534007648263
1321093550549905409
1321093552751976450
1321093559508963328
1321093560977051648
1321093593835208709
1321093667386499073
1321093677930868736
1321093679084408832
1321093680363642882
1321093681487572993
1321093682448138240
1321093686701285378
1321093691524714498
1321093699506479109
1321093712156545024
1321093739364888579
1321093744964358144
1321093750635008002
1321093768737599488
1321093801172226050
1321093836236595202
1321093874882875392
1321093888602505217
1321093943245869057
1321093944021864451
1321093951760306178
1321093973629456393
1321093988661841926
1321094000196145156
1321094016495222791
1321094065719488515
1321094078755426306
1321094120522289154
1321094140181008385
1321094161542635522
1321094165447561216
1321094191410237441
1321094198699970562
1321094201929551878
1321094204584566784
1321094211647737858
1321094228454395906
1321094257273458688
1321094262285623299
1321094269386588160
1321094286646149121
1321094298918658048
1321094298935255040
1321094299044499457
1321094299145129987
1321094299212148736
1321094314391408640
1321094317507776520
1321094340043833344
1321094356888145921
1321094364064632833
1321094389935071233
1321094403323211776
1321094403432292352
1321094405017817089
1321094412097769491
1321094430959554566
1321094433455169541
1321094453919129600
1321094467982708736
1321094476975251464
1321094483220549634
1321094486416592897
1321094487641378822
1321094492901068803
1321094498101977088
1321094501570646017
1321094520717647873
1321094529882218498
1321094571170975744
1321094592708694020
1321094604091985922
1321094604574330880
1321094665567952896
1321094689815252994
1321094691203461127
1321094701093687298
1321094743993032704
1321094752595513345
1321094764729716736
1321094766709407746
1321094792173047809
1321094820883030018
1321094841791598598
1321094850670977033
1321094858271002632
1321094858510114817
1321094892341395469
1321094955658579972
1321094957139169280
1321094960360415233
1321094975585685505
1321094986268610567
1321094997702266884
1321095013904928775
1321095025015574530
1321095031428710404
1321095084339810307
1321095089968582656
1321095090878713856
1321095097023369219
1321095129051049987
1321095187343544326
1321095202392690689
1321095211494330368
1321095220231098373
1321095221799772165
1321095266330619906
1321095279374929922
1321095285192482821
1321095298006003720
1321095299432108034
1321095308491792386
1321095334479757324
1321095346836148232
1321095365702156290
1321095379736211457
1321095388582072321
1321095404235218950
1321095414981005314
1321095417048825858
1321095440037781506
1321095509986213890
1321095517015838720
1321095531028992005
1321095566240219136
1321095574737793038
1321095579569631235
1321095580328873986
1321095603019984899
1321095606732021760
1321095617989517318
1321095642681364482
1321095645437054976
1321095722087972870
1321095722754822144
1321095761686335491
1321095784461455364
1321095794439716865
1321095796868194308
1321095811346956290
1321095817692909568
1321095829856333826
1321095835988492288
1321095840778375169
1321095850488139778
1321095853331914752
1321095859048767489
1321095874005639174
1321095883845439489
1321095905739755522
1321095907404779521
1321095907807473665
1321095912358379523
1321095922407907331
1321095965986721793
1321096023725527041
1321096023851360258
1321096036664942594
1321096037650604040
1321096042251800578
1321096060660535297
1321096061134508032
1321096083716608000
1321096096588976128
1321096117954727937
1321096122841092096
1321096128608260097
1321096154445156354
1321096166457618434
1321096173214720002
1321096182588940288
1321096199534006273
1321096209575125000
1321096211034767371
1321096213199048706
1321096219037499392
1321096255175577603
1321096264113672193
1321096285273923586
1321096292114857993
1321096303347146758
1321096313526693897
1321096325442736128
1321096344572989441
1321096351522918401
1321096353473286147
1321096356103131136
1321096362751070209
1321096422431854593
1321096440366702592
1321096491470082050
1321096515100827650
1321096553889751053
1321096557685579778
1321096567261188096
1321096588584955905
1321096595421712385
1321096665038770178
1321096673045716995
1321096708709900289
1321096722492391425
1321096737591873537
1321096741429645312
1321096813617815555
1321096815773683712
1321096816163573761
1321096817560428552
1321096818168680448
1321096818231574528
1321096836531261440
1321096860866695175
1321096886380617735
1321096895494823938
1321096915589713920
1321096945939656705
1321096960670081024
1321096971713761281
1321096984141402114
1321096986544742408
1321097005679202305
1321097007658864641
1321097024469635077
1321097056879054852
1321097058091180032
1321097068446928896
1321097070812504066
1321097092245442560
1321097095248576517
1321097100978016256
1321097124818358272
1321097126840012804
1321097128819740672
1321097128849088512
1321097144833552386
1321097173300355073
1321097175858880517
1321097178203508736
1321097178698424320
1321097194364112902
1321097196259942401
1321097205864898562
1321097215968976896
1321097217915146240
1321097222457597954
1321097257907879936
1321097270159396864
1321097278011154433
1321097325654220803
1321097326144983042
1321097329139732484
1321097330859380738
1321097334885896192
1321097367312044033
1321097372781453313
1321097376212357121
1321097382923296771
1321097394252140547
1321097394830954499
1321097418331619328
1321097427093491714
1321097434475487232
1321097448429920260
1321097450627751936
1321097453404327936
1321097455031799810
1321097466423500806
1321097506940428289
1321097507447951361
1321097517413576704
1321097525655425027
1321097528515923969
1321097541606383617
1321097546324955137
1321097568961650690
1321097570425491464
1321097585600417792
1321097593611554821
1321097615426146304
1321097632094310401
1321097638599602177
1321097651828510723
1321097705641418754
1321097739720105991
1321097740219199491
1321097803318415366
1321097812067655682
1321097813221089282
1321097853008228354
1321097902719197185
1321097904073965568
1321097922516275210
1321097923380301824
1321097924063993856
1321097949368209412
1321097956175548422
1321097956624273409
1321097960663486464
1321097968171233281
1321097990568816640
1321097990946381826
1321098013029355521
1321098014031826946
1321098026262249472
1321098044973219840
1321098062534762496
1321098068150919168
1321098074027139074
1321098099176148999
1321098116515463168
1321098118423810049
1321098130121740288
1321098133439422466
1321098136249618437
1321098140548739072
1321098155404963846
1321098159641210882
1321098160526249986
1321098207678615553
1321098211906457608
1321098220567748614
1321098231162568706
1321098262649208834
1321098275630518274
1321098283985625088
1321098289056546817
1321098290365124608
1321098296581066755
1321098332845051908
1321098342164795392
1321098363975180291
1321098377996754945
1321098388767723521
1321098396162269185
1321098401761660928
1321098411962150915
1321098412129923072
1321098449777995776
1321098466672652290
1321098474230849537
1321099358801154049
1321099768907616265
1321100063591092226
1321100123401834497
1321100697463521287
1321100723392827394
1321101254425223170
1321101756546375680
1321102227344363523
1321102565635969024
1321102889545277442
1321103106948489216
1321103461094772737
1321103534595727362
1321103647107878917
1321103985823141889
1321104113510371332
1321104141708595201
1321104275448233985
1321104367110422535
1321104369941573633
1321104372688773120
1321104381849186304
1321105889294778370
1321107264657334273
1321107307053387776
1321108677210886145
1321109398429679616
1321109565912555520
1321110133745864704
1321112145556365315
1321112194415812611
1321112267820249090
1321112413735809024
1321112583290658818
1321112784453668865
1321112904859602945
1321112928108613635
1321112940439838739
1321113547137495041
1321113700242247682
1321113761516847104
1321113884162465793
1321114045970292739
1321114103121928192
1321114266091532289
1321115236913610753
1321116056786735110
1321116235061407746
1321116599517065217
1321117054586490886
1321117320039845888
1321117538760216584
1321117943107854340
1321118286923370496
1321119472908824577
1321119701603360768
1321119826207739905
1321119870340182020
1321120118953431040
1321120123248431105
1321120126998118400
1321120130722652160
1321120134493278209
1321120139354525696
1321120146879107073
1321120150725267464
1321120698681696257
1321121447956357121
1321121857362399232
1321122382506037249
1321123178299691014
1321123269697769474
1321123733919158273
1321124057698439170
1321124206936018944
1321124339467603969
1321124539590496256
1321124790455992321
1321124903584731137
1321124997050621954
1321125143981264898
1321125330925588482
1321125653429837824
1321125964181622784
1321126817818968069
1321127015714533377
1321127296200286214
1321128372634877958
1321128599416655872
1321129514559221764
1321130302010466304
1321130302157295616
1321131464034000899
1321131602416644100
1321132118622326785
1321132488308248578
1321133120599531521
1321133523269525504
1321133799896453125
1321134564580888576
1321134570734002176
1321134723368964097
1321134886758043653
1321135198654914561
1321137304774365187
1321137399557181442
1321137550103379968
1321137779833774081
1321138529506861063
1321139296158580738
1321139402928783364
1321139597703663617
1321139713684738051
1321139713856720898
1321141015210795020
1321141179812139009
1321141494829535236
1321141525074661377
1321141658222653441
1321141770303004673
1321141856139419650
1321142524841480201
1321143171229822976
1321144020249333762
1321144102306619393
1321144520730443779
1321144843591208964
1321145643746971651
1321145697811521537
1321146902101041153
1321147331845234695
1321148108567433217
1321148484578410500
1321149098981052421
1321149188739076096
1321149667107917824
1321150554152837122
1321150857405227008
1321151395094056963
1321151700120576000
1321152764324519936
1321153900997709824
1321154734263312389
1321156490087059459
1321156606659334144
1321156644705689600
1321156710099275777
1321157306181189633
1321158940751704072
1321160624928444418
1321160991066017795
1321161175682469889
1321161302279098373
1321161550984601601
1321161823165534208
1321162184823549952
1321162246718803969
1321162264465080322
1321162421084573698
1321163754583822338
1321163768114667522
1321164378876596225
1321164412447870976
1321164988883632128
1321165426194337792
1321165868953468932
1321165992517603331
1321166228409454594
1321166388824842243
1321168045499404289
1321168384411766788
1321168533439602688
1321168981714210819
1321169052170145794
1321169837494853638
1321170308695527424
1321170316262023168
1321170761562918914
1321171622699683846
1321171651422232583
1321172322926137344
1321173175305162753
1321173598598582273
1321174166423408650
1321174252515692544
1321174838426411008
1321176315983220737
1321176327379103745
1321176338745708546
1321177261148688385
1321177416010764289
1321177542607491074
1321179060001800193
1321179377376382982
1321179607555575813
1321179744675762176
1321180660581761027
1321180788835102722
1321180833202475013
1321180846938820608
1321180894233796608
1321181313282514948
1321181438331506690
1321181582024187904
1321181881086390272
1321182069150666754
1321182070685736967
1321182079418355712
1321182081616150529
1321182094584913922
1321182197936758784
1321182388181979138
1321182796119973888
1321182826331545600
1321182925799510019
1321183539543580680
1321183726500544513
1321184017161609217
1321184152696344582
1321184181074989063
1321184700497563650
1321184911609442308
1321185007164149772
1321185212533977088
1321185399730044935
1321185415471091713
1321185691947196417
1321186999076794375
1321187010682519560
1321187197769404417
1321187311879622662
1321187369354252288
1321187413046145024
1321187533498294276
1321187803485605890
1321188314154754048
1321188743194312704
1321188868327198723
1321190063154229248
1321190406877532160
1321190765993828354
1321191180332343299
1321191353095696385
1321192745239719936
1321192764206448640
1321193524403015683
1321194832447086593
1321194925158006789
1321195313403731968
1321195493997895683
1321196503101251586
1321196517311631370
1321196749495697410
1321198615797313539
1321198680666447873
1321200326641438720
1321201276273807362
1321201287761899529
1321201426018848769
1321201495019278339
1321201595766505476
1321201731481620484
1321202405736853507
1321203055426183174
1321203624056422400
1321204425306853378
1321204778983026689
1321205521949622272
1321206511083888640
1321206518595899398
1321207870214602754
1321208224075468804
1321208446230929410
1321208599541092359
1321209858096566276
1321210405373517826
1321211013279158272
1321211475172696064
1321211664646230016
1321211780044099590
1321212041835794436
1321212386880167938
1321212441343205376
1321212781748768770
1321213646396162056
1321214513899802625
1321215992366772226
1321216736054693893
1321217706964733952
1321218479408750592
1321218729871638530
1321218769100963840
1321219762148515841
1321219986011099136
1321220127967354881
1321220128046862342
1321220145583427585
1321220171286151169
1321220495912636416
1321220748770480129
1321220910813249543
1321221090753040385
1321221349491253248
1321221394898837509
1321221405288124416
1321221481527955456
1321221528223158272
1321221756741365761
1321221814291435526
1321221909783207936
1321222044747468800
1321222135860367364
1321222160178925576
1321222189320949760
1321222411229007873
1321222485589790728
1321222644746825730
1321222924288905217
1321223180695048193
1321223397389619200
1321223423847182337
1321223488124915715
1321223507380940801
1321223877578641409
1321224091416842241
1321224163961544705
1321224251811258368
1321224308916715524
1321224510889230337
1321224944311803905
1321224999060078593
1321225162637807616
1321225163535491075
1321225166882394113
1321225305713975302
1321225358134419459
1321225415160139779
1321225419966844929
1321225425868230658
1321225472307613698
1321225877477359619
1321225911392440320
1321227014540578817
1321227031787524097
1321227059109208064
1321227150800887809
1321227322943545347
1321227331122417671
1321227677718605824
1321227702028935173
1321227827346366469
1321227924197003266
1321228261804953607
1321228273624453122
1321228453182660608
1321228764387418113
1321228796666806273
1321228949830144004
1321229092352610305
1321229159415353351
1321229258837106689
1321229394661281793
1321229715441618949
1321230061786275840
1321230075988238338
1321230132900732928
1321230157152178176
1321230186290008066
1321230194347143168
1321230198654726144
1321230239209529346
1321230266770329602
1321230279885922304
1321230319337562120
1321230320549695496
1321230345442856968
1321230346692808704
1321230359921594376
1321230408239833088
1321230481728393217
1321230514003521536
1321230566616928257
1321230567535501314
1321230602230784000
1321230658891587584
1321230662335111169
1321230694929076226
1321230714835243010
1321230746577764352
1321230757042495488
1321230836889505799
1321230846779625475
1321230847635296261
1321230930086944770
1321230950651625476
1321230977079873537
1321230985103659010
1321231002610638849
1321231005697585154
1321231008239333380
1321231008667213827
1321231012786044929
1321231017693380609
1321231019387899905
1321231050316677121
1321231069962772483
1321231101776592898
1321231128762720256
1321231173436231682
1321231183431278593
1321231204067250177
1321231210547478528
1321231323499999234
1321231359478824960
1321231370635587586
1321231405297315848
1321231482837442563
1321231485261721603
1321231544506372098
1321231545047359495
1321231569076559879
1321231622667198467
1321231689314652169
1321231734466334720
1321231744150982656
1321231768708632579
1321231788660953088
1321231880004509697
1321231880709120003
1321231915760951298
1321231921838514176
1321231925994991617
1321232036888252417
1321232044421189632
1321232063840899073
1321232066793611264
1321232067988983808
1321232068710486016
1321232069629018113
1321232071650627585
1321232104001331202
1321232178269822977
1321232181725974530
1321232197316169730
1321232223002107904
1321232231483015168
1321232255407280131
1321232259169615872
1321232273816125442
1321232285732085761
1321232325225697280
1321232376949809152
1321232457895710720
1321232469182582786
1321232562598150152
1321232564535918592
1321232599898083335
1321232676209262594
1321232682714570754
1321232685902237699
