1317616382150766592
1317616382801072128
1317616409288052737
1317616413310357506
1317616416267374592
1317616426639937537
1317616456754995201
1317616556701081600
1317616559523811329
1317616560551460869
1317616587336257537
1317616614288797701
1317616709163978755
1317616731880366081
1317616756404473856
1317616900256501760
1317616915364433920
1317616954874777606
1317617012865142785
1317617020557549568
1317617057962336257
1317617091147608067
1317617139289817089
1317617146051035138
1317617253194567681
1317617266821943297
1317617300342738944
1317617315240845312
1317617345825820672
1317617486314033158
1317617543239077893
1317617547148230656
1317617642950242304
1317617643336175618
1317617681193967617
1317617731487866884
1317617754267111425
1317617757110886400
1317617791139254279
1317617797728509952
1317617801922809856
1317617809065713666
1317617866242465793
1317617867739844608
1317617874190667778
1317617880511451137
1317617881128013831
1317617891919994881
1317618045636980738
1317618141011365889
1317618143452307456
1317618157339672576
1317618182371348482
1317618268946006017
1317618354199404544
1317618396507361281
1317618405030068226
1317618411124523008
1317618429004840962
1317618506246975488
1317618539159834624
1317618561481932801
1317618562354286593
1317618617203249157
1317618773734707200
1317618799106052096
1317618805523304448
1317618820954099712
1317618827933483009
1317618966613864448
1317618972234338305
1317619022184304641
1317619024314961920
1317619058687303686
1317619059756830725
1317619161682554881
1317619226472009728
1317619240300666880
1317619246478876673
1317619246579548160
1317619282876923904
1317619317362524165
1317619323935035392
1317619557985636352
1317619564050583552
1317619597030379521
1317619635815092226
1317619636289011712
1317619668610318336
1317619701627916288
1317619708569505792
1317619863334965248
1317619876257816578
1317619881387413505
1317619932285251590
1317619940225093637
1317619977294434305
1317620066444300288
1317620160698646528
1317620186975997954
1317620250347700224
1317620270304272384
1317620298968162308
1317620362709008384
1317620381751025664
1317620427469049857
1317620491474132993
1317620551117144064
1317620586840051712
1317620651851763713
1317620655228112898
1317620674358177792
1317620795959627776
1317620827093929985
1317620959323607040
1317620981108772864
1317621007918780418
1317621016928059394
1317621078341128193
1317621163565195264
1317621209551482886
1317621262085128192
1317621370168221696
1317621411683368961
1317621451298582528
1317621454595362816
1317621482781016067
1317621508739682308
1317621520802451456
1317621561755578370
1317621742546882566
1317621774847266816
1317621913267720193
1317621926240583680
1317621933622558725
1317621963549003778
1317621989515952128
1317622008667131904
1317622114728411136
1317622161323003904
1317622276980903936
1317622337072779271
1317622426709221383
1317622487463698434
1317622493922942976
1317622512243642368
1317622668481433600
1317622739734233094
1317622754737377283
1317622775721480193
1317622782767878150
1317622785410256896
1317622812618739712
1317622814023835648
1317622845262974977
1317622855778041859
1317622858051452929
1317622865701883904
1317622868222615554
1317622874858029059
1317623010434732033
1317623033599873024
1317623095000240129
1317623121361383426
1317623125794820100
1317623131524268032
1317623134732931073
1317623190437400576
1317623232153997317
1317623235605876736
1317623297115361285
1317623363708354562
1317623435925729280
1317623437846872066
1317623478120480769
1317623754231599104
1317623910897192966
1317623932627963905
1317623932669874176
1317623932724207616
1317623942719410177
1317623944153862144
1317623957751844864
1317623958682898434
1317623977938997249
1317624034285228032
1317624076136009729
1317624097703141376
1317624163792785408
1317624217467260928
1317624274799263746
1317624281195454464
1317624326158487552
1317624387516891137
1317624431041269762
1317624736881561603
1317624923179843586
1317625016201170944
1317625058416799746
1317625189975400448
1317625194207453184
1317625195650289665
1317625206937161728
1317625208027684866
1317625275694403586
1317625309974462472
1317625326248361985
1317625375741140992
1317625378786168841
1317625397182402566
1317625556196876288
1317625611335192576
1317625673545097217
1317625708374446080
1317625725999063046
1317625772182556673
1317625806840074241
1317625867108032512
1317625941481287680
1317625998599507968
1317626012268711937
1317626029884755968
1317626063355301888
1317626075644506113
1317626078056353793
1317626231022604288
1317626247480999941
1317626347393601536
1317626495817351168
1317626504000512000
1317626652592119809
1317626667205074945
1317626711056519170
1317626765205012481
1317626855227330564
1317626905600950273
1317627008529141760
1317627013830770688
1317627056562339841
1317627083053563904
1317627321663279104
1317627401711603713
1317627576811225089
1317627594502668288
1317627607148613632
1317627675201179649
1317627701864390661
1317627706519900160
1317627714048806912
1317627738669355010
1317627838493872128
1317627912674250752
1317628016885960704
1317628107319398407
1317628187833237505
1317628209362591746
1317628362504929281
1317628449184468994
1317628500761870336
1317628568462123008
1317628605078425602
1317628678507999233
1317628723127066625
1317628779225927680
1317628973040377857
1317628974445531140
1317629012852805632
1317629066208567296
1317629074118971392
1317629090803847168
1317629095237255169
1317629160785924097
1317629187054854145
1317629198819872768
1317629265043664902
1317629271893041152
1317629334925037568
1317629553548943360
1317629607005294592
1317629703524671488
1317629713649668097
1317629719790059521
1317629739402670080
1317629873259749382
1317629877009469443
1317629877454077954
1317629906193448962
1317629914015825920
1317630037697400832
1317630048795529216
1317630142999633920
1317630235421134849
1317630242115244032
1317630321144352769
1317630576577433600
1317630738515300352
1317630860061859840
1317630934489960448
1317630944220729344
1317630991339606026
1317631020187996162
1317631103168032770
1317631110608605184
1317631211813163008
1317631225947979776
1317631226820349952
1317631240904859648
1317631256969043968
1317631424376221696
1317631525412851715
1317631553489469440
1317631558313005056
1317631562381492224
1317631578768613376
1317631582728081408
1317631635303600129
1317631693050810369
1317631748830887938
1317631757466861569
1317631792036405249
1317631801721053185
1317631920596025344
1317631931627032576
1317631944545488901
1317631989273530368
1317632005581004805
1317632112644837376
1317632377645113344
1317632393533149184
1317632468544069633
1317632541294235654
1317632565415739392
1317632720378408961
1317632744097259525
1317632815484276736
1317632829421948934
1317632884866310144
1317632939568599046
1317632949207076864
1317632991393439745
1317632997588410368
1317633025543372801
1317633255294836736
1317633279282073600
1317633373209243655
1317633390225592323
1317633408877711360
1317633437088534530
1317633484614230022
1317633555619512326
1317633643309838336
1317633700721512448
1317633716370419714
1317633744254193665
1317633756996521986
1317633925397839873
1317633944733429761
1317633998026203138
1317634014556151814
1317634032918798339
1317634200904912896
1317634257624453125
1317634287320076288
1317634326452994048
1317634382379831297
1317634414457819136
1317634427636383744
1317634469499707394
1317634480019066880
1317634566144786434
1317634581282099204
1317634598222876672
1317634599229530113
1317634708952502273
1317634765193793537
1317634820692971522
1317634919623987200
1317634955254652928
1317635026775846913
1317635128747790336
1317635130341707778
1317635159764643841
1317635180597809155
1317635189590380550
1317635213581758465
1317635268686548992
1317635277574311936
1317635286558531584
1317635362676670464
1317635405706035201
1317635452598353927
1317635567119699971
1317635583506874373
1317635589009702916
1317635649315491841
1317635718445924352
1317635758753284097
1317635815472758786
1317635848616161283
1317635875749138434
1317635920317788160
1317635937569017857
1317635991771938816
1317636038031036416
1317636099905302534
1317636110944751616
1317636180146606080
1317636230511792128
1317636263093112834
1317636322262220809
1317636361055129601
1317636427295969285
1317636498682867712
1317636591301558273
1317636734830653441
1317636790006808576
1317636928494313472
1317636975973773314
1317637063508959237
1317637096392228865
1317637215430860800
1317637244304445440
1317637286893441025
1317637289988792325
1317637423808057345
1317637449129000961
1317637457370927105
1317637565302923264
1317637616435679238
1317637831691587586
1317637843506896896
1317637865602506754
1317638017247563777
1317638139519918082
1317638186017918978
1317638318063034368
1317638439920148480
1317638471465553921
1317638567301124097
1317638785925001216
1317638901926907905
1317638918330830850
1317639044164190209
1317639123222581248
1317639151920054278
1317639291804286977
1317639371261136902
1317639393021202432
1317639417977212931
1317639474935943169
1317639508758843397
1317639549531672580
1317639622088941568
1317639622843826177
1317639761520152576
1317639786232827904
1317639829769887745
1317639916495511553
1317639918215200769
1317640033621413894
1317640142002262019
1317640172763287553
1317640289461268480
1317640318611763202
1317640327700893696
1317640366775013378
1317640424039776258
1317640512304709633
1317640525982433280
1317640581527515136
1317640597998587904
1317640704290656256
1317640709067988992
1317640709936218114
1317640718261903360
1317640814038835202
1317640818631598081
1317640824654565377
1317640940404772864
1317641001046020096
1317641109770768385
1317641177798094850
1317641257288634370
1317641272186818560
1317641272925061120
1317641283603759104
1317641341438885888
1317641376721522688
1317641435018035201
1317641547773403137
1317641558078951425
1317641617424175104
1317641638001430528
1317641803282132994
1317641830008295425
1317641861599809536
1317641872031055872
1317641896387354624
1317641927483924485
1317642173748289538
1317642313926049792
1317642330057441280
1317642339645640705
1317642437687377920
1317642442166857728
1317642489591943169
1317642625747398656
1317642675357614080
1317642729539723266
1317642792638754816
1317642823827599361
1317643057597009921
1317643139063205890
1317643205668671488
1317643223947485184
1317643278615969792
1317643304775913478
1317643494396133377
1317643506123493376
1317643528277757954
1317643578735267841
1317643614575624194
1317643766212198401
1317643940166848512
1317643947275997184
1317644035721482240
1317644079728033792
1317644119485960192
1317644203321708544
1317644208690335745
1317644268702474241
1317644275769888768
1317644295265017858
1317644374436696066
1317644432208965633
1317644547711733761
1317644662010687488
1317644706906558464
1317644768055361539
1317644828436561920
1317644990483468288
1317645015921852422
1317645223703531521
1317645246906466306
1317645404167688192
1317645508870103042
1317645554877407232
1317645586284204032
1317645595494903814
1317645598850379776
1317645600460996610
1317645756476567552
1317645993647681536
1317646107258855426
1317646132038803457
1317646233759059969
1317646439753842694
1317646470212952064
1317646582909603840
1317646584096587776
1317646599980503042
1317646613750362113
1317646627050557440
1317646673275924480
1317646685741420545
1317646693916135424
1317646715403554817
1317646771288494080
1317646788552200192
1317646833318023169
1317646833838182400
1317646837692628993
1317646904872849409
1317647036452306950
1317647059177136132
1317647170498154496
1317647204677488641
1317647450027495425
1317647462002282502
1317647796401590274
1317647799522131968
1317647932678639616
1317648022839398400
1317648032746397706
1317648046239420417
1317648091496013824
1317648099192446976
1317648158479056903
1317648218759548929
1317648289962012672
1317648342562856961
1317648509450027008
1317648571328585730
1317648650126921729
1317648732213645312
1317648822353448960
1317648854393651200
1317648873226145792
1317648897439911936
1317648952934752256
1317649134531346433
1317649220111896577
1317649222074814465
1317649229393874947
1317649270133166081
1317649281571049472
1317649326512967681
1317649538010808320
1317649646798446598
1317649662023794688
1317649689198682113
1317649756215300096
1317649769251151872
1317649805179559936
1317649937346252801
1317649979029229568
1317650050751877121
1317650104044707842
1317650122566717440
1317650141852127235
1317650175205253120
1317650183887388673
1317650233061527552
1317650238815883264
1317650252112011269
1317650282248065025
1317650355828654080
1317650387625791488
1317650542089457664
1317650551233011714
1317650645097287685
1317650675002712065
1317650688198037504
1317650799946813441
1317650824730955776
1317650866892021760
1317650980096409601
1317651060316655617
1317651090796589059
1317651294874718208
1317651334712168448
1317651429155373076
1317651573791666176
1317651580271923203
1317651587171557378
1317651613952188418
1317651714804191232
1317651718390403073
1317651855678279681
1317651873160101888
1317652000402714624
1317652018211815424
1317652124398981120
1317652126965899264
1317652129998307328
1317652163783426048
1317652247631831040
1317652261926014976
1317652281727148032
1317652301977391106
1317652383523086337
1317652413860499456
1317652459049857024
1317652503262101504
1317652586435141632
1317652622975803393
1317652675509485568
1317652843751407616
1317652882435571712
1317653071716024320
1317653150820687872
1317653226959867904
1317653509446144002
1317653571085762560
1317653770768142342
1317653843778408448
1317653878981095426
1317653890448396288
1317653909066887168
1317653921477910530
1317653934924857344
1317653947797168128
1317654024628428800
1317654039182643202
1317654115523153921
1317654277473603585
1317654298600345602
1317654326777729025
1317654362802606081
1317654378468282368
1317654446843768832
1317654526938271744
1317654604579045376
1317654632894730241
1317654726578737153
1317654734581452800
1317654875312934912
1317654958574010374
1317654967973445632
1317655010986033152
1317655067424587776
1317655136500580354
1317655202225397760
1317655269107793922
1317655336988241921
1317655389039661056
1317655391933784065
1317655402025259013
1317655444001882112
1317655525228761088
1317655576088842240
1317655631474708480
1317655688076775424
1317655824093818881
1317656079824801792
1317656083775836162
1317656101157036032
1317656215523131393
1317656236100341760
1317656249777950720
1317656253150232576
1317656280476123136
1317656337376038912
1317656473229545472
1317656592033206272
1317656650505965568
1317656692323123203
1317656716985667584
1317656728423510017
1317656736157913089
1317656855615852546
1317656919612493831
1317656939187326977
1317656940319735808
1317656990198489089
1317657089037242369
1317657123367550977
1317657135786954752
1317657139993841666
1317657155110133761
1317657452058497025
1317657540734472194
1317657593054101505
1317657666248847360
1317657671764447232
1317657756057407488
1317657758158737408
1317657806665822214
1317657888773595137
1317657905651474433
1317657917085143040
1317657945430261761
1317657955509075969
1317658164024717312
1317658262746128386
1317658273974280198
1317658376424333315
1317658657576919040
1317658703307304960
1317658729647644672
1317658837227311104
1317658908765216769
1317658922904395777
1317658948078624769
1317659146968289281
1317659151699410944
1317659167180587010
1317659181554503680
1317659270880595968
1317659310722322432
1317659605556748288
1317659650528075778
1317659819092815873
1317659825627693056
1317660037423169537
1317660057006387205
1317660165190148097
1317660194663469058
1317660201202364416
1317660515154481153
1317660655843971072
1317660753218863105
1317660769648021504
1317660871842291714
1317661019146256385
1317661030269526016
1317661118517620736
1317661132140781568
1317661178491998208
1317661203305476096
1317661222930685957
1317661360461930496
1317661415285657600
1317661477239664641
1317661478787424256
1317661506125897728
1317661543652352001
1317661551353094145
1317661575365406721
1317661642419769345
1317661643871051776
1317661677505171456
1317661692109582337
1317661783864344579
1317661792584294401
1317661850343976960
1317661899887181824
1317661912017080325
1317661974818324482
1317662028509622274
1317662045983178752
1317662087976505350
1317662092938313729
1317662138459164673
1317662162706419712
1317662165181095938
1317662165269123073
1317662166116347904
1317662210911576064
1317662285847027717
1317662360522416129
1317662371641438209
1317662417309061120
1317662442240036866
1317662574809407488
1317662605855629315
1317662621013868545
1317662639342878721
1317662657625948161
1317662688827330560
1317662736629796865
1317662847485214723
1317662917790236673
1317662982252515328
1317663007997104128
1317663028104564736
1317663071704403969
1317663083989487616
1317663116805742595
1317663156282556416
1317663382036676608
1317663404304248832
1317663450940715009
1317663719627853825
1317663786061516800
1317663786262798337
1317663798426279937
1317663871436554240
1317663894303899648
1317663933847818246
1317663950255886337
1317664019365433344
1317664024708980736
1317664044053127170
1317664133966430210
1317664151532167168
1317664221547606016
1317664247887876098
1317664256087687173
1317664261842345984
1317664375742791680
1317664379882582017
1317664385905627137
1317664392339771392
1317664424715558912
1317664455560470529
1317664565325344768
1317664662515798016
1317664662570307590
1317664665510514688
1317664705738047493
1317664815033319424
1317664915792998401
1317664939226599424
1317665153068969986
1317665180365606912
1317665203740241930
1317665210061090824
1317665283604086784
1317665373379067905
1317665412105097217
1317665430618529797
1317665490588717057
1317665652258295809
1317665685800165378
1317665833800392704
1317665840041426944
1317665842985881600
1317665847125725184
1317665916667203584
1317665948308996096
1317665984556261377
1317666099656335365
1317666162377953280
1317666169776721920
1317666231147614208
1317666234012377088
1317666237799751681
1317666248742772736
1317666255210303488
1317666259241103360
1317666313179979776
1317666347149631489
1317666351381581824
1317666354791473153
1317666368951648257
1317666369215827969
1317666411867721728
1317666611629883392
1317666758082387968
1317666759990759429
1317666784829493251
1317666919810519040
1317666949833379840
1317666983303909376
1317667116158517249
1317667128984698880
1317667186866094080
1317667187893600257
1317667228565819394
1317667306324086789
1317667323155709954
1317667380575784961
1317667498255405056
1317667520191647744
1317667567205572608
1317667793936986112
1317667824622620672
1317667842309955584
1317667842964230146
1317667865265405953
1317667901890060288
1317667968088682496
1317667972060622850
1317668013450153984
1317668190277816320
1317668333576196096
1317668501855809536
1317668522718384129
1317668578624233473
1317668891263455233
1317668923605737477
1317668970099625984
1317669068313341958
1317669231219990528
1317669241764630528
1317669263306522624
1317669285230149632
1317669446882832384
1317669475412545538
1317669480345030656
1317669581364862981
1317669658884005889
1317669770259464192
1317669819735564288
1317669841143201793
1317669861129035776
1317669963130413058
1317670142654992385
1317670153346273280
1317670175953571840
1317670277535440896
1317670294828572673
1317670299144511489
1317670360142282753
1317670372154761218
1317670429981614080
1317670447748665345
1317670665147846662
1317670741689704450
1317670898099519488
1317670964759580672
1317671000704716801
1317671004441804801
1317671060272185344
1317671094648770560
1317671288698249216
1317671346927767563
1317671362387914754
1317671401617227776
1317671456554307584
1317671476183638021
1317671523080089600
1317671602176274433
1317671619670740992
1317671731843239937
1317671746628014080
1317671746703564800
1317671747148075010
1317671763543793664
1317671806954885121
1317671884658532352
1317671898705252352
1317671953206038535
1317672008973508610
1317672018632990720
1317672043656130560
1317672379791908864
1317672466630778880
1317672467914280961
1317672605076365312
1317672675804876800
1317672681865707522
1317672753374371841
1317672793903927296
1317672892126187520
1317672962313605121
1317672967887851520
1317673014637592576
1317673082220400640
1317673171387097088
1317673204169715714
1317673244925808641
1317673286982078464
1317673424119091202
1317673469715296256
1317673494013005826
1317673510773415936
1317673552091451392
1317673612091002881
1317673613584105472
1317673659960643584
1317673680630153216
1317673712825618432
1317673732014485504
1317673761034915840
1317673787933052930
1317673797806399488
1317673869579149312
1317673939225759744
1317673998508019713
1317674009224482818
1317674091076345856
1317674103067824130
1317674106192625664
1317674138698383361
1317674155047866370
1317674227391172613
1317674263390777344
1317674274325516288
1317674343418167296
1317674505821736960
1317674579985301507
1317674650759987201
1317674701334917120
1317674738223845377
1317674750974545922
1317674781999828992
1317674817974304769
1317674819522002945
1317674835930189824
1317674940972343297
1317674982126899200
1317674996244807680
1317675097151385600
1317675166768467969
1317675207419715584
1317675225300017154
1317675372515917824
1317675390203269126
1317675398445006848
1317675425330614272
1317675435078111232
1317675446608297985
1317675465230921728
1317675485648871426
1317675506695917568
1317675595434807297
1317675615731015680
1317675637440712704
1317675648794660864
1317675783591112704
1317675798757859328
1317675812334743555
1317675847805960193
1317675904466812928
1317676001250377737
1317676019243954176
1317676143705731072
1317676162345295872
1317676218792161280
1317676300837015553
1317676385024999429
1317676426158551040
1317676433792172032
1317676528176685056
1317676596451561475
1317676597323927553
1317676779994218496
1317676780216590336
1317676780640034816
1317676780732502018
1317676782418501633
1317676782678626305
1317676797195096064
1317676800303050752
1317676802639278080
1317676815297687552
1317676820062478336
1317676824537845761
1317676831395483648
1317676836378300416
1317676846662680581
1317676896583323649
1317676906045648896
1317676970457563136
1317676986354044928
1317677058739363840
1317677104331448327
1317677150443589633
1317677158194708480
1317677219859304449
1317677233973219329
1317677235478941696
1317677287609933826
1317677351904399360
1317677406338093056
1317677408003248129
1317677413820661760
1317677472423477248
1317677530783096833
1317677589801172997
1317677597602492416
1317677614606262272
1317677614832693248
1317677684164493314
1317677687066873856
1317677689851924483
1317677692750352385
1317677693106671617
1317677708369924096
1317677757065793536
1317678005758689280
1317678032426061826
1317678034846162944
1317678048364421120
1317678092756844552
1317678101023891457
1317678119520768001
1317678191654436864
1317678205596291072
1317678231689039872
1317678268682829824
1317678286349238274
1317678323468800002
1317678411897331712
1317678426141069312
1317678446504542209
1317678609339977728
1317678643720736768
1317678730735722496
1317678763455467520
1317678770577440768
1317678852592799744
1317678876726886406
1317678896641380355
1317678904832892929
1317678937292550144
1317678957249122304
1317678998164525058
1317679000148467714
1317679005387100160
1317679052241702913
1317679084743241728
1317679118398476289
1317679131908214784
1317679175931711488
1317679201273733120
1317679316419960833
1317679335566942208
1317679359772286977
1317679372611014661
1317679617105416193
1317679665671262208
1317679683752857600
1317679692451876866
1317679696658706433
1317679741592346625
1317679757903990784
1317679789403262977
1317679814237655040
1317679836962410497
1317679921423155200
1317679975181451265
1317679998237552641
1317680059113766915
1317680104693243904
1317680193352265728
1317680206379929600
1317680237912723457
1317680244480987136
1317680303129833473
1317680313624125440
1317680527063875584
1317680554981163008
1317680554985345024
1317680571817074689
1317680746304241664
1317680826092523525
1317680858795593729
1317681029352652803
1317681155018207232
1317681213017083904
1317681216921964544
1317681233783148544
1317681251336265734
1317681254381256712
1317681305878990853
1317681328318545920
1317681500855349248
1317681626999066624
1317681665926438912
1317681763607580672
1317681813142331392
1317681837435650048
1317681886332882945
1317681908881498112
1317681974589489153
1317682001470697472
1317682037977976833
1317682075609292803
1317682111432851463
1317682153690419200
1317682187559424001
1317682350965358594
1317682442753482752
1317682444686995459
1317682446356316160
1317682538459127809
1317682546948427776
1317682552740712448
1317682563536834560
1317682682801827840
1317682793636298753
1317682827551539200
1317682917783588866
1317682956513792000
1317683031763750912
1317683057919393797
1317683069550268418
1317683086549749762
1317683090408484866
1317683169370492928
1317683185954791425
1317683195693981698
1317683205294616576
1317683233795067904
1317683258763710464
1317683271216541696
1317683309376397312
1317683318868029446
1317683397217714177
1317683406784909317
1317683407753777152
1317683457535799297
1317683503639810048
1317683504348647425
1317683562921984003
1317683689564897281
1317683748012425216
1317683797484331008
1317683840962449414
1317683882360295425
1317683951964737538
1317683965302575104
1317684013990031362
1317684108538073088
1317684145364078592
1317684258698395650
1317684330601369600
1317684331280797696
1317684341582028801
1317684344228630529
1317684344304078848
1317684379737522176
1317684414864818176
1317684462373593088
1317684468229017600
1317684690694885376
1317684830319116289
1317684864448081921
1317684878062850048
1317684908484079616
1317684918256914433
1317684973084827648
1317685025161302019
1317685027371687936
1317685050318770176
1317685054156537858
1317685067452456962
1317685085823434753
1317685149102911488
1317685150302556160
1317685336881958913
1317685372793556992
1317685430377172993
1317685606336598016
1317685606353301505
1317685768631050240
1317685826432675841
1317685842543054848
1317685846246625281
1317685860750548992
1317685895429083136
1317685929671335936
1317685975250763778
1317685977767444481
1317686023867039744
1317686067798134784
1317686133145337857
1317686209737613312
1317686294407991296
1317686462255669248
1317686511937163266
1317686531788853249
1317686548264067072
1317686555113291776
1317686644720414725
1317686715503550464
1317686741881528320
1317686747027955712
1317686752262426624
1317686762165227526
1317686763264135169
1317686798726942720
1317686843257794562
1317686846327980032
1317686878011838465
1317686922614112256
1317686946509049856
1317687014393864192
1317687068982693889
1317687199983349760
1317687207398879232
1317687240378753025
1317687256019292161
1317687270644776960
1317687276042915841
1317687291587022849
1317687293961011201
1317687317138726913
1317687444825903107
1317687458767773696
1317687567102464000
1317687608529448960
1317687666658463744
1317687864876990465
1317687868958117888
1317687945848115202
1317688002181763073
1317688033848840192
1317688054677647361
1317688065549344769
1317688075288457216
1317688134423937025
1317688226077904896
1317688290955452416
1317688340473315328
1317688364041162752
1317688392843407367
1317688493255032833
1317688532002111495
1317688540403273728
1317688599459078144
1317688600948101121
1317688629280559104
1317688693306556418
1317688715683180546
1317688847610806274
1317688969522520064
1317689047221964800
1317689054692036608
1317689071238549504
1317689132748070914
1317689279435460608
1317689328861052928
1317689362709172225
1317689382464311308
1317689391674949634
1317689519093829632
1317689547346509824
1317689664061558784
1317689828788625408
1317690102777286662
1317691782428282885
1317691799973072896
1317691880893632520
1317691889064103937
1317691898400735233
1317692261539381249
1317692698023890944
1317692725022568448
1317692788998242304
1317692869763866626
1317692967587618816
1317693705160134656
1317693778237575168
1317693791898316805
1317694427348017152
1317694716423667713
1317694725252677632
1317694746492571648
1317694845184626688
1317694858497347585
1317695027208949761
1317695079868485632
1317695104505810947
1317695509683986434
1317695543120818177
1317695654207041537
1317695741700308993
1317696099113750528
1317696510457425920
1317696551934984193
1317697178618499072
1317697581078745088
1317698033543426048
1317698184500609024
1317698602836365313
1317698622046326785
1317699299216601088
1317699429995061250
1317699563151630336
1317699568780349442
1317699668256739330
1317699765119946754
1317699769909858306
1317699879582486528
1317700012957224960
1317700595776704512
1317700875293523973
1317701101161009152
1317701442363256832
1317701576610512896
1317701600010522624
1317701945654611968
1317701949765177344
1317702458089656320
1317702693360631808
1317702908566188032
1317703204033843202
1317703204050669568
1317703213144002560
1317703257624555520
1317703439657373698
1317703677210202113
1317703756897714176
1317703857493954560
1317704090567233537
1317704257576067072
1317704379508625409
1317704389252026368
1317704549818314753
1317704877418684416
1317705167123382272
1317705324258799617
1317705568665194497
1317705984765296641
1317706053182775297
1317706071851544582
1317706090096766977
1317706203124858880
1317706980123840513
1317706982141304832
1317707006401236992
1317707009110704129
1317707013867130881
1317707015016357888
1317707122252107776
1317707169463230464
1317707382915502080
1317707896877178881
1317707997930553347
1317708133977018370
1317708537599066112
1317708772819820544
1317709368050241537
1317709502578364416
1317709814840119296
1317709907072876544
1317709992057851911
1317710370291785728
1317710389405192193
1317710620750381056
1317710753692971009
1317710753701498881
1317710791982960641
1317710815903010816
1317711459317633024
1317711657464963072
1317711696576860160
1317711730852716544
1317711798456537088
1317711969512718343
1317712180599468033
1317712345246957570
1317712700575723525
1317712791957012481
1317713428094615553
1317713445433839616
1317713489188749312
1317713571816624128
1317713626128650241
1317713632113926144
1317713681501900800
1317713704264269824
1317713708303470592
1317714212169437185
1317714312350367744
1317714348899487746
1317714528826585088
1317714533817982976
1317714542189715456
1317714726449827840
1317714989881450496
1317714993266200582
1317715447987527680
1317715523573075968
1317716046111977472
1317716352380162048
1317716354699493376
1317716395744952320
1317716516457111552
1317716642583990274
1317716842673328128
1317716853825953792
1317716860457156608
1317716978296098816
1317717048647102465
1317717055416766465
1317717213483274248
1317717280965484544
1317717635941994496
1317717673858445312
1317717777499607041
1317717800178384896
1317717940624629760
1317718038037266433
1317718260381601792
1317718303511433218
1317718569434681344
1317718589839912960
1317718636157673474
1317718694081036289
1317718801111306240
1317718959156846593
1317718965796413440
1317719168519733248
1317719176279171072
1317719336497369090
1317719441891799040
1317719518022672386
1317719686696632321
1317719842624077824
1317720073583448064
1317720605316337664
1317720820286828545
1317720825227841536
1317721021294796800
1317721258239414274
1317721508500934657
1317721529749262342
1317721725472247808
1317721783219478528
1317722056394461186
1317722078905167872
1317722080087928833
1317722223105421313
1317722228092522497
1317722256261480448
1317722368836501504
1317722423182098434
1317722447500746752
1317722449312665600
1317722529843286016
1317722647413882880
1317722654753906688
1317722734005202945
1317722857640775680
1317722903400620032
1317723018794291200
1317723051006504960
1317723062348009472
1317723125187022848
1317723251058135040
1317723271304019968
1317723453835956227
1317723458273447936
1317723563265314816
1317723572958302208
1317723611294273536
1317723772011614208
1317724084063567873
1317724177923788801
1317724205413093376
1317724231032098816
1317724288154304514
1317724305912942592
1317724306030419970
1317724344265723905
1317724427069566978
1317724431423295489
1317724564214992897
1317724594925654017
1317724734667300865
1317725297425453057
1317725347778015232
1317725437703852032
1317725959299223554
1317726189025415175
1317726274924806145
1317726337881284608
1317726339076587520
1317726567775100929
1317726804606636033
1317726819316097026
1317726829587910656
1317727062434717699
1317727202478346246
1317727304894849029
1317727367826210817
1317727462743281664
1317727464982970371
1317727763332321281
1317727781053190146
1317727791312441347
1317727868558991361
1317727890365177858
1317727960493862920
1317728031243423744
1317728036037529600
1317728369857896449
1317728383313346561
1317728469179138050
1317728890949898240
1317728943429066752
1317728983031623680
1317729015969579008
1317729109326372865
1317729592111759360
1317729628119683074
1317729628648243200
1317729650521509888
1317729766796046337
1317729837050662913
1317729844742991872
1317729955468509184
1317729964024791045
1317730524547436544
1317730533795897346
1317730542167724032
1317730919118229504
1317730999145463813
1317731059396694018
1317731084516397064
1317731143844769794
1317731501816074240
1317731531822145536
1317731786332438528
1317731916490178560
1317732068189786112
1317732101093994496
1317732167838040064
1317732315972370433
1317732360708886529
1317732403138449408
1317732508008677376
1317732563956518912
1317732583636172800
1317732655274885125
1317732663411806208
1317732747893477382
1317732765249437696
1317732769536106497
1317733041373089792
1317733045244407809
1317733368705024002
1317733671458246656
1317733687065182208
1317733740005756929
1317733752458661891
1317733904162447360
1317733924144111623
1317733953915203584
1317733972353437696
1317734026569023488
1317734042134077440
1317734181246504963
1317734279179370496
1317734304324198402
1317734661292961794
1317734741349683207
1317734745661386753
1317734787596111874
1317734810845126656
1317734966650863616
1317735069071663105
1317735096531800064
1317735123610226688
1317735493451264000
1317735731515826180
1317735761052131328
1317735835501027328
1317735869705560064
1317736088945987584
1317736253853519872
1317736289635078144
1317736358081941504
1317736535672954882
1317736573732093952
1317736635564494848
1317736642531217410
1317736863218761728
1317736867866071045
1317736944219062273
1317736972396486656
1317736994936672256
1317737104537944064
1317737177912987648
1317737181373292544
1317737182522707969
1317737214995038209
1317737258322198538
1317737410445381632
1317737580633509888
1317737633829748736
1317737639932473345
1317737739882811392
1317738140774371328
1317738140795162626
1317738349206130689
1317738585827823616
1317738611861762050
1317738621177335808
1317738889268875265
1317738901721784325
1317738932650577921
1317739033271861250
1317739071465291778
1317739257117757440
1317739355801346050
1317739694600327168
1317739697301499904
1317739849525452807
1317739943406505984
1317740021173157890
1317740197644296192
1317740610313474048
1317740898273419265
1317740952698707969
1317740958532947968
1317740963004035072
1317741043169845248
1317741066511155201
1317741118432419846
1317741155254210561
1317741174828969984
1317741237563174916
1317741320878817281
1317741320966897664
1317741470040862721
1317741556070219776
1317741614811516928
1317741645190877185
1317741918013558784
1317742008803491840
1317742100910309377
1317742140475179009
1317742191117291523
1317742210981392384
1317742210985693184
1317742211375656967
1317742419731976194
1317742632550924289
1317742739337990144
1317742767750172672
1317742927494500353
1317742976790155269
1317742991231025152
1317743045169774592
1317743159003258880
1317743222815326213
1317743375135682563
1317743404051320837
1317743423370285056
1317743476231077888
1317743499865972739
1317743508485177345
1317743579742220288
1317743828217090048
1317743871720411136
1317744037944852480
1317744157717389314
1317744500639498240
1317744745645563905
1317744762372427780
1317744851891441665
1317744991998017536
1317745170725691393
1317745327739441152
1317745375227367424
1317745496199516160
1317745825787879429
1317745983623757824
1317745986161184769
1317746145104375808
1317746244861743104
1317746293440192513
1317746525154516992
1317746570906001410
1317746621896134656
1317746699251703808
1317746812212695040
1317747020531175424
1317747101896495104
1317747244360085504
1317747327482892288
1317747732518490112
1317747897870524417
1317747968095772672
1317748096160419841
1317748497412751361
1317748773221748736
1317748845456117766
1317748903769460736
1317748977614413824
1317748987999420417
1317749081939365888
1317749142119133184
1317749182623612934
1317749490858840066
1317749767129227265
1317749951103979520
1317750105647230977
1317750424305340416
1317750784344416256
1317750895229210624
1317750965706104832
1317751015102349314
1317751048019259397
1317751071725551618
1317751081351467010
1317751300264763393
1317751327863296000
1317751360608231427
1317751443479252994
1317751446700494849
1317751611679178752
1317751677496266753
1317752003465011200
1317752060687880192
1317752083001597953
1317752228233576448
1317752244394143744
1317752279253028865
1317752281945710592
1317752282268672003
1317752282268766209
1317752282952368130
1317752370185576449
1317752396207054848
1317752412720058369
1317752419992952833
1317752499118526464
1317752523709648896
1317752529267011584
1317752574578249729
1317752647487803393
1317752651111669763
1317752653414367237
1317752654743982081
1317752764693245952
1317752776567496705
1317752967504793602
1317753050853933057
1317753086316871680
1317753249982746624
1317753279372296194
1317753330693754880
1317753536235667457
1317753538559303681
1317753640820551682
1317753699834396672
1317753964562157568
1317754215784132608
1317754255781122048
1317754258184425473
1317754267713884160
1317754397552791553
1317754514317938688
1317754596832444419
1317754766043250688
1317754772972294145
1317754794505797632
1317754851573497856
1317755098672529410
1317755132864495617
1317755440281825282
1317755444140503041
1317755480991797254
1317755506434465792
1317755570485710848
1317755630850105349
1317755742330474496
1317755801579257857
1317755949407522823
1317756045738057729
1317756154827735041
1317756437913849858
1317756535364329472
1317756571577974784
1317756602527764481
1317756614171103235
1317756876570779649
1317756916878200832
1317757015637229568
1317757037225402371
1317757057458733056
1317757310601695232
1317757363953295361
1317757388783554561
1317757581356650497
1317757827285504000
1317757841625800706
1317757860172976131
1317757937373401089
1317757987914698753
1317758038263169025
1317758114175877120
1317758124804218881
1317758175161077761
1317758217334759425
1317758230836240384
1317758285584519173
1317758518343180289
1317758560307191808
1317758652934127617
1317758693874802689
1317758855460409344
1317758891384578048
1317759094644768768
1317759208587231233
1317759256456798208
1317759326019325953
1317759453148610560
1317759541384220674
1317759590772211712
1317759765829832709
1317759827091857409
1317759828266078209
1317759864307855360
1317759917672042497
1317759942577819648
1317759966082641921
1317759971380121600
1317760032302313473
1317760051965198337
1317760099629387777
1317760104549306369
1317760212963610624
1317760417716969473
1317760441326645248
1317760990084255746
1317761093293363202
1317761095604592640
1317761164344963072
1317761268565016576
1317761333085995009
1317761342208659456
1317761443127853056
1317761665312718848
1317761852907180034
1317761868887478272
1317762027864150017
1317762148265840640
1317762166292885505
1317762189856591877
1317762194386321408
1317762288196222976
1317762535874060288
1317762642782670850
1317762895200006144
1317763262126182401
1317763310889111552
1317763337225195520
1317763381475102720
1317763433857753094
1317763677743943680
1317763819691757572
1317763995625992193
1317764088492064769
1317764100953395201
1317764200974962688
1317764328368623617
1317764531460988933
1317764648049979392
1317764667876515845
1317764772041981953
1317764787292508162
1317764814224171009
1317764921623457792
1317764933573017600
1317765060484341766
1317765143372156929
1317765207775731712
1317765242772914176
1317765306513825796
1317765337664966656
1317765506905100288
1317765650945802243
1317765823314931712
1317765881842290689
1317766019411333120
1317766126516924416
1317766137506091008
1317766284491239424
1317766348672466944
1317766865154879488
1317767125344219141
1317767130599854080
1317767269053771776
1317767375933100032
1317767380257431554
1317767380760670208
1317767457533210624
1317767502789808128
1317767583681159170
1317767602941382657
1317767718276386817
1317767756473896960
1317767846668140544
1317767999361875968
1317768249963126784
1317768258032947200
1317768475990020097
1317768586275000320
1317768635406954497
1317768772338462721
1317768849954045953
1317768999439126529
1317769002752614400
1317769168465350656
1317769336443052032
1317769425177743360
1317769450028998656
1317769547898884096
1317769756594798593
1317769795719335937
1317769893660381185
1317769948387827713
1317770124741496832
1317770259152228353
1317770361619009538
1317770654805073920
1317770744617721858
1317770752234541057
1317770853346586626
1317770887941283840
1317770901904044032
1317771151721070593
1317771159316910081
1317771250765303808
1317771285469011968
1317771314225156101
1317771484429942789
1317771609512574981
1317771633055223808
1317771770372513792
1317771837816901634
1317771918435618817
1317772000639832067
1317772003022147589
1317772149017497600
1317772173411573760
1317772209927180290
1317772216776478720
1317772219599278086
1317772241879400449
1317772253518585856
1317772275765157889
1317772320879091712
1317772381453156352
1317772410016403457
1317772568334639111
1317772591092948993
1317772702099427328
1317772745195782144
1317772762736373760
1317772868973899776
1317773035202617344
1317773132078501889
1317773172150800384
1317773263045595137
1317773588691300352
1317773655439560704
1317773680047476736
1317773793356615680
1317773872863772672
1317776725070303232
1317781618363346944
1317781864426409985
1317787143369068544
1317787942027485184
1317790059874144257
1317790149531607040
1317790211288551426
1317790283317334016
1317790306163712000
1317790321791651840
1317790335582539782
1317790417577005056
1317790555187912709
1317790587949645824
1317790853314842624
1317790899389272064
1317790995711406080
1317791116708773889
1317791293033033729
1317791356627095554
1317791499229237249
1317791518623780864
1317791747330756608
1317791762719625216
1317792212084805634
1317792276945436673
1317792323078684672
1317792505807708162
1317792511855890432
1317792535817998338
1317792684854202373
1317793121686720512
1317793196529885184
1317793295037304835
1317794016914755584
1317795021186355200
1317795039926505472
1317795052039643136
1317795302611496960
1317795340070711297
1317795340540628992
1317795432844660742
1317795471096676354
1317795548389384192
1317795572066168832
1317795646171172864
1317795717633769473
1317795949931040768
1317795968683855873
1317796366207299585
1317796850385256448
1317796893162917890
1317797436153303040
1317797550292946949
1317797850240208896
1317798200829501441
1317798697619566593
1317798704380841984
1317798728837857280
1317798795971907584
1317799204614529024
1317800513828782080
1317800748328112128
1317801408578637826
1317801600908447746
1317801929708273664
1317804588976799744
1317805946056417288
1317806732748488705
1317807042795610113
1317807224727678977
1317807466617491456
1317808312247832577
1317808401594941440
1317808463855091713
1317808550924734464
1317809065783971841
1317809591359602688
1317809689770496000
1317810226372972547
1317810513238253575
1317810595127767040
1317810902704525315
1317811281022377984
1317811473578663936
1317811574057406465
1317812121481216000
1317812675930255361
1317813192081494017
1317813262373867520
1317813794329055232
1317814651237945356
1317814973259800576
1317815614841511942
1317817686903185408
1317818649533710336
1317819225113825286
1317820225291780097
1317820851652317187
1317821173904908288
1317821895446831111
1317821995539746817
1317823525898637312
1317823544240242688
1317823565463318528
1317827970657099780
1317829014434779143
1317829600307720192
1317832099261460480
1317832978488303618
1317833759241211904
1317833826211631105
1317834527771926536
1317835791268282368
1317836033199845387
1317838261193244673
1317838823653605376
1317840113028767744
1317840714047381504
1317841478765432832
1317842483968155648
1317843032125919234
1317843042100006916
1317850675741679619
1317853104201662464
1317854592785317893
1317856444398686208
1317858171139010560
1317859028882644993
1317861196893212675
1317864481783975939
1317865082215419904
1317865390199001092
1317865523573452800
1317866854086438912
1317866963943739392
1317867040510824451
1317871815008620544
1317873078228062208
1317874703512571906
1317874854767583233
1317876481272520705
1317878034221944832
1317878343237337089
1317879283822612482
1317887591534952448
1317889364752519168
1317895109216817155
1317895775247077382
1317896936490401792
1317897053758959617
1317898239224393729
1317898479071617026
1317901664121094144
1317903402270138370
1317904141377744908
1317904651623239681
1317909075917742080
1317910592657698816
1317911574506504194
1317913388404572161
1317914043533897730
1317915091367579653
1317916810692485120
1317918348651409408
1317918374232354816
1317918404435640322
1317918663933046788
1317918851993128961
1317919049913950212
1317919144663240704
1317919414109589505
1317919481826627584
1317919592434573326
1317919855400595458
1317920191238541320
1317920624103329792
1317920799185981440
1317921155693662208
1317921845702774784
1317922050065956865
1317923114437758979
1317923298710355969
1317923386849452038
1317923414909308932
1317923506781409286
1317923768665333760
1317924718079606785
1317924819200053255
1317925259958505472
1317925299942731776
1317925621037752324
1317925709340418051
1317925964735721473
1317926290108960768
1317928505921908738
1317928826958217217
1317929278386950144
1317929986096091136
1317930355962281986
1317930599638798342
1317933838832750592
1317933998505603072
1317934382070566915
1317935552461705220
1317935588708896775
1317936613566066690
1317936757686632449
1317936813022085126
1317937193839742977
1317937218309193728
1317937882808619008
1317937910998552576
1317938071686516736
1317938077369860099
1317938418438070278
1317938997260374019
1317939548350042117
1317939556113580043
1317939960234770438
1317940291010236418
1317940590080937985
1317940919879032833
1317942191604584452
1317942202669162496
1317942497449005056
1317942943894949896
1317943010173329414
1317943307721428992
1317943342655770660
1317944404242518024
1317944508185718785
1317944883236175872
1317946137828069378
1317946237270827010
1317946614120579074
1317947703108734977
1317949894435405834
1317949897484750848
1317950470648958980
1317950584201371658
1317950655357739010
1317950738635554821
1317950747921829888
1317950819233374208
1317951005791846406
1317951290127884288
1317951521540157440
1317951936902189056
1317952071459590145
1317952357360148480
1317952419096010752
1317952426457092096
1317952561924743168
1317952596427104257
1317952725565452288
1317952807878668294
1317952891357958145
1317952990691688449
1317952998966964232
1317953101245067269
1317953449238122497
1317953472164171777
1317953494532476930
1317953742965297154
1317953834384302083
1317953998540984321
1317954352460562433
1317954869895057408
1317954997192216577
1317955080268746752
1317955108790013953
1317955116167737346
1317955421110439938
1317955496884797442
1317955609996763138
1317955757380435969
1317956072464961536
1317956117859885056
1317956121580261376
1317956121756303362
1317956287280435200
1317956705708290053
1317956835278770178
1317957357176033283
1317957842578661377
1317957916150931457
1317957998195757059
1317959183946440704
1317959298765434886
1317959895564636162
1317959954058350600
1317960079984021504
1317960326231465984
1317960497988251650
1317960507308052482
1317960519303790592
1317960531941228544
1317960538220072960
1317960631241277445
1317960659796152321
1317960963589591040
1317961075422318592
1317961219630895104
1317961766207356933
1317961804224598018
1317961985384919041
1317962641005027330
1317962914293219328
1317962940222496768
1317963127946924032
1317963282372792323
1317963306666237952
1317963479286992898
1317963671809761286
1317963672782819330
1317963673458016256
1317963681402007553
1317963757696548864
1317963776902238209
1317963791787790343
1317963861010599937
1317963863032320000
1317965551889715201
1317966003716956160
1317966165378027520
1317966173544288259
1317966698062950400
1317967148397039616
1317967372628729856
1317967612538662913
1317968247396990976
1317968302891741186
1317968303617462275
1317968327839535104
1317968347674398720
1317968352263000065
1317968353819004929
1317968385251180545
1317968403081121792
1317968428574085120
1317968542927589379
1317968592265187329
1317968629472833538
1317968703682727936
1317968724675133442
1317968775795380224
1317968797278588929
1317968834679242752
1317968838168895488
1317968883232407553
1317968885094764544
1317968981433683968
1317968990489223170
1317969000056446976
1317969007966851073
1317969107300585472
1317969136983678976
1317969175193726977
1317969344182292480
1317969366781132803
1317969389614960640
1317969464101666816
1317969489179381762
1317969539188084737
1317969555801710593
1317969566069293057
1317969665604321281
1317969715210452994
1317969720373616641
1317969735863160832
1317969775826526208
1317969777122512897
1317969924371918849
1317969934337609728
1317969970089791488
1317969978096832512
1317970014469840896
1317970031976828928
1317970057453096960
1317970090504146945
1317970182464307202
1317970259912101889
1317970283987406848
1317970361561063425
1317970373040885760
1317970426337890305
1317970439197609985
1317970472814940160
1317970509531926530
1317970523243073536
1317970548991942656
1317970550615060483
1317970551235891201
1317970602192334848
1317970603240951808
1317970606575415296
1317970610178306048
1317970613542137857
1317970616490684416
1317970634530541568
1317970675966103552
1317970690558091265
1317970710145474560
1317970711022080001
1317970786938982406
1317970823794315264
1317970828169039873
1317970935455113217
1317970963628175360
1317970979549712384
1317971003784527872
1317971027272568833
1317971042028191744
1317971082004103173
1317971103634067457
1317971103680180224
1317971153793724417
1317971187771822084
1317971220395151360
1317971220629983232
1317971253844758528
1317971290322571264
