1324864139278376960
1324864203547697154
1324864208924774400
1324864782130933766
1324866655890120709
1324866926263283713
1324867620869386240
1324867780005548035
1324867868270407680
1324867910427435014
1324867914017763331
1324867953641345027
1324867983731253252
1324868060306661376
1324868308240314374
1324868376804593665
1324868912941502471
1324869175890862088
1324869336243298305
1324869550714871810
1324869820010156034
1324869966911451138
1324870070036783105
1324870119533797378
1324870199082962947
1324870243039256579
1324870514129694724
1324870750906544129
1324871141421355008
1324871144927846400
1324871372787560450
1324871711188267011
1324871785540685824
1324871795414097921
1324871958715052034
1324872086565908480
1324872749114937351
1324872895319990274
1324873184626225153
1324873874824179712
1324873953853235201
1324874256967151616
1324874818014097408
1324874997517717516
1324875290380787716
1324875330495000578
1324875463844458496
1324875675367579649
1324875992054165505
1324876080721895424
1324876212649537539
1324876481449832448
1324876545907970052
1324877055813701634
1324877149338292225
1324877221828374529
1324877291852337153
1324877615610662913
1324877698049650690
1324877754932846592
1324877797463126016
1324878667005087744
1324878841026895873
1324878913710010375
1324879024821309441
1324887837653807104
1324888605509234690
1324893865170624512
1324895408187990017
1324898517790449665
1324900034983432192
1324905228781707266
1324905923622690817
1324909439179059200
1324910147139940352
1324910528087601153
1324910827539984384
1324912305470050304
1324913934013526018
1324914014703542279
1324916926578118657
1324916927622483969
1324918649090617344
1324923669655785473
1324924375091589122
1324929172691685376
1324929813690408960
1324930368651350017
1324930813348237317
1324931657623728128
1324932087070117890
1324932087636357120
1324937685987889152
1324939582849298432
1324939640235728897
1324939734859264002
1324940215337693184
1324941597302124544
1324942950627938305
1324943485212954624
1324947479268372481
1324947623296557062
1324950854026268673
1324951490021224451
1324951909250240512
1324954850732421120
1324955478502350848
1324957452421435392
1324960296981639169
1324961739776126976
1324962158992633857
1324962285983571969
1324962326433423361
1324962647830376448
1324966869481250816
1324967664997949440
1324967769834708992
1324969837731311617
1324970040240779264
1324970339198242817
1324970982122147840
1324971438437183488
1324973100828659713
1324973301370925056
1324973909389795328
1324974084363612160
1324977417690222592
1324977814957862912
1324979757256232960
1324980541255462913
1324982674260418562
1324983158220206080
1324984105755439104
1324984189628846080
1324984553115676672
1324984935661277184
1324986144946348032
1324986193344344064
1324986722535567360
1324986951905255425
1324987991782256642
1324989609542094850
1324989738021867521
1324989945174482949
1324989968591314944
1324990809436024832
1324992523094331394
1324993240437698562
1324998779884417025
1325000056534134784
1325000203758411776
1325000433648201728
1325000918149062656
1325001335230623744
1325001431175323648
1325001767319457792
1325002791014764544
1325002800762408961
1325002811034259457
1325003865847066625
1325004871691538433
1325005280019615744
1325005351306096645
1325006369414668288
1325007172254756865
1325007308204761088
1325008072218083329
1325008296412127233
1325008332273328128
1325008404595662848
1325009559916859392
1325009782223278080
1325010331387785216
1325010669582905344
1325010859488382983
1325010999519432704
1325011002371551232
1325011028980195328
1325011410879909888
1325011648269127681
1325011766191910917
1325011859737518080
1325012000309731328
1325013296446050306
1325013934219341824
1325014030839410688
1325014942362308610
1325015154212417536
1325015474569175040
1325016450092969985
1325016552106840065
1325016650123448320
1325016790573969408
1325016844969906176
1325017209563963393
1325018801117782018
1325018964863283200
1325019574715166720
1325019734203637760
1325020747719462914
1325020751016112129
1325020910496190467
1325021083964203008
1325021333437165568
1325022247090851841
1325022262274252800
1325022399025336320
1325022684200144896
1325022925943083011
1325023011670515712
1325024354942521345
1325024775291465729
1325024947505418240
1325024970402115585
1325025313731059713
1325025712735129601
1325026121390362630
1325026785520717825
1325026879435403264
1325027087485444096
1325027624708608002
1325028130130694144
1325028223596552193
1325028847599939585
1325028869225779205
1325029329852575744
1325031531207823360
1325032328872284160
1325032528638513153
1325033253531754496
1325033449519017984
1325033549557362688
1325034347410448384
1325035088304869376
1325035526693457920
1325036168010936321
1325036203595489280
1325036513479041024
1325036728739127296
1325036932355731458
1325037282374656000
1325037784449626115
1325037800945840128
1325037867719122944
1325038017166405637
1325038036820905987
1325038077249806336
1325038204718813185
1325038215171084290
1325038248645832704
1325038267243311104
1325038343655186433
1325038457056604160
1325038480599240705
1325038507115634688
1325038628758843394
1325038802788880385
1325038805540364288
1325038820669206528
1325038954522030082
1325039230150725632
1325039315441901569
1325039357657567232
1325039412015722499
1325039496795189248
1325039882100674561
1325039989210681345
1325040094147907586
1325040103308357633
1325040357625769985
1325040797415317504
1325041069483053056
1325041407623651329
1325041562888400898
1325041588553338880
1325041998705942528
1325042141010272256
1325042267262955520
1325042930877390848
1325043074322604032
1325043166140108800
1325043167805235203
1325043237267132417
1325043237330051078
1325043398626189312
1325043500107358209
1325043515571793921
1325043518348414977
1325044202271543296
1325044275894218752
1325044831970861062
1325045299811930112
1325045558545879041
1325045569295966209
1325045778071629824
1325045932531081223
1325045992811589632
1325046600381718528
1325046628521271297
1325046658930003969
1325046841994571776
1325046848848060416
1325046882809294849
1325047114007711745
1325047208987799552
1325047346917478400
1325047374247587841
1325047557437972487
1325047891350728707
1325047933251825664
1325048015653056512
1325048078139871232
1325048152697802753
1325048702139064320
1325049096021938176
1325049377094832128
1325050983697756161
1325051096373596161
1325051310543134720
1325052054323277826
1325052669204062209
1325053171308367872
1325053668882870272
1325053900060299265
1325054796735389696
1325055030030966786
1325055309073801216
1325056449744089088
1325056597966655490
1325056803164614658
1325057438299680769
1325057545304764418
1325058026433351681
1325058343422087168
1325059092956782592
1325059207373197313
1325060034158596096
1325060459712700416
1325062193524727810
1325063246399856641
1325063250283786242
1325067900428963841
1325068273004777474
1325068908475375617
1325069261992243200
1325070111959560194
1325070478520815616
1325070502763896833
1325074011659890689
1325075758499438596
1325077341396213761
1325078102213619713
1325078818835591168
1325078927027671040
1325079999515402243
1325080935071682560
1325082374800019459
1325082458623254529
1325084289604726784
1325086128563695616
1325086916547645440
1325088847491952641
1325089050420719618
1325089292465659905
1325090066918748160
1325091152706613249
1325092157938601990
1325092460335390720
1325097173520961537
1325098273816915968
1325105354817085441
1325106170927919107
1325106174988070914
1325106192335724544
1325106208009842689
1325106218646564864
1325106219481264131
1325106241044090881
1325106251668262915
1325106265404678148
1325106280428691456
1325106289891020801
1325106292801867776
1325106323604852737
1325106331594928136
1325106354147778565
1325106370321002500
1325106373634514944
1325106392903061504
1325106415292346369
1325106416026345473
1325106417221709825
1325106435479523329
1325106445499723776
1325106446124650497
1325106472515145728
1325106476445278209
1325106488398974979
1325106496183496705
1325106501065830403
1325106501359448064
1325106584754778112
1325106587577561088
1325106610507837441
1325106617411624963
1325106679348932610
1325106706662236163
1325106709690454016
1325106725444341760
1325106726585180164
1325106741793730560
1325106767915835395
1325106777743093762
1325106787754913792
1325106787939479555
1325106795967287305
1325106798475489282
1325106804783767552
1325106819648413699
1325106868319100928
1325106878368657408
1325106886849536000
1325106892197294082
1325106896609701889
1325106949025918977
1325106951458611200
1325106951806722054
1325106963244519424
1325106984107077632
1325106984937533440
1325106990021013504
1325107027857858560
1325107043808653312
1325107084799725568
1325107098372497412
1325107131977248768
1325107173416968192
1325107174457171969
1325107201619456000
1325107209773191169
1325107209878065152
1325107254534811654
1325107268300525568
1325107295206985734
1325107296201035776
1325107320012103680
1325107322100789256
1325107340459302912
1325107349653221376
1325107367390928896
1325107393202696195
1325107397917020160
1325107403801628673
1325107404103671808
1325107424064368640
1325107434378186753
1325107440329887748
1325107452229062656
1325107463746686977
1325107464585568260
1325107485825519626
1325107506520133633
1325107513470164997
1325107524656377858
1325107581212307457
1325107586820141058
1325107601789526017
1325107614292856832
1325107626758246400
1325107676079075330
1325107700091457539
1325107719871864834
1325107721755127810
1325107731573960704
1325107766059528192
1325107789883191297
1325107791892254720
1325107832614649859
1325107836309950464
1325107841812865024
1325107848980946944
1325107853804367873
1325107866211061761
1325107878827581443
1325107882979889157
1325107896196141058
1325107897710354433
1325107910398124032
1325107928035192832
1325107935949836295
1325107959114969089
1325108022742560768
1325108025275936768
1325108027461169155
1325108030086795264
1325108096071512064
1325108105701699584
1325108138291437569
1325108153889984514
1325108158243729410
1325108167785783298
1325108197200441350
1325108247695560706
1325108247779446784
1325108247800422405
1325108252900790277
1325108269736751104
1325108307657433090
1325108309775577090
1325108342440816640
1325108343619383296
1325108343652950017
1325108359037644801
1325108362976108545
1325108383951843330
1325108413223854081
1325108509050953733
1325108546112008192
1325108549480042496
1325108584213065729
1325108586087899139
1325108588298313736
1325108622356049921
1325108666224287750
1325108687762022400
1325108772763787265
1325108774504452096
1325108808818061312
1325108836131352578
1325108843932774400
1325108886400081928
1325108900237111298
1325108903873552384
1325108910647283716
1325108987356975105
1325108987440803841
1325109002171248640
1325109010194948096
1325109016662597632
1325109046303744003
1325109063546494979
1325109094097821702
1325109222359658496
1325109232077856774
1325109272213151745
1325109282619187203
1325109284993200128
1325109300591779842
1325109300805558272
1325109340039213056
1325109349996523520
1325109402693722115
1325109429088505860
1325109433530265602
1325109444661882880
1325109466812047363
1325109505990955008
1325109506616020993
1325109539096694784
1325109557157359618
1325109557992054784
1325109569887068160
1325109592796368896
1325109612354412544
1325109628305354752
1325109667261870080
1325109692134199297
1325109700829044736
1325109709683240960
1325109733100048387
1325109736665206785
1325109743690584065
1325109809943896064
1325109858149003268
1325109883088343040
1325109903111954432
1325109919461289984
1325109936523767815
1325109945470234631
1325109957763674112
1325109968941539329
1325110007541751810
1325110029415026688
1325110040248901634
1325110052018065409
1325110071441973250
1325110090874167300
1325110091821977609
1325110103939444739
1325110126953500679
1325110156795973632
1325110227457495041
1325110251864068101
1325110264581267469
1325110271027843074
1325110274630823938
1325110306637557760
1325110316997468160
1325110345392922625
1325110348576399360
1325110355757064195
1325110376577568768
1325110401248485376
1325110435755020289
1325110510707224577
1325110609520824322
1325110674280882183
1325110712063184896
1325110732854349824
1325110764533903360
1325110777431420932
1325110846029246464
1325110846515769344
1325110866904297472
1325110884944015360
1325110887414439938
1325110902031519749
1325110926509547520
1325110931240652801
1325110936236138497
1325110941437075457
1325110945950150656
1325110953265029121
1325110972042899456
1325110987360526338
1325110999444238339
1325111016074727426
1325111026753417219
1325111035473309697
1325111050077790208
1325111060664291330
1325111061276745729
1325111077672116224
1325111101659418625
1325111134593183746
1325111148547612672
1325111183427440642
1325111185533001729
1325111209004326915
1325111235956928512
1325111246358786048
1325111272111824896
1325111275794395141
1325111293213347841
1325111338302132226
1325111354051731456
1325111360217370627
1325111364491337729
1325111370069716992
1325111370979946498
1325111382732365828
1325111408414105601
1325111441758826497
1325111465733459969
1325111472792473600
1325111479914393600
1325111494342823939
1325111519273684994
1325111528585048066
1325111540505305089
1325111556003274752
1325111578040078336
1325111584428072966
1325111615528849411
1325111695224819712
1325111698181812225
1325111700731944960
1325111708793393153
1325111718104739844
1325111721686691840
1325111759171186694
1325111764988604416
1325111766028865537
1325111769875013632
1325111804054401029
1325111843153719296
1325111849533263873
1325111862434930690
1325111923529064448
1325111924590325761
1325111940604186624
1325111942177050626
1325112010275741697
1325112030303555591
1325112036192301057
1325112039078055937
1325112071734898689
1325112077841805314
1325112078206636038
1325112120426565632
1325112139074445317
1325112140437532672
1325112141242884098
1325112174042370048
1325112181399183361
1325112184431636482
1325112189766807552
1325112203096297474
1325112212361539585
1325112241667137536
1325112246268203008
1325112259169947648
1325112268699426816
1325112269152395265
1325112280489619459
1325112319794425858
1325112320809439235
1325112343773261825
1325112417462923267
1325112420206043139
1325112444914524160
1325112460551073799
1325112478167142404
1325112487054888973
1325112491182084099
1325112495258947590
1325112498689896451
1325112500011081728
1325112505019101186
1325112513315401729
1325112514959601667
1325112544667840513
1325112564687179776
1325112585016979456
1325112591379787782
1325112605468397573
1325112607724998656
1325112617476698112
1325112626217693184
1325112628851712001
1325112652947972097
1325112653233184768
1325112673974018050
1325112683943825410
1325112735588376578
1325112742148239360
1325112769167831040
1325112772040994816
1325112800440619010
1325112826768318465
1325112827070324737
1325112842027151362
1325112844988387328
1325112849526616067
1325112862893887495
1325112864038809602
1325112887602450436
1325112904232931337
1325112915481989120
1325112928849309703
1325112943932043267
1325112947379752961
1325112961669672961
1325112969127137285
1325112969202704386
1325112978698596353
1325112981626163202
1325112982481874944
1325113001607827457
1325113011300937731
1325113029290160128
1325113032788283396
1325113037938958343
1325113041466351616
1325113045660667906
1325113047665405952
1325113054393225218
1325113056070938624
1325113057866092545
1325113070906175490
1325113077201776640
1325113094578778114
1325113125562101769
1325113141492133895
1325113192859783170
1325113272362823686
1325113282017943553
1325113282370408452
1325113294412189696
1325113306751840257
1325113334954418178
1325113350284599301
1325113359306469382
1325113366633979907
1325113366898216965
1325113375181959169
1325113376406708226
1325113381553049601
1325113392273743873
1325113435282169857
1325113466831720448
1325113476101050375
1325113479720824833
1325113483965435904
1325113496988741634
1325113526315331587
1325113548666703873
1325113585882763265
1325113629688160258
1325113633253298181
1325113680598536192
1325113698244038659
1325113707542745088
1325113709358878723
1325113716245991425
1325113741323563010
1325113745568313344
1325113764388220932
1325113767143862273
1325113774400004099
1325113808604557312
1325113837083906054
1325113848484012034
1325113850727960580
1325113876766142470
1325113877676371969
1325113884794040324
1325114002826027010
1325114006210834432
1325114006848331776
1325114007024504832
1325114018881744899
1325114032970461188
1325114035977773056
1325114039790411789
1325114047826718721
1325114061114191877
1325114063685300226
1325114066076114944
1325114077337821186
1325114144970969088
1325114154596921344
1325114157604204544
1325114162972925958
1325114283966001155
1325114316094394371
1325114329977540611
1325114332066308097
1325114334859718663
1325114346108841985
1325114350680616961
1325114351267799042
1325114378044239876
1325114378451030017
1325114386512490497
1325114396142678030
1325114428887592962
1325114459501834241
1325114471770173441
1325114557187059718
1325114576610979843
1325114578158706690
1325114605430075396
1325114610249306112
1325114619803934720
1325114636958576647
1325114662657138694
1325114687286112257
1325114703866187780
1325114729392709633
1325114741413584898
1325114761714020355
1325114790138802178
1325114823995219968
1325114844807303168
1325114849018441732
1325114858271076354
1325114869381738497
1325114873848729601
1325114877409681409
1325114881469796361
1325114885638922242
1325114886880366594
1325114893138350085
1325114897181667336
1325114983248764931
1325114997207404546
1325115002462867457
1325115008838230019
1325115012722122753
1325115018921304066
1325115038278045696
1325115040421335043
1325115050424754176
1325115071542988802
1325115095727353867
1325115121690169356
1325115132796678154
1325115156108603392
1325115170000150529
1325115172244103169
1325115209636339713
1325115234776997898
1325115244511981570
1325115255685586946
1325115269551968256
1325115283565109248
1325115283846160386
1325115305572577281
1325115330415517699
1325115335025053699
1325115335209529347
1325115355132383233
1325115409096450056
1325115427878555650
1325115427970748423
1325115453493153800
1325115454587871235
1325115484359057411
1325115489522167808
1325115500247003142
1325115528634118145
1325115533117837312
1325115562066907139
1325115622863351808
1325115639120453632
1325115664521187328
1325115673857679361
1325115689053671426
1325115710427844608
1325115714919927808
1325115738907029505
1325115739783753733
1325115762130956289
1325115788043366400
1325115797795168259
1325115801893015556
1325115809056878594
1325115814475935748
1325115816619151365
1325115840530964480
1325115848651132929
1325115852488847362
1325115857291317253
1325115866489483264
1325115883648405509
1325115909544009728
1325115960840384518
1325115988598267904
1325116025206149120
1325116036346163203
1325116041710743554
1325116045754044418
1325116049918980096
1325116083544727557
1325116093313265668
1325116100091195394
1325116113886306306
1325116158845050881
1325116191392796677
1325116203736707072
1325116260867301377
1325116275799040001
1325116282170183685
1325116305742106625
1325116327829319685
1325116370821001219
1325116372200853504
1325116372385411072
1325116373534711808
1325116395277979651
1325116404706791425
1325116456921653249
1325116473174618114
1325116486369808387
1325116490903941121
1325116496528486400
1325116523338457089
1325116556792229895
1325116568142024706
1325116570264285188
1325116593609781252
1325116596927524866
1325116604313710593
1325116610269507585
1325116616091295746
1325116628061855744
1325116643853426688
1325116645208190980
1325116664803897347
1325116685326700546
1325116691471273990
1325116736937586693
1325116740695625731
1325116749541482498
1325116784953991173
1325116786489094148
1325116794571550722
1325116803845066754
1325116804734259202
1325116810019164161
1325116820207132676
1325116866914869251
1325116868437422087
1325116870576529417
1325116947005132804
1325116954563256320
1325116966244331520
1325117011043774464
1325117055922745345
1325117056421912582
1325117071747899393
1325117074922934274
1325117079947776001
1325117093394706435
1325117097865850881
1325117131214778368
1325117140710674440
1325117143193690113
1325117152509239297
1325117157177516032
1325117166975414280
1325117182376816645
1325117188097892355
1325117218674323456
1325117227121709056
1325117227339812868
1325117230724640772
1325117231995432963
1325117282612285443
1325117302921170944
1325117310173114375
1325117320700829699
1325117350706896896
1325117434181922817
1325117438095208451
1325117440993398784
1325117465907630092
1325117469829304322
1325117471611899912
1325117485146923009
1325117511323541504
1325117518114140165
1325117557075046402
1325117573881606151
1325117575936815107
1325117585294303236
1325117609122164739
1325117639606345729
1325117641468628995
1325117657906098178
1325117684992921601
1325117693385715713
1325117698595049474
1325117701602205697
1325117702550269961
1325117708938121220
1325117740043161601
1325117740781330434
1325117771630469122
1325117791477882880
1325117818715709445
1325117820888297484
1325117840945451016
1325117845508853761
1325117864353783808
1325117891331715082
1325117917877342211
1325117930061901826
1325117945283043328
1325117968854999043
1325117986139742209
1325118017324376066
1325118076107558916
1325118077265207303
1325118120030298114
1325118137650475008
1325118181086785537
1325118213537947648
1325118214158868482
1325118224246190080
1325118281200578562
1325118298355343360
1325118314260160512
1325118332144672773
1325118341011288065
1325118367762685957
1325118376453304323
1325118388109258754
1325118394681667588
1325118410607431680
1325118410917777409
1325118441603346434
1325118463279558659
1325118496829739010
1325118498968891393
1325118515762917378
1325118517306339329
1325118574478979073
1325118614396162048
1325118624718315523
1325118664941645826
1325118731949760513
1325118734567055361
1325118737729597440
1325118741269549058
1325118747632398337
1325118769581051904
1325118787516043264
1325118803215257606
1325118812002291712
1325118815571750916
1325118828284571648
1325118843661004805
1325118858827542529
1325118865353961477
1325118870726864897
1325118873151164419
1325118897477939200
1325118957502656512
1325118992604913664
1325119051459407873
1325119068765102083
1325119074913972228
1325119084720230401
1325119106664816641
1325119107293978633
1325119110678634497
1325119110703886337
1325119137736167431
1325119168199467009
1325119173358456833
1325119215662194688
1325119236663078912
1325119262537768960
1325119284289343490
1325119296952000512
1325119299351175169
1325119315616493569
1325119342594326529
1325119362123132930
1325119395069366273
1325119406154919938
1325119407425785859
1325119455744110593
1325119463524499456
1325119473024524292
1325119496491724806
1325119524866158595
1325119527257042945
1325119531476525061
1325119538556362753
1325119544659210240
1325119548022984709
1325119549860048898
1325119576993095680
1325119577571856384
1325119583531962369
1325119584924524548
1325119600149716995
1325119605912690693
1325119611365416961
1325119628910100483
1325119647772008452
1325119651886608395
1325119657687146500
1325119658245169153
1325119662900846594
1325119698476916736
1325119703199608835
1325119706248908804
1325119730538188802
1325119767900991490
1325119772963516416
1325119774691635205
1325119788654288897
1325119791175065605
1325119794509565954
1325119801694543873
1325119823064522754
1325119823911788544
1325119824268206088
1325119834041044997
1325119866593009665
1325119872121008129
1325119883420569601
1325119888814379010
1325119891477684230
1325119899245572099
1325119902051565570
1325119920062001153
1325119935652225025
1325119959152857090
1325119972419411969
1325119981135257606
1325119992690454528
1325119996029186048
1325120029222842370
1325120051578621952
1325120057454682113
1325120097355091971
1325120107547406341
1325120109132853248
1325120119580762112
1325120142913757185
1325120144725708801
1325120154502455299
1325120219052830720
1325120245531602946
1325120255438573569
1325120264103817219
1325120312556449795
1325120324992716801
1325120327794372611
1325120329916817408
1325120339152670720
1325120373713723392
1325120387420545026
1325120389471739906
1325120391900114949
1325120397608620033
1325120416344633344
1325120442080714754
1325120453900316672
1325120495386161158
1325120524876357634
1325120545227149313
1325120570435002369
1325120579414888449
1325120584980684801
1325120592455094272
1325120598306148355
1325120598754824195
1325120610951786501
1325120649589739522
1325120652756586498
1325120680111730691
1325120694829527042
1325120698986229761
1325120721962590208
1325120742522986502
1325120773233631234
1325120811687030787
1325120831769382920
1325120831832252419
1325120832113434626
1325120836412510210
1325120838169849856
1325120839453306888
1325120849364574211
1325120850094387202
1325120882314895370
1325120893992005632
1325120894029623297
1325120894830669825
1325120915445780482
1325120960182190082
1325120965144174593
1325120991442341888
1325120994298748929
1325120995007602688
1325121077765419008
1325121094529986560
1325121120698322946
1325121123365871619
1325121159264784384
1325121165170499584
1325121185403858945
1325121243935244294
1325121270090850310
1325121277078560768
1325121304966688769
1325121323438284800
1325121332435021833
1325121334553284610
1325121359119339522
1325121372717256708
1325121412705652740
1325121423648690176
1325121424617582593
1325121426114961409
1325121477255913472
1325121493538398209
1325121497598464000
1325121578699386881
1325121578737283072
1325121622622298114
1325121633615482880
1325121640108158985
1325121692935589888
1325121712300548096
1325121811999199233
1325121816273309696
1325121817044987906
1325121822510223360
1325121838004006914
1325121848531673089
1325121865040318465
1325121875266166784
1325121878072029190
1325121904416591872
1325121904668147714
1325121909218930689
1325121924028985353
1325121927325880320
1325121931687956482
1325121958665654272
1325121993180655617
1325122002420551681
1325122003255357442
1325122013946474496
1325122020615483392
1325122029218013184
1325122030048436224
1325122039565455361
1325122069311283201
1325122069911121927
1325122073254113282
1325122073996505089
1325122086910746624
1325122090777804807
1325122130414084096
1325122137456140291
1325122184461783041
1325122187250921473
1325122192837808129
1325122195362877440
1325122204430819328
1325122289852162050
1325122295967444995
1325122305094258688
1325122320281849858
1325122328381042688
1325122332738744328
1325122378100211713
1325122397511430144
1325122411377815555
1325122443854438401
1325122498338250753
1325122514029322241
1325122538410749954
1325122561630330887
1325122569305874432
1325122581859454981
1325122601644077061
1325122605716791296
1325122664063758336
1325122686641602564
1325122707806015494
1325122733110386689
1325122733265494019
1325122739183603713
1325122753729421312
1325122794166784000
1325122813066350594
1325122818539991040
1325122850265554950
1325122874865233920
1325122881836085251
1325122889641811969
1325122896780529665
1325122960970014721
1325122976346300417
1325122999574392833
1325123002615418881
1325123005220069376
1325123029542842368
1325123043455365120
1325123052548616194
1325123052842192898
1325123054536552455
1325123071188094977
1325123073876520962
1325123084345630722
1325123097528328192
1325123105866526721
1325123107229667328
1325123115270107137
1325123152280653824
1325123154931486721
1325123180806234112
1325123186401292288
1325123217707597826
1325123236275826688
1325123238289170432
1325123260204392450
1325123267523457024
1325123289446899712
1325123295486767109
1325123297055449089
1325123322636611584
1325123329125089282
1325123336825937920
1325123341435482113
1325123347370237953
1325123363056963584
1325123369004539922
1325123381646094338
1325123406786949122
1325123416706457600
1325123483655954433
1325123491922808834
1325123497941667841
1325123509727752192
1325123522369359872
1325123527675097089
1325123528128016388
1325123547849609220
1325123562655506443
1325123567227269120
1325123575129534464
1325123579894263808
1325123581433540608
1325123599141834752
1325123599150190593
1325123610235777025
1325123615982055426
1325123621539360768
1325123622927814656
1325123630112518144
1325123660663894016
1325123683808124928
1325123720579600385
1325123727986745346
1325123733757939713
1325123786224652290
1325123797880504324
1325123804213940225
1325123809163177995
1325123814032699394
1325123822261948417
1325123823801282561
1325123828037644288
1325123856122617856
1325123864851058688
1325123876649459712
1325123895607791616
1325123918055682049
1325123919515316225
1325123928688222211
1325123937269932032
1325123977312788481
1325123978097254400
1325123990298439680
1325124007163781120
1325124044140654594
1325124081155338243
1325124101996904448
1325124124830703619
1325124154606039045
1325124156124405766
1325124162185162754
1325124170393509889
1325124198113574915
1325124199694757888
1325124209039732736
1325124223405355008
1325124251012239360
1325124256221499393
1325124282767175681
1325124307882807296
1325124340896194565
1325124341499977733
1325124343567851521
1325124348047314944
1325124374978945027
1325124381845184512
1325124402711703560
1325124410098016257
1325124415277838336
1325124420420030465
1325124448454930434
1325124479262089216
1325124487801499653
1325124499566518272
1325124504620728321
1325124512296308737
1325124540767248386
1325124557146034177
1325124564825694210
1325124578297962496
1325124593653219328
1325124593837748236
1325124632186294275
1325124634346483712
1325124644836421632
1325124644840632322
1325124649013792768
1325124659235311619
1325124660552458240
1325124664180400128
1325124665925394438
1325124705825644544
1325124708854095872
1325124709848141824
1325124710259171329
1325124715636285445
1325124764013387776
1325124770136985603
1325124774155051013
1325124777577738241
1325124786712932352
1325124813497700352
1325124816203091968
1325124817045999619
1325124823924809729
1325124831755395077
1325124832023904257
1325124885916475395
1325124886767955968
1325124951632961538
1325124961334386691
1325124964069101568
1325124990862176258
1325125005999550464
1325125008356569092
1325125054447972352
1325125059460083715
1325125091382841345
1325125131417497601
1325125133984411650
1325125137809682433
1325125183187922946
1325125204444549123
1325125215152726018
1325125234639298565
1325125238158483457
1325125241916551170
1325125254755225600
1325125285662978050
1325125305229570049
1325125327539015681
1325125348124712960
1325125352012861441
1325125380278284288
1325125387504943104
1325125395402854400
1325125402180808704
1325125419239010305
1325125422275649538
1325125429041172483
1325125440512684032
1325125458736812032
1325125512444993536
1325125514932203521
1325125520246206465
1325125532292407297
1325125547135918080
1325125551066025984
1325125593000628227
1325125601485709312
1325125607924117506
1325125628278927361
1325125636202123266
1325125650546569216
1325125657089593347
1325125666950406144
1325125677885034498
1325125690123972613
1325125699192020994
1325125722646728704
1325125725255426050
1325125751818002432
1325125752313032704
1325125754946871297
1325125760294727680
1325125780486057984
1325125781702414339
1325125804280455168
1325125827982462980
1325125830540840963
1325125839982354439
1325125867568132097
1325125872148488192
1325125882449686535
1325125891194695681
1325125901714038791
1325125919963373568
1325125935536861193
1325125935629131778
1325125938430947330
1325125941799116800
1325125965362524162
1325125972052512771
1325125978369093632
1325125986967498753
1325126001538461697
1325126010560503809
1325126012368162817
1325126017430679552
1325126025164906497
1325126030261096448
1325126052734066692
1325126096803803140
1325126102709202945
1325126118232387585
1325126128554577920
1325126131524104193
1325126135047446528
1325126151585533952
1325126165636415488
1325126169084239873
1325126184431050753
1325126203376885760
1325126214839721984
1325126220384595975
1325126253339316225
1325126267084025861
1325126272599666689
1325126280061313024
1325126320356003847
1325126338542493696
1325126343613296644
1325126369806839808
1325126385371934720
1325126396943818753
1325126511595188224
1325126540745564161
1325126558957309952
1325126569002610689
1325126588393005056
1325126598782316544
1325126600044765185
1325126624031936512
1325126625025929219
1325126635490746370
1325126640318484481
1325126657900863491
1325126658894962688
1325126659163398144
1325126660291760128
1325126683943342084
1325126759063433216
1325126759898112000
1325126772128702464
1325126774695530497
1325126785529425921
1325126790931763202
1325126821860450304
1325126831553474562
1325126839917010944
1325126842261495810
1325126848607629312
1325126884615720960
1325126920250535936
1325126943751204866
1325126982565244929
1325126993667641345
1325126996817567744
1325127013062107136
1325127035702960130
1325127046872277006
1325127078258335744
1325127082070990848
1325127093840084998
1325127124437569537
1325127135518994434
1325127140388397056
1325127157547368449
1325127169459200001
1325127214929571844
1325127262501400584
1325127266343383040
1325127270269390848
1325127284194414592
1325127285800919040
1325127309578399744
1325127315857285121
1325127323348295680
1325127333234184193
1325127341702569984
1325127354197319681
1325127368835555329
1325127379388264448
1325127381032579072
1325127401890865152
1325127441405399041
1325127448942534656
1325127452734218241
1325127457561776128
1325127462062186498
1325127470325096449
1325127477342040065
1325127490646405120
1325127494228439042
1325127516198072321
1325127522791649286
1325127525668966401
1325127533667495936
1325127549836533760
1325127556605997056
1325127603007549442
1325127609236254721
1325127630866231296
1325127632443351041
1325127656631775233
1325127656782716929
1325127666517872641
1325127686969233416
1325127723841449989
1325127724403314688
1325127730564886532
1325127731621875714
1325127734863884288
1325127748071743491
1325127755286122496
1325127776953749504
1325127783991939072
1325127785745063937
1325127797832966145
1325127802576801794
1325127841391009794
1325127843790032899
1325127843920158720
1325127848936550402
1325127853151809536
1325127861368459266
1325127889763897350
1325127935112712193
1325127938853933061
1325127955505278980
1325127988481052672
1325127995623788544
1325128010702475266
1325128023213924352
1325128024744988672
1325128073457569797
1325128078327050242
1325128104046628864
1325128121914454016
1325128133939351558
1325128158060802048
1325128162682925056
1325128164192837634
1325128166546034689
1325128175492366336
1325128195578982401
1325128233579290624
1325128235643006976
1325128245533057032
1325128249450639360
1325128295587803139
1325128364751872002
1325128373291675650
1325128381311066115
1325128381416017920
1325128382799966208
1325128385337696256
1325128407198302208
1325128417004691457
1325128418065833985
1325128420079136771
1325128476513406977
1325128507165380610
1325128560064024576
1325128566384721920
1325128566988681220
1325128570713280513
1325128580293038087
1325128595748974595
1325128613432266753
1325128629185990657
1325128629530005505
1325128631102939136
1325128634189840386
1325128635662131203
1325128646852452354
1325128697322627073
1325128698853380098
1325128702246612993
1325128721603293186
1325128724086366208
1325128763085004809
1325128821842964480
1325128833679372288
1325128842940444673
1325128866474696704
1325128919339528192
1325128932514033666
1325128934497918976
1325128955494498307
1325128980190568451
1325128982287675395
1325128984825196546
1325128985764794368
1325128997781430272
1325128998335127552
1325129002684567555
1325129018421604353
1325129058665988098
1325129063053324289
1325129099698823170
1325129106439069699
1325129106468577285
1325129142145331201
1325129142153535491
1325129173363433475
1325129180762267648
1325129182620291073
1325129186420256769
1325129191101259776
1325129204430680064
1325129217806200834
1325129220633337857
1325129222688395265
1325129230225567744
1325129244335353857
1325129283023626242
1325129325671309315
1325129333896318978
1325129376485302274
1325129396588486660
1325129418768080899
1325129424862285824
1325129433812905993
1325129437004886016
1325129470529859586
1325129486845710339
1325129488934514691
1325129493019729921
1325129511504056321
1325129557507190787
1325129561441366016
1325129596698767360
1325129636171427840
1325129641791643648
1325129646682173443
1325129653518995456
1325129664025620486
1325129669281263617
1325129677489516544
1325129689287913478
1325129704463093760
1325129735815507973
1325129771408240645
1325129774902046721
1325129775577493505
1325129777414459393
1325129800764121094
1325129818908872704
1325129847279030273
1325129859228688385
1325129859669094400
1325129876001746949
1325129879386542082
1325129879751450626
1325129946423914496
1325129976312717314
1325129978938351618
1325129988874514432
1325129990707548160
1325130028099665920
1325130031509671936
1325130032910651393
1325130036895166467
1325130047221620736
1325130049033547776
1325130060500701184
1325130078003503105
1325130093153280000
1325130110295420931
1325130131418050560
1325130166280966145
1325130173298036736
1325130219611586561
1325130237940731910
1325130242298503168
1325130244580241408
1325130264880828422
1325130301174124545
1325130333759574016
1325130349840654343
1325130356144697346
1325130364541493249
1325130366101942273
1325130393771778048
1325130405788389376
1325130409328467970
1325130414487465985
1325130449492930568
1325130456686276610
1325130469566894082
1325130472477765633
1325130508234182658
1325130530405273600
1325130570612006913
1325130576647483392
1325130589058392066
1325130599384805377
1325130613603495937
1325130620469608450
1325130641650823169
1325130668574203905
1325130674261602305
1325130703898636288
1325130704871518210
1325130707254079489
1325130715525242881
1325130724094185472
1325130725180526597
1325130744482639874
1325130747414417408
1325130749272600577
1325130777152155648
1325130784374726656
1325130793065144325
1325130798111002624
1325130815773106179
1325130825994702852
1325130830713290752
1325130849021423617
1325130896354250753
1325130896899534848
1325130905011310592
1325130921792712706
1325130922673496064
1325130933721202691
1325130937550725121
1325130939039510529
1325130940738232323
1325130974980534273
1325131025941323778
1325131049790136320
1325131075643957248
1325131126818570241
1325131127615533056
1325131129502855172
1325131197006155778
1325131202056032256
1325131213745446912
1325131216966709249
1325131230996803585
1325131269697536000
1325131273342431234
1325131309170249728
1325131311657361409
1325131315457396737
1325131334415609857
1325131368238510085
1325131373083062274
1325131413956382723
1325131457942204422
1325131460865634304
1325131479840534528
1325131489110061059
1325131502636552194
1325131507489411076
1325131550703300609
1325131554121674758
1325131569179226113
1325131574824689666
1325131582974423041
1325131587726422016
1325131596576428034
1325131597092249603
1325131644139876352
1325131749882474497
1325131788448985089
1325131792651755520
1325131802747547650
1325131805708660737
1325131807717687296
1325131807906357248
1325131815200333828
1325131816404209664
1325131816613896192
1325131841586671616
1325131845160361986
1325131863736918016
1325131863866830851
1325131879767535616
1325131887745101826
1325131903712681987
1325131904484405251
1325131910415343616
1325131913628102656
1325131914114719744
1325131930447319040
1325131941704691712
1325131956531523584
1325131969949130758
1325131976236429316
1325131990878785536
1325131991067615232
1325132009644023809
1325132021316931591
1325132037125124096
1325132119106965506
1325132133803782147
1325132135116791810
1325132135133425667
1325132142825893888
1325132155312279555
1325132166636900352
1325132207527063553
1325132240259461122
1325132242356637703
1325132242486636550
1325132253207302144
1325132255304380421
1325132279245500419
1325132312900562953
1325132317417943045
1325132331007447041
1325132346303995905
1325132392063963136
1325132427258376192
1325132448879972353
1325132489367543810
1325132498230276097
1325132498720837633
1325132533445652481
1325132535848787969
1325132540592582658
1325132541184126976
1325132546619760640
1325132556405268480
1325132557525028864
1325132558800093185
1325132582133108736
1325132598901792768
1325132658695757825
1325132662416138249
1325132694930386945
1325132788060852225
1325132846818856961
1325132933036904448
1325132951181516802
1325132966188650499
1325132992235274241
1325132995645222913
1325133030881550337
1325133034727870464
1325133041082261505
1325133044949331970
1325133051504947202
1325133063420981250
1325133066453602316
1325133067036618756
1325133070140379136
1325133074183544834
1325133107733942272
1325133127963041799
1325133139971366912
1325133140155719680
1325133149559541762
1325133159831400449
1325133191150141445
1325133200902025217
1325133204559261697
1325133223345713153
1325133229792366595
1325133247207104514
1325133261610364929
1325133265754189830
1325133277796036609
1325133301036822528
1325133340261797888
1325133361690472451
1325133361988444162
1325133362776985600
1325133375292715010
1325133398625701888
1325133411070087168
1325133415704719365
1325133423292403713
1325133443680804867
1325133511590866944
1325133525041868803
1325133543073148932
1325133546407694337
1325133571623936003
1325133587419717635
1325133604767191041
1325133639080833024
1325133646504755207
1325133671842504705
1325133694336552961
1325133695175495680
1325133702695882752
1325133707204825088
1325133710514122755
1325133723533266944
1325133736762085377
1325133740163489799
1325133748321603585
1325133783767543808
1325133793628315650
1325133801501069313
1325133802495115266
1325133819091976194
1325133830135705600
1325133833805553667
1325133853674115073
1325133860988837889
1325133874872070144
1325133882161762305
1325133898578354177
1325133898947260417
1325133907369472001
1325133911450640384
1325133920606695426
1325133928965894145
1325133933080694784
1325133944161964032
1325133953838112768
1325133961945731073
1325133962491015169
1325133962914754561
1325134001363841025
1325134015515389953
1325134024730320896
1325134080552263680
1325134100873637888
1325134108104613888
1325134130082840576
1325134142158368768
1325134149955416067
1325134183589670912
1325134217798414342
1325134222676340738
1325134243538771973
1325134243899600896
1325134250845196289
1325134277151911939
1325134283036635141
1325134300413571072
1325134346244694023
1325134354083885056
1325134366360567810
1325134369925836801
1325134369938264066
1325134392625254406
1325134401857064961
1325134406411902979
1325134424350941186
1325134430827057153
1325134438255063042
1325134454659182594
1325134519972859904
1325134552633810944
1325134568786067457
1325134606551707648
1325134615556788225
1325134616512978950
1325134649203568642
1325134712407552000
1325134749166260230
1325134752685322246
1325134757143965697
1325134765033459712
1325134781240147968
1325134794531897344
1325134817298542593
1325134821404925953
1325134841122222082
1325134850823659521
1325134875544805377
1325134877616869379
1325134883656658944
1325134895757189123
1325134903608967175
1325134912991604736
1325134970097197057
1325134974903840768
1325134988086550528
1325135012572897280
1325135034798514177
1325135050090770432
1325135052011868162
1325135053643378689
1325135057883967488
1325135057980420096
1325135058345230338
1325135058596892672
1325135066394079232
1325135121318629376
1325135130181070849
1325135156600950790
1325135169293070338
1325135173948641282
1325135182580441090
1325135220354375680
1325135223277957122
1325135236041240578
1325135240428314627
1325135269180354560
1325135270103011333
1325135273026609152
1325135300700463104
1325135314881400836
1325135325245689856
1325135348196810756
1325135355985580034
1325135357504069632
1325135373337550848
1325135375032061954
1325135455000559621
1325135455403192325
1325135460461580290
1325135534713315328
1325135536453869570
1325135563901591563
1325135601985748993
1325135651436593161
1325135665407926272
1325135675985850371
1325135691169357825
1325135700346331138
1325135701235601408
1325135739315605505
1325135773532876800
1325135785524420609
1325135797784207362
1325135819896713218
1325135859746656257
1325135870865911808
1325135883100594183
1325135900892782593
1325135901685583872
1325135903568879616
1325135907976962048
1325135924464791552
1325135930026504192
1325135931045720066
1325135931393732609
1325135933130203140
1325135933147148288
1325135933943918594
1325135936292728832
1325135936473194496
1325135944266231810
1325135956790358016
1325135960393224193
1325135962691801089
1325135987492720640
1325135997168836608
1325136000901738498
1325136001795305472
1325136017460879363
1325136028617695233
1325136076244021249
1325136093717557250
1325136128337436675
1325136139313885185
1325136142040117256
1325136150126866432
1325136152144195584
1325136160025243650
1325136172843216896
1325136175829409793
1325136198046806022
1325136198701101057
1325136201473355776
1325136206338781185
1325136208884850690
1325136216602382336
1325136226072973314
1325136229390749696
1325136235879407616
1325136280628334592
1325136284935987200
1325136313767571456
1325136334424580096
1325136342183981056
1325136352879456257
1325136365156102145
1325136368356438018
1325136473906180098
1325136473964699649
1325136486099001344
1325136493346746368
1325136539245023233
1325136541551833090
1325136571570511873
1325136574888042496
1325136578801397767
1325136579149647872
1325136580122533889
1325136600590905345
1325136649991303169
1325136677392711680
1325136694912364544
1325136711651794945
1325136721936199681
1325136727820832768
1325136747605397506
1325136795072253952
1325136804673024004
1325136805386022912
1325136822545108993
1325136841994067968
1325136848155455489
1325136856124518401
1325136880317329413
1325136888940818432
1325136891042127873
1325136891369447424
1325136910172499969
1325136919483699200
1325136932066635776
1325136937053773825
1325136940711153664
1325136983685963778
1325136986596810753
1325136993697759232
1325137004422721538
1325137038195220480
1325137041546502145
1325137045363318785
1325137050207662081
1325137083338432515
1325137123247345664
1325137159846723586
1325137190578388996
1325137192755326976
1325137221364588545
1325137233360289793
1325137258198994944
1325137261676040198
1325137283411009536
1325137294127374336
1325137299487789056
1325137312892801024
1325137349643182083
1325137351069241345
1325137364767952896
1325137373479403522
1325137390977998848
1325137399358259201
1325137432170303497
1325137439413870594
1325137448670654464
1325137449476034560
1325137451904479233
1325137461811539968
1325137472565620736
1325137496800448514
1325137504618622977
1325137543558430721
1325137549787017216
1325137566010540040
1325137579214163969
1325137618573602817
1325137621257912321
1325137622474260482
1325137632477720577
1325137682197082113
1325137695287504896
1325137720142942209
1325137722067939333
1325137744834797574
1325137759577759745
1325137776992428032
1325137790481338368
1325137810425335810
1325137827592593408
1325137837587484675
1325137854192783365
1325137871561392129
1325137876066029569
1325137887956971522
1325137896852975628
1325137900653211648
1325137900661600264
1325137980428742658
1325137992466354176
1325138011303145472
1325138011395399682
1325138012125106176
1325138025924341760
1325138046300418053
1325138059629899782
1325138062171631616
1325138065401147392
1325138082765529088
1325138084594212870
1325138090613215233
1325138098678689795
1325138134745686022
1325138176663384067
1325138193696501762
1325138202106212353
1325138209207054344
1325138245596958721
1325138268338356227
1325138276865335300
1325138299267244032
1325138304761729024
1325138314689613827
1325138319022329857
1325138320863670273
1325138324860887040
1325138327171903488
1325138365193203722
1325138446487351297
1325138455127597056
1325138463478358021
1325138485829795843
1325138524773953536
1325138550464131072
1325138651483828227
1325138662045200386
1325138670454788099
1325138698422292482
1325138729334427648
1325138731448332288
1325138799073103873
1325138838499553281
1325138839481032705
1325138845558403074
1325138862448979968
1325138867897442304
1325138893943918592
1325138911912366081
1325138938147856385
1325138940379197441
1325138949996621824
1325138960146968576
1325138967298273280
1325138988747935744
1325139017508163584
1325139023791329280
1325139029256495105
1325139040883109888
1325139044968370176
1325139056443891712
1325139064157319168
1325139071606255619
1325139097225207808
1325139116808265730
1325139121296166917
1325139129487683584
1325139130095820800
1325139136123072513
1325139136345337856
1325139138895630337
1325139145354670080
1325139169480306690
1325139197137727488
1325139226766270466
1325139242440253445
1325139269569048582
1325139284907548673
1325139310832574465
1325139348531130369
1325139353228763136
1325139360119808004
1325139364075040768
1325139374573453312
1325139385130496001
1325139392466477061
1325139402536988673
1325139422132703233
1325139429040721920
1325139429820928000
1325139465740972035
1325139468093943808
1325139496640409600
1325139517335072768
1325139519360827392
1325139520862494720
1325139534548520960
1325139535240556544
1325139535294967813
1325139535508905987
1325139546254807040
1325139563837337604
1325139572368441346
1325139594959085568
1325139597005742082
1325139614097534980
1325139614772781064
1325139623446765568
1325139632951078915
1325139648197222400
1325139672897482752
1325139673056862209
1325139674814439426
1325139705382404096
1325139716723781632
1325139720725291008
1325139735359188992
1325139736168632321
1325139741621190656
1325139797548134400
1325139798030422016
1325139808113602560
1325139818838323201
1325139822340575233
1325139867207131138
1325139873943093255
1325139901633994752
1325139913101221888
1325139997046034432
1325140009381326848
1325140015844831232
1325140017145143296
1325140032827633664
1325140072220356609
1325140078788825088
1325140087206764544
1325140134313029633
1325140151127994370
1325140152478556163
1325140163635372033
1325140255549222914
1325140275660873730
1325140305549488133
1325140314668081153
1325140326814642179
1325140390899576832
1325140394410201090
1325140414106497024
1325140425284313088
1325140463767056386
1325140464559771651
1325140478308839425
1325140487523590144
1325140494377230337
1325140519614181379
1325140528887894016
1325140537410646021
1325140543551139843
1325140544071356416
1325140562425606144
1325140562761158658
1325140571791396864
1325140577156018178
1325140583556460544
1325140603236098048
1325140608684597248
1325140658156343296
1325140658869374976
1325140666066726913
1325140677630464001
1325140711105163269
1325140732370427904
1325140733901168645
1325140737063849985
1325140741887307776
1325140747188908033
1325140754495275008
1325140797545713664
1325140809558208512
1325140815631572993
1325140858962849792
1325140872195833856
1325140879179345921
1325140883575017472
1325140883625316352
1325140895998627840
1325140938163773441
1325140940730888192
1325140962876649473
1325140963396788225
1325140977300828162
1325141000109641729
1325141012419813376
1325141026433101825
1325141032569200640
1325141034817368064
1325141043080167424
1325141103734001665
1325141124936208385
1325141147854000129
1325141151079264257
1325141155697192960
1325141160482893824
1325141162638897154
1325141176509292548
1325141206247075840
1325141209833238529
1325141267903229952
1325141273154555905
1325141279697637379
1325141296269418496
1325141309779111937
1325141314774593539
1325141322122948617
1325141322672435205
1325141327395368960
1325141336429916161
1325141346940710912
1325141352787505156
1325141360505090051
1325141360631029761
1325141374988120064
1325141389370224640
1325141409901416449
1325141417044434944
1325141423134486528
1325141463794143233
1325141464469266435
1325141464976945153
1325141474074189824
1325141485352755200
1325141486665523203
1325141490515898369
1325141503077830658
1325141512921997312
1325141519192518656
1325141519326728193
1325141536204443651
1325141541392953345
1325141556047847424
1325141597873319936
1325141634678464514
1325141638054731776
1325141652911087616
1325141664780980227
1325141681818071042
1325141688608727041
1325141704043737088
1325141711702593536
1325141715859107842
1325141719663349767
1325141721508818944
1325141723215876096
1325141724532928513
1325141724637769728
1325141727758282760
1325141732506259456
1325141767969181696
1325141769080635392
1325141781831249922
1325141783764938754
1325141784813473792
1325141797996212224
1325141806682660864
1325141819017977857
1325141820804751362
1325141820934746114
1325141831080943616
1325141847250001921
1325141852861788161
1325141861397274631
1325141879646679040
1325141893022412800
1325141901561876482
1325141902904193026
1325141906670592003
1325141913473724422
1325141925104676864
1325141939805679616
1325141959426633729
1325141961737609216
1325141968071036928
1325141972227563521
1325141988912541697
1325141989738729477
1325142003986870272
1325142019878973443
1325142019958730752
1325142024849399809
1325142026308947968
1325142027542155264
1325142044747071488
1325142047234289665
1325142048702406657
1325142052036730885
1325142053639032832
1325142058345107458
1325142064841981954
1325142069141139462
1325142071330500608
1325142072597204992
1325142073901789184
1325142077303214080
1325142090330873859
1325142097666707456
1325142101735190528
1325142107086938114
1325142133632851968
1325142137395171329
1325142149764050944
1325142154239479808
1325142201861599233
1325142206865346561
1325142208492679168
1325142221453217792
1325142236636475405
1325142242428776451
1325142260774805504
1325142261483642880
1325142264423837696
1325142277304487936
1325142278890024961
1325142288389976070
1325142290076086273
1325142307763482624
1325142310141779968
1325142318022856704
1325142347471085570
1325142364143284224
1325142381881028610
1325142413975777290
1325142424721653762
1325142431650738176
1325142473035964417
1325142483286810625
1325142483802599426
1325142484440109056
1325142490047946754
1325142498939858947
1325142501481574400
1325142510973423616
1325142511984185344
1325142516622979072
1325142524936155136
1325142532460720130
1325142535858163712
1325142546822033409
1325142549519081473
1325142554275319809
1325142565063024640
1325142566292103168
1325142592288329730
1325142604883898368
1325142613947686912
1325142617567293441
1325142650538831874
1325142654191984642
1325142688409157632
1325142696889995265
1325142701189165071
1325142728661929985
1325142739785150465
1325142742477885442
1325142743966863361
1325142747355901956
1325142761050411009
1325142762711359488
1325142765949378562
1325142778037198848
1325142782801948681
1325142787692564480
1325142789634592768
1325142798891425792
1325142799310839808
1325142802993393664
1325142805006708738
1325142809226186758
1325142817501552640
1325142855468290055
1325142871863947264
1325142890092355584
1325142893263253506
1325142899151888384
1325142905137164293
1325142912347250689
1325142920668868608
1325142924724629504
1325142929896247296
1325142944844689409
1325142958471983104
1325142962536321026
1325142972770496512
1325142995302293504
1325142997428654085
1325143001652486144
1325143015241953283
1325143026860249089
1325143067570081792
1325143071802023936
1325143081830658052
1325143115750125568
1325143128844558343
1325143130455339009
1325143148633460738
1325143153301544961
1325143172947701760
1325143174898208768
1325143175569186817
1325143185094402051
1325143190513442822
1325143196326789123
1325143204241567746
1325143216186818562
1325143230954921984
1325143253264470017
1325143259253862401
1325143260994523137
1325143269991346182
1325143273766223872
1325143277411164162
1325143285975932933
1325143309594013696
1325143343232409600
1325143351176261633
1325143353000800268
1325143360026386432
1325143361351606272
1325143406729854977
1325143420604592134
1325143425960857600
1325143437033795584
1325143440468881408
1325143440632377345
1325143447263567873
1325143451369943042
1325143470697279489
1325143479744389121
1325143482206310403
1325143487159808001
1325143487990308864
1325143492193112064
1325143496534200320
1325143501697212420
1325143504494895105
1325143541148864515
1325143544928022529
1325143548992184320
1325143555124375554
1325143559389892614
1325143561063583746
1325143561965240322
1325143563382894593
1325143568093118464
1325143568864878592
1325143571796807680
1325143579799351296
1325143612330479617
1325143620530233345
1325143628231045122
1325143646295842816
1325143650804772867
1325143652117565443
1325143679372242944
1325143683058950144
1325143690348802049
1325143729716531202
1325143739426336768
1325143759038763011
1325143768815820801
1325143784955457538
1325143797106434048
1325143797408309249
1325143801317371906
1325143803632771072
1325143808313593858
1325143816316342273
1325143871181877250
1325143891411136512
1325143895492206593
1325143904241377280
1325143908678995969
1325143919949082624
1325143927922495489
1325143942392815616
1325143947052773376
1325143954531102721
1325143956494053380
1325143968410079233
1325143969882382338
1325143999322198016
1325144009644388352
1325144015025614849
1325144015214309378
1325144019471532034
1325144023728713728
1325144039155359745
1325144089705246721
1325144120151613440
1325144129584689152
1325144132050808832
1325144132432629760
1325144132747063297
1325144138988204032
1325144144965087235
1325144148035338242
1325144150577131521
1325144159196491776
1325144165177495553
1325144171049480193
1325144191798824960
1325144193702965249
1325144206252384256
1325144206961111044
1325144217669128198
1325144217715290113
1325144236145045507
1325144247809531904
1325144268671868931
1325144290524196864
1325144294777360385
1325144310547849216
1325144322463817728
1325144327169974273
1325144335000752128
1325144345981358080
1325144354386706434
1325144356773220353
1325144359428218882
1325144375408488449
1325144382719184896
1325144394446630917
1325144410846240770
1325144439426326529
1325144443528208386
1325144453435195392
1325144458430734338
1325144460787916801
1325144471164497924
1325144488696827905
1325144535412793345
1325144538306973703
1325144540420956168
1325144540483899392
1325144559920144386
1325144566564052993
1325144570309431296
1325144583517298690
1325144584364699648
1325144584465371136
1325144584637222914
1325144587208417280
1325144615708602371
1325144624596459520
1325144639888896006
1325144642476761088
1325144656615649282
1325144657421012992
1325144672336044032
1325144688064671744
1325144694557323265
1325144717290479619
1325144722483019776
1325144722499923968
1325144736026427394
1325144736575971329
1325144741269233664
1325144747552333824
1325144747690881027
1325144752384221184
1325144753210417154
1325144755811086336
1325144757014720513
1325144758654623748
1325144761142042624
1325144765390757889
1325144775985487873
1325144778602926082
1325144782029656065
1325144782339891201
1325144798160850945
1325144814216601601
1325144822898974721
1325144823821529088
1325144827797893124
1325144829182046213
1325144842511413253
1325144846730977280
1325144854771470336
1325144875503792135
1325144882374037504
1325144909859483648
1325144922396131330
1325144922547056640
1325144937688489985
1325144941299965952
1325144950636388359
1325144971138232320
1325144974116052993
1325144975970103299
1325144976603242503
1325144977194819584
1325144988968054786
1325144995267899392
1325145015086178304
1325145041493512192
1325145045733838849
1325145051501002755
1325145057180069888
1325145065619025921
1325145090575142915
1325145096040427522
1325145097235697665
1325145110959464448
1325145113715093511
1325145148959887362
1325145179519676416
1325145197068636160
1325145207151730689
1325145210934841345
1325145221697515520
1325145222117011457
1325145225799430145
1325145226575568896
1325145230560043011
1325145257357438976
1325145284859596801
1325145294481338368
1325145299543711746
1325145301540278272
1325145311187095554
1325145312030322689
1325145320230064129
1325145329872891905
1325145330917072896
1325145339771326467
1325145360134631424
1325145365083877376
1325145381517234176
1325145393487818760
1325145421170270209
1325145425721126914
1325145438211764224
1325145480796385282
1325145496386564097
1325145528099889152
1325145539999129600
1325145541295140869
1325145584362254337
1325145597121335298
1325145598220144641
1325145610362609672
1325145611713146882
1325145627748040705
1325145638288429057
1325145660530823168
1325145678369214464
1325145681569439744
1325145693447598080
1325145732932726785
1325145733171834880
1325145753103298562
1325145764297912320
1325145776079704069
1325145783600078850
1325145791250493441
1325145804919754752
1325145808409403393
1325145824490237952
1325145832686051328
1325145848544628736
1325145859416223745
1325145866387124228
1325145875514060800
1325145893637648389
1325145909689135110
1325145940634775552
1325145941679116289
1325145945160429568
1325145960683540480
1325145979499159552
1325145982343012352
1325146002802749440
1325146028488658944
1325146029696577537
1325146033781936130
1325146044129177601
1325146054434582529
1325146071153078275
1325146074999263233
1325146099904962561
1325146112043474947
1325146156993818624
1325146164040245250
1325146194654371842
1325146197393223685
1325146197640830977
1325146213990109184
1325146219535065090
1325146228305268736
1325146229320216576
1325146234567290880
1325146238715527169
1325146268268695557
1325146270219067392
1325146274061037568
1325146275558252546
1325146278133592068
1325146285591191552
1325146295363756040
1325146297863725058
1325146303211446279
1325146308223541248
1325146330616885249
1325146347364773890
1325146347427700738
1325146353710690305
1325146354755244036
1325146375294738432
1325146396392034305
1325146402679382018
1325146405917270018
1325146407322456067
1325146417342550016
1325146427861979137
1325146429736751105
1325146434723778565
1325146442634153986
1325146447767953412
1325146451119206405
1325146461835702272
1325146474301153285
1325146499836047360
1325146502834974721
1325146508350648320
1325146512326864897
1325146516584075264
1325146533621354497
1325146538633392128
1325146550360805376
1325146569801228294
1325146572993277952
1325146590265319424
1325146594514067458
1325146612147122176
1325146639401693185
1325146641180069888
1325146662977810433
1325146665427341312
1325146665515327489
1325146685153177609
1325146700948905989
1325146708670623744
1325146720683102209
1325146742153650176
1325146755961217024
1325146756183711749
1325146765671231488
1325146768322023424
1325146769811009537
1325146772872761344
1325146775414575105
1325146781659901952
1325146794997723136
1325146811091226625
1325146813947547654
1325146825087717376
1325146853894053892
1325146855143993344
1325146856834404353
1325146885494083585
1325146885644955650
1325146889776410624
1325146901499572224
1325146926099034114
1325146926254354432
1325146937180512262
1325146939432660993
1325146940728897538
1325146947779403778
1325146948559630340
1325146953550884865
1325146954544734210
1325146996064268288
1325147003215630337
1325147005841149952
1325147008416567297
1325147009637113856
1325147031858343938
1325147039437647873
1325147041731809281
1325147042310619138
1325147045829677056
1325147047591342080
1325147048337936384
1325147056072134658
1325147077937156096
1325147127329263618
1325147132026826758
1325147133373112322
1325147151102476288
1325147152125992960
1325147216328052737
1325147232451129346
1325147255058296840
1325147256031490048
1325147257885306882
1325147286658183169
1325147311584890880
1325147312910266371
1325147330010443776
1325147334720819200
1325147336683773957
1325147345957236736
1325147393843720192
1325147409261842434
1325147430304833536
1325147443650965504
1325147463406088195
1325147464777621504
1325147497451425792
1325147498822950914
1325147503130529793
1325147511196016641
1325147539784396802
1325147550672846849
1325147557165735937
1325147565927649280
1325147587838537728
1325147619388219395
1325147627646836738
1325147637700456449
1325147659129090050
1325147670336335873
1325147672077021186
1325147711197343746
1325147721481609217
1325147728729419776
1325147734651756544
1325147758383259649
1325147758764847105
1325147764188131328
1325147768617197569
1325147769808572419
1325147788217257986
1325147788762513411
1325147800691118086
1325147824267423745
1325147847721824261
1325147850955612163
1325147866059468801
1325147870861746178
1325147876171902976
1325147902964977666
1325147907423694849
1325147956836708352
1325147956882894850
1325147977174962176
1325147977434992641
1325148004383297538
1325148044703227904
1325148047597170688
1325148051669913600
1325148110167957504
1325148111732346881
1325148117638008832
1325148169647263744
1325148195035381760
1325148197249982468
1325148243332788224
1325148273670320130
1325148294318755840
1325148305043677189
1325148311532220416
1325148316527702016
1325148316938739717
1325148324568182784
1325148336136069121
1325148372899139584
1325148412346589184
1325148424153432065
1325148475642662912
1325148482705846273
1325148500196122624
1325148530877493254
1325148534425985025
1325148535008993280
1325148544420909056
1325148558190800897
1325148565065199617
1325148565690327041
1325148571721756672
1325148596010848258
1325148600024719362
1325148605569781762
1325148629993185280
1325148633012953088
1325148635064119299
1325148649899298818
1325148656140341248
1325148679070748672
1325148680706461697
1325148682199633920
1325148707684290561
1325148716081188865
1325148724381716481
1325148725275189248
1325148780719558657
1325148790165102593
1325148832464736256
1325148857915871233
1325148861489360900
1325148866342129664
1325148889687744512
1325148900295122944
1325148929109991424
1325148949242650624
1325148949884203009
1325148961968164866
1325148986307727360
1325149008474595328
1325149016401694721
1325149031056760832
1325149039273390081
1325149047448023041
1325149049612218370
1325149072538259465
1325149084236222470
1325149085473492994
1325149099008483329
1325149105216057349
1325149105241288706
1325149112724041729
1325149115316117505
1325149119124434950
1325149128427524096
1325149140892839936
1325149167895932928
1325149182055866369
1325149184144494592
1325149193598480384
1325149201802567682
1325149207561318402
1325149210300329985
1325149229908680706
1325149234379841536
1325149251584876544
1325149261118369792
1325149295075487750
1325149300750487552
1325149311798292480
1325149323290554369
1325149333218492418
1325149359005081601
1325149378936410117
1325149386381406208
1325149393167609857
1325149407071752196
1325149429301534722
1325149462147325953
1325149470976221185
1325149475195682816
1325149486579146753
1325149494447648769
1325149510713176065
1325149513535819776
1325149520091471872
1325149521177927680
1325149525611212800
1325149569315971074
1325149574718230529
1325149600777265153
1325149604539736064
1325149618355662848
1325149656112828418
1325149666057531395
1325149673108107265
1325149686504648704
1325149688736088065
1325149693299486720
1325149694599847942
1325149704565399555
1325149724412833794
1325149737553682432
1325149738086277121
1325149745673744387
1325149758315327488
1325149765340852224
1325149782109810689
1325149794851934210
1325149799985897477
1325149809603309570
1325149860463570945
1325149864477544452
1325149869858828288
1325149884685627393
1325149900032577536
1325149904507863040
1325149911634087937
1325149918491631616
1325149944177549314
1325149972484952064
1325150016554426370
1325150042664087552
1325150056920481792
1325150183294865409
1325150202077081602
1325150228920479744
1325150229067427840
1325150231537750016
1325150250957377541
1325150260847661056
1325150270938992645
1325150281785618433
1325150288764755975
1325150288848723968
1325150307039338496
1325150315121872896
1325150317923635201
1325150326551433217
1325150328170442753
1325150339125960706
1325150347287932929
1325150356334997505
1325150405525794817
1325150413721645056
1325150435393503234
1325150438694526976
1325150451528990727
1325150455505121280
1325150466632687618
1325150499398541314
1325150512350683136
1325150513227202560
1325150515991257091
1325150516347867142
1325150527664115712
1325150534890778629
1325150561927245826
1325150565953900544
1325150585608417280
1325150591501422592
1325150597641695234
1325150600703725569
1325150646475976704
1325150655967866880
1325150663823646722
1325150675706081280
1325150692529598465
1325150703552180227
1325150706551042048
1325150710565134337
1325150723391123456
1325150732052426755
1325150743377154048
1325150775560065027
1325150806476263424
1325150811471695872
1325150824817782786
1325150829247156226
1325150841637056512
1325150845130825729
1325150858254954497
1325150883290648576
1325150895676428289
1325150912675901440
1325150916467519490
1325150933555286022
1325150940652052486
1325150948675760133
1325150963146043392
1325150968623738880
1325150969328439297
1325150989138030592
1325151000458485761
1325151001171603457
1325151005965606912
1325151008188628994
1325151010038317056
1325151024068374528
1325151029856497664
1325151034046472192
1325151034725953541
1325151111892918274
1325151116552794112
1325151117383229441
1325151140753907712
1325151149972877313
1325151156260245505
1325151173654011904
1325151185314193408
1325151204993757184
1325151216142266368
1325151218390478848
1325151218486841345
1325151219397111810
1325151228427345923
1325151254125965313
1325151269896527874
1325151303228665861
1325151307812933633
1325151311755677696
1325151321733804034
1325151336778772481
1325151345481928706
1325151358849343488
1325151374284185601
1325151377408942083
1325151384002424832
1325151384929525761
1325151385919369216
1325151404114186241
1325151430961848321
1325151447139446786
1325151451530715137
1325151490630017026
1325151491368292352
1325151495893835777
1325151516668276736
1325151520627679232
1325151536826232832
1325151560507166722
1325151582221168641
1325151599019241472
1325151603825893377
1325151608100048897
1325151627385434112
1325151636373729282
1325151641910214656
1325152828978044928
1325153237431881729
1325153546388402176
1325154106764374016
1325155735509098497
1325156696562393089
1325156838405533696
1325156960648486918
1325157836054290432
1325158476595687427
1325158580232712193
1325158904712597504
1325159604947476480
1325160346454269954
1325162181625860101
1325162609872687104
1325164368707903488
1325164456775569408
1325165534241984512
1325165971477180417
1325166085830709249
1325166133876387841
1325167263633338369
1325168791198846976
1325170315341651969
1325170588734918656
1325171731062009857
1325173226201354240
1325173286385430529
1325173540635619328
1325174962726989825
1325176926420537345
1325177453623603200
1325177466059550720
1325177989445931009
1325178796539076614
1325180187454148608
1325180202935148546
1325180706394304512
1325181231235919872
1325181402313322496
1325181518981943297
1325182642208317440
1325185064540532736
1325188288282386435
1325188395849687046
1325188547301826560
1325188577559367681
1325188622144983040
1325188699529781251
1325191872571191296
1325193433212985345
1325196409981730816
1325196765663006721
1325197031955070978
1325197185151950849
1325197241791832065
1325197387569254405
1325197447736434688
1325197855016017920
1325197902843613186
1325198341429362691
1325198773560094722
1325198774134824960
1325198800873385985
1325198813674369032
1325198896637771781
1325199053575999488
1325199131556499458
1325199311601328129
1325199316340908033
1325199326843346945
1325199703487574016
1325199939631271939
1325200103070527497
1325200633125859328
1325200819529003014
1325201110559297537
1325201361168969728
1325201543700885510
1325201586621190144
1325202094949863425
1325202223878565889
1325202377423654912
1325203166326001666
1325203345427095554
1325203493909483520
1325203526461558789
1325203544287240192
1325203643218325504
1325203788530028545
1325203828111777792
1325203878774759424
1325203879101931522
1325204038187577344
1325204180722720768
1325205218326245377
1325205303915393028
1325205341240324097
1325205599953457152
1325205664004792320
1325206525728616449
1325206615683903488
1325206867950276608
1325207574191329280
1325207874750930945
1325208405938638848
1325208919212322817
1325209120048214016
1325209150393999367
1325209203586314240
1325209297618284545
1325209576778706945
1325209654859804673
1325210264346750977
1325210918469296128
1325211029530320897
1325211070512975872
1325211180428718080
1325211430069604360
1325211431885803520
1325211987249299461
1325212052651171840
1325212310701449216
1325212349586829312
1325212981769072640
1325213015935873025
1325213280265261056
1325213500080316416
1325213769832738816
1325214100624986112
1325214464208113664
1325215003436183554
1325215101054406657
1325215165860638722
1325215211721162752
1325215231417708544
1325215496388681728
1325216279939198978
1325216393621463040
1325216399044775936
1325216404690366464
1325216417457664002
1325216460604665856
1325216503508168704
1325216534122344450
1325216535607062528
1325216567790067712
1325216569941766144
1325216599922642944
1325216609317900289
1325216620785102849
1325216621988900871
1325216761017491456
1325216781049487361
1325216786283835392
1325216809981775874
1325216825060233216
1325216846564352001
1325216956815990795
1325216998331211782
1325217031185117184
1325217068409643008
1325217086386409472
1325217086633807873
1325217130711670784
1325217181081210881
1325217224274169856
1325217227562430465
1325217231031111680
1325217244541038592
1325217273204908036
1325217291827638272
1325217359674662912
1325217365085335552
1325217377307471875
1325217386245419010
1325217387684253697
1325217415714779136
1325217422425677827
1325217446878351360
1325217453249540096
1325217500234211328
1325217514280931328
1325217587169472512
1325217608665329666
1325217609885888513
1325217635169148928
1325217664197943297
1325217667666628608
1325217720409976837
1325217737753366529
1325217760260067335
1325217780975755264
1325217803306225664
1325217804023439360
1325217806904922114
1325217916061704192
1325217920448913408
1325218008718053376
1325218044742938625
1325218114489954313
1325218118742978563
1325218127207129089
1325218155296395271
1325218162682568704
1325218190708846599
1325218201760886785
1325218227291648000
1325218318874255364
1325218331796910085
1325218418895835138
1325218433542328320
1325218438084751362
1325218449858195457
1325218452332797954
1325218482879750144
1325218501401993224
1325218512546242561
1325218554812264448
1325218565654458369
1325218576010194951
1325218603357138944
1325218612647497733
1325218712119599104
1325218718285172739
1325218722349535235
1325218726413742082
1325218727370088450
1325218732088635392
1325218758646968328
1325218764120526850
1325218772303613954
1325218806084603910
1325218823738421249
1325218846706462722
1325218868646846464
1325219029976576000
