1316891607166296066
1316891609674452996
1316891609938575361
1316891612404805633
1316891644885696514
1316891663504150528
1316891748023623682
1316891768944615425
1316891784023318532
1316891850356215809
1316891899538624512
1316891909453905920
1316891950814027778
1316892022809251845
1316892063007494145
1316892143466778625
1316892189599895552
1316892211460657152
1316892291919958023
1316892314657226754
1316892326992760833
1316892384370843648
1316892409352040449
1316892425806381056
1316892518055895040
1316892538452824066
1316892597240123392
1316892624742084608
1316892718963052546
1316892837624094721
1316892864794693633
1316892864832561155
1316893029702184960
1316893158278615041
1316893175349342208
1316893194416697353
1316893208048271360
1316893217938440192
1316893341624184837
1316893349505339392
1316893732122382336
1316894122687385601
1316894123027120128
1316894229071863809
1316894285531328513
1316894300962279424
1316894580416151553
1316894639241166848
1316894727178956800
1316894750478315527
1316894838630064129
1316894885371412482
1316895225789534214
1316895381146533896
1316895381641326592
1316895433378177024
1316895447974256642
1316895625259192320
1316895630426595336
1316895641608519687
1316895660696850438
1316895719207428097
1316895910308229120
1316895911432388611
1316896071864537090
1316896086817181696
1316896114172461057
1316896250541887491
1316896277397823488
1316896278479945728
1316896280702980097
1316896281780912129
1316896282783281153
1316896337758199809
1316896348642398208
1316896433862299650
1316896445031698434
1316896528573911042
1316896584060325889
1316896625990770689
1316896754625806338
1316896802113835008
1316896825433968642
1316896885806927872
1316896966513709056
1316896976366088193
1316897087951269889
1316897092783071233
1316897142557020161
1316897250661027840
1316897257673920514
1316897303253471235
1316897305459609600
1316897342637957122
1316897398107611138
1316897407720951809
1316897409109159936
1316897441225101312
1316897468538290176
1316897503246192643
1316897525694083077
1316897548246917120
1316897575082037248
1316897615687110658
1316897681231446016
1316897705340395520
1316897720897032192
1316897766782754818
1316897823040901122
1316897868385558528
1316897877701046273
1316897886634954752
1316897915382673412
1316897935922266112
1316898013936340997
1316898040423321601
1316898046161133568
1316898110711451657
1316898173915451392
1316898185302913024
1316898193871949825
1316898203082674177
1316898291796205569
1316898357726633987
1316898400735035393
1316898424277663745
1316898455294517250
1316898457664262144
1316898498726473728
1316898516527177728
1316898526861926400
1316898538052186113
1316898597024256000
1316898629597188096
1316898697050050560
1316898711956500481
1316898733754404869
1316898816310784001
1316898836124676097
1316898854340616195
1316898873885982720
1316898943993786370
1316898965292519424
1316899021970169856
1316899043092594689
1316899070280171520
1316899075963408385
1316899138022363144
1316899145312030720
1316899155860652034
1316899156783316992
1316899169597034496
1316899189499023361
1316899190690205699
1316899196235112448
1316899200290988035
1316899201721171968
1316899212831952897
1316899243077009409
1316899264455446529
1316899301310726145
1316899301562470401
1316899320415899648
1316899331543388162
1316899336681361408
1316899381698756608
1316899435872399360
1316899456579764225
1316899465740062720
1316899468701257731
1316899573642809347
1316899612981153793
1316899659785342977
1316899659902816256
1316899792996454400
1316899822750883842
1316899911271677952
1316899957740273664
1316900027202211841
1316900065601032197
1316900120718413825
1316900212879884290
1316900313069215745
1316900380366733312
1316900398905556992
1316900429784121346
1316900439355523073
1316900468610707458
1316900472159195138
1316900560331825153
1316900632163475463
1316900660655390720
1316900672734887938
1316900686030950407
1316900741823500288
1316900851894669312
1316900858081271809
1316901017708089344
1316901111853387776
1316901129968549892
1316901163514605568
1316901165645385733
1316901179872468992
1316901201963864069
1316901218652999682
1316901271387987969
1316901382809595907
1316901415688769536
1316901420843606022
1316901427357376512
1316901444897939456
1316901473561808896
1316901499017056256
1316901500082393089
1316901510001905666
1316901596673003520
1316901601571966976
1316901609885077507
1316901611285991425
1316901615241252864
1316901615849361415
1316901639584960513
1316901675660201987
1316901723613560833
1316901925086990337
1316901948705091588
1316902102329888769
1316902130628820997
1316902206721884163
1316902218784821248
1316902370610216960
1316902374833856512
1316902393133621248
1316902399269810178
1316902480794574849
1316902553918078977
1316902648394776576
1316902735485292546
1316902810873724929
1316902820671610885
1316902844545597440
1316902883766448130
1316902930855976962
1316903084304584709
1316903117854773253
1316903168031285249
1316903215875694592
1316903234963910657
1316903314475393024
1316903330170417152
1316903367776534529
1316903418569568262
1316903443970297857
1316903525952245762
1316903564262969344
1316903599360925698
1316903612426190851
1316903723239673858
1316903799940911105
1316903820883054592
1316903836343205888
1316903979599745030
1316904041088225281
1316904069684973569
1316904078501445633
1316904080267202563
1316904189130240002
1316904225616613376
1316904277927931904
1316904338950938624
1316904391757209603
1316904398816223232
1316904417527013377
1316904487760560128
1316904500414849024
1316904669076217857
1316904877977702403
1316904985733509120
1316905029719175174
1316905109062930434
1316905262922551297
1316905399434563586
1316905414810914816
1316905420049555457
1316905521862070273
1316905591684665345
1316905681488957442
1316905717119541252
1316905734601408512
1316905760304078849
1316905843078631426
1316905858652045312
1316905918110584832
1316905922468380679
1316905960011694084
1316905999677202432
1316906069831069696
1316906170901270528
1316906276580937729
1316906279265275904
1316906367949676546
1316906447737966593
1316906462564724736
1316906494663720962
1316906583205515267
1316906665325768706
1316906707482804231
1316906711966310401
1316906713308520449
1316906735957835779
1316906768786739200
1316906810247446528
1316906826953314304
1316906831273431041
1316906890618691584
1316906891864363008
1316906897002332160
1316907007501340672
1316907008751185922
1316907029840203776
1316907072005570560
1316907146714488833
1316907159389675527
1316907258102599681
1316907366751887361
1316907394774016001
1316907410431352839
1316907456308576256
1316907593076510721
1316907608465354761
1316907618611482624
1316907854801010688
1316907958924619777
1316908140533829633
1316908194795524096
1316908196997496833
1316908261874991104
1316908287779086337
1316908309023174658
1316908799270281217
1316908811131781121
1316908877812801542
1316908932623966209
1316908932812754945
1316909100903575552
1316909130758737920
1316909141672267779
1316909180637319171
1316909190271635456
1316909216242728961
1316909276917628929
1316909312862769153
1316909356819075074
1316909361055338496
1316909371192991744
1316909406093795329
1316909541787881473
1316909568392310784
1316909593235197952
1316909640882552832
1316909678757105668
1316909693130985474
1316909852984225792
1316909945535844361
1316909952414396416
1316910023239454721
1316910159776653312
1316910364110577665
1316910367755350017
1316910440753016834
1316910481005715458
1316910662711447552
1316910826545098757
1316910906694041601
1316910912108888064
1316910930719084544
1316911040823742467
1316911088429129731
1316911142212669442
1316911164471783424
1316911242263613446
1316911306763653121
1316911494907527170
1316911496480292865
1316911519624499200
1316911590336286720
1316911611655979008
1316911678307577858
1316911691309993984
1316911708993093632
1316911859715526660
1316912296350855168
1316912449057099776
1316912449191333888
1316912548759949314
1316912585556492294
1316912659506356228
1316912765416673280
1316912930802323456
1316912936334610433
1316913056979570690
1316913129843007493
1316913161874952194
1316913166236921859
1316913340065714177
1316913425130360832
1316913444000550917
1316913470659547136
1316913498773987328
1316913500523008001
1316913510471946243
1316913529614704643
1316913541941780480
1316913549558620164
1316913613244870658
1316913623294509056
1316913646455431168
1316913702436802563
1316913741687148545
1316913782732607488
1316913930908958720
1316913986143739904
1316914003659132930
1316914003906498560
1316914021694623744
1316914119686193152
1316914157820719105
1316914168637816832
1316914250498101255
1316914255929569281
1316914282710401026
1316914283578597379
1316914360015589376
1316914365346598916
1316914384220934145
1316914415829135368
1316914433948569600
1316914457730318336
1316914764480679936
1316914815152099330
1316914828037021699
1316914847754354690
1316914901298925568
1316914946127650822
1316915012183773185
1316915020148649984
1316915096052969473
1316915124670693379
1316915144530776066
1316915221911523328
1316915221957672960
1316915274520592384
1316915437221924864
1316915495895969792
1316915525096792070
1316915526589886466
1316915529551052801
1316915530775908352
1316915531631525889
1316915534760415234
1316915670748188675
1316915782073331718
1316915797579661312
1316915919994654721
1316916060076101632
1316916089083842562
1316916149548994560
1316916175230599168
1316916207795294208
1316916210848698368
1316916225805590535
1316916248555474944
1316916269074010113
1316916319695110146
1316916406924050432
1316916443032834050
1316916465463926784
1316916496774418436
1316916496870920192
1316916504508719105
1316916512712687618
1316916574033502208
1316916579632893952
1316916628660101121
1316916743756009473
1316916750081019905
1316916772029648896
1316916774206623744
1316916858163990528
1316916864774230017
1316916917710557185
1316916929723047936
1316916932172537856
1316916949276856326
1316916997918232577
1316917023411261441
1316917096035516416
1316917215447449600
1316917292853329920
1316917335266033664
1316917339477114881
1316917556180115457
1316917633523109888
1316917659179638784
1316917692390117383
1316917778780020736
1316917782181781505
1316917877597929472
1316917895771918338
1316917981394456582
1316918030304149504
1316918030371147776
1316918041012277248
1316918084503015426
1316918096851030022
1316918264564486145
1316918337369157634
1316918443728343043
1316918454335737857
1316918486405419008
1316918534887362560
1316918554592223232
1316918574863310849
1316918715141808128
1316918826425004035
1316918840064942082
1316918893236178950
1316919050153447426
1316919055073316864
1316919081078001666
1316919143350886400
1316919167380033537
1316919230386851840
1316919258417369088
1316919265606443008
1316919288633110531
1316919297109839872
1316919431633784832
1316919469273395201
1316919547849592832
1316919596268638208
1316919699087761408
1316919971482578945
1316919979363717121
1316920090948927488
1316920121764515840
1316920162554171392
1316920178442108929
1316920378120376320
1316920439386656770
1316920652776038401
1316920785701949440
1316920938118742016
1316921043311886336
1316921057589317632
1316921068611883009
1316921084487307264
1316921125029486592
1316921274942263296
1316921285998510080
1316921327530483713
1316921346564214784
1316921578521829377
1316921773649178624
1316921774450348033
1316921806716956674
1316921806977224707
1316921807421624320
1316921808218656769
1316921809980264453
1316921829148282880
1316921834152099840
1316921850400821248
1316921881128243202
1316921963059814402
1316921986988244994
1316921997075546112
1316922019531923458
1316922039274557440
1316922052843102209
1316922104114237440
1316922378581123072
1316922417265184769
1316922420947787777
1316922462710398978
1316922571800141824
1316922775978860544
1316922828478926849
1316922873022382080
1316922895130570757
1316922960385626112
1316922968463888384
1316923120251506689
1316923219732025344
1316923267630977024
1316923289516888064
1316923323486523394
1316923342532861955
1316923342717407232
1316923426070794240
1316923459373551617
1316923460363423745
1316923474661826562
1316923686763581440
1316923867135381504
1316924000543645696
1316924147629514757
1316924157104394240
1316924239732146177
1316924267204907013
1316924321747513344
1316924323341471744
1316924327258951680
1316924381596180486
1316924586802483200
1316924650757259264
1316924695200096257
1316924732181196803
1316924756353077248
1316924771486076928
1316924789743902722
1316924829916909569
1316924841560317955
1316924859776180224
1316924929372229632
1316925020812226560
1316925195802869761
1316925328359452672
1316925339428397056
1316925370982072323
1316925504331579392
1316925522304270337
1316925560665350144
1316925590218432512
1316925590411354113
1316925650813521921
1316925726441037824
1316925809144233985
1316925878451032071
1316925927654293507
1316925950291025920
1316925966443307014
1316926112623190020
1316926118792921088
1316926294328737793
1316926335042768896
1316926357130149888
1316926492513796096
1316926515863556096
1316926577406595079
1316926799973175298
1316926869841846272
1316926928130052096
1316926988951670784
1316927047030198272
1316927101082259458
1316927128651354113
1316927158812631043
1316927163602526210
1316927179935145985
1316927224415703040
1316927228773568517
1316927290488573953
1316927297241468929
1316927311145558016
1316927361271631874
1316927381861470209
1316927438723665923
1316927459611365376
1316927642868895745
1316927693569622021
1316927763169873920
1316927842471546883
1316927845617336320
1316927867184418816
1316927945764634624
1316928013678841856
1316928034084179968
1316928062265708546
1316928104221364224
1316928338804559872
1316928487492640769
1316928632577806336
1316928711392899072
1316928774135480320
1316928856603971584
1316928860185907200
1316928860185939971
1316928925327568899
1316928947788128257
1316929103153463296
1316929206937411584
1316929233856483334
1316929257923354625
1316929354820014086
1316929375540023297
1316929389934841860
1316929422306533376
1316929442980167688
1316929506612023302
1316929552560566273
1316929579890651136
1316929602669989888
1316929611045941249
1316929630213971972
1316929644885659649
1316929652435439616
1316929676984651776
1316929696349736971
1316929821335838721
1316929920640159744
1316929941414551553
1316929975812034562
1316929983974150144
1316929994095009792
1316930043881398273
1316930122537160708
1316930208717484032
1316930292767215617
1316930414603341827
1316930518861160451
1316930654475554816
1316930672972410881
1316930674276896770
1316930801330757632
1316930803104964609
1316930840459345920
1316930858729787392
1316930875804831744
1316930907362787330
1316930953948860419
1316930990212845568
1316931046072635392
1316931052993171456
1316931228193488898
1316931463418359808
1316931529029914626
1316931627289858049
1316931745812566016
1316931871494737920
1316931900796243970
1316932003351175168
1316932075249872897
1316932144703410179
1316932160528449538
1316932388069494784
1316932560979693571
1316932766882201601
1316932768601878528
1316932865020624896
1316932913263484929
1316932922964836356
1316933085729009666
1316933245414637568
1316933266025467904
1316933277530398721
1316933348065972225
1316933471575724032
1316933579314745346
1316933672474378240
1316933726220288001
1316933895149977600
1316933914066378754
1316933924061351938
1316933954017153024
1316933964716740610
1316933976557314048
1316934063387824128
1316934085059772416
1316934098032709634
1316934132233023489
1316934174301999104
1316934264840196097
1316934352924741633
1316934401742221313
1316934562337951744
1316934645901107202
1316934654306516993
1316934692302630912
1316934858514534400
1316934898784063492
1316934959362342914
1316935213302296577
1316935260618317826
1316935343237640194
1316935506609963009
1316935559512809474
1316935624906211328
1316935678479970305
1316935720167198722
1316935721312276482
1316935771144790016
1316935782377062405
1316935802379771904
1316935860789628928
1316936010270445568
1316936020642942988
1316936050292424704
1316936149382946816
1316936228864954368
1316936247756099590
1316936302017810434
1316936664883859456
1316936795649691652
1316936845297635330
1316936876754935820
1316936882434068480
1316936904810491905
1316936904877592576
1316936905330544640
1316936905703919616
1316936907033509888
1316936907494883333
1316936909965250560
1316936910426710017
1316936928500088832
1316936929464750080
1316936984812802048
1316936999027224576
1316937030945918977
1316937035446444032
1316937041968496641
1316937066165510144
1316937071790096385
1316937154384330754
1316937603653009415
1316937605653680128
1316937608463814658
1316937642760638464
1316937647961636864
1316937660087345152
1316937738235641857
1316937748444549123
1316937825040896001
1316937863930535936
1316937881949261826
1316937892892127233
1316938004477448192
1316938210015121411
1316938280844382209
1316938315564748800
1316938450327785472
1316938528966705157
1316938544288509952
1316938623841947648
1316938625578393600
1316938650035326977
1316938809129525248
1316938865949741057
1316938904751214592
1316938943875735554
1316939001966845952
1316939094170193923
1316939166509400064
1316939184561659906
1316939304330006529
1316939413226688514
1316939421317410816
1316939531480932353
1316939564041326592
1316939675026771968
1316939774209478656
1316939782325522432
1316939816001568770
1316940042938601473
1316940087352004608
1316940247851294721
1316940289114804225
1316940528664125443
1316940659996188674
1316940692145491968
1316940723493740546
1316940786618040320
1316941002695938056
1316941031070437376
1316941049860902921
1316941121533186048
1316941312738942977
1316941407920263169
1316941422868811782
1316941451524268032
1316941496462036993
1316941804680466435
1316941891221454848
1316941897957625856
1316941899534655488
1316941930278866944
1316941937849544706
1316941938101264385
1316941950797422594
1316941975837433857
1316942055835357185
1316942219618717696
1316942276116029441
1316942355266703362
1316942391589437441
1316942546443132928
1316942702131449857
1316942758440013824
1316942792439042053
1316942798592102405
1316942860772671489
1316942878652977152
1316942942863564803
1316942996655525893
1316943040804753409
1316943379285053442
1316943449627758599
1316943493357576192
1316943570633457664
1316943640690872322
1316944157596897282
1316944170318221312
1316944215608299520
1316944273540026368
1316944287863611397
1316944439508668416
1316944454779990016
1316944455312625664
1316944469837647878
1316944473763549185
1316944484865871874
1316944485583065090
1316944525621907458
1316944993098096647
1316945005400018944
1316945162673803265
1316945169766383616
1316945174866632705
1316945433583886337
1316945482967666689
1316945532699484161
1316945635405385728
1316945702543646720
1316945711129370626
1316945850262761472
1316945885046231042
1316945941631586305
1316946018546626561
1316946060544192512
1316946106375430144
1316946110343225346
1316946117905494016
1316946125606236160
1316946129234386945
1316946129335029760
1316946133332205568
1316946137161621511
1316946180698476558
1316946182510346241
1316946228433899521
1316946237795586048
1316946241465556993
1316946257420705792
1316946261229162496
1316946296352243713
1316946313414692864
1316946356901236741
1316946605543665664
1316946615421337603
1316946631644880896
1316946689115160576
1316946797093322753
1316946859110400002
1316946999304966144
1316947009157423104
1316947021882937344
1316947026869878784
1316947067873447936
1316947088450662402
1316947179643293697
1316947327043751939
1316947590320185350
1316947619298639874
1316947642434408450
1316947721027203072
1316947738970521601
1316947741038252034
1316947795631362048
1316947833484881922
1316947896172974080
1316948016901836800
1316948037860757506
1316948078100971520
1316948096379703296
1316948157834678272
1316948230484185088
1316948239652917251
1316948258019790854
1316948260477685761
1316948330849685506
1316948372067057664
1316948422008725504
1316948439326986242
1316948615936561152
1316948735155458048
1316948917855113217
1316948950058995714
1316949176408748032
1316949181358067712
1316949321825329155
1316949354733854721
1316949360714842112
1316949487588380674
1316949614029832193
1316949642463088645
1316949709815164928
1316949776949182464
1316949798390583301
1316949898969960449
1316949959179108352
1316950121721057282
1316950170203049986
1316950266487427072
1316950374104838145
1316950384846450698
1316950412793204737
1316950500877750272
1316950518728658948
1316950621539454976
1316950668398166016
1316950750942138369
1316950755698462722
1316950868168708097
1316950906366197760
1316950919095910401
1316951075103145986
1316951132141461504
1316951219940839425
1316951571406770178
1316951590859845634
1316951725627101186
1316951773945466881
1316951840462983168
1316951979994812419
1316952003998830592
1316952004011282432
1316952004028256256
1316952004380512257
1316952006473416704
1316952006574153728
1316952007475777536
1316952020406984710
1316952029240188929
1316952060227706881
1316952065709584390
1316952113793073155
1316952119048609792
1316952119719677953
1316952124639662080
1316952156054999041
1316952186903998465
1316952217287614465
1316952223704883201
1316952294026579969
1316952296199159808
1316952345670975489
1316952384267046913
1316952385110052865
1316952402742960129
1316952426079989762
1316952777852096512
1316952820147458049
1316953004948541441
1316953011135123456
1316953014054379520
1316953084023767040
1316953224214204418
1316953238739034114
1316953288458338304
1316953437716779008
1316953634941358082
1316953938508349449
1316954066073931776
1316954093206855682
1316954135758077952
1316954149993566209
1316954189898145792
1316954199326969856
1316954204943122432
1316954307191767040
1316954382483771394
1316954388221624320
1316954399114145792
1316954456496525313
1316954529674502145
1316954529892651009
1316954591913803777
1316954783505408000
1316954881811451905
1316954992700522498
1316955016071176193
1316955023633502208
1316955059964575746
1316955064473354241
1316955110313000961
1316955149026402309
1316955229011795969
1316955275761311745
1316955413770866688
1316955475603316736
1316955686971019264
1316955778092249088
1316955778972962817
1316955917594787840
1316955918710571008
1316956368151171077
1316956403911823361
1316956409574133760
1316956427693547523
1316956487525273600
1316956540579053573
1316956593003560962
1316956661974769665
1316956785631064064
1316956863859183617
1316957106847744002
1316957269528088577
1316957410427346945
1316957516094386178
1316957540614275075
1316957639851606020
1316957679718379521
1316957865177944064
1316958057826570241
1316958126936104964
1316958131596021760
1316958152349388802
1316958276723101696
1316958295677087745
1316958295802793985
1316958361427083264
1316958474115469313
1316958498102575105
1316958571767209984
1316958669020516353
1316958763363012608
1316958866987507714
1316958904824332289
1316958950303191048
1316959245414301696
1316959457218355202
1316959546095656961
1316959554568060930
1316959574897889281
1316959579192938498
1316959590232227840
1316959638349295617
1316959695152828417
1316959793991553024
1316959817878163457
1316959829299257344
1316959968864702466
1316960056269824000
1316960232334045189
1316960579500843010
1316960754134884352
1316960766805889025
1316960823433113602
1316960839895781377
1316960846908719105
1316960993520615424
1316961039641120768
1316961121811763200
1316961191659528192
1316961331388567552
1316961348123766786
1316961352972369921
1316961452314533889
1316961488129708032
1316961565594292229
1316961611626778625
1316961629909692418
1316961740035411968
1316961809144946688
1316961831081201664
1316961845287243777
1316962060971003905
1316962086690476032
1316962111155806209
1316962172405207041
1316962305549193217
1316962307700871168
1316962468791451649
1316962490354442241
1316962700518445057
1316962722727297024
1316962761012875265
1316962790075228161
1316962831066189825
1316962873395060737
1316963210646507520
1316963213309784064
1316963328795738113
1316963363973402624
1316963373867798533
1316963404511313920
1316963423167590401
1316963456545923072
1316963490708541440
1316963603359141888
1316963664319123456
1316963693469573121
1316963732745048066
1316963747320168450
1316963748779786240
1316963783148003328
1316963843768201216
1316963912126955521
1316963998126977024
1316964025268318208
1316964116251246594
1316964121250877441
1316964259297955840
1316964291346632705
1316964356656189440
1316964382463660032
1316964396367810560
1316964566262337537
1316964597707014145
1316964627763335168
1316964819442991105
1316964935843315712
1316965026603950080
1316965190647357440
1316965247920603136
1316965290941571072
1316965357882585091
1316965387045580800
1316965403961315329
1316965482117926912
1316965486232559617
1316965490368151552
1316965494117851136
1316965497406214145
1316965500962983941
1316965506813988865
1316965711407972353
1316965794098614272
1316966135770812417
1316966172122894337
1316966197624274944
1316966273062940672
1316966344622022658
1316966355569201152
1316966405909172225
1316966420866105344
1316966485219213313
1316966543733948417
1316966575518457856
1316966706774970368
1316966745563930625
1316966782041772034
1316966845312794624
1316966875662831616
1316966905270423553
1316966932541820929
1316967104449576966
1316967105129009152
1316967105758101505
1316967106420768769
1316967107138113537
1316967108673261569
1316967114004193280
1316967133126021124
1316967155682975748
1316967170237173761
1316967170358771712
1316967232069664768
1316967238734352384
1316967240076492808
1316967310675030017
1316967338516905985
1316967362969673728
1316967390513606657
1316967397132324864
1316967459732267008
1316967549460992000
1316967611364769794
1316967625562460160
1316967688720318464
1316967773533253633
1316967846463873024
1316967897772732418
1316967910749986822
1316968127838756865
1316968350476603393
1316968562700001280
1316968570547470337
1316968617783721987
1316968639715835904
1316968709118971905
1316968894154874882
1316968921967300608
1316968967735529472
1316969001982087174
1316969032197820416
1316969040041156608
1316969188104306688
1316969229971841025
1316969365812674560
1316969369671434247
1316969422381264903
1316969558637486080
1316969634004951041
1316969639709188097
1316969651293872128
1316969655001583616
1316969707753406465
1316969744289988608
1316969886598520832
1316970044371423233
1316970048964186112
1316970059626090496
1316970093323210752
1316970096133349385
1316970174667509761
1316970176227758081
1316970251922382848
1316970263536349184
1316970296172216320
1316970303554277376
1316970382101008384
1316970390992936960
1316970402057490433
1316970423293218818
1316970448161329153
1316970579648544770
1316970605833605120
1316970640600170496
1316970642646904832
1316970649764679680
1316970658975354880
1316970716957413376
1316971015520555008
1316971043744059392
1316971104444055554
1316971178205073409
1316971324955332608
1316971351786328064
1316971422619717638
1316971434447638530
1316971512356810753
1316971579184717824
1316971633433841664
1316971749561536513
1316972136758538241
1316972157004599296
1316972208716210178
1316972328933314560
1316972357433626624
1316972375360081920
1316972530230583296
1316972581266874368
1316972733645934593
1316972735004815362
1316972807969001472
1316972908061822977
1316973068435283968
1316973089293565954
1316973130028638208
1316973143332954112
1316973168062595072
1316973319275614214
1316973370605449216
1316973516487598080
1316973540843917312
1316973548855042048
1316973570594045952
1316973578928201729
1316973628529979393
1316973657202348033
1316973792846106624
1316973808092368897
1316973824047566849
1316973827323318272
1316973834944335872
1316973851163693056
1316973903970029569
1316973951910817792
1316973981136715777
1316974034438049792
1316974041039818752
1316974043300548608
1316974117845934080
1316974157532418052
1316974178495549440
1316974190310850561
1316974259953192963
1316974278953345024
1316974283499950081
1316974287920730118
1316974374986174464
1316974385295691776
1316974401712250880
1316974411556192258
1316974430208331776
1316974450672369664
1316974471870382081
1316974471933198336
1316974533103001602
1316974594281099264
1316974653466800129
1316974654591012864
1316974672580382720
1316974679974871043
1316974713483255808
1316974789676961792
1316974880441528322
1316974882106822656
1316974991372582912
1316975015800209408
1316975042354384898
1316975109337395201
1316975313260302339
1316975335167172608
1316975381476528128
1316975392167727109
1316975425176981506
1316975438699417600
1316975466042052608
1316975551467425792
1316975597453774849
1316975619079548929
1316975708615344129
1316975906557145090
1316975906985021440
1316975997506473984
1316976028703739909
1316976042058407936
1316976051067736064
1316976115538403329
1316976171649728513
1316976259893780487
1316976338121744385
1316976353384816641
1316976408242114560
1316976481814433793
1316976699662307328
1316976862694952962
1316976903941726210
1316976914112892928
1316976921205506048
1316976965052760064
1316976982429749248
1316977031037489152
1316977104156839936
1316977130798985216
1316977147014205440
1316977156493291521
1316977172167467008
1316977303231057921
1316977316359188480
1316977429475430400
1316977475252092930
1316977614846832640
1316977695205576704
1316977718471393282
1316977773920047104
1316977828215377920
1316977883672436737
1316977941381828608
1316977966283431936
1316977983396171776
1316978007236616193
1316978072911040515
1316978146726600704
1316978188233355264
1316978328599994370
1316978443788165127
1316978479259389952
1316978481725689857
1316978515103842307
1316978533449818113
1316978549618839554
1316978558703718400
1316978596620214273
1316978653335638016
1316978678505635841
1316978680263020544
1316978750752436229
1316978796273291265
1316978802338267137
1316978808118038529
1316978808940077056
1316978819220316162
1316978917606043648
1316978974728331266
1316978986006638592
1316979003438366722
1316979061655281666
1316979096673542144
1316979102759399426
1316979114696450048
1316979129959485441
1316979191955468294
1316979288634281985
1316979319357526017
1316979416141094914
1316979569329606657
1316979731972214784
1316979734467825664
1316979740918620160
1316979849920208896
1316979873576046594
1316979929289031680
1316979959873810438
1316979977594732545
1316980025669943296
1316980025946738688
1316980176027267073
1316980187679150080
1316980189834989569
1316980261146546176
1316980270164287488
1316980375684632577
1316980674319056896
1316980695303131137
1316980784503414785
1316980857547198466
1316980872256651264
1316980904808583169
1316980949415022593
1316980968222265344
1316981074686316544
1316981175399874565
1316981209113702400
1316981225618366464
1316981233906274304
1316981250075361280
1316981261949337600
1316981331486674949
1316981343012663296
1316981350759530500
1316981356019224578
1316981377510838272
1316981393042395136
1316981475686948864
1316981580846518272
1316981603403431938
1316981686257799170
1316981751424626690
1316981850494173184
1316981940948504577
1316981973861208065
1316982073387851776
1316982078408396800
1316982104715124737
1316982128169656320
1316982148306436098
1316982160155443201
1316982204027777025
1316982204069797890
1316982205093208064
1316982206326136832
1316982206821142528
1316982207030976513
1316982207098064896
1316982207202922496
1316982224613421058
1316982224869347328
1316982227725651968
1316982240635703304
1316982240866435073
1316982252568543233
1316982313364955136
1316982330276237313
1316982333925457920
1316982361746268160
1316982388065329152
1316982399285211137
1316982405417324544
1316982456894062592
1316982499319439362
1316982506038636544
1316982524514619392
1316982529967128577
1316982546257879040
1316982569347502080
1316982590218379264
1316982601417109504
1316982625307938816
1316982634598354944
1316982670425993216
1316982706857705472
1316982716861190144
1316982826009493505
1316982826034728960
1316982842442895360
1316982919123116032
1316982951092097029
1316983004275888128
1316983026686021632
1316983029034848256
1316983060433436673
1316983111171919872
1316983122706243584
1316983161402916864
1316983245268000768
1316983280198160385
1316983338217934850
1316983345704730626
1316983351581048832
1316983441360080896
1316983444769996800
1316983445277593600
1316983461710864384
1316983483705733122
1316983487975596032
1316983523299950592
1316983641843634178
1316983720205815813
1316983801923424256
1316983808953077763
1316983810983104514
1316983841261760515
1316983887747256320
1316983889911578629
1316983904314806272
1316984203179864064
1316984216429744128
1316984258364362752
1316984362714468354
1316984389289598976
1316984420667215872
1316984431299657728
1316984441147936768
1316984540674592769
1316984560761131009
1316984567648104449
1316984659306307584
1316984717212864512
1316984719679029248
1316984728730411008
1316984734577270784
1316984738284883968
1316984779280175104
1316984940811210752
1316984954165886981
1316985013578158080
1316985051465306113
1316985086248685568
1316985143324778497
1316985260811440128
1316985270798090241
1316985388196646912
1316985439052566528
1316985464323276802
1316985465099124737
1316985513010749440
1316985571735195648
1316985574671192064
1316985586482282496
1316985645198430214
1316985666144772096
1316985682477293568
1316985685870546944
1316985726341242886
1316985739654139904
1316985820302266368
1316985833044480000
1316985868150853633
1316985938124378112
1316985964300992513
1316985976934248448
1316985977907326983
1316985977949224960
1316985995196309505
1316985996605591553
1316986001529634821
1316986006458040320
1316986015932928002
1316986073470427136
1316986094399983616
1316986257113841667
1316986351603093504
1316986364743876608
1316986482251497473
1316986493034967046
1316986614028079106
1316986618637668353
1316986640305356800
1316986652665864193
1316986804470534146
1316986843498512384
1316986847470493696
1316986944346378240
1316986974335602688
1316986981151313922
1316987012264742912
1316987013174824960
1316987033231962119
1316987035027185665
1316987043239596038
1316987076244549632
1316987108674985985
1316987127230550016
1316987129919057920
1316987133840756737
1316987144343355394
1316987177176322048
1316987252602535936
1316987295577313280
1316987338409521154
1316987403966566400
1316987432240336896
1316987478671302657
1316987507804917760
1316987570627235841
1316987592789938176
1316987669994479618
1316987711337672704
1316987739687079936
1316987800160522240
1316987812126904321
1316987866619273217
1316987891776704512
1316987939344220160
1316987955186176000
1316987963146964992
1316987982319071233
1316987997502525442
1316988031962959872
1316988075000684544
1316988122622791680
1316988403595038721
1316988447165435904
1316988463539945478
1316988474902351872
1316988486952636416
1316988515830452224
1316988601259954176
1316988602795118592
1316988607555657728
1316988670780575744
1316988682994417665
1316988895448473601
1316988952721707008
1316988970149072897
1316989001652469760
1316989002717843456
1316989012670906369
1316989035210997760
1316989046917390343
1316989052026015750
1316989104693911552
1316989113258692608
1316989137975640064
1316989138567127041
1316989146200707072
1316989149312913409
1316989153129697280
1316989169986621441
1316989186780680192
1316989202995810304
1316989204715495428
1316989232464973825
1316989238903296000
1316989249577766913
1316989253960781829
1316989287842402305
1316989291306909697
1316989304502104064
1316989378305077249
1316989457686515712
1316989472718934022
1316989489580048384
1316989525177106433
1316989530289876993
1316989559121547265
1316989592399237120
1316989597918908416
1316989604285775873
1316989641116078081
1316989658014810112
1316989674754347009
1316989680857026562
1316989705829961730
1316989712817655808
1316989726843412481
1316989760582393856
1316989770086625280
1316989775509934080
1316989799367139328
1316989800440864768
1316989802663669760
1316989811157250049
1316989826000969728
1316989852529971202
1316989860947906561
1316989861375729664
1316989875749609472
1316989911858352129
1316989926878158849
1316989964098375680
1316989996079996929
1316990003428380672
1316990010881724416
1316990028493455360
1316990043379126272
1316990044515827714
1316990052166152192
1316990061347557377
1316990128502542337
1316990129152520192
1316990132319375360
1316990144914681856
1316990145187450882
1316990161918545920
1316990178737741827
1316990233867513856
1316990248564461569
1316990281577865217
1316990296480153602
1316990330210746370
1316990346572779521
1316990346883178496
1316990360023896064
1316990363752693760
1316990399194554369
1316990414168129536
1316990420069584897
1316990431071272960
1316990457507926016
1316990471927902213
1316990486922616832
1316990534007783424
1316990548658585601
1316990595521458177
1316990688542793735
1316990691973660672
1316990724609593344
1316990770000367617
1316990817228279811
1316990818218090502
1316990834395566082
1316990845602713600
1316990849348259840
1316990866247061504
1316990948753231872
1316990950053466114
1316990951198523392
1316991011193749506
1316991013941137408
1316991021201428480
1316991145076051968
1316991201908850688
1316991274923196416
1316991306066001923
1316991441147711488
1316991496911003648
1316991505169604608
1316991539252514817
1316991550979792901
1316991555371192320
1316991586480328705
1316991719452348416
1316991735776612353
1316991816919633921
1316991840038588416
1316991900553859073
1316991987493515267
1316992042640330752
1316992096478351368
1316992118468964353
1316992184751718400
1316992188245561345
1316992228078866433
1316992232843563009
1316992238866604032
1316992249629212673
1316992276833423362
1316992277085126663
1316992277357711360
1316992278951567360
1316992288485232645
1316992387663745025
1316992392210382848
1316992439412981760
1316992502860304385
1316992523009724416
1316992527904460801
1316992531822006273
1316992565636403200
1316992605843038208
1316992606493200386
1316992669571293184
1316992741621010434
1316992827042168834
1316992849574060032
1316993017371348997
1316993040444129281
1316993141858357248
1316993236356005888
1316993284426862592
1316993308552515584
1316993318379806721
1316993359542616064
1316993424277594112
1316993436130619392
1316993511569477632
1316993518024511489
1316993548697337856
1316993550899433473
1316993641701904384
1316993646391152640
1316993650937692161
1316993680570503168
1316993688401104896
1316993747956228096
1316993794038902784
1316993846010662913
1316993854776684547
1316993895390203906
1316993929116528641
1316993951828770816
1316993981834821632
1316993993620770819
1316994043684028421
1316994072469512192
1316994140949938176
1316994164928643072
1316994214685794304
1316994311322558464
1316994325709000704
1316994343840919553
1316994438359547904
1316994542025965568
1316994547214405632
1316994563081490432
1316994589367164930
1316994594538663937
1316994598363893760
1316994609680101377
1316994614109372416
1316994659982467072
1316994698159005696
1316994729414983680
1316994785987579905
1316994799891787777
1316994841717493762
1316994868485521409
1316994880497963009
1316994882393747457
1316994885812162560
1316994899351392257
1316994909421899776
1316995079937183746
1316995116704333824
1316995168764047360
1316995276096364544
1316995309436768260
1316995313522118657
1316995345398849538
1316995389397094401
1316995420321624064
1316995456409440257
1316995493008936960
1316995555319455744
1316995572818128897
1316995578665095169
1316995587686998016
1316995649993379841
1316995668091801604
1316995759670263808
1316995818113667072
1316995835595575297
1316995847876431872
1316995865228283904
1316995872572530689
1316995975047774209
1316996147962064896
1316996163770474497
1316996185417261058
1316996234624815104
1316996271652196352
1316996295123415041
1316996310650646528
1316996314677141505
1316996318338805760
1316996319710375937
1316996320691826688
1316996321627140096
1316996322633740288
1316996323845971968
1316996324823236608
1316996332196892675
1316996383992369157
1316996404146016256
1316996421179105284
1316996446055469056
1316996470491459591
1316996478854889472
1316996490066354176
1316996520567312385
1316996539793944576
1316996548467822592
1316996555094827009
1316996581225320450
1316996587957137409
1316996610237358080
1316996639161286656
1316996640276963328
1316996643166748672
1316996658794844161
1316996711529746434
1316996712628629509
1316996734065758210
1316996756371111936
1316996766613504001
1316996811928850432
1316996833940541441
1316996863313272834
1316996877540261888
1316996928903745536
1316996935534800896
1316996944762458112
1316996976857223169
1316996979025653760
1316996985724030976
1316997025305604096
1316997051146596354
1316997067450032128
1316997076639764480
1316997080649322496
1316997090875158528
1316997110995320832
1316997112849141760
1316997123955621888
1316997133992681472
1316997155064844288
1316997195548266500
1316997214271639554
1316997254478168064
1316997275332345856
1316997287596445702
1316997302658211842
1316997303706714115
1316997303966707713
1316997304625188864
1316997306240126978
1316997323529093126
1316997324820930562
1316997330839736320
1316997334430076929
1316997348950740992
1316997460435283972
1316997466827489280
1316997483252355072
1316997490017796102
1316997496527327232
1316997523421147137
1316997581524901891
1316997583617785861
1316997618657087494
1316997619751768066
1316997634868076545
1316997647320887296
1316997670351917056
1316997708142477312
1316997736546373632
1316997774790086656
1316997883636350976
1316997889349029890
1316997941056491522
1316998057146355713
1316998057960103937
1316998060036194306
1316998065841111041
1316998108253913088
1316998175840940033
1316998186322567168
1316998199215853568
1316998207507996674
1316998217578483712
1316998240374562816
1316998315993686017
1316998337124536324
1316998352546967552
1316998354010804224
1316998364559560704
1316998373426270209
1316998398109716480
1316998407433703424
1316998530205163522
1316998533883568129
1316998533992636416
1316998561142394882
1316998583862820870
1316998595221086208
1316998635691905024
1316998648752934912
1316998670441713664
1316998691547480064
1316998695259353088
1316998708756697089
1316998715752747011
1316998733322649600
1316998764322836480
1316998769171378177
1316998884577730560
1316998897542332416
1316998923345666048
1316998937614700551
1316998946418556928
1316998959366328320
1316998982917365761
1316998990530052096
1316999005574975493
1316999012424310785
1316999013879742466
1316999015679070209
1316999015976833024
1316999028723286016
1316999064202833920
1316999075431055360
1316999077972803584
1316999088320270337
1316999175184257025
1316999201272705024
1316999219765530624
1316999230846832640
1316999256864075776
1316999286631108609
1316999294856122368
1316999317685784577
1316999366914310144
1316999394147897345
1316999402951770112
1316999434706821121
1316999444370542592
1316999458807316480
1316999474632417282
1316999503808024577
1316999565971804160
1316999574830141440
1316999617255514112
1316999623261773824
1316999639552430080
1316999653989228544
1316999804610891776
1316999806636752896
1316999816740732928
1316999816757628929
1316999818850586624
1316999819076853761
1316999819244802049
1316999871505760259
1316999882419437569
1316999892817031168
1316999905513230337
1316999907723644929
1316999918259679232
1316999949331083264
1316999985385361408
1317000014569365512
1317000051319803904
1317000068956827649
1317000069795774465
1317000080793227268
1317000106122616834
1317000122887188484
1317000148795482112
1317000161743208450
1317000179296489472
1317000212418789376
1317000214348169216
1317000222896197633
1317000257352380416
1317000262523981825
1317000270186938368
1317000272066060288
1317000286960029696
1317000349245427712
1317000367771668480
1317000395265314821
1317000455294193664
1317000481013628928
1317000526421250048
1317000537359839233
1317000556137926661
1317000574571859968
1317000584860487680
1317000608323457024
1317000636983054337
1317000665281986562
1317000669958725632
1317000704909869056
1317000722597269507
1317000739588276224
1317000744629919745
1317000819745673223
1317000840473944064
1317000858115182594
1317000909260546050
1317000928466259969
1317000977233420289
1317000996363685889
1317001017238687744
1317001076940439552
1317001077439393792
1317001077942726656
1317001096678854656
1317001097052114944
1317001114999492608
1317001133978767360
1317001164416835584
1317001169483554816
1317001178669064192
1317001202031276033
1317001207311978496
1317001222365339648
1317001235933892613
1317001253646381056
1317001288140337152
1317001325364809734
1317001329189978113
1317001493816410113
1317001556018008065
1317001574305173505
1317001594488061952
1317001608862064640
1317001683612930048
1317001718060732417
1317001734447915008
1317001740563189766
1317001783714095104
1317001793411350528
1317001810742251520
1317001832493797376
1317001866610417665
1317001876357980160
1317001885279277057
1317001890459226112
1317001918200336385
1317001989247696896
1317002054422986752
1317002061553303552
1317002111993978885
1317002134781558785
1317002155082063872
1317002156357156864
1317002163177066496
1317002770290003969
1317002913571622912
1317002950145867777
1317003042689060864
1317003064935579648
1317003071579426817
1317003235157282817
1317003238122704897
1317003342602645506
1317003357756755969
1317003365323313154
1317003413884993536
1317003587118125056
1317003642709413888
1317003646677155840
1317003769067044864
1317003819323109381
1317003928559603713
1317004134302744577
1317004256558407681
1317004326385160192
1317004588013260801
1317004735216484355
1317004840288112640
1317004852178931712
1317004852296323072
1317004853923766275
1317005058274459651
1317005157398347776
1317005160099491841
1317005265582067712
1317005496973430784
1317005521388511232
1317005640053723136
1317005665852903424
1317005879661760512
1317006046062387200
1317006061468110850
1317006082800308225
1317006162907320320
1317006191088799744
1317006438359797760
1317006682590007296
1317006806921695232
1317007246199558144
1317007334405787648
1317007599066370050
1317007691651424256
1317007960053342210
1317008071638589441
1317008113812340736
1317008123891122176
1317008225292767236
1317008405836562432
1317008456415649795
1317008608551383040
1317008627216121857
1317008637991088128
1317008700972945408
1317009000827936776
1317009044800966656
1317009209683226627
1317009310585597952
1317009443784097792
1317009485303631872
1317009791924031493
1317010078927650816
1317010215972241408
1317010393265508352
1317010580956467201
1317010784694710272
1317011227705511937
1317011242373025792
1317011374460047362
1317011474510868480
1317011487613984769
1317011860550549506
1317011963839451137
1317011987952533505
1317012081028333568
1317012264977899520
1317012305130016768
1317012366932979712
1317012402404085763
1317012403431747584
1317012406623666177
1317012408829943809
1317012409157025793
1317012411346522112
1317012454556184577
1317012503889674240
1317012575851319298
1317012577612943360
1317012622521368585
1317012784002093058
1317012814356242437
1317012858841038848
1317013012566450178
1317013116379631617
1317013120162869248
1317013150278049794
1317013387629518848
1317013493468614656
1317013501232242688
1317013506517061632
1317013522002432000
1317013569582616576
1317013624020500481
1317013670656880640
1317013697689255936
1317013773320884229
1317014009544085504
1317014016343105536
1317014104134090752
1317014243594698753
1317014300318466048
1317014418249732097
1317014424440524802
1317014450231255040
1317014452122865665
1317014522528497664
1317014535673438209
1317014675754831872
1317014742918201344
1317014775000387585
1317014824686178306
1317014824702926848
1317014843870904320
1317014918625984513
1317014918634360833
1317014943762448385
1317014943972118528
1317015069671251969
1317015096871342087
1317015135693791233
1317015142203260930
1317015267306864640
1317015517773860864
1317015656706019328
1317015889670262784
1317015904304103424
1317015954816176129
1317016103944638464
1317016151399038977
1317016206050791424
1317016213877293058
1317016237667454976
1317016386963755008
1317016407142506496
1317016453380476928
1317016548352184320
1317016863726063616
1317016876925571072
1317016991241297921
1317017355164262400
1317017435430674434
1317017443873816577
1317017812829962242
1317017882228903936
1317017957810294784
1317018027125334021
1317018050558918657
1317018228200214528
1317018272961843201
1317018311201345538
1317018359008006145
1317018437869338624
1317018482555473920
1317018506219671553
1317018583017398272
1317018916686909442
1317019119515017217
1317019403733577728
1317019810585300992
1317019892982435842
1317020043042033664
1317020281798594562
1317020774574772226
1317020778794201089
1317020794162049024
1317020940971266048
1317020951633166337
1317020958754918400
1317021210333544448
1317021210534793216
1317021228834738178
1317021309700812801
1317021331280592896
1317021588747919361
1317021604220731394
1317021663838507008
1317021709782876160
1317021716330274821
1317021780415041536
1317021935671431169
1317022009004621826
1317022153351581696
1317022259853275138
1317022339385774080
1317022468448505856
1317022468532416512
1317022748560982016
1317022930794995712
1317022936952459264
1317022977674838016
1317023057932943360
1317023097028038656
1317023279304114177
1317023479712145408
1317023528009564160
1317023696494657536
1317023727347847168
1317023746390110208
1317023757748363264
1317023797371916288
1317023907334000640
1317024134132531201
1317024143192317952
1317024187551199232
1317024241888448512
1317024531740057601
1317024721087725570
1317024913350340609
1317024935521509376
1317024978160803840
1317024985047707650
1317024985077088256
1317024985114767360
1317024998679347201
1317025051292696576
1317025204506398720
1317025205244645376
1317025274102484993
1317025357086818304
1317025488506744832
1317025802266071041
1317026072530223104
1317026243502436354
1317026287534415872
1317026319339819008
1317026553512054785
1317026557358125057
1317026595618643969
1317026828146692097
1317026884463493121
1317027249951047680
1317027410517348352
1317027502913548288
1317027504066940931
1317027506684387330
1317027506868883458
1317027509498761217
1317027542176567301
1317027578230824961
1317027609499389953
1317027621369241600
1317027622946246656
1317027643099959296
1317027694555529218
1317027800897957890
1317027936483115010
1317028005244411904
1317028005982646272
1317028091101925377
1317028219602829314
1317028251877937153
1317028443121397760
1317028480752693250
1317028568925376512
1317028588479184896
1317028606040788992
1317028763822026756
1317028827969822722
1317029019880198144
1317029263225151488
1317029535355965441
1317029708337471489
1317029796954689538
1317029901959155713
1317030004786630656
1317030007433273344
1317030018275475456
1317030225574719492
1317030244562489344
1317030333863333888
1317030449160589312
1317030469666525190
1317030500846964737
1317030541271666688
1317030593335595008
1317030646519353344
1317030803990261760
1317030995166679040
1317031110191308802
1317031144358105088
1317031146916614144
1317031175907610624
1317031205011849217
1317031245315035137
1317031310154731522
1317031336201379840
1317031406388772866
1317031408125284352
1317031498327990273
1317031498445357058
1317031520901713922
1317031614636085249
1317031688401276928
1317031891023941634
1317031913421406208
1317032431325749250
1317032459859562497
1317032494689062913
1317032516201664512
1317032534945931266
1317032695835299840
1317032856359755776
1317032884767772672
1317032986383208448
1317033268559122435
1317033347135176705
1317033463233548289
1317033507634532353
1317033625041440769
1317033774413209600
1317033929283600385
1317034065950732289
1317034090609184768
1317034240559775744
1317034308641705984
1317034564490022913
1317034584803020805
1317034697462042628
1317034839363751937
1317034886935597059
1317034973552123906
1317035051498926081
1317035052497162240
1317035052497309697
1317035078443241472
1317035084453654528
1317035087146483712
1317035099863633920
1317035122949038081
1317035288372412416
1317035430978736128
1317035431100284929
1317035462545051655
1317035542102577153
1317035607550496768
1317035623614730245
1317035697614839808
1317035739939508225
1317035787511386123
1317035827340451841
1317035865626054658
1317035978645798914
1317036106060386304
1317036125228249088
1317036357290688513
1317036392644513797
1317036479810473984
1317036515717976065
1317036619673862145
1317036681774641152
1317036861949382656
1317037068934172675
1317037134923001856
1317037288493297665
1317037445746221060
1317037523298885633
1317037578130984961
1317037598448226307
1317037702794137600
1317037961419120641
1317038122006421504
1317038206735552512
1317038292806881280
1317038316915773440
1317038378131611648
1317038378353893376
1317038511946489856
1317038521048289283
1317038529374003201
1317038531181772800
1317038574219427840
1317038585162485765
1317038682579341314
1317038684714270720
1317038782542204928
1317038789211152384
1317038826666266630
1317038826712387584
1317038827647664128
1317038879325696005
1317038899764617216
1317038978135171074
1317039003506479106
1317039039019614208
1317039077213036545
1317039077817016320
1317039084565651456
1317039133219557376
1317039336068612096
1317039473838989313
1317039576352018432
1317039595226341376
1317039816375226368
1317040030678945794
1317040084760240128
1317040084777115648
1317040095745146880
1317040293254922243
1317040428240293892
1317040477150040065
1317040549845753856
1317040583353995264
1317041018592780288
1317041026083807237
1317041041783050241
1317041148498763776
1317041150868529153
1317041156694417413
1317041417450065920
1317042008087814146
1317042061342887936
1317042369179639811
1317042389127712768
1317042393905041408
1317042434451345408
1317042601057427458
1317042603238453249
1317042604417060865
1317042615360081922
1317042624684040192
1317042675598659589
1317042677620350978
1317042721803075585
1317042734432137220
1317042762844409857
1317042799079022598
1317042904012128256
1317042926577385473
1317042931476344832
1317042932961206277
1317042952112406528
1317042963797725184
1317042987071950848
1317043045158834176
1317043159092834304
1317043168978808836
1317043297790185472
1317043337841561600
1317043368682291200
1317043520549650433
1317043567647404032
1317043589797511169
1317043590980390912
1317043695250739200
1317043778314817536
1317043862783823872
1317043876696305664
1317043942794366976
1317043954894970881
1317043994967289856
1317043999639851010
1317044097841045504
1317044123862470657
1317044244419313665
1317044334345281536
1317044371754201089
1317044461118103552
1317044478201483266
1317044518777126912
1317044577560309760
1317044648624443392
1317044718019162112
1317044811698966530
1317044835015135234
1317044977927598081
1317045029563752448
1317045031425986560
1317045045770452993
1317045087109603328
1317045117728030720
1317045135604092928
1317045142541533184
1317045158131662849
1317045369432231936
1317045421206888448
1317045554065608704
1317045576412876800
1317045621262528512
1317045646860451841
1317045940906266624
1317046072523558912
1317046091888590848
1317046122154786816
1317046214341382144
1317046258092118016
1317046259975323650
1317046358017253377
1317046375973093379
1317046376039993346
1317046376056778753
1317046542612762624
1317046600288567296
1317046727703252992
1317046731759079424
1317046868669497344
1317046984272990209
1317047196030730240
1317047293137342465
1317047293523185664
1317047294257106945
1317047329833222144
1317047651045703685
1317047737058197506
1317047850308673536
1317047903211429889
1317047913059594242
1317047930155618304
1317048036728754176
1317048066780893188
1317048107125846016
1317048177908998145
1317048254195027969
1317048362068226048
1317048394561556480
1317048496634187777
1317048593623154688
1317048674854359040
1317048682550841344
1317048739480174592
1317048756764901381
1317048813467684866
1317048827938021377
1317048843696017408
1317048868182331393
1317049043424522240
1317049095509450752
1317049132670984193
1317049266569990144
1317049281619120128
1317049314838040576
1317049418508546049
1317049686017101825
1317049815088463872
1317049816397041665
1317049833149136903
1317049964820910081
1317049990842339328
1317050108379385858
1317050145884786690
1317050151534428161
1317050151664496641
1317050152352423936
1317050153564594176
1317050469047537664
1317050484549701632
1317050584361553920
1317050636857462786
1317050648223952896
1317050992672866306
1317051175741554691
1317051338505752576
1317051387507838976
1317051400082382849
1317051426821099520
1317051487902748673
1317051565564481538
1317051621738729474
1317051669612580864
1317051707147288576
1317051803050086406
1317051832234053633
1317051862965682178
1317051879352881152
1317052115102146560
1317052235818348544
1317052289379610630
1317052436964671488
1317052486298095618
1317052494485258240
1317052564307922945
1317052608364904448
1317052667429093376
1317052667823206400
1317052724878467073
1317052914301431808
1317052940587356161
1317052973168603136
1317053031612108800
1317053122896908293
1317053158217207810
1317053159752204289
1317053264253341698
1317053310122295296
1317053375842643968
1317053472080973824
1317053472865484802
1317053499599769600
1317053573486637056
1317053686200324096
1317053711013785602
1317053713937289216
1317053717540179968
1317053791942868994
1317053850063376384
1317053916601815040
1317053925749641216
1317053927825833984
1317053935937572870
1317053946289160192
1317053963666149376
1317053999825211392
1317054022667423745
1317054129949319168
1317054210098274304
1317054216750403590
1317054325370331136
1317054537245609984
1317054538818506752
1317054567834619904
1317054583898886144
1317054895162314753
1317054914879754243
1317054949176545280
1317055053660889092
1317055164084346881
1317055307089170436
1317055321844686850
1317055415973220353
1317055480917823488
1317055690100428800
1317055700338659329
1317055707309551616
1317055712632197122
1317055781020356608
1317055874368741376
1317055963250237440
1317055978492338176
1317056058721001472
1317056129613156353
1317056194385743872
1317056314028208128
1317056345636560897
1317056400309223426
1317056451320438790
1317056497625534465
1317056534061473794
1317056695265333249
1317056763066224640
1317056870989942786
1317056895329439744
1317057024065241090
1317057147432275968
1317057155724382208
1317057261416710147
1317057269717192704
1317057335366475776
1317057391704350722
1317057575695908864
1317057687973187585
1317057702493708293
1317057708382539777
1317057709787721729
1317057723679342594
1317057869469126656
1317057917397422081
1317057981255659520
1317058003326164992
1317058074457374720
1317058217126420480
1317058356146802688
1317058408642715651
1317058442939535361
1317058464829636613
1317058515274469379
1317058592059629569
1317058696350961669
1317058751430561795
1317058815880273926
1317058959333904384
1317059061247021056
1317059138199916546
1317059166926766080
1317059215945510912
1317059250280140805
1317059267082526722
1317059288024649730
1317059292520980480
1317059312393531393
1317059340357013508
1317059360049299459
1317059375165509632
1317059380903378951
1317059490362044417
1317059536017100800
1317059658260090881
1317059682054381568
1317059716841877505
1317059835331026944
1317059862765981698
1317059907951230976
1317059960484827141
1317060217423552512
1317060217541074944
1317060359052840961
1317060556705202176
1317060639098011649
1317060816684961793
1317060873958100993
1317060926173024257
1317060992971476993
1317061042002890753
1317061158826872833
1317061330839404544
1317061413882548225
1317061456278491136
1317061463819898881
1317061475530383365
1317061475773698048
1317061476453154816
1317061491477127168
1317061533839642624
1317061539074027522
1317061625116053505
1317061720708419585
1317061802015006720
1317061895153647617
1317061917169618945
1317061994168655873
1317062019317641216
1317062082425225218
1317062183990198273
1317062184795578368
1317062302613577729
1317062314173075457
1317062347148697600
1317062350017613829
1317062445626761222
1317062559070027776
1317062661486579712
1317062716859756545
1317062911639080962
1317063029805223936
1317063187192303616
1317063237205020673
1317063247372189698
1317063375562678273
1317063377655537664
1317063623416573952
1317063663036092417
1317063832699883521
1317063867835572225
1317063891021713408
1317063929453948928
1317063960500293632
1317064011242942465
1317064071607422978
1317064114930216962
1317064158140108801
1317064331335397378
1317064375778316290
1317064397576089600
1317064415632654338
1317064443038138368
1317064742616354816
1317064809075118081
1317065163229569024
1317065182284271617
1317065197165727745
1317065250391289857
1317065250764709890
1317065252459192320
1317065252874354689
1317065286114299904
1317065360722493441
1317065384860712961
1317065387083780099
1317065452783325189
1317065625144000513
1317065700712861697
1317065712637218816
1317065741296873472
1317065780639522818
1317065856677969922
1317065995903795202
1317066032603942913
1317066186161610752
1317066235302105088
1317066241824215046
1317066340222390273
1317066378118107136
1317066387450449920
1317066409243967489
1317066551619653637
1317066561870569474
1317066595844370432
1317066601041100802
1317066605013196801
1317066617952608258
1317066839336300544
1317066851210452993
1317066889412202496
1317066906017386496
1317067075211255808
1317067114780479491
1317067193083817984
1317067200679845889
1317067238529241096
1317067268241690630
1317067318304903169
1317067326425042944
1317067328362893315
1317067384700739584
1317067518452826112
1317067539252449282
1317067543627108354
1317067691803480066
1317067697721626624
1317067766944403456
1317067770098556931
1317067869595725826
1317067887702659073
1317067900075692032
1317067930664947712
1317067987845861377
1317068051989278720
1317068070259728384
1317068071446695937
1317068106783727623
1317068124290691072
1317068256566415360
1317068336971264000
1317068480454316032
1317068567691419648
1317068680451248128
1317068724420083717
1317069030189109248
1317069111487320067
1317069269159510017
1317069300314898432
1317069514035630080
1317069518338969600
1317069533774045185
1317069571560525824
1317069679874068480
1317069786837299200
1317069791006543873
1317069926948085760
1317070203969245185
1317070224731103234
1317070283694575617
1317070286114689027
1317070301432369154
1317070397976858624
1317070401864896512
1317070549382795264
1317070633382125569
1317070760113065985
1317070850483511298
1317070950773460994
1317070985888210944
1317071049490681856
1317071176905220097
1317071239119310851
1317071311496187904
1317071500428693505
1317071726195388416
1317071761008152576
1317071883532197891
1317071890536595456
1317071936980123648
1317072075987759104
1317072079511060480
1317072166035312640
1317072269273976833
1317072321144827907
1317072344213499904
1317072363637428224
1317072381249245184
1317072399494504449
1317072419660521472
1317072445497659392
1317072527080984580
1317072638435577856
1317072714713149440
1317072800172171265
1317072800545460224
1317072801996603393
1317072805276618752
1317072806413303808
1317072807172386818
1317072807491108864
1317072809063976963
1317072809881825281
1317072834254995458
1317072839846121472
1317072980183273476
1317073015788679168
1317073018959634432
1317073091047063557
1317073119866195970
1317073268558495746
1317073270215200768
1317073354122285062
1317073431649751040
1317073752816078849
1317073767953301507
1317073775138045953
1317073803554467842
1317073821002813442
1317073868897591297
1317073907501928451
1317074047063236608
1317074105947009026
1317074107901554688
1317074111642980354
1317074255398535172
1317074434231062528
1317074577630048256
1317074582671687683
1317074592402411520
1317074745855234054
1317074790067351552
1317074887270432768
1317074887316484099
1317074913803571200
1317074952764444673
1317074974319017984
1317075010268389379
1317075039255171074
1317075316729434112
1317075316746014720
1317075331950530568
1317075369170817029
1317075509201731589
1317075523500167168
1317075702265634822
1317075704417320962
1317075717310586880
1317075917882167297
1317075974710824960
1317076052234174464
1317076338478600193
1317076416706523136
1317076434108690433
1317076472033693697
1317076575179898883
1317076575486054403
1317076575599366144
1317076679924252672
1317076748333449216
1317076807905169409
1317076811268882433
1317076839542755329
1317077046418395136
1317077102999502849
1317077187149824000
1317077299511103488
1317077309485101056
1317077335997296641
1317077360466927617
1317077778706169856
1317077814957559811
1317077833852747780
1317077842350452736
1317077932901388290
1317077982847111168
1317078123771461635
1317078239970529280
1317078268793806848
1317078314822098944
1317078320383553537
1317078483965743106
1317078494464139266
1317078504400429058
1317078550348967936
1317078587078545414
1317078744817934338
1317078844189409281
1317078851852316673
1317078860874338305
1317078873243340800
1317078879568355331
1317078890561626112
1317078908303560704
1317079006076932098
1317079123689410560
1317079181700857857
1317079293042790401
1317079552041037824
1317079553366437888
1317079576212889602
1317079642331897857
1317079677488562176
1317079741090959361
1317079762410549252
1317079784762019840
1317080141592408064
1317080159036592128
1317080241655906304
1317080251848138753
1317080256705187840
1317080276540018688
1317080395368771585
1317080411047079937
1317080439987765252
1317080502780727296
1317080511853043712
1317080568958418948
1317080574880894976
1317080687942524929
1317080851545493510
1317080905714946048
1317081109948137472
1317081123088982017
1317081188473933825
1317081214235385857
1317081231184547841
1317081241380847616
1317081288344506369
1317081605052260352
1317081608432816131
1317081635582509058
1317081690695675904
1317081697549242368
1317081731632156672
1317081767598239744
1317081775340924930
1317081782517403651
1317081782618148864
1317081796174073860
1317081819477659654
1317081873634463744
1317081880513171456
1317081892383084545
1317081926847647746
1317081938591666181
1317082073413394433
1317082597940514816
1317084372449792000
1317085254482538496
1317086715459235841
1317088398973218816
1317088896379981824
1317092188631797762
1317092596586582017
1317092605373632512
1317094177595924481
1317094407041126400
1317094542982717441
1317096785358295043
1317097071619559424
1317100594381938688
1317101141755396102
1317101852274601984
1317103007922782217
1317103027300564993
1317106810537562112
1317107073407197184
1317107096006152194
1317107292135936002
1317107328320229381
1317107521417609216
1317107567563313158
1317107607736356864
1317107626975629313
1317107647347392512
1317107663856160768
1317107667131863041
1317107687881146373
1317107707531481088
1317107728515534849
1317107775848271873
1317108163955535872
1317108476494159874
1317108551542886400
1317108630710308870
1317108642215206913
1317108847979515905
1317109709497925633
1317109729513099264
1317109738056880128
1317109762291630080
1317110337150353408
1317110656001335296
1317110792920158209
1317111104607313921
1317111338703912960
1317111396870574080
1317111555226587137
1317111739205537793
1317111794004074496
1317111956403355648
1317112015744344065
1317112224905908224
1317112481416908800
1317112486743691269
1317113237637353472
1317113515677749254
1317113693520408576
1317114469970026496
1317114766628880385
1317114775877357569
1317114932744376320
1317115256011952129
1317115736477806598
1317116614962253825
1317116886820282369
1317118105873571841
1317118245170798592
1317118437953601543
1317118731030548480
1317118739331035137
1317119034782089218
1317119304433881090
1317119732412186624
1317119859566792706
1317119993646075905
1317121101273698304
1317122302589440002
1317122481711349762
1317122743452733440
1317123957611503616
1317125102325125121
1317126218769104896
1317126940092923904
1317129097307369472
1317129675034931200
1317130001024753666
1317131349019459588
1317131562874437635
1317131987564548097
1317133282312654848
1317133406170501120
1317135027793219584
1317136152542019586
1317138557723705344
1317139273833992192
1317140046445772800
1317141724117012480
1317141864341012480
1317142521202475008
1317146166103056384
1317146167134781443
1317146528306397184
1317147485643689984
1317147883339194368
1317147892679766016
1317148301100187648
1317148521448038406
1317149491439587330
1317149755101806598
1317149889973882882
1317149899662761985
1317150039848980485
1317150702754562050
1317150787773079552
1317150902038466560
1317151827734024192
1317152093837328386
1317152496033333249
1317152887173165057
1317153005897158657
1317153514766950401
1317154002879041539
1317154786806956032
1317154924774543363
1317155997480374273
1317156312959037441
1317156825054302211
1317157082039226370
1317157979377074177
1317158084880568323
1317158128815845377
1317159859729686528
1317160151388983298
1317160936814366720
1317162205964652544
1317162401423380480
1317162511049871366
1317162726104420352
1317163401844436992
1317163580727431168
1317163618417475589
1317163839989874688
1317164050309124098
1317164693660774400
1317165066131734531
1317165530843852810
1317165654462599179
1317166364650504193
1317166476630106112
1317167611302563842
1317168701834207232
1317168894059085824
1317170463978696706
1317171026439081986
1317171093136834560
1317171249005682690
1317171458070773760
1317171852301750272
1317172828828061696
1317173067626532866
1317173151223119873
1317173277979156480
1317173336695279616
1317173840250867713
1317174073223532544
1317174705439334403
1317174847831724032
1317175509164445696
1317176171956666370
1317176655534788608
1317177165767675905
1317178497756917760
1317178502190432256
1317179034191728640
1317179306901209089
1317180006666280961
1317181712749776896
1317181950625517571
1317182271808438272
1317183014036787200
1317184870364438529
1317188574090006528
1317188703622758400
1317189227038363650
1317189747790536705
1317190214025138178
1317190923105820679
1317190926931009536
1317191156254580741
1317191318368641024
1317192481965047820
1317193423334637569
1317193780915806211
1317194228359979009
1317195298217840640
1317195505806528514
1317196564381782016
1317198656819388417
1317198734053281794
1317199652966617088
1317199706993414144
1317202442681974784
1317202987249446912
1317203835861966848
1317203843801808897
1317203953847762946
1317204639482261505
1317204716653301763
1317205215997808641
1317209022550986753
1317210238169223169
1317212120858152966
1317212147559092224
1317212253159129090
1317213060520607744
1317213952321966082
1317215074910691330
1317215310865485826
1317216164951527426
1317218581759684610
1317219061252718592
1317220890422239235
1317221341217628160
1317223339514089472
1317223542577135621
1317225539598417920
1317225557722058752
1317226181780000770
1317226507731914752
1317226553852428288
1317226578825367554
1317226612702707721
1317226699961020416
1317226814855663616
1317226818810880000
1317226824984895488
1317226892265705472
1317226939850117120
1317226976348917762
1317226985664532481
1317227132645421059
1317227167923789826
1317227318323142657
1317227377303474177
1317227570195255298
1317227752685211648
1317228003739508737
1317228462843756544
1317228580720545792
1317228781766062082
1317228828352131072
1317228864150622208
1317229197094457344
1317230117551296515
1317230557818998786
1317230564756410369
1317230664450822144
1317230780226076676
1317230807661019136
1317230913151995904
1317231132799344642
1317231344720711682
1317231344741576705
1317231393257230336
1317231690532769793
1317231710401138691
1317231782002069505
1317231916156882944
1317232269166317569
1317232290171375617
1317232445482323970
1317232888736198658
1317232971041091586
1317233557471940610
1317233629014200323
1317233850033098752
1317234214044114944
1317234920436224004
1317235024224190465
1317235120093294593
1317235867073863681
1317236195085160448
1317236625076854789
1317236756945817601
1317236802554630147
1317237179773554689
1317237536998199302
1317237745727737856
1317237812425609216
1317238032853073921
1317238035885547520
1317238281881485319
1317238805796192263
1317238900989911040
1317238906857902080
1317238909839966208
1317238968614780936
1317239029386125314
1317239383939055621
1317240047125626881
1317240628347064320
1317240680415170561
1317240717845082112
1317240764150276098
1317241961561182210
1317241975331053569
1317242076824805379
1317242486369275910
1317242559236853765
1317242669450498049
1317243096925687811
1317243472848560128
1317243483036536833
1317243513906626560
1317243533997314048
1317243579467812866
1317243580835135488
1317243652519985152
1317243663060172800
1317243676502929408
1317243705443627008
1317243733453176832
1317243779133394945
1317243803909165056
1317243853448056833
1317243927846596608
1317243934318469121
1317244023250341894
1317244043055800320
1317244051012374530
1317244052870434816
1317244064140582914
1317244089579036674
1317244146084646913
1317244155228246016
1317244220235710469
1317244230063034369
1317244297004154882
1317244307087282177
1317244325122707456
1317244325663834112
1317244358224117761
1317244358735912965
1317244378889539584
1317244422946422784
1317244437685219330
1317244460271652866
1317244494295814147
1317244502105608193
1317244533986480131
1317244751092109313
1317244762806751232
1317244850522214400
1317244879941095425
1317244897649414149
1317244912711180291
1317245010656530432
1317245013328363527
1317245021687566336
1317245023986003973
1317245025663750144
1317245076536438784
1317245113572216832
1317245194702483457
1317245205943300096
1317245221709729792
1317245254467309570
1317245282271301632
1317245383156912130
1317245449540194304
1317245485430771713
1317245513847214082
1317245526606254081
1317245529638711296
1317245602447740928
1317245614200147971
1317245623926546432
1317245713953247234
1317245727953817600
1317245755468451841
1317245756072394753
1317245865115996161
1317245906757029890
1317245937178284033
1317246016656113666
1317246049434689537
1317246060293623809
1317246078807408647
1317246107727134721
1317246118938411009
1317246183971192832
1317246196356927491
1317246206846840832
1317246213784293376
1317246244952133632
1317246268465446912
1317246270629707776
1317246282138853376
1317246310345560064
1317246331782651906
1317246345850376192
1317246392067305483
1317246439450357766
1317246444739293187
1317246445401952256
1317246475122970624
