1324501855532187649
1324501858040401925
1324502048797265920
1324502126471585795
1324502151083839488
1324502180053831681
1324502232562307074
1324502248483901441
1324502263654764545
1324503268098248704
1324503973173334022
1324504267911254019
1324504285980348416
1324504396185690120
1324505526806450180
1324505761175769090
1324505890456772608
1324506573474058248
1324506607405961216
1324507375244627968
1324507456379277312
1324507506639589379
1324507508451454976
1324507607755825164
1324507675783254017
1324508621691064321
1324508983038775299
1324509000906530817
1324509301084336129
1324509301986234368
1324509316100034561
1324509558262423552
1324510013382184960
1324510220027154432
1324510605282258944
1324511103955730432
1324511566230794240
1324511578100768768
1324511601920266243
1324511835282907137
1324512321058779136
1324512602748297228
1324513076020830208
1324514163507531780
1324514171288014848
1324514539023572997
1324514703968788480
1324514944960790530
1324516726860558338
1324516849334312966
1324517040137347072
1324517153454829569
1324517372653408258
1324517436134182913
1324518611088773120
1324519125612437509
1324519556740599808
1324520157901971456
1324520374030102528
1324520581224685570
1324520895206088704
1324522675516166145
1324524148924665856
1324524423769133056
1324524458724515841
1324524657882652673
1324525910582767618
1324526252435394564
1324526534955278341
1324526621152448513
1324526622955941888
1324527674509975552
1324527923852763137
1324528175716560896
1324528197015379969
1324529433978568705
1324529541130473474
1324529868596498433
1324529870429442049
1324530197094453250
1324530344268357632
1324530616608661504
1324530816517656577
1324531405058134016
1324531678228979712
1324531726094393347
1324531825906196487
1324531860949684229
1324531950263148546
1324531951290626049
1324531975386882048
1324532137115193346
1324532143322791936
1324532202177130498
1324532517727326209
1324532670383140872
1324532917188571137
1324532921152274432
1324534467025776640
1324534755552100353
1324536910371500038
1324536983528624129
1324537354233749506
1324537354787430400
1324537487029530625
1324537932649299968
1324538201323819008
1324539158522695681
1324539501054709761
1324539548756488197
1324539901841461248
1324540530391502849
1324541513343270913
1324542116865941510
1324542436144779264
1324542882515214338
1324543582070579201
1324544412777676802
1324544762330910721
1324545324564754432
1324546172787269633
1324547022620401664
1324547051531706368
1324547339982458881
1324547453874507777
1324548535459655681
1324548904705232896
1324549495359705088
1324549566645985281
1324549647877120001
1324549866605973506
1324550363857457152
1324550563279835136
1324550825046274055
1324551693191815169
1324552083077431297
1324552221946728449
1324552326942806017
1324553166969540608
1324553638669361152
1324554444747558912
1324554600079220737
1324554600146444288
1324554649492430848
1324554747446177792
1324558612061192192
1324558692486963201
1324559537546924032
1324560636467126273
1324561528687894528
1324561994754772992
1324562149184835584
1324562149935665159
1324562161637691393
1324562343804706817
1324563389612462080
1324563444037812225
1324563564624027649
1324563810280185858
1324565909449691137
1324565924192681986
1324565924456910848
1324565929745960960
1324566395225604096
1324567182412517376
1324567182550978561
1324567205980344321
1324569699154239489
1324570258317938688
1324570973941673984
1324571209074319360
1324572215493447685
1324573473734332416
1324574680527896579
1324574882571706369
1324576104787660800
1324576552626118658
1324576861553364993
1324576875449143297
1324577249350148097
1324577251132727298
1324577252357582848
1324577375284350977
1324577376198561798
1324577384885084162
1324577956220571648
1324578117592227841
1324578261452627969
1324578569931075585
1324579461111664640
1324580097102401536
1324580631687344128
1324580656693858305
1324581192780419077
1324581288410517504
1324582311246123009
1324582785261076482
1324582988773003264
1324583226510376962
1324583440046563330
1324584203388882949
1324584546852065282
1324584812586377216
1324585031071895553
1324586549099536385
1324587370533081088
1324587947165962240
1324588434489573376
1324588589066407936
1324589179964149760
1324589482474119168
1324589722057007106
1324589727085961218
1324590335046111232
1324590435164147714
1324590555968364544
1324590573114789888
1324591876175994881
1324592210411720706
1324592350518194176
1324592350727864321
1324592351692599296
1324592376200024064
1324592528365129728
1324592713703055365
1324592820909387776
1324593273424519168
1324593410766970885
1324593590035746817
1324594599680233472
1324595646054236160
1324596017812148225
1324596123579895810
1324596379747033089
1324596389867900933
1324596557774233600
1324597062965624832
1324597316511322113
1324597447117721600
1324597751296987137
1324597791121907712
1324597920998502400
1324598923680534528
1324599145399803904
1324599537458171905
1324599686192312321
1324599898021404674
1324599898029748227
1324599948197900288
1324600023154331649
1324600130012663808
1324600518145155073
1324600636202229760
1324600705139806208
1324600854020849664
1324601102696882176
1324601783650603008
1324601836934991878
1324602111900950529
1324602445335531520
1324602618216357889
1324603672983003136
1324603681535307777
1324604549928275968
1324605237869662209
1324605979946831873
1324605980232044546
1324606063660978176
1324606131256365062
1324606503068815360
1324606684715778048
1324606691644706816
1324606702394707968
1324607368743759873
1324607437769482240
1324607447764328450
1324607447810469890
1324607449534402560
1324607450822094849
1324607460229996546
1324607759564886016
1324607762748362752
1324608153623973889
1324608345622368259
1324608514472529920
1324608528980582400
1324609259070459906
1324609396102602753
1324609581767630848
1324609964296589312
1324609964304932865
1324609964325900289
1324609973842792448
1324610020697395200
1324610066801188865
1324610213090131969
1324610216122585088
1324610328018169862
1324610334712279040
1324610521912512512
1324610826947469319
1324610900335206401
1324610992572108800
1324611020640391168
1324611157404143616
1324611159971057664
1324611222742962176
1324611227847458816
1324611246189125638
1324611313499316224
1324611357552029698
1324611965390594049
1324611985540026368
1324612054767046658
1324612379880116224
1324612603793100800
1324612989618708480
1324613246406565888
1324613354628042752
1324613587969675264
1324613777422274560
1324614044213497857
1324614071216410624
1324614258462756867
1324614294428856323
1324614328570519552
1324614589800239104
1324614592480366593
1324614997582831617
1324614997935378433
1324615079967469568
1324615217481961473
1324615306514489344
1324615316480106496
1324615469479923712
1324615515927695360
1324615927103717376
1324616003549044736
1324616447222566912
1324616777360396288
1324616926149173248
1324616977550331905
1324617109599498241
1324617564123705345
1324617774195478529
1324617963530555394
1324617969599680513
1324618199997009920
1324618547226726400
1324618703661527041
1324618744811921410
1324618772557131783
1324619024014041088
1324619082172424193
1324619319079247878
1324619513636261888
1324620136326844416
1324620164806094848
1324620410382635008
1324620424089604097
1324620522039267328
1324620717615435776
1324620871550541824
1324620989502771201
1324621075611897857
1324621176409346048
1324621503753834497
1324621517318246401
1324621534355464193
1324621918364905475
1324621934550781955
1324622090092322816
1324622096727724032
1324622129044901889
1324622365838499840
1324622425099804673
1324622548408147969
1324622549624496128
1324622551511830530
1324622566942822402
1324622695221309443
1324622695464620033
1324622742004633600
1324622824108101633
1324623477274517505
1324623478448918528
1324623485025554432
1324623529489432577
1324623554743336960
1324623597420367872
1324623605091676162
1324623610712104961
1324623611324440576
1324623615808147459
1324623628907012096
1324623639145336833
1324623659168911360
1324623675597950976
1324623710020608000
1324623716974809088
1324623729297600514
1324623730358833153
1324623752588611585
1324623760733966336
1324623777808945152
1324623779662880769
1324623783412535296
1324623792057032704
1324623803394174977
1324623808536465409
1324623863913873409
1324623870108798976
1324623942255104000
1324623956314411008
1324623967722885120
1324623969073405952
1324623979559215105
1324623980356128768
1324623996600680448
1324623999196975105
1324624013210124289
1324624017861595137
1324624047196545025
1324624052959485952
1324624064602902528
1324624090490146816
1324624097352011776
1324624111193231360
1324624115261706241
1324624128863776769
1324624148153380864
1324624149025882112
1324624153358573569
1324624154881118208
1324624158261731328
1324624160975429632
1324624231607504896
1324624242160394241
1324624291531530241
1324624341292765184
1324624368962621440
1324624370120183808
1324624456459931649
1324624494477168640
1324624507705970689
1324624632834654210
1324624635892256768
1324624636194205697
1324624655450361856
1324624689042317312
1324624776137265152
1324624845339066369
1324624849784983559
1324624893418393605
1324624899470692352
1324624900921954304
1324624903262343169
1324624942177112064
1324624960782913536
1324624999592927233
1324625015023742976
1324625063925219334
1324625063975464960
1324625071911145473
1324625096095531008
1324625135794561026
1324625143302422529
1324625163657334785
1324625177163038720
1324625181327937536
1324625207131254789
1324625218959278080
1324625222465703938
1324625246054473728
1324625290816086018
1324625293101977600
1324625298600636417
1324625304388861975
1324625305349357568
1324625306012078083
1324625307182260225
1324625365340430340
1324625387633184768
1324625406721404930
1324625426891919361
1324625435058122753
1324625443882938369
1324625451797504006
1324625455148748801
1324625461742166016
1324625462488911872
1324625463961006080
1324625471078834176
1324625472475533313
1324625480012701696
1324625494810218531
1324625505249857539
1324625519837675521
1324625523876765696
1324625547478110208
1324625555208212483
1324625575428780032
1324625576410275841
1324625591702822912
1324625594756333568
1324625602121506816
1324625662980874240
1324625690793254913
1324625751430356992
1324625768014618626
1324625787778142208
1324625793704697858
1324625809395621888
1324625845374341120
1324625853242871810
1324625861967052802
1324625871282577408
1324625899074015232
1324625914496430080
1324625917847756800
1324625934142656512
1324625962382876673
1324626003310895104
1324626007203192833
1324626007349993477
1324626039386112001
1324626039956512768
1324626056209436672
1324626057811632128
1324626080767090688
1324626112987746304
1324626129349758976
1324626170067980290
1324626190339104769
1324626217564332032
1324626247192879106
1324626312380768257
1324626322463715328
1324626322568572928
1324626332156751874
1324626346371436546
1324626357402456064
1324626382106841090
1324626396367519745
1324626396900196352
1324626432857952256
1324626435823337473
1324626455708524546
1324626459009441792
1324626473836253185
1324626499715039232
1324626505985654784
1324626521311617025
1324626564865294336
1324626568661114880
1324626617335951361
1324626648810082305
1324626660319219713
1324626680883892224
1324626682167336961
1324626682855251968
1324626684440698880
1324626700915933185
1324626703973580801
1324626709564542977
1324626730041180160
1324626743186120705
1324626751075614912
1324626781429764096
1324626798655819776
1324626805060456448
1324626815323955200
1324626857657016320
1324626881606537216
1324626908835926016
1324626922794557440
1324626922798829568
1324626924006682625
1324626933292871680
1324627013739728896
1324627017682292736
1324627026318397443
1324627063345729538
1324627092642955264
1324627121847865345
1324627122594422784
1324627123840102401
1324627133663248384
1324627142693527553
1324627168232722433
1324627234095849473
1324627234800472066
1324627302295154691
1324627369957773312
1324627370935025664
1324627379935944704
1324627383421411329
1324627425049911298
1324627499788062725
1324627544566599680
1324627554779623425
1324627561662582784
1324627570432888833
1324627620139589632
1324627649025761281
1324627651055812608
1324627702473773063
1324627706856775681
1324627716071690240
1324627741396901888
1324627759948324865
1324627777597939713
1324627804034617344
1324627812830089217
1324627869788766208
1324627938143252480
1324627943340052480
1324627969080438787
1324628007298977792
1324628018552254464
1324628146105257985
1324628200157302787
1324628239428571138
1324628303907618816
1324628380873068544
1324628419519369218
1324628441023586304
1324628441929572352
1324628453245804544
1324628477497298949
1324628478277406721
1324628515094933506
1324628527837290496
1324628575346188294
1324628612490952704
1324628639279915010
1324628646867443714
1324628651816689664
1324628655436386306
1324628656233336832
1324628657407774721
1324628668438687744
1324628697396236288
1324628726441758722
1324628733060370434
1324628753117491200
1324628778195320832
1324628836047269890
1324628855798272000
1324628863889137665
1324628891915485184
1324629064162906115
1324629066255839233
1324629098677870592
1324629124267364352
1324629135138951168
1324629139362582528
1324629145414995968
1324629177996378112
1324629236175544320
1324629254705946625
1324629266672291840
1324629299807268864
1324629327061884935
1324629491554148352
1324629492975939586
1324629501272346624
1324629553101344768
1324629571359166464
1324629585019981825
1324629593442144256
1324629634378567680
1324629641223675904
1324629678171238400
1324629791828561920
1324629806932201472
1324629831783456768
1324629861936386049
1324629903736737792
1324629912502870017
1324629992031031297
1324630007247941632
1324630042509455360
1324630057596391424
1324630063183257600
1324630097068920832
1324630097916268546
1324630098729787393
1324630098880851971
1324630098922758145
1324630099505737728
1324630111463870466
1324630115377184768
1324630171580813312
1324630172218392576
1324630184981630976
1324630187154329600
1324630207869997061
1324630280355938304
1324630298387193857
1324630300765335552
1324630302208200705
1324630321917210626
1324630324807086081
1324630353332621312
1324630362069344257
1324630365093449728
1324630381199527936
1324630400833040384
1324630400891801605
1324630416247193601
1324630426216996864
1324630432927879168
1324630450724364290
1324630462023798784
1324630468634038274
1324630474116005889
1324630502838472705
1324630516910510080
1324630538636926976
1324630575727214593
1324630589492920320
1324630607041863682
1324630624615997440
1324630625190596609
1324630686645522432
1324630702676205569
1324630713916887041
1324630725174431745
1324630728970305536
1324630741280530433
1324630753125294080
1324630759362232321
1324630766983274496
1324630778936991745
1324630786595868673
1324630791100551169
1324630808456552448
1324630824533319681
1324630851028733952
1324630852219871232
1324630879935864832
1324630881177346048
1324630902597734401
1324630919261659136
1324630920150863873
1324630962060275713
1324630972080525313
1324630985342857218
1324630999511244800
1324631009187504128
1324631013725753344
1324631016523419649
1324631029693456386
1324631090556997632
1324631109242671106
1324631121993355265
1324631131304660992
1324631164888535040
1324631212112203776
1324631253367296001
1324631272891756544
1324631276448612355
1324631308027498496
1324631335009460224
1324631383856304130
1324631384686841856
1324631408053276673
1324631437874778114
1324631440982790144
1324631471106232321
1324631473375367176
1324631485589168128
1324631593948950528
1324631600152326144
1324631606745849856
1324631626450673664
1324631627717320705
1324631646193242112
1324631672785174533
1324631680037146625
1324631719144755200
1324631747145961472
1324631757241679872
1324631885063114753
1324631927828172800
1324631948795457542
1324631977899794432
1324632119805644800
1324632128206897152
1324632137014923266
1324632138659090432
1324632140538142722
1324632159118831616
1324632172335112192
1324632175145324545
1324632191217840130
1324632196179808256
1324632199715557378
1324632210813734915
1324632295341498369
1324632303784648708
1324632305386856449
1324632305466486790
1324632316623413248
1324632423846600705
1324632440393113601
1324632444197392385
1324632474895474690
1324632505664897024
1324632547867955200
1324632589236396033
1324632643275730944
1324632643808493568
1324632675643203584
1324632717548544000
1324632745432199168
1324632754701717504
1324632762633117696
1324632765174788097
1324632799966539776
1324632810997600257
1324632811664515072
1324632843390226432
1324632862004547584
1324632903372951553
1324632928941416450
1324632933001474048
1324632954300207111
1324632975372439552
1324632983358345220
1324632986009165825
1324632988781522944
1324633015482548224
1324633034902175745
1324633045182390273
1324633068339138560
1324633073003220992
1324633083501547522
1324633088304009217
1324633097753812992
1324633109069922304
1324633169015046145
1324633184844324866
1324633189894246400
1324633190254825472
1324633192419282944
1324633198698078208
1324633200715587584
1324633207233519616
1324633214095400963
1324633218193252352
1324633223935176709
1324633238980173824
1324633249528705024
1324633257124745216
1324633261218385920
1324633265131671552
1324633273960714240
1324633290687602692
1324633301533876225
1324633305124425728
1324633305837428736
1324633318026027008
1324633319049482240
1324633329983987712
1324633335591800832
1324633374510731264
1324633378403090432
1324633407167602688
1324633430274048000
1324633441401536513
1324633460384944128
1324633474372874241
1324633476314898433
1324633491858952192
1324633533214842880
1324633542064820226
1324633547601313793
1324633574528688129
1324633593155624961
1324633644263243778
1324633654715404289
1324633662198063106
1324633662302945280
1324633711300780033
1324633736927830016
1324633742850301953
1324633772394950656
1324633775565905920
1324633795950190594
1324633800840826880
1324633818221879296
1324633825591382021
1324633836643385344
1324633867693793280
1324633871829372928
1324633872009728000
1324633903483752449
1324633926229516288
1324633928221818884
1324633930415439875
1324633942377594882
1324633949814095872
1324633952179658752
1324633953421172736
1324633955417600001
1324633962711519233
1324633966444503045
1324633980830965764
1324633989815087104
1324633992432357376
1324633999537512449
1324634002616209408
1324634037567315968
1324634043657474049
1324634054562586624
1324634058224291842
1324634070148620290
1324634070761046016
1324634070849040384
1324634083272675328
1324634097470361601
1324634116013346817
1324634126725558273
1324634158212239360
1324634159520894976
1324634170111479808
1324634173550841857
1324634233604886529
1324634257202040833
1324634262029639689
1324634270078541824
1324634282787282944
1324634295177269256
1324634304866099206
1324634318438879233
1324634333626380288
1324634336449224704
1324634355944271874
1324634434365202433
1324634438949621761
1324634453214461953
1324634463100428288
1324634478304731143
1324634495224602624
1324634506989633537
1324634508537352192
1324634523242356736
1324634525947842560
1324634538895675392
1324634552732684288
1324634558730481664
1324634562996166657
1324634592222023680
1324634618939715585
1324634639609307136
1324634647343599619
1324634656948498433
1324634665731428352
1324634668281548802
1324634677949440000
1324634688351277056
1324634701122936833
1324634701928292352
1324634709868056577
1324634756961755136
1324634760631750656
1324634770916184065
1324634774988824576
1324634788846850048
1324634801098366977
1324634814645997571
1324634827669282816
1324634843439837184
1324634867448111105
1324634881624842244
1324634942752567303
1324634960884617216
1324634974423638018
1324634989011619841
1324634994871074816
1324635006778703872
1324635016232607744
1324635036029771777
1324635051250778112
1324635068900560899
1324635075762409472
1324635086701121538
1324635089192570880
1324635101670551552
1324635103524462593
1324635106770853889
1324635112328302592
1324635119345405955
1324635120968568833
1324635122763763713
1324635129252335618
1324635130187587586
1324635130221219840
1324635130305171457
1324635150009978881
1324635163217825792
1324635172353040384
1324635214627430404
1324635233682075653
1324635243639414785
1324635246923493377
1324635269698588674
1324635305132101632
1324635320063840256
1324635328284680192
1324635336430047232
1324635364313673735
1324635386551934976
1324635397301899264
1324635428339752960
1324635442038362113
1324635459323109377
1324635459998212096
1324635471113261056
1324635481838145537
1324635488108556289
1324635501639467013
1324635512297148416
1324635514071298053
1324635523907047430
1324635539698573314
1324635540218617856
1324635554126962692
1324635562851078147
1324635571344560132
1324635592903319552
1324635625421766658
1324635628403888129
1324635646242267136
1324635667738054657
1324635682384523264
1324635691410690049
1324635691637243907
1324635703733571587
1324635713514754049
1324635721832058880
1324635727028723718
1324635736826667009
1324635750361522178
1324635763879911425
1324635790463410177
1324635857459007489
1324635875549028352
1324635882226360320
1324635885288230912
1324635891013476353
1324635900077244416
1324635903696908289
1324635904951132161
1324635905446023170
1324635907572461571
1324635909774626818
1324635924723060736
1324635955194662917
1324635969929306112
1324635981002219528
1324635983405527043
1324635995954925570
1324636006189010948
1324636045267394560
1324636063231545344
1324636077156610048
1324636086757429248
1324636090922393600
1324636111399014400
1324636114733465600
1324636115454681088
1324636126167130113
1324636140108947456
1324636150368272385
1324636160195465216
1324636180433018886
1324636192097357824
1324636197973594112
1324636202587328513
1324636236577845248
1324636247973941255
1324636268656054275
1324636285940752385
1324636295193337856
1324636304345366529
1324636308048924672
1324636320833146881
1324636324901564418
1324636331360792579
1324636341917962240
1324636353729077248
1324636356803440642
1324636366039326722
1324636370464366592
1324636370548252672
1324636382376185856
1324636388399161344
1324636390726995968
1324636422591127552
1324636432795840514
1324636433722855429
1324636444061782017
1324636445408112640
1324636452567818243
1324636473744936960
1324636487166689280
1324636520431689728
1324636578371817472
1324636579239993351
1324636590929551362
1324636653210750976
1324636661674840064
1324636665416192003
1324636674610155520
1324636695833288704
1324636728297246720
1324636750216630279
1324636753949503488
1324636787134910464
1324636851672616962
1324636863639027712
1324636866524663808
1324636919121219585
1324636949785808897
1324636971285811200
1324636985819017217
1324636997022076930
1324637013061107713
1324637013765664768
1324637025207767040
1324637026247913472
1324637032325521408
1324637046141431813
1324637049140502529
1324637058518917122
1324637067784167424
1324637075921129473
1324637081973436421
1324637088105594880
1324637090718666752
1324637094505951232
1324637099895721986
1324637107990745090
1324637108489883657
1324637118543630336
1324637120942739456
1324637139959730177
1324637142547599361
1324637148650373122
1324637152056168451
1324637160524361728
1324637165586993156
1324637183630843904
1324637189066629121
1324637202517807105
1324637213662085122
1324637223569022976
1324637224500142080
1324637239310192640
1324637243458408448
1324637254497767426
1324637260025913344
1324637264840937472
1324637275272237057
1324637290266853376
1324637301285244933
1324637311401893888
1324637336035012608
1324637347548401664
1324637358323617792
1324637374618501120
1324637385469165568
1324637395170390016
1324637396881821697
1324637398177882112
1324637404326699008
1324637419279405056
1324637432869015552
1324637434567602176
1324637453643374592
1324637465525821440
1324637498023301120
1324637500502118400
1324637507284279297
1324637508307660800
1324637528603955200
1324637561365680128
1324637575710154755
1324637589832347649
1324637601077354496
1324637609860206592
1324637623349116928
1324637625727201284
1324637627438518276
1324637650175680512
1324637650721058816
1324637650721083393
1324637653099257858
1324637664797229057
1324637668530073607
1324637668706258944
1324637670799073280
1324637682639753216
1324637685831684096
1324637688151089154
1324637706698264576
1324637720585605125
1324637723865583630
1324637733755723779
1324637752185552896
1324637753112469505
1324637753590620162
1324637764646768645
1324637816572268545
1324637840769191936
1324637855419932673
1324637859299708929
1324637873207988224
1324637883911864326
1324637897962754054
1324637910449168385
1324637913519370240
1324637929881391117
1324637940287496193
1324637943147819008
1324637943902908417
1324637957094100993
1324637969404362754
1324637970096398336
1324637994213691396
1324638019580809217
1324638033417768963
1324638047699378176
1324638058898165760
1324638064241762305
1324638076073902080
1324638089562726400
1324638104205041680
1324638125583405059
1324638125931593728
1324638140288651265
1324638150321410053
1324638160802865153
1324638166461095937
1324638167157383168
1324638179094351873
1324638197905850373
1324638214846586883
1324638222614487040
1324638230038388736
1324638233666424832
1324638245070819331
1324638259604054016
1324638271830372352
1324638280609124355
1324638281489911818
1324638281896726528
1324638314528473091
1324638320236908546
1324638327400779780
1324638402126467077
1324638466072825856
1324638490525663234
1324638558964097024
1324638559874199552
1324638674441719809
1324638711007584256
1324638714442768384
1324638723527577609
1324638727470276608
1324638731291234306
1324638743324667907
1324638755072913409
1324638756218019841
1324638763084091392
1324638769497202688
1324638783262937088
1324638798362353664
1324638823419097089
1324638823708610560
1324638824618725379
1324638832780845057
1324638834957701125
1324638838963245056
1324638851810340865
1324638876724461568
1324638897297608704
1324638907980460033
1324638963882205185
1324638995721179138
1324639001685483521
1324639024150126592
1324639039312535554
1324639057369026561
1324639066382606337
1324639070019067905
1324639079514968071
1324639094702526468
1324639111039356928
1324639130547093505
1324639143989751810
1324639145189408768
1324639157696811015
1324639160582475776
1324639168220323840
1324639174713053185
1324639185509126146
1324639192136196098
1324639193096663040
1324639195000905728
1324639195307061248
1324639204878462982
1324639211576827904
1324639217356595200
1324639230023376897
1324639234637123587
1324639250386718725
1324639252303499265
1324639308867919874
1324639348164276226
1324639377918730240
1324639388073140231
1324639388727390208
1324639389188837376
1324639390195474433
1324639415126364160
1324639435229667328
1324639438425759751
1324639445690294280
1324639481698361351
1324639491387232256
1324639504087568386
1324639510412537856
1324639548089970700
1324639559800496129
1324639563231436804
1324639596655841280
1324639619204468736
1324639627391762432
1324639633477697536
1324639647083995136
1324639656089182214
1324639659843006464
1324639668130975751
1324639687311581184
1324639701823881216
1324639706647269376
1324639729439166472
1324639731234328576
1324639741560672258
1324639748468649985
1324639765816291332
1324639770677514240
1324639782002184193
1324639820065443844
1324639841171214337
1324639853271830528
1324639871093350401
1324639872368451585
1324639881512001536
1324639888285835264
1324639893130268672
1324639909529985025
1324639909731328001
1324639909840343042
1324639910922461186
1324639921601187840
1324639931529072640
1324639931692654592
1324639932372037632
1324639932623847424
1324639948495007744
1324639957009518596
1324639969370120194
1324640015436140550
1324640019152310272
1324640032473391106
1324640047501615104
1324640074449956864
1324640089687920642
1324640094976909313
1324640101448798209
1324640169136394240
1324640173871800320
1324640175629225995
1324640203731046402
1324640270286311425
1324640298551619590
1324640415388037120
1324640527959154692
1324640539518685186
1324640542370766858
1324640567893131265
1324640576818630656
1324640608145838083
1324640613913055234
1324640620586164224
1324640640441995265
1324640644300738567
1324640655973457920
1324640659937132545
1324640666211749888
1324640669487517696
1324640684008198145
1324640690379390976
1324640696301735947
1324640710176448512
1324640717168402432
1324640725129154560
1324640725280186368
1324640731617787917
1324640744745930754
1324640757035225089
1324640761984376833
1324640768871550976
1324640781861269504
1324640782880485376
1324640790157627394
1324640793844469760
1324640794133909504
1324640794855251970
1324640806792241152
1324640812207120386
1324640824198660099
1324640833761648640
1324640848584314887
1324640853164478470
1324640861146275840
1324640870809935872
1324640881673207808
1324640881765482497
1324640923444224006
1324640927659548672
1324640934538203137
1324640935989444614
1324640947062394880
1324640947733467137
1324640957304868864
1324640957854289925
1324640991798796291
1324641007070269446
1324641036250058753
1324641041539104770
1324641050108088322
1324641087605145601
1324641099567214592
1324641110514388993
1324641123340554240
1324641126440226817
1324641145125851137
1324641159176691713
1324641180102045696
1324641191275757568
1324641276696895489
1324641288881381377
1324641316089847814
1324641347110920197
1324641358544572420
1324641360184594432
1324641408859414535
1324641427637313537
1324641438769045506
1324641440543158272
1324641454334029824
1324641479340548096
1324641498131030017
1324641500173639681
1324641513545060352
1324641532050173952
1324641549955813381
1324641556306034689
1324641562639372288
1324641575440437248
1324641584886042628
1324641600220372993
1324641605530386432
1324641676204363777
1324641712187334656
1324641722735988745
1324641730923241472
1324641786384601088
1324641786967560192
1324641813773299719
1324641822979858434
1324641829330034690
1324641839480250369
1324641925153103873
1324641943897444355
1324641974075465729
1324642023954067458
1324642069323960320
1324642086826725376
1324642088202493963
1324642126601297921
1324642127649886209
1324642181383073792
1324642181810933761
1324642182427480066
1324642207740030978
1324642215977717760
1324642265340497921
1324642305836548097
1324642331224584193
1324642352166744064
1324642399893790720
1324642467191394307
1324642493632258050
1324642501328838656
1324642511382585344
1324642521235030018
1324642528344346625
1324642581381320705
1324642591493808128
1324642639879221248
1324642680148811777
1324642707969613824
1324642763233701889
1324642783362273280
1324642800458178562
1324642802588934144
1324642811195645952
1324642817776517121
1324642826093797377
1324642852001951744
1324642861757902848
1324642878535180288
1324642896314834945
1324642965181124608
1324642965936087041
1324643015164571648
1324643078028861441
1324643082755842048
1324643115622371330
1324643116465459200
1324643138057740293
1324643154793025536
1324643227325157377
1324643265631735808
1324643276230692864
1324643277912625154
1324643281997828096
1324643310254915584
1324643314566574081
1324643346351067136
1324643365569372161
1324643366743715840
1324643397077008385
1324643442581000193
1324643454526345217
1324643521291313153
1324643525359767552
1324643535564537856
1324643594800713728
1324643609258479617
1324643623598755840
1324643651633504256
1324643663625003011
1324643675381661698
1324643696504115201
1324643710697672705
1324643719992270849
1324643751042732032
1324643762954489858
1324643766356107266
1324643775554195456
1324643785255669761
1324643799210070016
1324643799377809408
1324643800875225088
1324643816041828352
1324643846295298049
1324643858337050630
1324643884123770881
1324643911135121408
1324643915774001152
1324643949324152834
1324644013048213505
1324644014813933568
1324644035500408833
1324644058627776514
1324644059361718275
1324644074847174656
1324644079242719232
1324644089095168000
1324644098016452610
1324644105943658498
1324644108863000581
1324644109395632135
1324644111035617281
1324644127796023296
1324644137040314369
1324644167327375360
1324644183978790913
1324644202291056640
1324644229713453057
1324644231521120258
1324644249854484480
1324644297455652866
1324644318708158464
1324644323091243009
1324644328908619779
1324644391517081600
1324644408269197312
1324644440095494144
1324644450648424448
1324644551613648897
1324644553954070528
1324644580462125056
1324644585902059521
1324644688389963777
1324644699106398208
1324644714084093953
1324644717334855681
1324644733558366210
1324644736142090241
1324644746233630720
1324644760112549888
1324644776734531584
1324644779775373312
1324644815431192577
1324644817473863680
1324644847630852108
1324644886742708225
1324644905596182529
1324644909958221825
1324644977608171520
1324645056645632000
1324645091517079552
1324645093110927361
1324645164284104705
1324645196445962241
1324645198098554880
1324645198236962816
1324645198861750272
1324645198912090113
1324645220357705728
1324645220621914112
1324645233917939719
1324645239303319554
1324645248522473472
1324645314440187904
1324645337160704000
1324645359398854658
1324645366621458433
1324645460884283392
1324645487388119040
1324645501908717568
1324645511769542656
1324645518472040449
1324645562382196737
1324645621530271747
1324645628740337667
1324645632230019078
1324645680330252289
1324645684755222529
1324645700219531266
1324645713830125568
1324645719790227456
1324645738551402498
1324645753516707841
1324645781379391488
1324645810580131840
1324645841286631424
1324645848874102784
1324645871586332673
1324645879345721345
1324645919531376640
1324645927907414017
1324645967216467969
1324645982139797506
1324645991480463360
1324645993380499456
1324646011512459264
1324646013026684928
1324646020911869952
1324646027354378241
1324646037827575808
1324646048258760704
1324646084463992832
1324646092273758208
1324646095981600768
1324646124922277889
1324646155133833216
1324646187878658048
1324646189791367168
1324646194287644672
1324646199123759104
1324646253041491972
1324646256946356226
1324646264051478528
1324646278022782977
1324646314697740288
1324646343932059649
1324646379206152192
1324646383614394368
1324646395064815617
1324646432834543624
1324646455080935426
1324646465193598977
1324646484353179648
1324646499502927874
1324646501717544961
1324646540699381760
1324646578024554496
1324646600682209280
1324646637441110017
1324646641131991040
1324646658685153281
1324646660094464001
1324646669930123264
1324646690608074752
1324646693237915648
1324646700250791936
1324646728797212672
1324646781377007617
1324646783755210754
1324646788754743297
1324646793473392640
1324646818341359617
1324646825698217987
1324646848263524354
1324646851069513729
1324646885123129344
1324646956505989120
1324646959018377217
1324646969265037312
1324646990781784064
1324646996817432576
1324647017193361408
1324647019823173633
1324647022952091648
1324647038110322689
1324647043655176192
1324647057483845632
1324647074068049920
1324647078434398213
1324647083236827136
1324647084285374465
1324647115918839810
1324647145555873795
1324647146893836288
1324647156561678341
1324647181383598086
1324647196541804546
1324647220780634112
1324647225549492224
1324647229248819200
1324647234886111235
1324647238891692032
1324647243622748162
1324647272039227392
1324647280662745088
1324647282873147392
1324647317190987778
1324647367551913985
1324647387818840065
1324647401869725699
1324647429677961216
1324647463437901824
1324647502390480896
1324647568731758593
1324647568765263873
1324647574989668352
1324647604458840064
1324647636125831168
1324647638327767041
1324647645818851334
1324647658892496898
1324647711572926465
1324647713204523008
1324647724139089921
1324647756141613056
1324647779856240641
1324647786080538626
1324647791445028866
1324647796927070210
1324647797883314176
1324647810202030081
1324647863197093889
1324647864350494720
1324647886576037891
1324647891303104512
1324647897657475073
1324647908315156481
1324647925138546688
1324647945946497024
1324647971288453120
1324648011016904704
1324648045007544320
1324648052272058369
1324648095762755585
1324648098040291328
1324648098656903168
1324648103740321794
1324648145263882240
1324648211395563522
1324648213882830848
1324648223219326978
1324648224376967168
1324648275006423040
1324648287606132738
1324648294153375744
1324648325518340098
1324648350197534721
1324648353100124160
1324648399665303554
1324648426974466048
1324648474676240386
1324648506980769799
1324648511158312960
1324648530418540545
1324648531152588800
1324648538798759936
1324648583409422338
1324648587222016000
1324648605286912000
1324648630205251590
1324648669786890240
1324648705782358017
1324648717744545793
1324648717773844482
1324648724304261120
1324648747977056259
1324648773570756608
1324648779442720769
1324648799533469696
1324648801072807936
1324648818734977024
1324648830462267394
1324648851534479366
1324648860984160256
1324648877362946048
1324648903480877056
1324648964235427841
1324648966244487168
1324648971227332608
1324648971449454592
1324648971776634880
1324648999526289409
1324649013375836161
1324649034309488641
1324649054823981059
1324649056862351360
1324649062713491456
1324649065708138497
1324649106057367552
1324649110671155205
1324649122780139521
1324649128559845384
1324649129042214913
1324649131688796160
1324649142891794433
1324649171383652352
1324649173266931712
1324649187590524931
1324649202052440064
1324649228199776256
1324649232280756224
1324649256247058433
1324649287528185857
1324649290539687936
1324649316636643330
1324649319497191426
1324649354414706699
1324649359800209409
1324649366121074688
1324649381472149505
1324649392721272832
1324649398400417792
1324649411562057729
1324649447020732416
1324649513533976577
1324649553665163265
1324649560506028032
1324649580550606849
1324649614725754880
1324649632874582017
1324649633507909632
1324649638272651269
1324649661974646785
1324649663081910274
1324649666714238976
1324649678579924993
1324649694040104960
1324649715493969921
1324649761404821506
1324649794980204544
1324649798943887360
1324649820020215817
1324649823979606016
1324649824306761729
1324649826336886785
1324649894485917696
1324649910461997064
1324649942523252737
1324649956867776513
1324650024932921345
1324650027847962624
1324650029630586880
1324650031106920448
1324650046894342146
1324650084408139776
1324650100405272577
1324650159398006787
1324650166704607232
1324650175038631936
1324650192810004481
1324650212640653319
1324650213160718337
1324650229732462592
1324650229854097410
1324650237261238274
1324650237525434370
1324650238213296128
1324650259109347331
1324650269850931200
1324650276486324224
1324650306593038337
1324650306832138240
1324650374331047938
1324650374473650176
1324650398632824832
1324650420002820096
1324650458141646850
1324650460930805760
1324650469151657985
1324650483609489408
1324650489993220096
1324650502139904000
1324650517985927169
1324650524646477824
1324650528970854400
1324650551712403458
1324650552773562368
1324650553528492033
1324650555143262209
1324650556586119168
1324650598902497284
1324650628963094529
1324650654938353664
1324650674303438850
1324650674995580928
1324650679617515521
1324650698659844098
1324650703411957762
1324650739034107904
1324650782873030656
1324650790351523841
1324650801676062720
1324650855644172288
1324650857917546496
1324650865240793088
1324650879920803840
1324650900896518144
1324650905178902535
1324650930017574913
1324650941031845889
1324650979149647873
1324650979481001984
1324651009889701895
1324651018009874432
1324651040877223939
1324651046648557568
1324651091347283968
1324651103485677568
1324651121952972803
1324651122804613120
1324651156086362118
1324651166865784833
1324651189951176705
1324651212109733894
1324651214588530688
1324651217507811328
1324651226693312512
1324651238068244480
1324651244137418753
1324651263330521089
1324651271505219584
1324651277717000192
1324651326849122304
1324651330594578433
1324651351289323520
1324651360567107584
1324651375754698752
1324651402128445440
1324651427994755074
1324651437465444352
1324651447816982530
1324651458143334403
1324651472475271170
1324651477923672070
1324651494143086594
1324651498781986817
1324651535096315909
1324651536258138121
1324651560773758977
1324651569841868801
1324651613257109504
1324651693288677377
1324651714885132288
1324651739556044800
1324651745356689408
1324651755821518849
1324651761395736576
1324651787090092037
1324651800239116288
1324651852575707138
1324651864181399552
1324651879159115784
1324651881860341761
1324651892895584256
1324651921781723136
1324651928777760773
1324651932317863936
1324651941629202432
1324651965905838081
1324651976961986560
1324651993932140544
1324652035938111488
1324652044343480320
1324652056108584960
1324652063020797958
1324652067349286912
1324652086550843392
1324652122437263367
1324652128292536323
1324652136576225282
1324652146709700610
1324652159120609280
1324652193497186305
1324652202984615938
1324652260824125442
1324652284215808001
1324652309809373184
1324652317879185408
1324652334429982720
1324652393901002752
1324652400511209478
1324652418055983104
1324652429800022018
1324652429862981633
1324652468232425472
1324652505536614407
1324652508694925313
1324652525807575040
1324652546657538048
1324652562063204352
1324652617570623490
1324652623069351941
1324652629801226241
1324652633202851841
1324652641637462019
1324652671819800577
1324652705160302592
1324652716090642432
1324652718661734401
1324652719194460162
1324652723745284098
1324652749133357056
1324652750035062784
1324652751415058434
1324652752459366402
1324652761552703488
1324652768225906688
1324652773686861825
1324652785317617664
1324652807048318977
1324652819018899458
1324652834449707008
1324652842045591553
1324652856595619841
1324652880197001219
1324652880914075649
1324652892364677121
1324652898324750337
1324652907619340288
1324652910324625408
1324652928649625605
1324652935985483776
1324652974891847681
1324652974967296000
1324652996966387713
1324653001743761408
1324653004373590017
1324653006076452866
1324653044743753728
1324653047226765313
1324653047759491074
1324653067724300290
1324653084786806784
1324653088892948481
1324653153057411078
1324653162691788801
1324653200855748609
1324653200872525826
1324653203980492800
1324653207772160000
1324653210162896896
1324653213862318081
1324653218580860928
1324653227619569664
1324653232044580866
1324653232224960512
1324653249954304000
1324653265993256960
1324653273245167617
1324653275124256770
1324653282153975810
1324653307382681602
1324653358251151363
1324653368623702016
1324653391965016064
1324653399682547712
1324653414689722368
1324653414748475392
1324653458377551872
1324653459442978816
1324653465012965376
1324653480267624450
1324653499389517824
1324653499636981760
1324653523502616578
1324653533585616901
1324653535565406208
1324653551856091139
1324653553231736835
1324653558243930112
1324653564199948288
1324653567874076672
1324653599289417735
1324653599830540289
1324653605903863809
1324653628322447365
1324653646680903683
1324653651491758081
1324653663982374913
1324653673172115456
1324653702418976769
1324653710648188929
1324653725915451392
1324653728461426690
1324653734174117889
1324653753295904768
1324653754638094336
1324653757746073600
1324653760409460737
1324653761046994944
1324653763366367233
1324653765195145216
1324653774003179530
1324653817162588161
1324653863924846593
1324653866307055618
1324653870904168449
1324653878957232128
1324653882111348738
1324653909303037953
1324653920296312832
1324653933374169088
1324653957671800832
1324653959005569026
1324653959315902464
1324654003481882625
1324654020229799938
1324654035811684360
1324654049766027264
1324654054908284928
1324654063791808513
1324654070351732736
1324654120217858048
1324654132662337536
1324654149397553154
1324654171199623168
1324654172323651584
1324654177281282050
1324654180926181381
1324654186806435840
1324654194117267456
1324654200601628673
1324654221736714240
1324654239180836868
1324654250820046851
1324654252770369536
1324654255484112897
1324654258554392578
1324654259531620352
1324654271606960128
1324654304305778688
1324654313222918147
1324654313709383683
1324654330163712000
1324654339521216512
1324654365844639745
1324654370361909248
1324654396706299907
1324654407049531393
1324654408832090116
1324654433825902593
1324654490864308224
1324654492676169729
1324654494458744833
1324654494781788162
1324654496128077827
1324654497843630080
1324654499538128896
1324654517837811714
1324654637014724608
1324654659362054144
1324654661064892416
1324654695596597250
1324654703100264448
1324654713409855488
1324654719135027201
1324654730673594368
1324654762822930434
1324654770079076360
1324654805692932097
1324654806452023297
1324654817147523072
1324654857379262464
1324654868670406656
1324654882897465344
1324654884998840320
1324654885590237185
1324654937675046912
1324654943840686080
1324655017543041024
1324655019921154048
1324655030507606017
1324655031610757126
1324655040867536896
1324655051525267458
1324655129128247296
1324655134626975746
1324655147855892480
1324655168013639683
1324655169762676737
1324655173990518791
1324655176423247874
1324655182286852097
1324655184283377666
1324655220421468165
1324655238436036608
1324655263211692032
1324655263467532288
1324655265992638464
1324655270950326272
1324655276985929728
1324655301530968065
1324655313342111745
1324655323471355904
1324655337752924162
1324655342836469760
1324655349765410817
1324655358393155584
1324655360121184256
1324655424050728966
1324655426873532416
1324655433714442241
1324655436721754112
1324655458125271040
1324655463846260738
1324655495739777025
1324655517210447872
1324655552039968768
1324655555579944962
1324655573292507136
1324655591101472768
1324655591101550594
1324655615843704832
1324655618972594179
1324655634277638145
1324655640271331332
1324655653797986305
1324655658575319040
1324655671078518789
1324655681283260416
1324655691232169986
1324655698819633152
1324655748396318721
1324655765660045312
1324655766310178817
1324655788338499584
1324655801953300481
1324655802712547328
1324655804230864896
1324655834916360193
1324655836208132097
1324655838703869953
1324655849932029952
1324655873176883200
1324655887307472898
1324655891988303872
1324655914490757120
1324655932123586560
1324655952398831623
1324655953497755648
1324655967930372097
1324655972925771777
1324655976595771392
1324655978663550978
1324655992680943616
1324656001442787329
1324656029804699649
1324656038440767488
1324656040097599489
1324656062826500098
1324656074906099713
1324656083370127362
1324656115423059968
1324656132506423296
1324656164001505282
1324656165708570624
1324656193340657664
1324656207282524160
1324656233408733187
1324656252144803840
1324656281332838401
1324656315982073856
1324656319941517312
1324656362270449665
1324656397787844608
1324656404381261824
1324656413080256512
1324656428351688706
1324656439294627842
1324656447767126016
1324656454939410434
1324656457212715011
1324656457393070080
1324656478779805696
1324656484907536384
1324656512392925184
1324656534048133121
1324656536489205761
1324656543430856705
1324656546979209216
1324656552536608768
1324656558773542913
1324656563278196737
1324656576704225280
1324656577090080768
1324656590700634112
1324656596878794756
1324656613492428801
1324656625949548544
1324656646992334850
1324656672808337409
1324656683780550656
1324656686221692928
1324656733977980931
1324656749752864768
1324656767901573121
1324656771735162881
1324656789821018112
1324656834939113474
1324656842954465280
1324656852479737856
1324656862839668736
1324656870473293824
1324656873967157248
1324656892094926850
1324656901171433473
1324656920834330625
1324656936105709570
1324656937611526151
1324656951951765504
1324656955537924097
1324657004405731328
1324657053063925760
1324657129161166850
1324657135934971905
1324657159808966656
1324657169380376577
1324657181422178305
1324657195506716673
1324657233628712960
1324657237567090691
1324657290725699586
1324657299638636544
1324657324661837825
1324657365988290560
1324657370191044609
1324657386775289859
1324657389396774914
1324657439220944898
1324657475518386176
1324657498519965696
1324657502634606592
1324657507093143552
1324657511266476032
1324657535022993410
1324657542291722241
1324657565536522241
1324657678908563456
1324657713964589058
1324657714472144897
1324657724035125248
1324657735787569152
1324657761418907648
1324657761695784960
1324657769853706240
1324657779865489409
1324657779987066880
1324657809414381568
1324657840993292289
1324657841148493824
1324657919015768064
1324657922471768066
1324657924619276290
1324657948245872640
1324657957632659458
1324657971272495105
1324657974145650689
1324657999563116546
1324658048976211970
1324658094903857152
1324658124431773698
1324658149924786176
1324658152353288192
1324658195126693891
1324658217931153408
1324658220028350464
1324658222087741441
1324658231613005826
1324658264152428544
1324658298851889152
1324658323447259136
1324658327771615233
1324658334348251138
1324658335057121283
1324658335136796674
1324658355953192960
1324658373611147265
1324658377130168321
1324658397791293440
1324658424257384449
1324658425322594304
1324658476560207873
1324658491320139776
1324658504267825152
1324658505849147392
1324658506138554368
1324658517291241473
1324658527500197888
1324658530633289728
1324658549830508545
1324658587604537344
1324658609112887298
1324658663328538625
1324658683385683971
1324658741216792577
1324658744647688196
1324658766596444162
1324658779112247296
1324658780580270081
1324658803284103169
1324658820279377925
1324658821638344705
1324658825803292672
1324658844371472384
1324658854819495937
1324658897010020352
1324658897337155587
1324658912105238531
1324658919067865089
1324658923576692737
1324658923710926848
1324658927829745665
1324658946246909952
1324658955231105025
1324658987632119814
1324659011602567170
1324659012504293379
1324659015620661249
1324659018711945217
1324659025770881026
1324659037774860289
1324659050760577024
1324659052249522176
1324659066128474113
1324659081362243586
1324659103193550848
1324659111984771072
1324659116548247553
1324659139788886019
1324659141047177216
1324659183715786752
1324659199654219776
1324659216485896192
1324659229907685377
1324659270839898113
1324659273536839680
1324659309591056385
1324659364582535169
1324659382748094464
1324659395976929280
1324659422581411840
1324659449181675522
1324659486133526530
1324659486896914434
1324659488633311232
1324659541259227136
1324659560746000385
1324659578240466945
1324659603511140352
1324659612281380864
1324659622851072000
1324659628236558337
1324659634142121984
1324659661660999681
1324659664768978944
1324659668514471936
1324659673518125056
1324659675145580544
1324659740115374081
1324659772336054272
1324659792544223232
1324659797648658437
1324659799099846656
1324659799984951298
1324659806880309248
1324659807731748866
1324659809925373953
1324659831781969922
1324659863193083904
1324659890720284672
1324659906855788545
1324659929697976321
1324659936404582400
1324659949381758976
1324659977588482048
1324659979048157184
1324660009544933381
1324660031363665920
1324660049701195776
1324660099688894464
1324660101953789953
1324660121981587463
1324660137513095170
1324660143783632898
1324660145482203136
1324660147222945794
1324660161697501185
1324660177706995714
1324660184631967744
1324660190516563968
1324660212821798914
1324660225081835520
1324660256841019393
1324660282501844993
1324660287535022080
1324660296351363072
1324660296464637956
1324660296774905857
1324660296854597632
1324660300587671552
1324660324419719169
1324660356900360197
1324660375262998528
1324660386319241216
1324660399577485313
1324660403922751489
1324660411975741445
1324660418728529920
1324660418900611074
1324660432951484417
1324660453944025088
1324660481081151488
1324660503046705152
1324660546147389440
1324660575704649728
1324660578892341248
1324660589411606530
1324660592553136128
1324660599528239105
1324660607073878016
1324660657745235968
1324660676787347456
1324660696974532608
1324660702011936768
1324660708005523456
1324660710022983681
1324660720001339392
1324660727152599042
1324660767480795136
1324660772253786114
1324660832446390272
1324660833545277441
1324660844840558597
1324660846837014529
1324660848527319040
1324660875232501760
1324660897093136385
1324660924704239616
1324660926616915970
1324660927267033088
1324660958044823552
1324660965946908672
1324661014915416064
1324661015418724352
1324661017343918081
1324661021357842432
1324661023584980992
1324661055654711302
1324661086646358016
1324661101246746630
1324661102442123266
1324661112734916608
1324661152211718145
1324661158020788227
1324661164899524608
1324661177348182016
1324661177717301250
1324661202908315650
1324661238425702400
1324661259900461056
1324661282361016320
1324661295535296512
1324661315399536641
1324661337532866561
1324661390808915968
1324661393564536832
1324661439894818816
1324661448862289920
1324661449378144257
1324661487751888896
1324661492311085057
1324661492650856448
1324661496962519040
1324661504491331590
1324661512649297921
1324661513219690501
1324661513945260032
1324661526213632001
1324661538964283393
1324661546660827137
1324661550767132672
1324661552461565952
1324661554558558219
1324661563865837568
1324661590516531200
1324661605213327360
1324661629150265345
1324661631515840513
1324661683541987334
1324661715968139265
1324661720892219393
1324661741503074305
1324661744581644290
1324661753305772035
1324661756376027137
1324661770225700864
1324661771542712322
1324661789049688064
1324661790601609216
1324661793571168257
1324661799648710656
1324661853021261824
1324661857257480193
1324661865830617088
1324661873862729728
1324661896923041793
1324661905022210049
1324661917844164610
1324661935103746048
1324661944503160832
1324661948659752960
1324661985888342017
1324661996789399553
1324662013914763265
1324662019073708033
1324662056109412353
1324662056738557952
1324662086371319809
1324662103320526850
1324662127425130497
1324662140616249344
1324662149642334211
1324662152708427778
1324662165543014400
1324662214964502528
1324662215702700032
1324662220547104771
1324662236208652288
1324662251396235265
1324662264339857408
1324662297621598209
1324662382334009344
1324662393646026753
1324662393960628224
1324662438281752581
1324662479289569280
1324662490865819648
1324662522465669121
1324662552220082177
1324662556041105408
1324662570326888450
1324662574034653185
1324662589578760193
1324662597300400128
1324662603243814912
1324662644327010304
1324662656549138437
1324662662052126724
1324662685254983680
1324662691852656640
1324662701231132672
1324662709791739905
1324662726958948352
1324662729882423298
1324662748345782304
1324662775768035328
1324662789391163392
1324662812556316672
1324662851718533122
1324662883716837378
1324662896786345984
1324662899726581761
1324662914184318976
1324663063438520320
1324663066475323392
1324663074670977024
1324663075753119745
1324663115246673921
1324663155910430720
1324663158741544966
1324663187866877954
1324663232032854018
1324663242057273346
1324663283052326912
1324663314018873345
1324663393538711553
1324663441504804871
1324663451378208769
1324663473113075712
1324663476527255555
1324663477584224256
1324663480398581760
1324663488158027781
1324663521087553536
1324663529446744065
1324663532332482563
1324663543359283203
1324663636867108865
1324663693150441474
1324663721717862404
1324663728848121857
1324663797282443265
1324663822309883905
1324663829251444736
1324663862101159936
1324663883550871552
1324663902769160199
1324663912143486976
1324663913414299649
1324663929331699713
1324663947216211968
1324663961665622016
1324663966128287744
1324663992149778432
1324663998311256065
1324664038509391872
1324664070994190336
1324664071174717441
1324664071187320833
1324664071292129280
1324664091579994113
1324664095510007808
1324664104028721156
1324664108550148098
1324664110890409984
1324664111658053634
1324664112417222656
1324664126896021510
1324664142922420224
1324664146722541570
1324664157208150017
1324664187356893185
1324664193174458368
1324664204457103360
1324664237311098882
1324664278935347200
1324664330562973702
1324664342181253121
1324664351207337985
1324664376163508224
1324664411550863362
1324664425924747264
1324664428978122753
1324664457134592000
1324664463698649089
1324664469876867072
1324664478701625344
1324664490533814272
1324664491351724032
1324664505188700162
1324664553293160449
1324664580178673667
1324664584620429312
1324664602446221312
1324664617893830657
1324664619462467584
1324664646327029762
1324664651733438465
1324664670784049153
1324664672163909632
1324664725179871232
1324664725687406592
1324664756087738368
1324664756331044865
1324664759409614848
1324664769748631552
1324664790959198209
1324664868335718402
1324664870021799938
1324664884290793474
1324664894017490945
1324664901512667136
1324664915370627075
1324664921951555585
1324664947599642624
1324665034866368512
1324665041031958528
1324665048661401600
1324665078726168577
1324665101174116353
1324665130056060933
1324665140856430594
1324665150272581637
1324665158342483969
1324665164294197249
1324665197592825861
1324665214692921376
1324665222842470403
1324665280837148672
1324665299027841024
1324665300378394625
1324665302882357249
1324665317499506689
1324665323140927488
1324665329369468928
1324665345869860866
1324665359199277058
1324665392263024642
1324665411741360139
1324665420494839809
1324665474936983554
1324665484097310720
1324665517567782912
1324665524022816769
1324665530196905984
1324665539067809792
1324665541785718785
1324665553194242048
1324665568734097410
1324665570311155713
1324665579601539073
1324665583108050944
1324665606017339392
1324665634123374592
1324665634152697856
1324665637713645574
1324665677437980674
1324665690339614724
1324665691589517312
1324665704289894400
1324665709989892097
1324665716025556998
1324665724510625792
1324665734308499456
1324665747247898625
1324665755078635520
1324665778512297984
1324665782459138048
1324665783209910272
1324665805360025601
1324665807289356294
1324665808749006848
1324665842550886402
1324665845285593088
1324665850520129536
1324665870778568704
1324665878902956032
1324665886628864005
1324665894400909312
1324665913673682944
1324665924641763331
1324665932258725889
1324665959492313089
1324665983051698177
1324665995189870592
1324666007814897667
1324666011799461888
1324666014559313920
1324666033437900800
1324666053667004416
1324666071790555136
1324666101238767616
1324666131907596288
1324666172797677568
1324666175683502080
1324666176220336130
1324666219476275201
1324666257900294144
1324666278334943232
1324666287054880768
1324666291354017792
1324666293606375424
1324666305794945026
1324666306348634112
1324666311792828418
1324666322534440960
1324666323637587973
1324666324577112064
1324666328804937728
1324666334085599232
1324666338355326980
1324666342151245825
1324666369019908096
1324666380524965888
1324666399017607169
1324666422606368771
1324666422845427719
1324666446513950720
1324666469217640448
1324666479267221505
1324666490579259392
1324666491422330880
1324666494614179842
1324666520295952384
1324666586653954049
1324666620980142081
1324666645164527616
1324666696909660162
1324666810050990086
1324666822927491072
1324666855034920960
1324666870893551622
1324666883233193987
1324666889646329857
1324666922085044224
1324666927290241024
1324666952334430208
1324666959758319622
1324666977881903105
1324666978859208704
1324666982889914369
1324667056734806016
1324667093485293568
1324667114435891200
1324667116650450945
1324667163085590534
1324667169385467905
1324667190902247425
1324667217645101056
1324667218853056512
1324667241007357952
1324667246854180864
1324667286360412160
1324667308388864001
1324667312599912448
1324667322641063936
1324667342740226051
1324667356547866625
1324667360360468481
1324667371525648386
1324667391301877760
1324667402366472194
1324667427859369985
1324667434427625472
1324667436092870656
1324667442497466368
1324667442539433984
1324667461250277376
1324667496608260097
1324667500596989952
1324667517961445377
1324667522570997760
1324667551029276672
1324667563297689606
1324667564354658306
1324667601004482560
1324667649897484289
1324667661259841539
1324667681170182144
1324667701474791424
1324667724619010049
1324667725285859328
1324667733921943555
1324667739689095168
1324667847306407938
1324667851337129984
1324667852008415232
1324667853367349250
1324667853904162816
1324667866185084929
1324667892584075264
1324667908476170242
1324667951820214275
1324667952935948289
1324667973488037888
1324667978957410305
1324667988751093761
1324668010360090624
1324668015263338497
1324668030295695360
1324668032464072705
1324668050159919106
1324668052915527681
1324668067947884546
1324668104752902144
1324668107361722368
1324668124310941696
1324668129990053889
1324668139154640896
1324668149359398915
1324668149988556800
1324668156300976133
1324668180434948097
1324668187082919938
1324668197338046468
1324668248261054467
1324668250983194625
1324668264618876928
1324668275582783489
1324668281647779840
1324668288425693184
1324668289428135936
1324668328581976064
1324668332272979969
1324668333589991426
1324668350224543744
1324668383015641088
1324668389084811265
1324668483964162049
1324668495901184001
1324668500095475712
1324668506101657602
1324668517329883138
1324668527832371200
1324668528654487552
1324668544735449088
1324668547746979842
1324668554218737664
1324668577807564800
1324668587408240641
1324668609872846850
1324668611005280256
1324668611974385664
1324668612091637761
1324668613165416449
1324668615103307777
1324668615254138880
1324668618395693057
1324668623898685442
1324668653271482370
1324668655448281088
1324668662628974592
1324668718526418951
1324668722448125952
1324668735576248320
1324668743817940992
1324668747211104256
1324668750331748352
1324668755398504448
1324668760326897668
1324668764978372613
1324668772750381056
1324668787841552385
1324668815049920512
1324668824713658368
1324668826412326913
1324668846058414080
1324668850366009344
1324668852098269186
1324668867633942530
1324668868636364800
1324668885031915520
1324668904397037569
1324668907148500992
1324668908155142146
1324668910348754945
1324668919844605952
1324668966388772864
1324669014828867656
1324669058793570304
1324669085486141442
1324669174355005440
1324669183456587776
1324669199982186498
1324669248640294912
1324669259927216129
1324669284635840515
1324669308765532161
1324669385173323777
1324669387337572355
1324669388910403584
1324669429649711105
1324669437585358848
1324669439883837446
1324669503729520641
1324669510557835265
1324669521983057920
1324669524977897474
1324669537657212928
1324669541247553537
1324669554249867264
1324669567394865153
1324669578174226433
1324669593147899906
1324669615809662981
1324669699024703488
1324669712794558464
1324669732772028416
1324669757564592128
1324669771082833920
1324669777143603200
1324669778909421572
1324669785536450562
1324669824232947712
1324669833607340034
1324669851391168513
1324669855149248512
1324669855577051136
1324669859221983234
1324669892046524417
1324669909645828096
1324669929212256259
1324669946526343169
1324669948623523840
1324669956315860992
1324670009055105025
1324670013182234629
1324670015568859136
1324670025937100801
1324670029745573888
1324670040457814017
1324670053397180417
1324670063262269442
1324670109072400384
1324670119063281664
1324670123643424768
1324670232418570246
1324670244871458817
1324670246414929920
1324670255139115009
1324670282330705921
1324670286671814658
1324670289108762624
1324670291176546304
1324670342510616576
1324670360978075648
1324670370423672832
1324670392502538243
1324670415327940609
1324670416095424513
1324670442330836996
1324670450832678914
1324670454968295427
1324670462283128833
1324670468864036865
1324670509381046275
1324670521334812672
1324670533275996160
1324670533636628481
1324670554092306432
1324670556449447937
1324670580172431363
1324670580231229441
1324670590519705601
1324670633528184832
1324670635822469120
1324670636929781760
1324670665610399744
1324670688616210432
1324670689069178880
1324670723508604930
1324670735856607232
1324670739648286721
1324670739912495106
1324670746275258371
1324670758472327168
1324670768618360832
1324670769587171329
1324670774821662720
1324670796787232768
1324670798116888577
1324670820942303232
1324670845747372032
1324670848427581441
1324670897647661058
1324670909517541377
1324670910431973376
1324670911765766145
1324670941968945153
1324670947249586176
1324670956783153158
1324670960507723782
1324671006083063810
1324671012022165504
1324671060365709312
1324671061204586496
1324671104485629953
1324671148169269248
1324671148903305216
1324671151625392128
1324671206579183617
1324671210597371904
1324671213759827969
1324671276091379713
1324671338221625344
1324671357183930369
1324671378226905091
1324671384245702659
1324671403438886917
1324671403568910336
1324671421092564992
1324671449739759617
1324671478047059968
1324671499412918272
1324671508065779712
1324671565871677440
1324671572150489093
1324671575023587328
1324671582762110976
1324671583613558786
1324671616106831872
1324671620649263106
1324671620657545216
1324671620657614850
1324671631965511680
1324671638311501824
1324671642530885633
1324671655214501889
1324671676592889856
1324671690601828352
1324671691184885760
1324671763146559488
1324671803667730434
1324671807694229505
1324671826673455106
1324671829819248641
1324671842498596864
1324671851411460098
1324671872408018946
1324671874039717892
1324671878242459649
1324671888589803522
1324671897892757510
1324671898568007680
1324671901889974273
1324671902019964928
1324671920516800512
1324671945242255363
1324671957648986116
1324672015400390657
1324672028662747138
1324672052184449024
1324672060744966145
1324672063009902592
1324672066830929922
1324672082094018561
1324672100284698624
1324672136691200001
1324672140600352768
1324672181616418816
1324672198108479488
1324672208648679425
1324672224897437696
1324672261039837184
1324672286851506177
1324672291410771968
1324672307848237057
1324672344518881280
1324672347744456705
1324672371412946946
1324672371547164675
1324672384503324673
1324672385191170050
1324672397165867009
1324672430963568641
1324672435183079425
1324672452753035265
1324672464413200384
1324672581337714689
1324672590632394757
1324672596236009475
1324672604825919488
1324672634823548933
1324672664410050561
1324672675659304960
1324672695095742464
1324672714745982978
1324672720576065538
1324672745259622400
1324672749982216192
1324672761021739010
1324672791988359168
1324672803673677824
1324672805691183104
1324672806802608128
1324672820522135553
1324672869016764416
1324672878927843328
1324672885940695042
1324672895541542914
1324672945478897664
1324672973090029568
1324672978802610176
1324672981109477376
1324672986494902272
1324673029729853442
1324673095286882305
1324673097824456704
1324673101016293377
1324673104464039936
1324673163347808256
1324673166644490240
1324673185267257344
1324673189885153280
1324673196453486592
1324673203789287425
1324673226715389952
1324673248722886656
1324673264191524864
1324673269455343616
1324673305958322176
1324673312304336896
1324673326271311872
1324673345766543361
1324673392885182465
1324673399210315777
1324673437420367872
1324673459541127168
1324673474091274241
1324673476280651777
1324673485797470213
1324673501803008000
1324673550150762498
1324673556777783298
1324673562800771073
1324673571441070082
1324673598678880256
1324673606832574465
1324673662293782528
1324673714621960195
1324673730484854785
1324673777788166144
1324673781961555968
1324673840287461376
1324673846100795395
1324673869240766465
1324673886567497728
1324673899804676097
1324673931844952065
1324673948357939205
1324673957161627648
1324673959879737344
1324673969585299460
1324673981975244800
1324674019820359681
1324674051386855431
1324674069304872961
1324674119779102722
1324674131418370054
1324674134228541440
1324674141287567360
1324674189635309571
1324674209608552449
1324674219591016454
1324674227786665985
1324674243548925952
1324674246501715970
1324674283268984833
1324674298100015105
1324674311597285377
1324674340898693121
1324674358355415041
1324674358732857344
1324674370191720448
1324674374054662145
1324674396724875265
1324674421987123211
1324674462126641152
1324674466027315200
1324674470766907392
1324674521501175808
1324674536525172738
1324674579982438401
1324674593215438848
1324674638333575170
1324674647842037760
1324674672751947778
1324674673485991944
1324674701470453761
1324674708743376896
1324674721867272192
1324674723322699777
1324674738090889216
1324674742629109760
1324674751818797056
1324674773515841536
1324674791312416770
1324674813609336834
1324674831493812225
1324674867774562304
1324674873801715713
1324674889979219969
1324674890524512256
1324674899189837825
1324674901719080962
1324674918982758401
1324674999546978305
1324675059361947648
1324675062352543744
1324675064256749568
1324675081688285184
1324675092794822657
1324675144690896896
1324675156334256128
1324675164949389313
1324675174810136577
1324675200923934721
1324675253289816064
1324675255378432001
1324675283534884864
1324675304292573184
1324675322575491072
1324675334139219973
1324675335946936322
1324675338304106497
1324675339583397891
1324675353076531202
1324675358122192897
1324675381673295872
1324675391739564035
1324675394948268033
1324675395665358848
1324675396051283968
1324675397284433921
1324675397917630470
1324675413407342592
1324675433644830720
1324675448593358849
1324675450023661568
1324675486220312581
1324675499201863680
1324675503098339330
1324675599382859778
1324675660254687236
1324675662456782851
1324675665145245699
1324675704190083072
1324675764969562112
1324675777925910528
1324675849778548737
1324675905344671744
1324675938550992903
1324675968817074177
1324675978535329792
1324675997564837895
1324676002077880320
1324676020553818113
1324676030976663554
1324676046977945605
1324676076971446273
1324676104641282048
1324676116146171915
1324676116234276864
1324676132055228417
1324676135276392450
1324676145174990848
1324676146311692289
1324676154779934720
1324676177869623298
1324676185935273984
1324676193380126720
1324676210690019328
1324676214146170880
1324676217094705157
1324676236908597249
1324676240910045184
1324676253434208257
1324676255774629888
1324676273671671808
1324676285923094529
1324676303098961923
1324676314293522432
1324676332253519873
1324676333595693057
1324676356777672704
1324676483730841600
1324677655371931649
1324678024936259585
1324678453187223553
1324678557822525443
1324679170472005635
1324679348247531520
1324679685633150977
1324680343736168449
1324681377464373251
1324682238445920256
1324682792949698561
1324682951985045509
1324683049741754368
1324683312988934144
1324683496502267904
1324683506275024896
1324683818536718337
1324683830406643714
1324684088503115781
1324684147047211008
1324684149958053888
1324684329910415360
1324684512647958531
1324685309829894145
1324685457666510850
1324685809614790656
1324686021217439744
1324686053081534464
1324686112430952448
1324686243494612994
1324686408456544257
1324686621820727296
1324686720965636096
1324686875974639622
1324687260202242049
1324687337129975809
1324687398228402181
1324687679632670723
1324687705037570050
1324687740106145793
1324687884541186048
1324687982977339392
1324688127768842241
1324688150338408452
1324688428324315137
1324688501309345795
1324688673728847873
1324688716657500161
1324688765936435200
1324688915752755201
1324689023852490756
1324689084179251200
1324689382029332480
1324689467425304576
1324689942283538434
1324690128217006081
1324690227118673922
1324690732247076864
1324690740967079942
1324690795098705920
1324690841236086787
1324691097906544640
1324691195751260161
1324691310540980224
1324691313908920321
1324691372658565123
1324691650942259201
1324691678171701250
1324691804332109825
1324691871575298048
1324692093336506370
1324692223426879495
1324692307401199616
1324692314321752070
1324692315835871235
1324692562020622339
1324692668249645058
1324692977692905472
1324693117065482240
1324693513624293376
1324693760916283392
1324693779912294401
1324693885755469824
1324694021390979074
1324694347288354816
1324694483057913856
1324694510077693954
1324694731306291202
1324695329833443328
1324695474801119232
1324695578345951237
1324695880004493314
1324696019121176577
1324696278014562304
1324696289880268800
1324696522932523008
1324696695326810113
1324697091483074563
1324697439643815937
1324697988413927424
1324698046811283458
1324698089974767617
1324698532729815040
1324698599817682944
1324699001300619265
1324699463907233792
1324699465895337986
1324700910581329921
1324701439248211968
1324701703254495237
1324701730685202435
1324701945962078208
1324702107027574785
1324702980717891584
1324703214651002880
1324704299788701696
1324704336430002178
1324705331721740288
1324705536848334852
1324705545333444608
1324706163271868416
1324706278799790083
1324706288794816513
1324708019192635392
1324708046803738629
1324708068756738048
1324708088868470785
1324708125186924545
1324708326438064129
1324708627245076481
1324709081018519553
1324710024669782016
1324710364844621825
1324710866089136129
1324711208801501184
1324711364863078400
1324711587786219522
1324711870079578114
1324712495542657031
1324713155428233219
1324717759847161857
1324718113687044096
1324719222480642054
1324719240092536834
1324720138655072256
1324721968541847554
1324723545763684354
1324724480338526210
1324724533039898625
1324724610999422976
1324724637771747329
1324727525352873985
1324728081244979203
1324728367162269696
1324730002018099200
1324733129437970432
1324733269741547522
1324733467205242880
1324733663737749506
1324734690243289090
1324740477158072329
1324743016477790208
1324746431006183430
1324747297599705090
1324747818028982275
1324748611834515457
1324749507419099138
1324750043153399809
1324750526337208327
1324753106958274565
1324754290993487880
1324755560709894145
1324756194238570497
1324762009288744965
1324762124439179267
1324762980614053888
1324763042656243712
1324763564863856643
1324764759607136257
1324766839889678336
1324767926629654528
1324768502453096448
1324769433898856450
1324769949789921288
1324771404512923648
1324771709594095618
1324772193398591489
1324775596367466496
1324779233001017345
1324779483090604034
1324780686381883393
1324781120983044097
1324781215539433472
1324781217011695616
1324781561565401092
1324781645380149254
1324781839081480192
1324782740852645900
1324783395751288833
1324783637842317317
1324784467383324674
1324784697445142531
1324785307611484165
1324785793907523586
1324786125320278018
1324786977485586437
1324787554563051520
1324787857341427712
1324787896432381957
1324788217804070912
1324788324670820357
1324788502144442368
1324788562106068992
1324788726086684681
1324791340694163462
1324791618981949442
1324792416994385921
1324793232216252421
1324793545610375168
1324793834753196033
1324795217489395714
1324795915815759872
1324797344173432840
1324797509340975108
1324798106156883973
1324799149175439360
1324799339152158720
1324800304022433795
1324801136382103554
1324803742504464385
1324804027121602570
1324805499548741639
1324806037061468164
1324807185172484097
1324808078274035730
1324808535658692608
1324808708971520000
1324809064627404800
1324812327938674688
1324812446767419392
1324813003020210176
1324813791029305344
1324813820712361984
1324814478689607684
1324815070136815621
1324816212862373890
1324816765923266565
1324817729715638272
1324818207216148487
1324818250702725122
1324819332405354498
1324820277738512391
1324822503504646146
1324822566456987649
1324822615693893638
1324823108948209664
1324823344294825985
1324823409054941184
1324823542530215937
1324824262096637954
1324824476165541894
1324825102886801410
1324827684820586497
1324828615373213697
1324829120862314496
1324829195176955905
1324829358046040064
1324829399204638720
1324829948989890564
1324830080732958720
1324832542646771714
1324832599571943424
1324832766698115079
1324833522327212035
1324833636638773251
1324835301274062849
1324836109042548742
1324836802214141954
1324836874234535937
1324839908406628352
1324841602980917249
1324842328071245824
1324842708184293379
1324842956088659968
1324843194622902275
1324843328479940612
1324843360520208386
1324843363900686336
1324843439146586115
1324843645426716673
1324843655367217157
1324843714284576768
1324843829082660865
1324843911970496513
1324843920946286594
1324843969151455232
1324843981575016453
1324843988986302472
1324844018287738885
1324844104140935168
1324844167122571270
1324844255228157953
1324844318511816705
1324844365592842240
1324844782418567173
1324844905613660160
1324845026468335617
1324845197696602118
1324845204281741317
1324845230403821569
1324845265111654405
1324845306215804930
1324845346825084929
1324845468271202310
1324845518128926721
1324845543970013189
1324845576895242240
1324845587322339328
1324845643093913602
1324845798375497731
1324845906831826945
1324846378200301569
1324846791586684940
1324846934771773440
1324847253576650756
1324847309855870978
1324847415061585922
1324847486134091781
1324847555629535239
1324847561501511682
1324847585111269376
1324847653096693768
1324847875357069314
1324847954059005954
1324848202672181248
1324848301804576768
1324848502460088321
1324848778021666816
1324849039737839616
1324849041243590657
1324849042883399681
1324849068301049861
1324849088727293957
1324849169262170114
1324849176883171335
1324849264992899072
1324849373973487616
1324849456039268354
1324849467519082504
1324849467770720259
1324849679851466763
1324849771379597312
1324850106642911234
1324850679769387009
1324850680192999425
1324851505665593348
1324852194496122883
1324852430681608193
1324853314622808065
1324853388077654017
1324853394918592513
1324853406482243584
1324853558999683073
1324853766252908545
1324853803028484096
1324853844635983873
1324853901120708608
1324854001813344256
1324854015751000064
1324854126589726720
1324854151810076675
1324854166402043904
1324854172697661441
1324854232101670912
1324854250896302082
1324854323243790339
1324854346664783872
1324854369418989570
1324854382840733696
1324854424322396162
1324854447080706051
1324854552433184768
1324854719010017281
1324854725003628546
1324854732880551942
1324854749058027523
1324854790606725120
1324854831157301249
1324854838421852164
1324854839512342531
1324854855647858689
1324854900547792900
1324854911180435456
1324855008366653441
1324855087953522689
1324855174012309504
1324855180299513858
1324855246485671936
1324855271877988356
1324855288801964044
1324855418984812545
1324855436915445760
1324855438152749062
1324855459547934727
1324855475968643078
1324855495535054851
1324855534789554177
1324855554389536776
1324855569841360901
1324855586501152769
1324855586895400961
1324855591098060800
1324855601030176769
1324855612862324739
1324855618629455873
1324855631648595968
1324855663261085706
1324855669900648450
1324855684240990210
1324855685176299522
1324855700238045184
1324855717069807617
1324855731984736257
1324855862192726016
1324855907218558978
1324855934460563457
1324855945944600576
1324855970665795584
1324855989842194439
1324856000420208640
1324856048591810566
1324856053889179652
1324856082947317766
1324856105995063298
1324856159786983427
1324856169677156352
1324856177805713408
1324856204187897856
1324856260332867584
1324856281027555337
1324856301067939840
1324856305992011776
1324856314351284224
1324856319845797889
1324856324639936513
1324856330994257921
1324856337898119174
1324856341177970688
1324856354042007553
1324856361985912840
1324856384832376832
1324856385952264192
1324856399818641409
1324856404176506888
1324856413118672897
1324856415148773377
1324856441715494916
1324856454696914946
1324856466239627269
1324856477782331392
1324856478822518786
1324856491128623106
1324856503560540162
1324856504026095617
1324856529925922818
1324856541317664769
1324856547562954752
1324856631121899521
