1331024733513469953
1331024733635133440
1331024733811433574
1331024734688063488
1331024737091416071
1331024737774956544
1331024765725896706
1331024993174609920
1331025000359464960
1331025395584479233
1331025516149792772
1331025761965383680
1331026447440482304
1331026521306394624
1331026648976723970
1331026783999848448
1331027917971877890
1331028534962352128
1331029267107491841
1331029366407639046
1331029766183530496
1331030544226934786
1331031672410804224
1331031947171258369
1331032078213914624
1331032283646574592
1331032419756077058
1331033495037218817
1331033898084659202
1331034182269734917
1331034195175510016
1331034460566007809
1331035292816584708
1331035356796506114
1331035671616688134
1331035923279192065
1331036156830560258
1331036694175477760
1331036905627062272
1331037097596252165
1331037315825852421
1331037315871936512
1331037366706987010
1331037535770796032
1331039319772041217
1331039665848246273
1331039832294899712
1331039836375973888
1331040664411377666
1331041411144278022
1331042282200588290
1331042393118941190
1331042750821773315
1331043341308489730
1331043341711142912
1331043352893149184
1331044037000826887
1331044962142740482
1331045587463049218
1331045699421663233
1331046123809632256
1331047106845536256
1331047194129014788
1331047382100844544
1331048528228053002
1331049615592984580
1331049652251189251
1331050568907956224
1331050927378280448
1331052429387829249
1331052568861143046
1331052637580562435
1331054015711473665
1331054274470666245
1331054873513750529
1331054932804431879
1331054933085278209
1331054934893203457
1331055672692248579
1331057663266971653
1331058597841793024
1331058929711845383
1331059822431703040
1331060089420058624
1331060159393632257
1331060166817685510
1331061108246011905
1331061317977956352
1331061978241052672
1331062264737226754
1331062482266435584
1331062505809055744
1331062524104552449
1331062528684781573
1331062679407124480
1331062715809468421
1331062844901605377
1331063432620220417
1331063991611785220
1331064513119080448
1331064726332317698
1331065248925716480
1331065249902915584
1331066256536039427
1331066988777627652
1331068893012627458
1331069296437567489
1331069770276474880
1331069781559156736
1331069925906145286
1331070034756571136
1331070049902161921
1331070052708265986
1331070174838071296
1331070412977999875
1331070443705556993
1331070801664204806
1331071290061500425
1331071340430888961
1331072296912609281
1331072314390290432
1331072384628117504
1331072873457455107
1331072899550212097
1331073216337612801
1331074309498912768
1331075000351289351
1331075056148025345
1331075064582705153
1331075233923547138
1331075880819585026
1331076318939713537
1331076334278348803
1331077003924164608
1331077161416089602
1331077173768310788
1331077217703649284
1331077231549042691
1331077359823360000
1331077577272938497
1331077582079582210
1331077595534856195
1331077595748765698
1331077982962769921
1331078162504175623
1331078452519251968
1331078839657644033
1331079225055584260
1331079409437208577
1331080031657988096
1331080097089073152
1331080097760239616
1331080190903119872
1331080674288218114
1331081163830603779
1331081193689845761
1331081356193906688
1331081564197892099
1331082954894946305
1331083023828340736
1331083741960298498
1331084074816036864
1331084855485079553
1331084893166727172
1331085131990269954
1331085168698929155
1331085270712770560
1331085425209974785
1331085427630092289
1331085682429874176
1331085788843536396
1331086201848262659
1331086464919216128
1331086868826501120
1331086928951844872
1331088754711388160
1331088961540939776
1331089271667773441
1331089290554716161
1331090163947204609
1331090317576183809
1331091060949389313
1331091086102704128
1331091864993280001
1331091995411025921
1331092271274614784
1331092680508641283
1331092680538021888
1331092681364180992
1331092681758445569
1331092737714753536
1331092745314820097
1331093333364645893
1331094242962321408
1331094448332177410
1331094698056888320
1331095041532686336
1331095714710118401
1331096690523246593
1331097382067507200
1331097681519910912
1331098715587751937
1331098741781225472
1331098792658169856
1331099254971052032
1331099436710305792
1331099921966125059
1331100230650097664
1331100230725509120
1331100231203602433
1331100231509839876
1331100231509942272
1331100231975387142
1331100267706781697
1331100379686129665
1331100387894550529
1331100510326304770
1331100619533406209
1331100797799641089
1331100978989445120
1331101616456470528
1331102066765426693
1331102212861386753
1331102337558073344
1331102526716989445
1331103024018755586
1331103078918008832
1331103472637399042
1331103754955984896
1331104210792951809
1331104334386503681
1331105174413320193
1331105836089925633
1331106521862660098
1331106753543598081
1331106813924810754
1331107588600164352
1331107671169249280
1331107780065857538
1331107780581752833
1331107829793640448
1331108006130556928
1331108019820695552
1331108131288576001
1331108489909981184
1331108659598925824
1331109041519677440
1331109949481639938
1331109985523216385
1331110186275237888
1331110296786788352
1331110675222028288
1331111554994102273
1331111566666833920
1331112474360377348
1331112722805747712
1331112813562040320
1331112883908964355
1331113201581379586
1331113718458032130
1331113937010569216
1331114006615035904
1331114031759941633
1331114118594654210
1331114223913603075
1331114432425041920
1331114501471662081
1331114541153968130
1331114606438264832
1331114828908343298
1331114874429169664
1331114914916741120
1331115102708363264
1331115135436468224
1331115229141413894
1331115332258336768
1331115432690987008
1331115524110110720
1331115567873482753
1331115590136827904
1331115673343451137
1331116075631710208
1331116096057995264
1331116542294192128
1331116743897587713
1331116800067637248
1331116911388749824
1331117414143188994
1331117490307555330
1331117678195585025
1331118171898716161
1331118204622663680
1331118390451245056
1331119084340203520
1331119113566113794
1331119164833075200
1331119224295731200
1331119875486572546
1331119931178557440
1331119932852072449
1331120362969583617
1331120543559507971
1331120545279119360
1331120607522476034
1331120697859579905
1331120857343799297
1331121414359961602
1331121420424929281
1331121641024348163
1331121683336482816
1331121925918248961
1331121947107860480
1331122227119607808
1331122318144401408
1331122457609183232
1331122469269286914
1331122636433338369
1331122879958835200
1331122880436989955
1331122880600563715
1331122939002040321
1331122984887726081
1331123062654308352
1331123089103589377
1331123124352462848
1331123145592410112
1331123203343867905
1331123369853509632
1331123446785437697
1331123933999894529
1331124100568412167
1331124146508619777
1331124744092049419
1331124867714994180
1331124895175090177
1331125189917237248
1331125316979470336
1331125327431610368
1331125396268593153
1331125726268026881
1331125884493967361
1331126183451357184
1331126231526494209
1331126286211817473
1331126572498227200
1331126654337503234
1331126654345818113
1331126654350012416
1331126690857299969
1331126857916411905
1331126955769532417
1331127032198131713
1331127108282802177
1331127387271127045
1331127607832657920
1331127804604391424
1331127912788078594
1331128299779743744
1331128488485670919
1331128534618812416
1331128778458869761
1331128808334905345
1331128870288887808
1331128975343620096
1331129206261035014
1331129262347341824
1331129388939800576
1331129708319272960
1331129779584720898
1331129833531846656
1331130152856612864
1331130259417276417
1331130260465790976
1331130294829772801
1331130430842490881
1331130432461688832
1331130433053069314
1331130433715617792
1331130483959345156
1331130585843163138
1331130595955642370
1331130685302706179
1331130784053415940
1331131008247357441
1331131147179483138
1331131153064075264
1331131228775477248
1331131720922509314
1331132133151285250
1331132253523611655
1331132346331000833
1331132350449786887
1331132470343905281
1331132634521538560
1331132763479699456
1331132776536563714
1331132945902563328
1331132957399117825
1331132961836707840
1331133182494842880
1331133233623412742
1331133324979548160
1331133449399242752
1331133540688424960
1331133597789659138
1331134069040623616
1331134195318579200
1331134204319449092
1331134213316354049
1331134291812749312
1331134325463654403
1331134393906290694
1331134635598868482
1331134848778514435
1331134909046546443
1331134948313587716
1331135102978564096
1331135135744466944
1331135200298995712
1331135348181786625
1331135462493347842
1331135465534189569
1331135596287373316
1331135607817560066
1331135629908979713
1331135661836013569
1331135672120446976
1331135677283569664
1331135866014674944
1331135867969265664
1331135915390083072
1331136011674529792
1331136019157151744
1331136231183421443
1331136569965731840
1331136909947625478
1331136992483172353
1331137030269636609
1331137103338614784
1331137437154697217
1331137475700518914
1331137551722221573
1331137817196584960
1331137955872837634
1331137979130261504
1331137997702565888
1331138065952346114
1331138075070697473
1331138268117815296
1331138319384784896
1331138619063611393
1331138720091795456
1331138740564226049
1331138968864362497
1331139157767434240
1331139183902158850
1331139237366861824
1331139355461754885
1331139755975856129
1331139848082759680
1331139920186978305
1331140047651921920
1331140079637630977
1331140365987028993
1331140495645442049
1331140495737688065
1331140541845823489
1331140924685111297
1331141032642306050
1331141048693874689
1331141191115681793
1331141206307385346
1331141253732425728
1331141389095198720
1331141499199905792
1331141713189097473
1331141732323438599
1331141753999675393
1331141817623072769
1331141985588162563
1331142192694431744
1331142291227074560
1331142619959877632
1331142706370916352
1331142733935898625
1331142743092060161
1331142988601421824
1331143004111953921
1331143130456891392
1331143223327207427
1331143419629068289
1331143436284653568
1331144013630631936
1331144270732959745
1331144272675037184
1331144361485225990
1331144652687339521
1331144660559990785
1331144670269886465
1331144942262120448
1331145174773329920
1331145428948041730
1331145431523397633
1331145440411197446
1331145529837965313
1331145531570130946
1331145535244275712
1331145595046809600
1331145637669335040
1331145670623973385
1331145705986076672
1331145987998486533
1331146060836859910
1331146126293147649
1331146191535546369
1331146232878804993
1331146442363179008
1331146483819819014
1331146506674507778
1331146529189621761
1331146553713684482
1331146793405607938
1331146798317113345
1331147146112929792
1331147331295727618
1331147546908037127
1331147653271461891
1331147658963070976
1331147696065949698
1331147906037002240
1331147955647225858
1331148001751035906
1331148045535252481
1331148138887917568
1331148178293477377
1331148224166498304
1331148353845989377
1331148542203867136
1331148568489582592
1331148608796844032
1331148838778916866
1331148847289163776
1331148879690145792
1331149052193300483
1331149072686780416
1331149088243519490
1331149101715644422
1331149102072164352
1331149106996273152
1331149125304393728
1331149145965555713
1331149162671448064
1331149163355136000
1331149177443782656
1331149185924599809
1331149198419488771
1331149200550219777
1331149202055974917
1331149204891295744
1331149218292101120
1331149234230484992
1331149236889677825
1331149252832190466
1331149275468886016
1331149276278386688
1331149296541032448
1331149306053730304
1331149307534258176
1331149323242008579
1331149339314561024
1331149362290946048
1331149364195192834
1331149369882587137
1331149377390448640
1331149377910546432
1331149391730794497
1331149396415811587
1331149439805906944
1331149458273411072
1331149487780323329
1331149525533257729
1331149531711418368
1331149536333619201
1331149536874680321
1331149537717719040
1331149561939816450
1331149564531892224
1331149578935087104
1331149583536304137
1331149584178044928
1331149591912312832
1331149594709925889
1331149595972395009
1331149598698696707
1331149614628691968
1331149638729084928
1331149640541089792
1331149643682623488
1331149653702807552
1331149678382092290
1331149681922101248
1331149725039550464
1331149732190838784
1331149750100512768
1331149755716657153
1331149756521910273
1331149770656714753
1331149786251194370
1331149788532903936
1331149801963081731
1331149806325133315
1331149816961904640
1331149852097568770
1331149905973403648
1331149967793287170
1331150008477954049
1331150010533154816
1331150019643236353
1331150020834418688
1331150028044374017
1331150036873474048
1331150051071184897
1331150096357072896
1331150103575486464
1331150130272235522
1331150142167199745
1331150145778552832
1331150171468656640
1331150185628655616
1331150215454228482
1331150237759643650
1331150244264853504
1331150286736519168
1331150355787370498
1331150362984804352
1331150390642028551
1331150410825027584
1331150415740723200
1331150419150721025
1331150444270415873
1331150490483249164
1331150525367283713
1331150536826040322
1331150543100796928
1331150562021224448
1331150568597966848
1331150601510674432
1331150609731383297
1331150611082043393
1331150611597979650
1331150613044989957
1331150644313546756
1331150653671026688
1331150717050994688
1331150728509972481
1331150731286601730
1331150736089092097
1331150779214929920
1331150780938784768
1331150787628699650
1331150805676732419
1331150814161858562
1331150814493159427
1331150820889550849
1331150841139638273
1331150882164125698
1331150883082657792
1331150885968371712
1331150896827392000
1331150944327884800
1331150951512764416
1331150955388219392
1331150956235517953
1331151033230372869
1331151055581814784
1331151074317701121
1331151096891510784
1331151102193045504
1331151197265408001
1331151227254661120
1331151247269892098
1331151303515512833
1331151311388237825
1331151325778882561
1331151328236740609
1331151407924342786
1331151428652503041
1331151438576312321
1331151450433597440
1331151556381708295
1331151557845528577
1331151585586671616
1331151588744982528
1331151627508723717
1331151632252473344
1331151673167917057
1331151710430113793
1331151747335778306
1331151754663235584
1331151828126339072
1331151849571954688
1331151852994514946
1331151864210059265
1331151881071112192
1331151893683466242
1331151939812421633
1331151994053160962
1331152020749881344
1331152036247834626
1331152040291131397
1331152062843858944
1331152106812796929
1331152134008614912
1331152163607863308
1331152166090903554
1331152166149558273
1331152170780123136
1331152170947907587
1331152177851752449
1331152179982438404
1331152213197066240
1331152225532514306
1331152244549554177
1331152265198100480
1331152265810415616
1331152279894896642
1331152283976003587
1331152334202826752
1331152337990279170
1331152343409242113
1331152355073683458
1331152369187500035
1331152372131893249
1331152401219334144
1331152416507629569
1331152424338386945
1331152425558958080
1331152431753928705
1331152432710242307
1331152433301647362
1331152434887094273
1331152447172177922
1331152460577181697
1331152482110672897
1331152482991566848
1331152493376655361
1331152505036808192
1331152513161158656
1331152517217079299
1331152528243896322
1331152577166254081
1331152582052495360
1331152604567642112
1331152611643449346
1331152625484640258
1331152635592839168
1331152654299504640
1331152656585383937
1331152664097382403
1331152691679141889
1331152712835211264
1331152722725310464
1331152748922998785
1331152808758882304
1331152824676147200
1331152844007890944
1331152855835795458
1331152857760985088
1331152883702706176
1331152903202099201
1331152909678112768
1331152929420685314
1331152948131459072
1331153014644740097
1331153023897399297
1331153029014446080
1331153045359648773
1331153047108669441
1331153049356734464
1331153055505592322
1331153055996407808
1331153066419216384
1331153078477795328
1331153078511288320
1331153079769546752
1331153080155402240
1331153115811287041
1331153116054564864
1331153133431623681
1331153200049762305
1331153205955334144
1331153206840352771
1331153217149939716
1331153241170718722
1331153241825013760
1331153241887928320
1331153249852911617
1331153251870396417
1331153287656189952
1331153341674446848
1331153350176468992
1331153360301514752
1331153370686648320
1331153388147503105
1331153389829414917
1331153420011663362
1331153420938600449
1331153463544262660
1331153466517929984
1331153478404726785
1331153501200789506
1331153533551435777
1331153543160532993
1331153554963369985
1331153563045797888
1331153567625916418
1331153581970436098
1331153592703660033
1331153594368790530
1331153595266306048
1331153621589880834
1331153678485639171
1331153815689682951
1331153822304116738
1331153825504301060
1331153831124721665
1331153865773883393
1331153868969881601
1331153905753919490
1331153907414949888
1331153922912817154
1331153927732080640
1331153955888500738
1331153955980783616
1331153993947635714
1331153994815836160
1331154003951038464
1331154042140110848
1331154110595420163
1331154114496122887
1331154120066076675
1331154132128903168
1331154133227802624
1331154143793344512
1331154146867732481
1331154213460725760
1331154217663422464
1331154222725918720
1331154228300148736
1331154235661103104
1331154254757834756
1331154259124039682
1331154303667539970
1331154311007571969
1331154329294807040
1331154382835109888
1331154384705622021
1331154393845141505
1331154398706331648
1331154413982015492
1331154423880495107
1331154436891217921
1331154447196704769
1331154447486099457
1331154479824195586
1331154489827528705
1331154523268796416
1331154529606377474
1331154532022312960
1331154587676504064
1331154609692348416
1331154634518523904
1331154637903323136
1331154647474532359
1331154652906315777
1331154668546822147
1331154743088050178
1331154754777571329
1331154755759042561
1331154761727569920
1331154795982413824
1331154820875644931
1331154830077927425
1331154869063987201
1331154871173730305
1331154876085235713
1331154884712947718
1331154917164261380
1331154927763267585
1331154970549301249
1331154976371060736
1331154984080199680
1331155008612675584
1331155021254291457
1331155024504819713
1331155032365019136
1331155035888218118
1331155061729267712
1331155076283555840
1331155079584485378
1331155083111882753
1331155097137582080
1331155110072885250
1331155110483910658
1331155114061680640
1331155133753942018
1331155135465201664
1331155139957239810
1331155143627304960
1331155144214507521
1331155158370234368
1331155166184222727
1331155169917231104
1331155175227068416
1331155187067707399
1331155187248066561
1331155209654067203
1331155242826817537
1331155266033823744
1331155284409069574
1331155285373808645
1331155298623565831
1331155308111147008
1331155310598303747
1331155315618967552
1331155328931672064
1331155338020712453
1331155345155223554
1331155356622475271
1331155373303197696
1331155374502768641
1331155405024727041
1331155406333358082
1331155420593926145
1331155440072323074
1331155453972262913
1331155470652936192
1331155474633412610
1331155491192508422
1331155509639073793
1331155518568665088
1331155524755329024
1331155525657120770
1331155530006589440
1331155566505279488
1331155581604913153
1331155595106381824
1331155595232047104
1331155595278225408
1331155595278360576
1331155599040589829
1331155603172024323
1331155643621920768
1331155647203782657
1331155668913561600
1331155676828143617
1331155710252605442
1331155716749594624
1331155720818061312
1331155721069735937
1331155727507976192
1331155734659207168
1331155760093556736
1331155768398188545
1331155776342274048
1331155816989274113
1331155818259968005
1331155833829330947
1331155867253829635
1331155914183888896
1331155935255998466
1331155935910367233
1331155938154307586
1331155972442775554
1331156015895748610
1331156025978839043
1331156060015562752
1331156065669484544
1331156134854537217
1331156142437916672
1331156184141852672
1331156227204714497
1331156246842454016
1331156253515542528
1331156257089216514
1331156268594196480
1331156276005531651
1331156277305745410
1331156281160241154
1331156302157012993
1331156323954798593
1331156348315299840
1331156351100325888
1331156358595448834
1331156413515751424
1331156427025637378
1331156431790346242
1331156433556152325
1331156464568832002
1331156479563411456
1331156518830542850
1331156542910042114
1331156570361778178
1331156575755579392
1331156609620381697
1331156611906342913
1331156629065261057
1331156643334197248
1331156648178688001
1331156650120581123
1331156684430041088
1331156747961180160
1331156754550431748
1331156756379086849
1331156761957584897
1331156781310111748
1331156789501587457
1331156853506490368
1331156865355571203
1331156870480932864
1331156872733274112
1331156872771072004
1331156873064669184
1331156879330971648
1331156880836718594
1331156928656003075
1331156952056029186
1331156969185538048
1331156986734538752
1331156990635225091
1331157033572298753
1331157063595151362
1331157093668315137
1331157142833926152
1331157149750349825
1331157162740092928
1331157175281065984
1331157181329182722
1331157195355021313
1331157198861373441
1331157201638088704
1331157215198187520
1331157223024844805
1331157281480744960
1331157290838335488
1331157292398604288
1331157349420183558
1331157361466150912
1331157369892515840
1331157377371004928
1331157384891412480
1331157389790375936
1331157403358916610
1331157412565438464
1331157445213818880
1331157448498016258
1331157475941359617
1331157490721988609
1331157493582618624
1331157503330168832
1331157520614875137
1331157557453402113
1331157579687399425
1331157594430464000
1331157609316048901
1331157635232538624
1331157640492224512
1331157648046166016
1331157660473974786
1331157668896108544
1331157671269986304
1331157689481695234
1331157697601941510
1331157699216728064
1331157718690885633
1331157738118914049
1331157754699014144
1331157787473272833
1331157806171484163
1331157861825732609
1331157863281135616
1331157867337027590
1331157911914110976
1331157928473194502
1331157930306056198
1331157935020535814
1331157936924741632
1331157955262222336
1331157973662658562
1331157974702809089
1331157979194863621
1331157987386388486
1331158015479787521
1331158021511262208
1331158053975048193
1331158055774539777
1331158064762937345
1331158090973110273
1331158105732866051
1331158111734870016
1331158111969677314
1331158135176884224
1331158149965996032
1331158169909948417
1331158174943080448
1331158195235147777
1331158197315440640
1331158198854815751
1331158225115295744
1331158238344179712
1331158239082377218
1331158312365252609
1331158340714557441
1331158410977562624
1331158421094150145
1331158430275555329
1331158479235584002
1331158490560270336
1331158493991202816
1331158521824600070
1331158523972120577
1331158525029003273
1331158541349105665
1331158596445478917
1331158608793448453
1331158613503610880
1331158653420892160
1331158668222603264
1331158678649573376
1331158705832910849
1331158729308446721
1331158762942558209
1331158792424271872
1331158832136024065
1331158869595271169
1331158900347981824
1331158901585289216
1331158906320560129
1331158910691139586
1331158919125856256
1331158952906776578
1331158963652530176
1331159010641203207
1331159051602964480
1331159069768511490
1331159082602999808
1331159090198962177
1331159102161113088
1331159103922708480
1331159107483684864
1331159193534033920
1331159201557733382
1331159213255643136
1331159214983684102
1331159218909442048
1331159238161412096
1331159267706068994
1331159280649719810
1331159285926129664
1331159313470119936
1331159317203079168
1331159348748431360
1331159368059023362
1331159370017730562
1331159388711772160
1331159391454826496
1331159395896619009
1331159398018899968
1331159398748540929
1331159410249506816
1331159467484991489
1331159488049582080
1331159519557251081
1331159529678123008
1331159553749217280
1331159563681280000
1331159566822862850
1331159574540333056
1331159588398358528
1331159601484603394
1331159615845830666
1331159629741617152
1331159632602038273
1331159646321717249
1331159656882966531
1331159663438651392
1331159690349309952
1331159756422123520
1331159771395858432
1331159796926586880
1331159802760851462
1331159825624031233
1331159841721765888
1331159846079651840
1331159873044811778
1331159903189295112
1331159910990704640
1331159935816773633
1331159937549004802
1331159943102287873
1331159962559651845
1331159972743442433
1331160009334534144
1331160014074109952
1331160042456961024
1331160061062885377
1331160111956504578
1331160114737410049
1331160118738755584
1331160129497133057
1331160142423986177
1331160153731833857
1331160155841388544
1331160159649980417
1331160175747756034
1331160178771849216
1331160196757000193
1331160206076747776
1331160230277820421
1331160243225710595
1331160272233517056
1331160284136878080
1331160324679065601
1331160368312422403
1331160376709419009
1331160410788081671
1331160421781426177
1331160425908625409
1331160428601348096
1331160442337714178
1331160448553656320
1331160466295582720
1331160501502488578
1331160508683214849
1331160518183297030
1331160523879100417
1331160525334523904
1331160556720562177
1331160557819400192
1331160559312637953
1331160560998764544
1331160562890199040
1331160579839561729
1331160588458881024
1331160595647901698
1331160605777145863
1331160620725628929
1331160630401912837
1331160632595398658
1331160632624771074
1331160634965315585
1331160642313707520
1331160654250696709
1331160656217841665
1331160657593511942
1331160664694468609
1331160680247013376
1331160691772895233
1331160723477630976
1331160741806796800
1331160748643545089
1331160777370324993
1331160784890720256
1331160786891403265
1331160816406716418
1331160835398492163
1331160890138308610
1331160901848866816
1331160918009536513
1331160932484050947
1331160939530498048
1331160948032360450
1331160955548540928
1331160968974503938
1331161022300876800
1331161030328791045
1331161040629997568
1331161044958507009
1331161077170786306
1331161085878149120
1331161126680350721
1331161126772629504
1331161131860324352
1331161138567000064
1331161155847516161
1331161171857190912
1331161184570105856
1331161185945866242
1331161231340826631
1331161251028881408
1331161251435728897
1331161269982945281
1331161276421181440
1331161304841773056
1331161347988578304
1331161352078036997
1331161359975845890
1331161370046451712
1331161374471446529
1331161376035893250
1331161390837620737
1331161409410002948
1331161411641348096
1331161447334895621
1331161488917213185
1331161507779006464
1331161509997719552
1331161511524446214
1331161530998661121
1331161552758726657
1331161571100401664
1331161629820661761
1331161648808275973
1331161649156337665
1331161655875694592
1331161685898326017
1331161695209861120
1331161708191227905
1331161717762633730
1331161745486983168
1331161762377379841
1331161772145868801
1331161772556918786
1331161776642134016
1331161777825079297
1331161782430339077
1331161801418010626
1331161805268381697
1331161808611192833
1331161840525709313
1331161861501415426
1331161891683627011
1331161906120364035
1331161906980196352
1331161915561701377
1331161920221696001
1331161936596176896
1331161947002253313
1331161963154518016
1331161986810449921
1331161992913149955
1331162019286949891
1331162025058299905
1331162035497873411
1331162043001532417
1331162075230588929
1331162105102413824
1331162114166300672
1331162123838382080
1331162127869108231
1331162136492576768
1331162150308638720
1331162155182399488
1331162155400507393
1331162156512010250
1331162171011633152
1331162173964505088
1331162177550610432
1331162208533946370
1331162215290957825
1331162215404204034
1331162248111411208
1331162249004802048
1331162251261325312
1331162260228681728
1331162278893416448
1331162331351552001
1331162331750027265
1331162345230524416
1331162386506674177
1331162404210749441
1331162407515934720
1331162409650819073
1331162413882892288
1331162424507064320
1331162469306429444
1331162473525874688
1331162475123908608
1331162493100716032
1331162496691007490
1331162507239694336
1331162511081615362
1331162541964357632
1331162560616402945
1331162579906011142
1331162588101697542
1331162599703146505
1331162634004156422
1331162637195997186
1331162646008180739
1331162647165890564
1331162653021130753
1331162739721588737
1331162742032642054
1331162747288100871
1331162748609310722
1331162752979701760
1331162776220413958
1331162781471698944
1331162786605494272
1331162821179084801
1331162826833080320
1331162832243740673
1331162839525060608
1331162860341370880
1331162882751533057
1331162924698710017
1331162927445942272
1331162934819627008
1331162943719956481
1331163004336017408
1331163005749485570
1331163043028488193
1331163046937563139
1331163047881216000
1331163085030223874
1331163094538739712
1331163158690533377
1331163163946082305
1331163165976129538
1331163178563227648
1331163186461102080
1331163191632596993
1331163192026931202
1331163192286965760
1331163204735692806
1331163213153628161
1331163214550327298
1331163226390876161
1331163234649452544
1331163245055512581
1331163266559717376
1331163285257859073
1331163287875153921
1331163317080104961
1331163319030460419
1331163323971342337
1331163327230341120
1331163334129946624
1331163342485008384
1331163368003166213
1331163369181679616
1331163372927250432
1331163404820750338
1331163405902880768
1331163407848968198
1331163408520065024
1331163409035841536
1331163420520050690
1331163429562765315
1331163433740480512
1331163446872842241
1331163462416936960
1331163463780098048
1331163472307113989
1331163473489907712
1331163488396390402
1331163516477255680
1331163556885254145
1331163585180033024
1331163597368664070
1331163601806176256
1331163620818837506
1331163630646284288
1331163632118411264
1331163643636019201
1331163650879590400
1331163666004242432
1331163675818856448
1331163681405722625
1331163685130182656
1331163694739361792
1331163708844769280
1331163713336995847
1331163724938436608
1331163736820887552
1331163737466806272
1331163738053947393
1331163760560644097
1331163764192927744
1331163774192148482
1331163778109624320
1331163802608480257
1331163806115000321
1331163815300493314
1331163841804296192
1331163848200638464
1331163854013861888
1331163859349090306
1331163869356560384
1331163908716064770
1331163914218958851
1331163924947939330
1331163928500559873
1331163933923831809
1331163941368700928
1331163951216926721
1331163963761979395
1331164003188551684
1331164011916832771
1331164025560952833
1331164028505264128
1331164052983328769
1331164061040582656
1331164072449073152
1331164079470366721
1331164091935825921
1331164129856516097
1331164137242636288
1331164139994157060
1331164211532222464
1331164215307071488
1331164239629783041
1331164240158224385
1331164285007966209
1331164300233355266
1331164302754058240
1331164304066949121
1331164322278633472
1331164345863114754
1331164360090279937
1331164391669182464
1331164396840738822
1331164397922816000
1331164403211907076
1331164403216109568
1331164403274633218
1331164410908389377
1331164446350331904
1331164474015969280
1331164480881963009
1331164509457821697
1331164512586772484
1331164534107742212
1331164541518970882
1331164542072590336
1331164588235165698
1331164602713911298
1331164616911712256
1331164627154186242
1331164627841978368
1331164636184518656
1331164640001323008
1331164653506994176
1331164653951610880
1331164655016939520
1331164669004943362
1331164728102707200
1331164775804440581
1331164776836239362
1331164855647264770
1331164902149550080
1331164962912415745
1331164977613385729
1331164978003447808
1331164984525672450
1331164988833148928
1331164991806992384
1331164999117660162
1331165004951916544
1331165096316461056
1331165101785829376
1331165106504404992
1331165125148090369
1331165149038862339
1331165166197755904
1331165166294216709
1331165168945033218
1331165171667111936
1331165172463972353
1331165206471327745
1331165219670913027
1331165227342311424
1331165243159027712
1331165256413032448
1331165267888664582
1331165272162643969
1331165298381111297
1331165327854612481
1331165330614398976
1331165354484183043
1331165360322646017
1331165384012148736
1331165385635360769
1331165417491075073
1331165421387599872
1331165422444482560
1331165447362895874
1331165456254824448
1331165463863291905
1331165489725394944
1331165491101134850
1331165506271899648
1331165536009539584
1331165538320605185
1331165541764100099
1331165555525627909
1331165581911990275
1331165582234935296
1331165591902818305
1331165592838152193
1331165641609457665
1331165661477781504
1331165661511430144
1331165663222779909
1331165681086238721
1331165702988902400
1331165738715983873
1331165746127396865
1331165759809183747
1331165768482959362
1331165780344451077
1331165802465288192
1331165804415561729
1331165808756666368
1331165812523216897
1331165812888129536
1331165814494466054
1331165831502450690
1331165833410846721
1331165853912600576
1331165863286812672
1331165869976788992
1331165877904044033
1331165880668090368
1331165880902955008
1331165890239483904
1331165933432426496
1331166040240381955
1331166043012784128
1331166051418169344
1331166069680197633
1331166077032816642
1331166085597499392
1331166108271980544
1331166124566831104
1331166131600683009
1331166146683400194
1331166161640300544
1331166175544406017
1331166201129672704
1331166205470789632
1331166214425600001
1331166217382596608
1331166217957224449
1331166224819122178
1331166263557677057
1331166276304195586
1331166299855216641
1331166301537099776
1331166322210861058
1331166333065703426
1331166337436160003
1331166340137316354
1331166343081697280
1331166362367090690
1331166381564436480
1331166396349378560
1331166411293675520
1331166425122177029
1331166431959003137
1331166435587072003
1331166456596336643
1331166469367812097
1331166498178666499
1331166514112847878
1331166517615071234
1331166519674408960
1331166525592637440
1331166528578973697
1331166532748013572
1331166538422947840
1331166553556004864
1331166607217987584
1331166615493369857
1331166628122415104
1331166644752805889
1331166646300512256
1331166647772704769
1331166648649256960
1331166676012978176
1331166691099807745
1331166691552866307
1331166694350327808
1331166695336112128
1331166696208523264
1331166707705110530
1331166709584195593
1331166742345900032
1331166744707280897
1331166772637134850
1331166818493374465
1331166823686033410
1331166839620198403
1331166845643141120
1331166877398294530
1331166892489379841
1331166893475028994
1331166913469231106
1331166919953588224
1331166920012230656
1331166920893030400
1331166933820055553
1331166941864669184
1331166952178507776
1331166985774915585
1331167040648982529
1331167060924248067
1331167061876350983
1331167071573569537
1331167147058470914
1331167191048269825
1331167211004846081
1331167231242346497
1331167249869262848
1331167285164339207
1331167289346060290
1331167310493724672
1331167319138185219
1331167333256220672
1331167356278743041
1331167362150785024
1331167365233577985
1331167366579970048
1331167381532631040
1331167389875122178
1331167396959297537
1331167453917941760
1331167482539892737
1331167494040588288
1331167516677328898
1331167523501436929
1331167534108831745
1331167537506160645
1331167542698778625
1331167574810300421
1331167600970264576
1331167614152937473
1331167637242585089
1331167669438046208
1331167669656178688
1331167678271287300
1331167684826808321
1331167699699896325
1331167714560385024
1331167718452686848
1331167726266503169
1331167729102041088
1331167731522080769
1331167733023727622
1331167750706900993
1331167759032594432
1331167777575591937
1331167797565644800
1331167808625979392
1331167839294803968
1331167897784348672
1331167916058927107
1331167945704280065
1331167952251592707
1331167991162171394
1331167992198164480
1331167993255038976
1331168000880353281
1331168001371107328
1331168005397622786
1331168011416449025
1331168014021091334
1331168052122165248
1331168056777838599
1331168066445725703
1331168076092624898
1331168104362242048
1331168116613779457
1331168176198004737
1331168178815176704
1331168179129700352
1331168195709845507
1331168212659154946
1331168214303248389
1331168216773767168
1331168225518825473
1331168245009801216
1331168256288296960
1331168258523881476
1331168261204008960
1331168289339404290
1331168313800601602
1331168336793755649
1331168349787709440
1331168396310941696
1331168422860820482
1331168426560262145
1331168438610489344
1331168445380046848
1331168455412887553
1331168507447414789
1331168535217836032
1331168537373794304
1331168557934194691
1331168575403528192
1331168579308425216
1331168617510170625
1331168626410467328
1331168667426557954
1331168684379955200
1331168690818215939
1331168698539896832
1331168713920434177
1331168717275865088
1331168721461796864
1331168736359931904
1331168740881403904
1331168755334979585
1331168760422608896
1331168781482283011
1331168787262038016
1331168787475931137
1331168826277367808
1331168836985483265
1331168836989702145
1331168841616007170
1331168845273436163
1331168852194029569
1331168859349454849
1331168874566479872
1331168895063953411
1331168926886223873
1331168944116404224
1331168953763319809
1331168973946302464
1331168977113014282
1331168978987782149
1331169039620714497
1331169062739709953
1331169082964586497
1331169091235803136
1331169100572332034
1331169105811042304
1331169110798069761
1331169116237991936
1331169143719141377
1331169180297605121
1331169221552828416
1331169226724405249
1331169239760297991
1331169272069042176
1331169287344697344
1331169292705009666
1331169310199476225
1331169341304401925
1331169358484303874
1331169360724054019
1331169421168144389
1331169436489961472
1331169436494155776
1331169436699508736
1331169437437861889
1331169438935216129
1331169451639758853
1331169470061146114
1331169473248813056
1331169484929904641
1331169503640776705
1331169506551615489
1331169517012127746
1331169536717058048
1331169545055244288
1331169574000201730
1331169591268143104
1331169623019048963
1331169646339387393
1331169681034661889
1331169686445240326
1331169688995450882
1331169695769223168
1331169739914309633
1331169766317449216
1331169786873712640
1331169796206055425
1331169849939275778
1331169861997895684
1331169888950493187
1331169898878406656
1331169930012733441
1331169938581676032
1331169939701583872
1331169971590795265
1331170077236887552
1331170117833592834
1331170122778730499
1331170131255418882
1331170137114808327
1331170141636321281
1331170143003701249
1331170186204950531
1331170222393397249
1331170237002227713
1331170239518797827
1331170250948272128
1331170259836002304
1331170279276613635
1331170282674016257
1331170290110525440
1331170341037760514
1331170374839578625
1331170379981860865
1331170383869906946
1331170419446067200
1331170424592404480
1331170427780083715
1331170435443077122
1331170444456701954
1331170448630026245
1331170493920120835
1331170515361423361
1331170520344244229
1331170550878711808
1331170585431470083
1331170596839952386
1331170602892341248
1331170645862965249
1331170684349927424
1331170694592409601
1331170694755799040
1331170694772744192
1331170715211534336
1331170719967883264
1331170765870411779
1331170766902136833
1331170782807003143
1331170783314530305
1331170833369362433
1331170856962314240
1331170895386259460
1331170916814950401
1331170967050211329
1331170988034322437
1331170995177218051
1331170996133498883
1331171017948094468
1331171029792780288
1331171033315995655
1331171033550819335
1331171038172999682
1331171038902841345
1331171045726973953
1331171047891144712
1331171063707918342
1331171064131497985
1331171076320219136
1331171079486894080
1331171079696621570
1331171085480554497
1331171090664730625
1331171107269959686
1331171128858054658
1331171141881372672
1331171147845685248
1331171166162202624
1331171199011971079
1331171204229705730
1331171205873852421
1331171222693044224
1331171228053348353
1331171253059805184
1331171283728556032
1331171287797035010
1331171325914832899
1331171339768639496
1331171362573070338
1331171372547141637
1331171387952795648
1331171392423927808
1331171408626528256
1331171458903523328
1331171473508216837
1331171486372143105
1331171495863791616
1331171528940146688
1331171533302226947
1331171544517775360
1331171579246637056
1331171586968350720
1331171592081190913
1331171622645084160
1331171665078792192
1331171671500333056
1331171699971264512
1331171709538476032
1331171790945726464
1331171795567775745
1331171807592845312
1331171811434901508
1331171837338906627
1331171843353567239
1331171850676822017
1331171864752885760
1331171869198790658
1331171884671569921
1331171899540463618
1331171920428081155
1331171933690466305
1331171942150381570
1331171949079310336
1331171953009336320
1331171978674368514
1331171987826290688
1331172036333465600
1331172049927213064
1331172078704340997
1331172099264835586
1331172127798603778
1331172157506908160
1331172160992374785
1331172178298068992
1331172199017963524
1331172205670043648
1331172213349822464
1331172236997369858
1331172251379625985
1331172267720658947
1331172269310275587
1331172290172751874
1331172295327543297
1331172297772822534
1331172319469953025
1331172322057859073
1331172336263901190
1331172383634432001
1331172404966592520
1331172428026884096
1331172463040983042
1331172479428124672
1331172495488151554
1331172524336541698
1331172530355376134
1331172531001303040
1331172562345357312
1331172569848885249
1331172577293766657
1331172599255195648
1331172611473203201
1331172665340682241
1331172704800673792
1331172771594981377
1331172773394255875
1331172777748025347
1331172809674952704
1331172816813699073
1331172832613699586
1331172840780017664
1331172841170083843
1331172844487667712
1331172851261595657
1331172852041535488
1331172855208357888
1331172863081025538
1331172865123684352
1331172874439290880
1331172885780688897
1331172943330758657
1331172946166116356
1331172986318168064
1331173008493449217
1331173016231956480
1331173024301723648
1331173036121317377
1331173041666203649
1331173079905611779
1331173094292135947
1331173098289238017
1331173108296855552
1331173114164748289
1331173123438366721
1331173129842921472
1331173134133817344
1331173142816034816
1331173153234706432
1331173168724254721
1331173169542131715
1331173172893405184
1331173184104755201
1331173197757243393
1331173209111146498
1331173211250290693
1331173211468230656
1331173213041274880
1331173264291471362
1331173266623492098
1331173281081266179
1331173338455175170
1331173350882816007
1331173385653653507
1331173392242847746
1331173428368433154
1331173435146461184
1331173448102633473
1331173485490671617
1331173488669970432
1331173501332561921
1331173549344763904
1331173571138301957
1331173601949741056
1331173653585797120
1331173687127646209
1331173699328892930
1331173703590301697
1331173720640118786
1331173722645000192
1331173745252331521
1331173745805955072
1331173748397969409
1331173783567290375
1331173784406151168
1331173798704525312
1331173803301462016
1331173806166175745
1331173807697104898
1331173826596630528
1331173837040390144
1331173840664350722
1331173861052837888
1331173940325212162
1331173942674022404
1331173953663066112
1331173997136973830
1331174020113371138
1331174024605544448
1331174039197511681
1331174067685253122
1331174103672381441
1331174123595247616
1331174134382989313
1331174169430663168
1331174177651519488
1331174179589283841
1331174184517591040
1331174187398991872
1331174201143799808
1331174216566239232
1331174249915166722
1331174254579212291
1331174261860556802
1331174293141647360
1331174293858906113
1331174327144865792
1331174345729781761
1331174370052628482
1331174400239005696
1331174403661500419
1331174405880295425
1331174439489253378
1331174442685374466
1331174463384248320
1331174486926897155
1331174511740391430
1331174511803314176
1331174524868567041
1331174531982106628
1331174533777252354
1331174583345491973
1331174633568079872
1331174636931911680
1331174643819024384
1331174657484075008
1331174658046091265
1331174666921238529
1331174731203051520
1331174731555323905
1331174738606088192
1331174813260541953
1331174836996075521
1331174859611713536
1331174866381398017
1331174880352546816
1331174907414261760
1331174942977757184
1331174957297053696
1331174993636564992
1331175002918543362
1331175004801814529
1331175008027152386
1331175033998352390
1331175041820717058
1331175053879369731
1331175091745542152
1331175093469384708
1331175103934197760
1331175131364909056
1331175138621075457
1331175139183046657
1331175148968407041
1331175160230146049
1331175167196884992
1331175171961487361
1331175181902024705
1331175205562163201
1331175210679152643
1331175220779114497
1331175229188673537
1331175230497296386
1331175239057858560
1331175245970108416
1331175250881548288
1331175256007073794
1331175272842997761
1331175314932822016
1331175315348008960
1331175362739531776
1331175376354152448
1331175394108604420
1331175400731455488
1331175415352864773
1331175455177764864
1331175476241584128
1331175481962618880
1331175518423691269
1331175525419798528
1331175536585039873
1331175564997259264
1331175594785124352
1331175595288498176
1331175608823533569
1331175616163483649
1331175627580379137
1331175629233020929
1331175639295143943
1331175640968544256
1331175669158514690
1331175681754079232
1331175690079772674
1331175711009370113
1331175717707640833
1331175723034406912
1331175728143065089
1331175729564770305
1331175732916129792
1331175734153338881
1331175744052006913
1331175748477063168
1331175752713334786
1331175755368296452
1331175769696071680
1331175772560760834
1331175775979118594
1331175785550503937
1331175792018075650
1331175798758395904
1331175799563673602
1331175825111212034
1331175826151387141
1331175829028663296
1331175831876628482
1331175852479041536
1331175855633149952
1331175893247651840
1331175913032179713
1331175913409671168
1331175929457020929
1331175974227091458
1331175975405711360
1331175979746725889
1331175979780370437
1331175984754790400
1331176025292746752
1331176039222026241
1331176063389605889
1331176079113990144
1331176080615616513
1331176087649390594
1331176097598332930
1331176115092635649
1331176117772972032
1331176167202754566
1331176228343132161
1331176229135900675
1331176236656304133
1331176261729853440
1331176271955587072
1331176291505217537
1331176293396832257
1331176306231414785
1331176309775544320
1331176312841637888
1331176356126797824
1331176370161000450
1331176373583572994
1331176374611161093
1331176381611446274
1331176385885265921
1331176393158356994
1331176426586984449
1331176437676724224
1331176497709789194
1331176501610500097
1331176502071857156
1331176538121916419
1331176538595880964
1331176561270267904
1331176577808420866
1331176579259621376
1331176591922257920
1331176593327337475
1331176599220314114
1331176626395238402
1331176657021964291
1331176659249209344
1331176664097828864
1331176665104396289
1331176674038345729
1331176677062356999
1331176688881905664
1331176696020611073
1331176703733927936
1331176709345980417
1331176725867343872
1331176743596593158
1331176747644096512
1331176751599333380
1331176759174320128
1331176774949081089
1331176786596597763
1331176812219682817
1331176840485081088
1331176863943815168
1331176884344934400
1331176887784235012
1331176916024520704
1331176928146026500
1331176947158835200
1331176982902693888
1331176990381060099
1331176992939663361
1331177033754419201
1331177041522282501
1331177048640024576
1331177064809058304
1331177069238218753
1331177082949431296
1331177088288747522
1331177091409342464
1331177100729081856
1331177109457395712
1331177150830047234
1331177173454090240
1331177178973736961
1331177186712227841
1331177200578670594
1331177202130575361
1331177225580924929
1331177243016622080
1331177245025710080
1331177251908460544
1331177254001520641
1331177260238450691
1331177261215731712
1331177269839147010
1331177272322224128
1331177282359136259
1331177307059478529
1331177335224229889
1331177376500297728
1331177401779433472
1331177419328409600
1331177437481275397
1331177440090222597
1331177465620930560
1331177497753395201
1331177501746458624
1331177555450355712
1331177557954326529
1331177565311168512
1331177608361488384
1331177646810673155
1331177655962628096
1331177691651956736
1331177694860554241
1331177697385603074
1331177698446675968
1331177714141769728
1331177724929581057
1331177725000888321
1331177743099301889
1331177773537353728
1331177786745171969
1331177805883838470
1331177808673050624
1331177813941084160
1331177829002784768
1331177834723897347
1331177845725536256
1331177863320580097
1331177873101688834
1331177878143205378
1331177890650738690
1331177905112698881
1331177910099652610
1331177943289245696
1331177946778832896
1331177953674358785
1331177967339393024
1331177970774499328
1331177982241738752
1331177985114857472
1331178022108618754
1331178023962505216
1331178025635999744
1331178026235727875
1331178026378424320
1331178033953255426
1331178051447754757
1331178056069881856
1331178073002291202
1331178076512931840
1331178080287723520
1331178101087358980
1331178139389743105
1331178140786364418
1331178154262732802
1331178164970807296
1331178170456940545
1331178192460197888
1331178195891204096
1331178204183326721
1331178209417814016
1331178220297854978
1331178267005562885
1331178268251353090
1331178294318948353
1331178320818565121
1331178338531028993
1331178345980194817
1331178346957385728
1331178384840396801
1331178397637210112
1331178406818557952
1331178408739565569
1331178433620140032
1331178450309275648
1331178460404977664
1331178473780633601
1331178477287038978
1331178490549440512
1331178495414767616
1331178500812836864
1331178505288241153
1331178511650983938
1331178523566993408
1331178555762483200
1331178566680244224
1331178572900347906
1331178581075120130
1331178616772833280
1331178623722774529
1331178628588204037
1331178631582900226
1331178634078511104
1331178639598227459
1331178651837210625
1331178654773153794
1331178683999145990
1331178686184353792
1331178691456610304
1331178697727090689
1331178720913215488
1331178739963715584
1331178747681181697
1331178747844845571
1331178752831873026
1331178765339271168
1331178777267802112
1331178787007029248
1331178795211104256
1331178796880453632
1331178811610771456
1331178822792851457
1331178831600885760
1331178836080414721
1331178853847470080
1331178896755208192
1331178978120511488
1331179049121701889
1331179094432690177
1331179096429252609
1331179107137318912
1331179129903964160
1331179217707540482
1331179236850360322
1331179252994220032
1331179253891784706
1331179263572242433
1331179280697597958
1331179287844708352
1331179296493277185
1331179309831229440
1331179318655873027
1331179326033846273
1331179330462859265
1331179353431027712
1331179374977093633
1331179399388024838
1331179421533949955
1331179422108561411
1331179460872314881
1331179494632251396
1331179495504699392
1331179496343527426
1331179502681149440
1331179502811164672
1331179502840397824
1331179502848806913
1331179503020892165
1331179503784222722
1331179505759760385
1331179530720047105
1331179532498444289
1331179543965659140
1331179559002255364
1331179562676461575
1331179565650210816
1331179574542159872
1331179591285805058
1331179639675490305
1331179640937881601
1331179646860320769
1331179657920716800
1331179670168014854
1331179670868463616
1331179694994157569
1331179702019616768
1331179704196403202
1331179735586631681
1331179737205628928
1331179751319461888
1331179754385530880
1331179754674741248
1331179755555725312
1331179766951653377
1331179775902294016
1331179790129393665
1331179793077899264
1331179834970554369
1331179848660901889
1331179852230242307
1331179860547526658
1331179873688236032
1331179892902404097
1331179895083458560
1331179898791145472
1331179917673984000
1331179926356156417
1331179949991006209
1331179950116921344
1331179983105122304
1331179998087098375
1331180003250364418
1331180006047944704
1331180006093963265
1331180015904559105
1331180027078189058
1331180075367206918
1331180077254664192
1331180136276889605
1331180144317378560
1331180150113832961
1331180211761766400
1331180235795083264
1331180240501170176
1331180246952005632
1331180259060969472
1331180264983318530
1331180322856251393
1331180331408494592
1331180368729415680
1331180383216553984
1331180423980986369
1331180441802596352
1331180443270582273
1331180447276167169
1331180467366883328
1331180471296856064
1331180477164752898
1331180484571901953
1331180519334289408
1331180542923055106
1331180550795747328
1331180555833143296
1331180621280972801
1331180635009019905
1331180639513612288
1331180650578194433
1331180652193001472
1331180657205268481
1331180707612422145
1331180707931164672
1331180716646916096
1331180744971071488
1331180749668671488
1331180761073012736
1331180771252514817
1331180773542604802
1331180786192691203
1331180786914119681
1331180789673897984
1331180813019455490
1331180820124610560
1331180837296074754
1331180870879862784
1331180883051737089
1331180885723533313
1331180887346716677
1331180901280133120
1331180904262344705
1331180905474342912
1331180918581719041
1331180925183533056
1331180948327698434
1331180952144515073
1331180970729484288
1331181015369474048
1331181015386173447
1331181021853872130
1331181029412003841
1331181032624828416
1331181075557720065
1331181094658576387
1331181096042704896
1331181128619855873
1331181131350335489
1331181141932601344
1331181145191550976
1331181149792645129
1331181153357869060
1331181157937983490
1331181164107849729
1331181215320317952
1331181217941770240
1331181220399603712
1331181223671115776
1331181231401295873
1331181232764448769
1331181246471344128
1331181247868133376
1331181276607418373
1331181300053643265
1331181347570847745
1331181351861673985
1331181396811862016
1331181413874462722
1331181421214519297
1331181422833524736
1331181447688949760
1331181449266024448
1331181469553848320
1331181471764189184
1331181494836948992
1331181503750004736
1331181512776167424
1331181524813836288
1331181545399390209
1331181548981379078
1331181554903764993
1331181589175398400
1331181589720686593
1331181606632124416
1331181623061213185
1331181656246542338
1331181669831815171
1331181688362250243
1331181692703432705
1331181727889428482
1331181746344382464
1331181746415669248
1331181766351204352
1331181773678649346
1331181800211828738
1331181800589299723
1331181808789155840
1331181833921425410
1331181835850833920
1331181844625285121
1331181862715338757
1331181873431769088
1331181886832521216
1331181906600337408
1331181906696806401
1331181936056946689
1331181937331933185
1331181938938421248
1331181963869347840
1331181966419431426
1331181989735641089
1331181995637018626
1331182009625026560
1331182022367305728
1331182026876215297
1331182027832438788
1331182047373750272
1331182084216467456
1331182085894238208
1331182094836404224
1331182105708081154
1331182122497871874
1331182146514530304
1331182153913274368
1331182175945895936
1331182225757532160
1331182234485874690
1331182266496790529
1331182272024817664
1331182283777302528
1331182299686301696
1331182307005378561
1331182322851475457
1331182325137350656
1331182358461034497
1331182362793816066
1331182370494566400
1331182373770301440
1331182401289138178
1331182403994460161
1331182405139525634
1331182406544613377
1331182407123341313
1331182436978487297
1331182455349456897
1331182463721332737
1331182473087213568
1331182493232455680
1331182505911840769
1331182506163511297
1331182508524900352
1331182549310337025
1331182555639533574
1331182560366501895
1331182597490102274
1331182600636014594
1331182600648527874
1331182604331192320
1331182632915394565
1331182636564406273
1331182645611474948
1331182652213354497
1331182657196142595
1331182690150854656
1331182694022189057
1331182700087152641
1331182731217285120
1331182741212291073
1331182743972171776
1331182748434898945
1331182759491080194
1331182762871689217
1331182772145315840
1331182773927878659
1331182777312686080
1331182796577120258
1331182804072361984
1331182807125798918
1331182808807727104
1331182838574587904
1331182841003171840
1331182856350158848
1331182891620048898
1331182891859062786
1331182907638108160
1331182908061720577
1331182908330000385
1331182961044180995
1331182977221619717
1331182981029965827
1331183013003227137
1331183019495878657
1331183042837221382
1331183047237054464
1331183068628066304
1331183088609742852
1331183089524084737
1331183095236718592
1331183116996796416
1331183129680355330
1331183152555978752
1331183165180809217
1331183203802095616
1331183204234121217
1331183221262970882
1331183223339167744
1331183225750888448
1331183241588580352
1331183247477370880
1331183251738800128
1331183258269327362
1331183264481103873
1331183277932212224
1331183278791901190
1331183279274295297
1331183279823671300
1331183280469594113
1331183281744850945
1331183294382215169
1331183294751379458
1331183312547827712
1331183324174364673
1331183327114645504
1331183349071814661
1331183355916914692
1331183360266412033
1331183370584420356
1331183370731139074
1331183380482945026
1331183390394093570
1331183397042057216
1331183401945141248
1331183417317347329
1331183425395494912
1331183430021885954
1331183460132802560
1331183460698959872
1331183463907676160
1331183468294926336
1331183481041379329
1331183485793562632
1331183496061214722
1331183499471155206
1331183518483947521
1331183521092825088
1331183525211623427
1331183529397370881
1331183556903702528
1331183579641024517
1331183581385945090
1331183591498375168
1331183592119144449
1331183599085907968
1331183603422736387
1331183610569912321
1331183622494236672
1331183635739914240
1331183659550969856
1331183669244026881
1331183687887708160
1331183709102419968
1331183711082209280
1331183713388998658
1331183719907004416
1331183720389365760
1331183740371034112
1331183742484963329
1331183764861489152
1331183769559175169
1331183770834251776
1331183781038919680
1331183781802336256
1331183784344084482
1331183785518518272
1331183816610820096
1331183827948015617
1331183864560103424
1331183885787467776
1331183887343636484
1331183887452672003
1331183903097425920
1331183912748527618
1331183937935314947
1331183945661231105
1331183951361224704
1331183972462850048
1331183983556702208
1331183983737118720
1331184016683307009
1331184034114924544
1331184041433985024
1331184063273701376
1331184083217616897
1331184088988971009
1331184143103877121
1331184162330513412
1331184166101250050
1331184219268255745
1331184227606556673
1331184245285531651
1331184258195533830
1331184265791483905
1331184266378682368
1331184284493877248
1331184294316961792
1331184295399059457
1331184332699037704
1331184337103040512
1331184396905353217
1331184410692030465
1331184417855959040
1331184422201274369
1331184448646340608
1331184452689678338
1331184462894411779
1331184493118550016
1331184493672206337
1331184501670768640
1331184515767820289
1331184520603852803
1331184521845350400
1331184542720331777
1331184546549796864
1331184550215622657
1331184561535979520
1331184562475577344
1331184564169961475
1331184567676334084
1331184576807497728
1331184581261877249
1331184627726344196
1331184633963220996
1331184661167529989
1331184674639527940
1331184693811744770
1331184717371203587
1331184740280492034
1331184748425842691
1331184762732605443
1331184763890262016
1331184776515031040
1331184813865361409
1331184820098109440
1331184836225200128
1331184864071217154
1331184867850280962
1331184870085767169
1331184870895333377
1331184876020752385
1331184885415993346
1331184895532654594
1331184916726427649
1331184918739738624
1331184920807550976
1331184968723263488
1331184994107191298
1331184997559111680
1331185012801232897
1331185029775548419
1331185047832064000
1331185058053582848
1331185064907038727
1331185065875927040
1331185074994372610
1331185082883846144
1331185091737882625
1331185093344448518
1331185155369787394
1331185156938473472
1331185166887346182
1331185167210254337
1331185195098267648
1331185217034457089
1331185227394404352
1331185228858208256
1331185234621198336
1331185247417929728
1331185263264010240
1331185291487481856
1331185299662237697
1331185301570596866
1331185312207417344
1331185318494658560
1331185323116802048
1331185329076920322
1331185336060416001
1331185338052714498
1331185340711886848
1331185364585885696
1331185367924486145
1331185369719648256
1331185386115239937
1331185393304211456
1331185398404575233
1331185400086470657
1331185418285551617
1331185432776863745
1331185439152201731
1331185480667451392
1331185491488739329
1331185504948269059
1331185528721481728
1331185548619374594
1331185554340384769
1331185588641402880
1331185592969867265
1331185610258870275
1331185621675728896
1331185624578097152
1331185625010212865
1331185626360770560
1331185635256901635
1331185656140357634
1331185661257404416
1331185672749805570
1331185676411412482
1331185683923394560
1331185685416583169
1331185686851055616
1331185709621927937
1331185730702422018
1331185739212730368
1331185751132942336
1331185778622394369
1331185781747150848
1331185785672962052
1331185797077364736
1331185804476080129
1331185810092253185
1331185811350581249
1331185813489659904
1331185826072563715
1331185828903743489
1331185835685928961
1331185864421089281
1331185864605569025
1331185870293118979
1331185883249250305
1331185901163196417
1331185906519330816
1331185938094055424
1331185944758718468
1331185961506627585
1331185962932695042
1331185981882585090
1331185996252258304
1331186015617298432
1331186023884349441
1331186071598673927
1331186081627332608
1331186082738827264
1331186108609261572
1331186114179330049
1331186121183784961
1331186157682642945
1331186158110461953
1331186173667110914
1331186183519559681
1331186186510102528
1331186192977686528
1331186193430679553
1331186204449103873
1331186219972243457
1331186227974983680
1331186253350498304
1331186275186040834
1331186291791310848
1331186292323966977
1331186293812948993
1331186294899290113
1331186326385856512
1331186327136645121
1331186333138759680
1331186335454023681
1331186345465827330
1331186353892110336
1331186378831486980
1331186401971490817
1331186415166742528
1331186415187714048
1331186417599438850
1331186431700635648
1331186438168166402
1331186440286466178
1331186450612760577
1331186481235423232
1331186485748445185
1331186489372401664
1331186505889570816
1331186524025741314
1331186534867939328
1331186536814178306
1331186541696315393
1331186551016067074
1331186551917830145
1331186554006548480
1331186555730481154
1331186585283538947
1331186586709598208
1331186596549455873
1331186613444108294
1331186633736151040
1331186639343783939
1331186640920977409
1331186641336213504
1331186647552167936
1331186650639110144
1331186671707152384
1331186685187592194
1331186691709816833
1331186699788017670
1331186704804433920
1331186726010843137
1331186726509944832
1331186730578407432
1331186743735955457
1331186743740162050
1331186745258422279
1331186764044775425
1331186800057053189
1331186803844452352
1331186806017110017
1331186809099829249
1331186824547610624
1331186833309437954
1331186859754594305
1331186891727704065
1331186896127619072
1331186914230202371
1331186934715133957
1331186945813262338
1331186954067644416
1331186974699515906
1331187004181258242
1331187007108894721
1331187007343763458
1331187014595645442
1331187016680288256
1331187016717963266
1331187035730829313
1331187036158644224
1331187052470099968
1331187058925215750
1331187062771429376
1331187071499833344
1331187084275671044
1331187101572935682
1331187103594663936
1331187111509319680
1331187111614091269
1331187115133194243
1331187120787091457
1331187127757967364
1331187136574464007
1331187141007847426
1331187173765341186
1331187174092496896
1331187229302153216
1331187235757174784
1331187236889636867
1331187252853137408
1331187259635339264
1331187275791732737
1331187284264312832
1331187288127188992
1331187314035486721
1331187319299215361
1331187328711331841
1331187340929339398
1331187353747148803
1331187360055390213
1331187360164360192
1331187367038869504
1331187413008470018
1331187420822433796
1331187441525469185
1331187451486986240
1331187459221295104
1331187484278059008
1331187486136131584
1331187496307339273
1331187509372604417
1331187555094687744
1331187555681841153
1331187555862073345
1331187569648930816
1331187621570154501
1331187643883925506
1331187645343522819
1331187647822356481
1331187648984133633
1331187653639872516
1331187673902571520
1331187675416686593
1331187688339361793
1331187695754866691
1331187700712476672
1331187702851657729
1331187715858178049
1331187717745618944
1331187729368031232
1331187738389995520
1331187748879933440
1331187763090173954
1331187774079250433
1331187804097933325
1331187806190899201
1331187823521771520
1331187851405496322
1331187893101060096
1331187896099991555
1331187914328436736
1331187930463952898
1331187949082468352
1331187969806508032
1331187978127945731
1331187979742826496
1331187998810124298
1331188005709688833
1331188035556438018
1331188037599043585
1331188045358493698
1331188047027855360
1331188057844953088
1331188070947938311
1331188083933519874
1331188088777871361
1331188089373519873
1331188124282662913
1331188126430208001
1331188157778419712
1331188160492081152
1331188169744781313
1331188184777175043
1331188194017210370
1331188194524663817
1331188195216609280
1331188195355209728
1331188215085142016
1331188246647332865
1331188256608751616
1331188273977364483
1331188275365761033
1331188289529843717
1331188302469206016
1331188303111090177
1331188304331595783
1331188310878937090
1331188310891442176
1331188321968644096
1331188328247537668
1331188331091292160
1331188341757407232
1331188352234774528
1331188353123946502
1331188356093530113
1331188362611486722
1331188362963726337
1331188374284144642
1331188391958949888
1331188403304607745
1331188405439520770
1331188428352999424
1331188432144625664
1331188444094210048
1331188452969353216
1331188454496071682
1331188465795469313
1331188469675290625
1331188482249814018
1331188487693938691
1331188494128050176
1331188496443322369
1331188502097252352
1331188521999216643
1331188554786074661
1331188564604968965
1331188565015990272
1331188566521679872
1331188599560294400
1331188604769538054
1331188608779345920
1331188619873296384
1331188623862079488
1331188625434931206
1331188626248650753
1331188692124315648
1331188697400795136
1331188716547792896
1331188733610176518
1331188743135518720
1331188778631897089
1331188802954604545
1331188835124965376
1331188845078077442
1331188877521014787
1331188905379573761
1331188916083363845
1331188937239523330
1331188947138060288
1331188978595336199
1331188984752574464
1331189014142005250
1331189057553096705
1331189078025441280
1331189078511943680
1331189099970097154
1331189114184605698
1331189120383799299
1331189140990398466
1331189150469550080
1331189155582398466
1331189163991949313
1331189169146695681
1331189188763455488
1331189201824489472
1331189211861557248
1331189212822052866
1331189223458820098
1331189247139852297
1331189251069911043
1331189252709867520
1331189268019105792
1331189296838160388
1331189300411703297
1331189330019299328
1331189346620362753
1331189349396996096
1331189352202981377
1331189353473859584
1331189359459127297
1331189367516372999
1331189368690794496
1331189422394658821
1331189422453350400
1331189464639614977
1331189490522664960
1331189494515642369
1331189514623213568
1331189522994958336
1331189569077776386
1331189594533093378
1331189596219170816
1331189599885029377
1331189602204471296
1331189602737131528
1331189628519542786
1331189633510727680
1331189647507148804
1331189657451851776
1331189662359056384
1331189664288567296
1331189673411178496
1331189674975629314
1331189679757123587
1331189694567215104
1331189705082343426
1331189720353812480
1331189732328534025
1331189781741645826
1331189799089283073
1331189800402083840
1331189812976607235
1331189817976164354
1331189819377152001
1331189820970897408
1331189845180493824
1331189847923580930
1331189880857227264
1331189901417648128
1331189902646579200
1331189903112204290
1331189929880276992
1331189930912002049
1331189932719747072
1331189937480355842
1331189941074849792
1331189944786821121
1331189947290820609
1331189961698242564
1331189981847703552
1331189991771430917
1331190016064806912
1331190040341458946
1331190048138661888
1331190050533625857
1331190087074320384
1331190092061433857
1331190125968109568
1331190134620950531
1331190138420989952
1331190139448684544
1331190141537443840
1331190143240134656
1331190157656076289
1331190168305479681
1331190183845367809
1331190188438065152
1331190194574417922
1331190207677308928
1331190215679954946
1331190241793871872
1331190273980968962
1331190319526912000
1331190328850853888
1331190331262562304
1331190338132848641
1331190352758312960
1331190353202962435
1331190360404619264
1331190367690035201
1331190373276930048
1331190383724949505
1331190388279873537
1331190400577642497
1331190404469944321
1331190408211263490
1331190443552419840
1331190457037099008
1331190464972779520
1331190480302977024
1331190489538850818
1331190508736176128
1331190509717626880
1331190524217319425
1331190542890393600
1331190567032811522
1331190572393050115
1331190608849997824
1331190625904025601
1331190666009989120
1331190670258827266
1331190696599040002
1331190704689831937
1331190717226500096
1331190718900137984
1331190720997322759
1331190741511573505
1331190760969035778
1331190763498049542
1331190769844011011
1331190771001782272
1331190772318806017
1331190783014211584
1331190794137559041
1331190823191531520
1331190827666731008
1331190828241481729
1331190828669181958
1331190831936487424
1331190834381942784
1331190834390130689
1331190845895225345
1331190848768397315
1331190857089888257
1331190859254157312
1331190878241697792
1331190882230558720
1331190915466219525
1331190921434701825
1331190924538490880
1331190929215066112
1331190947535839232
1331190963184807936
1331190967173591040
1331190977575460865
1331190981077581825
1331190997557141507
1331191003374637056
1331191039584034817
1331191052963811328
1331191053869862912
1331191058127073282
1331191068310777859
1331191072266051585
1331191081703235591
1331191104381837312
1331191112128737280
1331191124334096385
1331191126204837888
1331191127161118720
1331191132777275393
1331191134450757632
1331191157020356608
1331191162816909313
1331191170215665664
1331191176209305600
1331191202121740290
1331191217388924928
1331191228998840322
1331191233717395462
1331191245536972804
1331191271478714369
1331191278571315200
1331191284040654851
1331191287614156800
1331191295906287616
1331191303640653825
1331191318245232642
1331191321168588800
1331191324486344705
1331191327514644483
1331191337182498816
1331191351069827072
1331191351938064384
1331191390601089024
1331191395990716422
1331191420569473027
1331191426768637953
1331191429343948800
1331191430363160577
1331191436855844864
1331191446129553411
1331191447010373633
1331191461757521922
1331191473006653441
1331191496821891078
1331191510742798336
1331191516073779210
1331191524860825600
1331191528459554816
1331191539608002562
1331191581475549185
1331191585225240576
1331191588807192576
1331191595761328129
1331191597438996482
1331191603239686144
1331191606846910464
1331191616548302849
1331191617538068481
1331191625423446021
1331191630305562627
1331191660617850881
1331191662060728322
1331191670826807300
1331191683036438531
1331191689743044610
1331191758223454208
1331191765660028930
1331191774514204672
1331191775457910784
1331191775604649985
1331191787751428096
1331191808903221250
1331191808941023244
1331191839450345474
1331191840054403074
1331191843397234696
1331191855107760128
1331191879195561986
1331191900003573760
1331191905053528066
1331191909495214081
1331191910095007744
1331191931007799297
1331191933214003201
1331191947365593088
1331191961928216576
1331191987110895616
1331191990466322434
1331191992513073158
1331191994706780160
1331192000784297991
1331192002998886400
1331192013996388352
1331192016496168962
1331192046783258627
1331192070221017088
1331192086297600003
1331192097286795264
1331192101376233473
1331192103519531009
1331192108372340736
1331192110188519424
1331192110817685505
1331192144015597568
1331192145689112576
1331192151888289794
1331192155784835073
1331192163179311104
1331192167096852480
1331192171131793409
1331192176399835138
1331192184230596608
1331192185019043840
1331192201477492737
1331192213544513536
1331192216442826754
1331192221685731330
1331192225959710722
1331192234289532930
1331192237544382464
1331192241705132032
1331192246235000833
1331192257417007110
1331192264031350784
1331192268234104832
1331192275964137472
1331192284025597954
1331192290254213120
1331192320616751105
1331192349259665408
1331192351272947714
1331192368700280833
1331192381597736962
1331192410198642688
1331192413906464768
1331192420340543490
1331192424996200448
1331192427982573568
1331192457124585473
1331192491513683968
1331192507191988224
1331192586195914754
1331192595641495553
1331192606370508803
1331192618114555904
1331192619993542656
1331192623449710593
1331192639518072832
1331192645205561353
1331192656001708032
1331192656987381760
1331192674305650689
1331192678554488832
1331192748918116352
1331192752047087621
1331192754639147010
1331192767993798657
1331192796187926528
1331192805151170560
1331192815670464512
1331192825376104448
1331192836360953857
1331192840928567296
1331192844032364545
1331192856115961863
1331192893185384450
1331192909954232320
1331192924126793730
1331192930900566017
1331192934188904450
1331192942141304834
1331192942258688000
1331192989763375104
1331193003478822914
1331193046097072130
1331193051197399041
1331193051763642374
1331193077051105280
1331193087184539648
1331193103303077888
1331193118331269120
1331193149075705856
1331193154419224577
1331193176279887874
1331193179891265538
1331193182814679041
1331193191060606976
1331193200179105792
1331193213001064448
1331193213873426433
1331193216868159489
1331193255367766017
1331193268919558146
1331193269758406658
1331193275542343684
1331193291321307139
1331193291556196354
1331193344223899649
1331193918726287361
1331194266325045249
1331194602917818368
1331195477983825924
1331195506534518786
1331195690580586504
1331195766900199424
1331195813498904576
1331195869320908801
1331196696316047360
1331197295371710464
1331197454109331460
1331198268601217025
1331198564781993986
1331198628875087873
1331198802594816004
1331199566167879681
1331199617082519552
1331199638611824640
1331199785743896579
1331199927763030018
1331200412221894657
1331200893874745344
1331201267717312513
1331201268199682048
1331201496281722881
1331201641371021314
1331201719913558018
1331201826490871811
1331201835185676288
1331202282575327233
1331202284353675264
1331202660754747393
1331203688858341377
1331204297950961664
1331204992108118017
1331205010055716864
1331205683333754881
1331205690053029892
1331206004881625088
1331206212164210688
1331206388182290433
1331206405223817219
1331206413071347714
1331206434630070272
1331206539630276609
1331206691816431616
1331206774117060609
1331206807688245249
1331206948038057984
1331207204054179841
1331207290033238016
1331207607126790144
1331207742284058624
1331207847187787779
1331207865089003522
1331208132522020865
1331208244614885378
1331208666343673862
1331208696022626305
1331208724854267905
1331209146557927428
1331209230066520066
1331210063353163777
1331210485337878530
1331211007763615745
1331211347699372032
1331212056209580033
1331212057463697409
1331212605583716352
1331212680384942082
1331212858609250304
1331212981087186945
1331213306493800449
1331213457430089729
1331213750196723713
1331213946997665796
1331213984586928132
1331214275776536577
1331214514558275586
1331214612272963584
1331215199127396352
1331215863769419777
1331216112298680320
1331216559491198977
1331217497840869376
1331217975345557504
1331218319379214337
1331218423892807681
1331218545687080968
1331218706274381824
1331218853213442049
1331219120877170691
1331220485934297089
1331221832570187779
1331222300868431877
1331222680452919296
1331222921029824513
1331224466127540226
1331225365923115009
1331225913632169987
1331226643130671110
1331227059729928193
1331228610108268544
1331228718212276236
1331231764702957568
1331232903175475208
1331233493473484808
1331235986290958336
1331237346600161285
1331238841521500163
1331238946488135685
1331240891068117001
1331240950459478018
1331241214549647363
1331242165494833154
1331245030862954504
1331245363198525441
1331245714282848258
1331246112993402884
1331246192483700737
1331248890117550082
1331249093134389251
1331251564498063368
1331252043961470976
1331254350942003200
1331254856686972930
1331255986259185668
1331256132992704518
1331256805159301122
1331258858497568768
1331259498162425878
1331259920574922759
1331260274469449732
1331261308264656903
1331261397972504582
1331262035598974976
1331262153844781060
1331270176889851905
1331271678178037762
1331272408687382528
1331275767901270023
1331276643013451780
1331279439590809606
1331281226490023936
1331282391487361027
1331283657164775425
1331285472824397826
1331285857408520201
1331286132605202435
1331286668599496705
1331288831379828737
1331289462966546433
1331291485296340997
1331293043153113088
1331294206992801794
1331294398752182274
1331297252736962566
1331299595339653121
1331300211424161793
1331304183019024384
1331305337333354500
1331305470150270976
1331307848563822592
1331308222188298241
1331309695265628163
1331310747671011328
1331311627396808704
1331311628734717952
1331311764944908297
1331311774633758721
1331311904044834824
1331312020604456960
1331312310422540292
1331313743188340740
1331314722034118660
1331315388697747463
1331315697306251264
1331315702452654080
1331315737663860740
1331315779720130560
1331316092258689025
1331316231949996033
1331316930775486464
1331317464144162818
1331317579953090561
1331317948187815953
1331318205181272072
1331319184664514561
1331319256261275649
1331319364440748038
1331319722588168197
1331319738811752448
1331319843245723654
1331320599243788288
1331320755280293892
1331321256738775043
1331321689611800576
1331322485699194880
1331322564644368385
1331323353995603971
1331323467984211969
1331324309915234307
1331324694734254083
1331324850049347584
1331326017047302145
1331326749435703297
1331326759065645056
1331326981967851522
1331328419439767552
1331328456886546433
1331328901465989121
1331329715383242756
1331330423004262405
1331331079547084802
1331331544825421830
1331331572788813824
1331334274360909825
1331336799378153473
1331337706308317189
1331337963670806530
1331338100371550216
1331339471795662849
1331339983836344320
1331340255056814080
1331340475958177797
1331340673786769409
1331340826354466818
1331341486898753536
1331342080875122688
1331342262173913090
1331343162049171457
1331343532041318406
1331343667009884160
1331343789491957769
1331344459364241408
1331344655095623682
1331345206013210624
1331345597119537152
1331345684373647363
1331345726320865283
1331346545451610119
1331349372043472898
1331349645793038340
1331349944121380868
1331351829721047043
1331356679401828355
1331356914018562048
1331356922583404546
1331356922927312899
1331357150342426626
1331358016860422145
1331360685947809794
1331360696739610630
1331360703622615047
1331360736535322624
1331360741916618755
1331361023052353536
1331361449990615043
1331361609332236290
1331361913641504768
1331361916363698178
1331361980205178882
1331361987079573507
1331362477624397828
1331362483492237320
1331362523157848064
1331363051191365633
1331363590960537602
1331364218818473987
1331364472926195715
1331364477543956481
1331364479821631488
1331364490097664000
1331364496812765185
1331364540332838917
1331364638294937600
1331364704673992704
1331364734256500742
1331364791944966144
1331365406217474049
1331365735734579200
1331366291375071234
1331366990829719554
1331367271374204932
1331367272443760644
1331367506192240640
1331367694512369664
1331367744474759168
1331367850888601600
1331368071131492353
1331368228476612611
1331368833723101194
1331368889662529538
1331368997128900608
1331369257117114371
1331369504719441920
1331369516362838024
1331369889861410816
1331370577806970882
1331370599315353600
1331370634912395265
1331370718894972935
1331371031387312129
1331371126912593927
1331371223813644289
1331371306256838657
1331371446912901121
1331371570099531778
1331371730191994884
1331372021247303682
1331372022904053766
1331372024137093122
1331372024816672769
1331372038439784448
1331372216873865217
1331372263875235840
1331372373640179723
1331372392187375618
1331372435615211522
1331372474886467585
1331372475863748611
1331372514560368643
1331372837861515264
1331373354801127424
1331373619981791236
1331374185956970499
1331374280433688579
1331374348167499776
1331375097853128706
1331375505883475968
1331375893814669315
1331375939238981632
1331376034609041409
1331376298124582916
1331376606514995201
1331376662072717313
1331376788644225024
1331376873448869888
1331376967279587329
1331377022770290688
1331377031150440450
1331377053837430791
1331377115648978945
1331377138419765252
1331377145357230080
1331377177586233348
1331377207399297024
1331377240404320257
1331377243675824134
1331377246976794626
1331377290933121024
1331377296129798144
1331377303071449090
1331377351830200323
1331377356259405824
1331377472865177603
1331377511008264194
1331377524958507010
1331377547821584385
1331377568981733377
1331377593346629632
1331377623759548416
1331377698824925184
1331377738658304000
1331377745675362304
1331377750658199552
1331377753770389510
1331377801845465090
1331377817007828992
1331377845642424322
1331377875354865664
1331377917482381320
1331377948302032897
1331377949270917120
1331377950306955264
1331377953133891584
1331377954203394048
1331377958188060672
1331377959521890304
1331378020481961984
1331378035728257027
1331378036156063744
1331378036424531969
1331378049149853697
1331378055391154177
1331378055923818496
1331378072218583040
1331378082549121024
1331378092258983936
1331378095283003395
1331378118003732481
1331378177432752132
1331378225310797824
1331378251265093633
1331378262728187905
1331378291010367494
1331378304708976640
1331378425609805829
1331378451580903425
1331378480496463878
1331378489954590721
1331378552542027778
1331378645340999686
1331378662889943040
1331378705827057665
1331378741516378113
1331378791009185793
1331378799741702145
1331378848143978496
1331378872584183808
1331378890510655490
1331378923544854529
1331378944336142337
1331378983657738240
1331379007800143873
1331379029237256195
1331379039651639305
1331379068005195776
1331379069397704705
1331379084694327299
1331379096710950914
1331379109029699584
1331379206949806081
1331379222187806723
1331379312478597120
1331379314173030400
1331379320619753473
1331379427033423874
1331379433907871745
1331379434558001158
1331379441679863810
1331379492447809537
1331379505861111810
1331379523447889921
1331379543035293697
1331379570973548544
1331379572982632448
