1312905340695072770
1312905340904710145
1312905342569734145
1312905351432294400
1312905505535393792
1312905514544758785
1312905527589048323
1312905593024319488
1312905597076070403
1312905645105065984
1312905889070886913
1312905990711500800
1312906013977309184
1312906851072212993
1312907069821874177
1312907164223037440
1312907180543299585
1312907573880909825
1312907984469712897
1312908056745988096
1312908559986851842
1312909635695898624
1312910372836380673
1312910412392865792
1312910482370711553
1312910580307632128
1312910841029840896
1312910851054211072
1312911964583198720
1312912049865994242
1312912420663418880
1312912741397561344
1312912890152710149
1312913129576202242
1312913522486112257
1312913535744323585
1312913813222678529
1312914225182969856
1312914548664479744
1312914766076223488
1312914919311003649
1312915216506802177
1312915558904496128
1312915778790920192
1312916079958618112
1312916225928900611
1312916334498525185
1312916690301222914
1312916853233250304
1312917343736139776
1312917885199757312
1312918048026898433
1312918262406148101
1312918778255114240
1312918794659135489
1312918798723358725
1312918800631771136
1312918823734046720
1312918850753757185
1312918936980205569
1312918974758301696
1312919001148936192
1312919029775044611
1312919041627938822
1312919067880284162
1312919114705502214
1312919151946727425
1312919192165912576
1312919215230390272
1312919235925102592
1312919277087981569
1312919431002099714
1312919478645092353
1312919507632091137
1312919543447252992
1312919566855487489
1312919592671551495
1312919612296777736
1312919632269934598
1312919741204496384
1312919826990616577
1312919976542601216
1312919984130207744
1312920053919211521
1312920055378829314
1312920193065197568
1312920213327880193
1312920295100092421
1312920364184412161
1312920364729548801
1312920394081472512
1312920413257621505
1312920421596041216
1312920424565661696
1312920439094681601
1312920439560171522
1312920440587788290
1312920453757898752
1312920464218521601
1312920498997800960
1312920529775538176
1312920572695924736
1312920586088181761
1312920673388564480
1312920711137239040
1312920783807811586
1312920852724416514
1312920950426546177
1312921041518448640
1312921111907229697
1312921261799075841
1312921322759094272
1312921328144592898
1312921435455860737
1312921466002976768
1312921697163583488
1312921847881764866
1312921884741308416
1312921892647559169
1312921964080779265
1312922093231710209
1312922137783607298
1312922191617560576
1312922200127799306
1312922205437788162
1312922205899063296
1312922269518303234
1312922300925304832
1312922338392969216
1312922462909345798
1312922486959484928
1312922510225219584
1312922572422479872
1312922582518239235
1312922663745191936
1312922710121558016
1312922808217931777
1312922839440384000
1312922854443417601
1312922908520521729
1312922924563812354
1312922927189417984
1312922990494052360
1312923012417630208
1312923031644364801
1312923056101355522
1312923120345526272
1312923126666158080
1312923152650055682
1312923219494608897
1312923317674938380
1312923412147429379
1312923444619677699
1312923474843897856
1312923494489956352
1312923579009445890
1312923579479138305
1312923597095276551
1312923612207251459
1312923685716725763
1312923727676551174
1312923732000813057
1312923739248644096
1312923741123416064
1312923745351348229
1312923749797294081
1312923756659126273
1312923756847919105
1312923762170515457
1312923809784180737
1312923842642354176
1312923866772242433
1312923896597942272
1312923908153241600
1312923962297417728
1312923998662033409
1312924076676206592
1312924096431300609
1312924156145565698
1312924158607663104
1312924189007982592
1312924213867507712
1312924213976526849
1312924268255215619
1312924273695240201
1312924283895779329
1312924344104951813
1312924354234249216
1312924410257510401
1312924453253320705
1312924504600055809
1312924521725296640
1312924609231155200
1312924655448141837
1312924660074516483
1312924687777837057
1312924687865909248
1312924694442582021
1312924737899835393
1312924810066817024
1312924902715019265
1312925426482905088
1312925445390848000
1312925445608943616
1312925472343367685
1312925472414556160
1312925486054551553
1312925490571771905
1312925498905853953
1312925511954452482
1312925613464997894
1312925645928910849
1312925659237359617
1312925769690120192
1312925769908154368
1312925783464259586
1312926033927188480
1312926186427887616
1312926186805358594
1312926275577708555
1312926419345866754
1312926462035529729
1312926466687086593
1312926478854619136
1312926527936491520
1312926777380089857
1312926791087124481
1312926827065888768
1312926887568703488
1312926926470873090
1312926942090399744
1312926965083648001
1312926997341851648
1312927104330346496
1312927111133507584
1312927114778284032
1312927173846720512
1312927244990509056
1312927275596353538
1312927326372593664
1312927381439549440
1312927584091504641
1312927714995830785
1312927737070284801
1312927850245349381
1312927925335883776
1312927964787548161
1312927966276603904
1312927988741140481
1312927988770512896
1312927989215064065
1312927989454106624
1312928031137312769
1312928088725037058
1312928222879809538
1312928270011203586
1312928329599647749
1312928331453661184
1312928419500429313
1312928422608408576
1312928485875351553
1312928589877325824
1312928704788598784
1312928878621601792
1312929013577416704
1312929017217970176
1312929018845425666
1312929048465674240
1312929088043134976
1312929139347935237
1312929226232934400
1312929262140301312
1312929272978378753
1312929315437400064
1312929318159478786
1312929320688660480
1312929367614525440
1312929387306790912
1312929432634523648
1312929465790586882
1312929470538539009
1312929552465899521
1312929600557678598
1312929692517793792
1312929704526204930
1312929711144742912
1312929736532922369
1312929800328224768
1312929873795510277
1312930025495302146
1312930142449135616
1312930145569705984
1312930148782546945
1312930150133030912
1312930151122911232
1312930212854870016
1312930288717180936
1312930517365514240
1312930545563840513
1312930557655949314
1312930572939988992
1312930660030570497
1312930793031950338
1312930896048254977
1312931295312445442
1312931397410070528
1312931498576752641
1312931512006787072
1312931617086861314
1312931625953624065
1312931703955042307
1312931855168135168
1312931860490657793
1312932026010546178
1312932030422806528
1312932045182689280
1312932093958201345
1312932142968643587
1312932261369651201
1312932430794444802
1312932560390049802
1312932609425584130
1312932662001184768
1312932715948277760
1312932773733244928
1312932794545340416
1312932815793774592
1312932932089188354
1312932941371244544
1312933019167191040
1312933022732292096
1312933034149240832
1312933080282345472
1312933087081357312
1312933095469977600
1312933322822160384
1312933348633960448
1312933515785318401
1312933547712425985
1312933614909358081
1312933754751643649
1312933761223397377
1312933833541586944
1312933944376078336
1312933965016313856
1312934011413704710
1312934057987190791
1312934096683884544
1312934210441748481
1312934297142210561
1312934360052568068
1312934360899878913
1312934365437984774
1312934393682497538
1312934399885881344
1312934416063311873
1312934559944712198
1312934585546743808
1312934803893780488
1312934875645837315
1312934878749523968
1312934944805654528
1312934951189467143
1312935080982085633
1312935109314711552
1312935211374706689
1312935276566769666
1312935305125691393
1312935310829944835
1312935482360320000
1312935501373100034
1312935538811236352
1312935539448844288
1312935540187189250
1312935540828774402
1312935540992344064
1312935558675656709
1312935562731425794
1312935575410946048
1312935602317295617
1312935674539061248
1312935742386122752
1312935747742203906
1312935797700677632
1312935810308726785
1312935816923054086
1312935831095717888
1312935846790787072
1312935849441492993
1312935938411163649
1312936070040911874
1312936138655625217
1312936176790061056
1312936177347956736
1312936230334672897
1312936324924661767
1312936451856838657
1312936847702720515
1312936976753061890
1312937044386209792
1312937083842039808
1312937107539800064
1312937110597505024
1312937116725383168
1312937309604663297
1312937387379568640
1312937521383440384
1312937527754592256
1312937544443727872
1312937580686716929
1312937586030149634
1312937653722132481
1312937654892335106
1312937668955828226
1312937676031643649
1312937796185792515
1312937888770912258
1312938011164848128
1312938086242881538
1312938119843512321
1312938150239653888
1312938162679951363
1312938181940121600
1312938303398830080
1312938365617143809
1312938409602813952
1312938457799495680
1312938550539825153
1312938606567325697
1312938667636404229
1312938687819378690
1312938726067232768
1312938782476337154
1312938783424348165
1312938788826615809
1312938839477018627
1312938964224016386
1312938986839646208
1312939049628426240
1312939156935512064
1312939193476227076
1312939249944195073
1312939283758624768
1312939307779469312
1312939365597941763
1312939454814973953
1312939477657104384
1312939602857070592
1312939647417319424
1312939675993153537
1312939708557783041
1312939758776131585
1312939759719854082
1312939766179131394
1312939767013740544
1312939813293756416
1312939960614432769
1312940014301515776
1312940079061426176
1312940302903238657
1312940305545596929
1312940330958938114
1312940395966410752
1312940426446372865
1312940507513778177
1312940651638554625
1312940862205300736
1312940905129807872
1312941002005438465
1312941138135986177
1312941154724265984
1312941215952900096
1312941271644803074
1312941280704561152
1312941303957786624
1312941430772510721
1312941537190387712
1312941567737425920
1312941585953427458
1312941617976926208
1312941656459575296
1312941767243829250
1312941845274656774
1312942122807558144
1312942177178316800
1312942345814511616
1312942383181561856
1312942546675535877
1312942611443912705
1312942647401746432
1312942657069608960
1312942777840406528
1312942836635975685
1312942876448428032
1312942936997482496
1312943002550235137
1312943064311377920
1312943088285835264
1312943088319463424
1312943088868892673
1312943144653201408
1312943144879697921
1312943161128476674
1312943180640387072
1312943222767988736
1312943269903556613
1312943325536759809
1312943328791539712
1312943364917125120
1312943384949030912
1312943413118087168
1312943473495080960
1312943478809092097
1312943502427381761
1312943628805832704
1312943701279338497
1312943724322750464
1312943801393184768
1312943805189025792
1312943848214204422
1312943877628796928
1312943966581600256
1312943999653642240
1312944112249778177
1312944123524067329
1312944183997616129
1312944206617419778
1312944229237350400
1312944322623438849
1312944329137233920
1312944346732396550
1312944358744784896
1312944406916366339
1312944439749480449
1312944478139936768
1312944564928471042
1312944566337765376
1312944598105427968
1312944641990426630
1312944662643126273
1312944692309430272
1312944702279344130
1312944736257429505
1312944836354375680
1312944838543900672
1312944882877685762
1312944953476222976
1312944962384822272
1312944965828435973
1312944968722415616
1312944984140787713
1312945032945717249
1312945072070103041
1312945109760008192
1312945122997424129
1312945123295191041
1312945152802074626
1312945192899612672
1312945193566470150
1312945292468256769
1312945296960368640
1312945356028743680
1312945453944758277
1312945604788715520
1312945659083993088
1312945753036292096
1312945762708447234
1312945862004428800
1312945862755127296
1312946117336850432
1312946149519749125
1312946282894422018
1312946320496381954
1312946347897692160
1312946400171360257
1312946534229716992
1312946576151785473
1312946611518144521
1312946632304943107
1312946745014452224
1312946808499339264
1312946822655213569
1312946845166055424
1312946863260135425
1312946919765872640
1312946950011080705
1312946957657178113
1312947044730966016
1312947046362615809
1312947362457956352
1312947413758496768
1312947433119379456
1312947436395126784
1312947477004382208
1312947603030577152
1312947620013395980
1312947623733714945
1312947639839797248
1312947683112431622
1312947845843038209
1312947874486013953
1312947901375696898
1312947922485620736
1312947926608613376
1312948060381605888
1312948101829865472
1312948131416473600
1312948134285389830
1312948137544343552
1312948169521737728
1312948173422440454
1312948198542053377
1312948213767385088
1312948252505972737
1312948272282116101
1312948284353380353
1312948309804363777
1312948337960792065
1312948342578708481
1312948351999119360
1312948499915341824
1312948516717834240
1312948581511430147
1312948625241243650
1312948631608193024
1312948708405903360
1312948800995102726
1312948817579446273
1312948866493235201
1312948878426112001
1312948914505613318
1312948916120412160
1312948919576428546
1312948981736124421
1312949085926809601
1312949108152455168
1312949193544269826
1312949272451715075
1312949303346900993
1312949308354949120
1312949351111688193
1312949416383385600
1312949481248358405
1312949492723978240
1312949549854580736
1312949562030645248
1312949575586639872
1312949586173071360
1312949591973810176
1312949616032256001
1312949759813054464
1312949829920649216
1312949831078498309
1312949835159363585
1312949838028431363
1312949885419884545
1312949911391014912
1312950007297904640
1312950099371331595
1312950191620845568
1312950200470732801
1312950221958246400
1312950235518377984
1312950333732253696
1312950379274014722
1312950417999921159
1312950561852010497
1312950599273545728
1312950610728308736
1312950613924343808
1312950640298127361
1312950641803788288
1312950644794302464
1312950676012625921
1312950678629888000
1312950685072228359
1312950713119584256
1312950776088743937
1312950794916954113
1312950846573944832
1312950876814929920
1312951113855963137
1312951120784953344
1312951136278675456
1312951149268353025
1312951153664176128
1312951206147428354
1312951216524193793
1312951274560774146
1312951308702437376
1312951367670013952
1312951390424248325
1312951438402883585
1312951709547851777
1312951807329566721
1312951950384623616
1312951980801785856
1312951997298077697
1312952014360412161
1312952209139798016
1312952494302072833
1312952517567803394
1312952524786335744
1312952592692060160
1312952624652726275
1312952638594527234
1312952659410903048
1312952754697052161
1312952772870823937
1312952827241811968
1312952867628748801
1312952881016909826
1312952948004184069
1312952972922548224
1312952979251695617
1312953054317092864
1312953087783514114
1312953154770739200
1312953156666523653
1312953178531540992
1312953241102155777
1312953298631249921
1312953377613967360
1312953394122944512
1312953412229779461
1312953432123355137
1312953473923768321
1312953580450721792
1312953786458140673
1312953826278871041
1312953865797595138
1312953905995747329
1312953988707422209
1312954028196876288
1312954054411247617
1312954215954812930
1312954216248471559
1312954344447373312
1312954363678273538
1312954395995275264
1312954416123785216
1312954416593620994
1312954433085550595
1312954464006033408
1312954548789493761
1312954586706202626
1312954599473635330
1312954601172279296
1312954610177499136
1312954639856340993
1312954699272904705
1312954700552077314
1312954777102417921
1312954797159518209
1312954805770477568
1312954880865325057
1312954950276833280
1312954980517765121
1312954990890291200
1312955004869849088
1312955045969883136
1312955136231305218
1312955218817093633
1312955360437772289
1312955448497180673
1312955454277013504
1312955538041438209
1312955539337424896
1312955548631998466
1312955600482037761
1312955714550325249
1312955741486100481
1312955773090234368
1312955795622031361
1312955824063631360
1312955870091923456
1312955887296884736
1312955900701954050
1312955930401742850
1312955941927751685
1312955942804377603
1312956126095462404
1312956175294619653
1312956222925090816
1312956250863341568
1312956388688236544
1312956393847169024
1312956500869099523
1312956513145753600
1312956656544870401
1312956854851506176
1312956909553692673
1312956915174047744
1312956985646542849
1312957039023394817
1312957080202997760
1312957099115188230
1312957119474401285
1312957123719028736
1312957133474926592
1312957190299410432
1312957241222463490
1312957298298490881
1312957349179666432
1312957372139270144
1312957475142991872
1312957538225270784
1312957570483707907
1312957578637443072
1312957602851155976
1312957779611709440
1312957785949208577
1312957879515742208
1312957891532533761
1312957971341561857
1312957995723165697
1312958056095977472
1312958122152071169
1312958187776012290
1312958188099039232
1312958188556292098
1312958199520284672
1312958206705049601
1312958221884235776
1312958307062218754
1312958461362098177
1312958497244487685
1312958628320571392
1312958770910240769
1312958812400345090
1312958923335499778
1312958945569517573
1312959010530828289
1312959047667253248
1312959070895251456
1312959152000577537
1312959157826449408
1312959214873182208
1312959458365124608
1312959517202804737
1312959606314983424
1312959652762734592
1312959677211258881
1312959677886496769
1312959699893907456
1312959751739920384
1312959777023184896
1312959859986509824
1312959879150174210
1312959982317580289
1312960006518702081
1312960035610390530
1312960051871612929
1312960088546607109
1312960108138246144
1312960168834064384
1312960174299152386
1312960264971661312
1312960267056304129
1312960425236090880
1312960472489119745
1312960482488320001
1312960573630550016
1312960575425609729
1312960593729519617
1312960623546896384
1312960630450794496
1312960645571149825
1312960719198064640
1312960728735899649
1312960812131246080
1312960823917191170
1312960906217877504
1312960929647206402
1312960935372500993
1312960993820110853
1312961079358689286
1312961088963706886
1312961110849527808
1312961140918546433
1312961153035898881
1312961240529022976
1312961277938020353
1312961309034647554
1312961310452260865
1312961337656573952
1312961484717260802
1312961550014177282
1312961582398349312
1312961645161918470
1312961660781502465
1312961721481351170
1312961728540364800
1312961740531875841
1312961743543365632
1312961746915651584
1312961766125690885
1312961935080599554
1312961941128777728
1312961963480231942
1312961985013743616
1312961990919323648
1312962026403246081
1312962038440828928
1312962080224563200
1312962102001364993
1312962138412118016
1312962356696305665
1312962369354637316
1312962381497196550
1312962397339111429
1312962434978766855
1312962444667518976
1312962450170556416
1312962648024190977
1312962664503693312
1312962684011212802
1312962725128155137
1312962760666382336
1312962942971899911
1312962955877789696
1312962969370648576
1312963031656263680
1312963046340464640
1312963143472218113
1312963150367592452
1312963229920960512
1312963232202739713
1312963248560508928
1312963392676802562
1312963462025314306
1312963488877289475
1312963489049214976
1312963552215531520
1312963821955354624
1312963898098814977
1312963930327846916
1312963933016403969
1312963951001440256
1312964038452805633
1312964065225060354
1312964135861334048
1312964165045190657
1312964169096929280
1312964188021690368
1312964191104401409
1312964233773096960
1312964312554770433
1312964320951709696
1312964357068746753
1312964375813271553
1312964466397544448
1312964569221025800
1312964619883950080
1312964883932221443
1312965025846484992
1312965035761848321
1312965040648196097
1312965063234457601
1312965196797759488
1312965201843683328
1312965296374906881
1312965421826560002
1312965433306370050
1312965491229626368
1312965495897968641
1312965532132442112
1312965591976816640
1312965644476964864
1312965655021400064
1312965718401523712
1312965737456324608
1312965737519046656
1312965738680942598
1312965739280846850
1312965740727865344
1312965746645893120
1312965765830672386
1312965795400560642
1312965820981669893
1312965824219672576
1312965861347557377
1312965877017477120
1312965904121163776
1312965909552693248
1312965943505674240
1312965979648000002
1312965996433596416
1312966000921509890
1312966077626961921
1312966122606600193
1312966128130379777
1312966134036037640
1312966142705664001
1312966215925727232
1312966227757879304
1312966285458919425
1312966295902715905
1312966330522521610
1312966353704361986
1312966390975004673
1312966412038742017
1312966488517611520
1312966492690890752
1312966692570566656
1312966720164966402
1312966843372638210
1312966844177940480
1312966938981797893
1312966939891949568
1312966996313739269
1312967005767643143
1312967009488044034
1312967067944005637
1312967210546192386
1312967274685489152
1312967336685694983
1312967349880999936
1312967446773542913
1312967485386358786
1312967538448441344
1312967540088373248
1312967594933190657
1312967668983574528
1312967692228452352
1312967722507083776
1312967740907544576
1312967753968562176
1312967846234914817
1312967876081594368
1312967936114597888
1312967957576921089
1312967987410931712
1312968064758145025
1312968084387491842
1312968234275135488
1312968386519990272
1312968389976117249
1312968429406687233
1312968433361920000
1312968469638381569
1312968500076568579
1312968536520708100
1312968557471375362
1312968575607541762
1312968698563637248
1312968796467015681
1312968805723836416
1312968806273372163
1312968905086955520
1312968938293264384
1312968971264688130
1312969004886224897
1312969019033554944
1312969031289311234
1312969116307857408
1312969198142881793
1312969209131995137
1312969249917489152
1312969255336529920
1312969290107232256
1312969327168106496
1312969342234091521
1312969348190031873
1312969348865306625
1312969456121937921
1312969474073649157
1312969521762889728
1312969522861813760
1312969528851066880
1312969705431412737
1312969705909608448
1312969724540715008
1312969769914642432
1312969792467460099
1312969856539676672
1312969941092630529
1312970015663104001
1312970051365081089
1312970082491002881
1312970116850757632
1312970123926540290
1312970152091283456
1312970179320651776
1312970405964115968
1312970775272525824
1312970808097222656
1312970904645906434
1312970947356495874
1312970947926859776
1312971105729163265
1312971132639772672
1312971242400616448
1312971246796263429
1312971317520539648
1312971347497299968
1312971410466205696
1312971413301669889
1312971414035591168
1312971417512624128
1312971420859736064
1312971423745417216
1312971426589102081
1312971450509295617
1312971454728884224
1312971520570994689
1312971521929904128
1312971548471549952
1312971553072713728
1312971660866265088
1312971676989128704
1312971789904076802
1312971814856011776
1312971833784885248
1312971855255527424
1312971945567191040
1312971975225217024
1312972031059791872
1312972037296660480
1312972058939346945
1312972094553161728
1312972175989710849
1312972185770831874
1312972208302682112
1312972359125483520
1312972481062412293
1312972527929450496
1312972613073793024
1312972618912477184
1312972622729281537
1312972625409437696
1312972626638311424
1312972654287126528
1312972679377498112
1312972720695652354
1312972764211548167
1312972805697404928
1312972812727001089
1312972855013974017
1312973189950119937
1312973198259040256
1312973225748504576
1312973287236927488
1312973288092516353
1312973288201580544
1312973300797255681
1312973309445890049
1312973362424164352
1312973367000039427
1312973368719745024
1312973376839917568
1312973467097149440
1312973525737635840
1312973554393247745
1312973563868180480
1312973654217699328
1312973683485442051
1312973830491693056
1312973878092795904
1312973895109140481
1312973905573933056
1312973986242932736
1312974029448454146
1312974032577404928
1312974080715481088
1312974124088799232
1312974127117012994
1312974155562840070
1312974160025583616
1312974194901241856
1312974226786324481
1312974267861135360
1312974294016638976
1312974631142387712
1312974653795766272
1312974763275571200
1312974767599874048
1312974769864822784
1312974811832954882
1312974814139875329
1312974820284432385
1312974830497652739
1312974845995634688
1312974888357986306
1312974926211579906
1312974935242014722
1312974985078681600
1312975000929001476
1312975022278037504
1312975029521408000
1312975076376150016
1312975183594967040
1312975197616705538
1312975268336803841
1312975272124313600
1312975277417521153
1312975332677386240
1312975391208898560
1312975392236503040
1312975412671270913
1312975435290996737
1312975475489280007
1312975504287371265
1312975523858075649
1312975555202109440
1312975635791347712
1312975636793884672
1312975653772447744
1312975688044105728
1312975740695130112
1312975742385426433
1312975754918006785
1312975856428552192
1312975866171883520
1312975883083407360
1312975910648377345
1312975982756868097
1312976007452938240
1312976042445991937
1312976050004033543
1312976066902978560
1312976098758664192
1312976176944644096
1312976191138091008
1312976243755806720
1312976254400901120
1312976320670953473
1312976435146039298
1312976472961880066
1312976482235494403
1312976512061235200
1312976529941463041
1312976559779860481
1312976570273984512
1312976586279354370
1312976724112691201
1312976727291895809
1312976791024222212
1312976793444519936
1312976805251420166
1312976809659715584
1312976815066157056
1312976842668810240
1312976896708276224
1312976918556413952
1312976926781460480
1312977032058462209
1312977054145695749
1312977065768087553
1312977089960779778
1312977097204412422
1312977101683855361
1312977107677569026
1312977151621312512
1312977159103930370
1312977193891442689
1312977219963285510
1312977243904389120
1312977264003424256
1312977279048450048
1312977322048466946
1312977387425075200
1312977422678188032
1312977450389901312
1312977615628664832
1312977657429188608
1312977726752600066
1312977732029026304
1312977742284107776
1312977770113310720
1312977818490474497
1312977827852103681
1312977842012123139
1312977848739737600
1312977895208284160
1312977900543438850
1312978045259649024
1312978188407115776
1312978235391705094
1312978280950239232
1312978334402383872
1312978343206309890
1312978348033871872
1312978393642815489
1312978420574363649
1312978434155573253
1312978478929715201
1312978508294090752
1312978521388658690
1312978532826591232
1312978634957885445
1312978642771668993
1312978659880448000
1312978660123607041
1312978663596527616
1312978683783766018
1312978686279397376
1312978692164014080
1312978742961111040
1312978768127033344
1312978795993980929
1312978878516916224
1312978937975275521
1312979009328775169
1312979075837898752
1312979142527385600
1312979172994752514
1312979226564452352
1312979265575481346
1312979322718875648
1312979339496099846
1312979345506529280
1312979388804333568
1312979389706104832
1312979480567308290
1312979503174434817
1312979600696279040
1312979612088049664
1312979619017089024
1312979639367880704
1312979654488317954
1312979679108837378
1312979707315605504
1312979707470716928
1312979709978906626
1312979720141668353
1312979830342705152
1312979850542579712
1312979866791403520
1312980044357214208
1312980064376680448
1312980106961465347
1312980162229596160
1312980216919318528
1312980218982825984
1312980226444468225
1312980330928902144
1312980333780852736
1312980348633001985
1312980404484308999
1312980430921101312
1312980431143424006
1312980532645572609
1312980706713313280
1312980723154989057
1312980790364508162
1312980823772143616
1312980837063745538
1312980837734985728
1312980837923614720
1312980838301069312
1312980838523510784
1312980838586306560
1312980839194456065
1312980839655972864
1312980839945428993
1312980860493336576
1312980872983965696
1312980879946452992
1312980889954127873
1312980891036196864
1312980896509816832
1312980897923244032
1312980901668827136
1312980913513467904
1312980930672373761
1312980947214757888
1312980984590196736
1312981045860499457
1312981115984998401
1312981144078516230
1312981198076088321
1312981198466093056
1312981218124857344
1312981255865217024
1312981267990949893
1312981385599164417
1312981458970128384
1312981514179747840
1312981584161705984
1312981592227418118
1312981668844711936
1312981720636022784
1312981731700600833
1312981761241034752
1312981821597114368
1312981828534501378
1312981834947588098
1312981843793326085
1312981869881888770
1312981887590244353
1312981903230685184
1312981914882629632
1312981921186619392
1312981954984370177
1312981967005274112
1312982002652643330
1312982020319047680
1312982032109236224
1312982034093142016
1312982095824855042
1312982143769997315
1312982166926696448
1312982179790696449
1312982201869402112
1312982261038493696
1312982270777720833
1312982316701097985
1312982352424038401
1312982354617675777
1312982385206734850
1312982396749467648
1312982458653184001
1312982468295880704
1312982469122162688
1312982482707390464
1312982497492336640
1312982543604617216
1312982574269165578
1312982594854809601
1312982614379245568
1312982645962407936
1312982654720061441
1312982671463776256
1312982766045274113
1312982781534908416
1312982799318683648
1312982822634827781
1312982831237337088
1312982857330040832
1312982860224110593
1312982861239050245
1312982862929506306
1312982865919975424
1312982867312435202
1312982890725212160
1312982947864219648
1312982978281246720
1312982999600951297
1312983007469416448
1312983039517945856
1312983052436594688
1312983078932013061
1312983147529854980
1312983168564318208
1312983190181761026
1312983210897420288
1312983213292347393
1312983224658821125
1312983237229240320
1312983244867096577
1312983270263599105
1312983311271288832
1312983372562673665
1312983373061779456
1312983409195659264
1312983448492015617
1312983481392263168
1312983511025045506
1312983547746160640
1312983547842568192
1312983548429770753
1312983687038939137
1312983730957570048
1312983771017359360
1312983805679022080
1312983839405469696
1312983862834860033
1312983872926294016
1312983879490379776
1312983898616365056
1312983921630601216
1312983926684749829
1312983926969970689
1312983927431352320
1312983940240756736
1312983944049156096
1312983953851154433
1312983958485962752
1312983960369197056
1312983961669230592
1312983973904158721
1312983984243200001
1312984006175195136
1312984124437790725
1312984136186036225
1312984143924539393
1312984160760455169
1312984253475500034
1312984260228395009
1312984296404267009
1312984322819919872
1312984336464052225
1312984380000919553
1312984435915198464
1312984490583748608
1312984502055165953
1312984509999124480
1312984521814478848
1312984590689210368
1312984611882893312
1312984611891433472
1312984622339325952
1312984669231681536
1312984686256435200
1312984714769301506
1312984724307091456
1312984800802861057
1312984865093152769
1312984918574665729
1312984964720455681
1312984972224065541
1312985026099847168
1312985056969986048
1312985095284850689
1312985123982323713
1312985139606179843
1312985237190774784
1312985260662157312
1312985279834324992
1312985289766428672
1312985313149624320
1312985362625695745
1312985374617227264
1312985388839993346
1312985390698180609
1312985421882818561
1312985432481820672
1312985433140350976
1312985455772794880
1312985475171450881
1312985525595316224
1312985528497827840
1312985592507109376
1312985608810266625
1312985625784590339
1312985671309701121
1312985712338370562
1312985722153046017
1312985758580473856
1312985838217654272
1312985848565112833
1312985872694943744
1312985883335954432
1312985895155511296
1312985951736602624
1312986067239424000
1312986081705553920
1312986129902174208
1312986148172685312
1312986164903772168
1312986190862319616
1312986202925084673
1312986217387102208
1312986219962392577
1312986238878724096
1312986262219960320
1312986264547844096
1312986305287118849
1312986417904132098
1312986418592075776
1312986429618892800
1312986459834646528
1312986557976989696
1312986572623667200
1312986588167766016
1312986590004817921
1312986646938296320
1312986671420526595
1312986694732439555
1312986799984304128
1312986861871267845
1312986932226535424
1312986935372255233
1312986978279981063
1312986988488937472
1312987000266518529
1312987029806952448
1312987038287892480
1312987039516758016
1312987080100904960
1312987116520046593
1312987133435686912
1312987137340592128
1312987140117200896
1312987150661693440
1312987153094201351
1312987168852398081
1312987169544429573
1312987236770734080
1312987271033950208
1312987272464261120
1312987338683940865
1312987343750561793
1312987489532096512
1312987492400934913
1312987516920721408
1312987517948293121
1312987525275934725
1312987528002142209
1312987583455080449
1312987619773612033
1312987689281519617
1312987729437827072
1312987735586729984
1312987743480315904
1312987746617655296
1312987782147715072
1312987798895570944
1312987819820961793
1312987901278539776
1312987967993057285
1312987985588244485
1312988004806529029
1312988019058671618
1312988064361439232
1312988095822925826
1312988137367523329
1312988138764152832
1312988138852306944
1312988168946438144
1312988177284694016
1312988220444028929
1312988232003579904
1312988315784744960
1312988321488879616
1312988364774219776
1312988387570311168
1312988387578703872
1312988405001785344
1312988416934633473
1312988524099129345
1312988683847503872
1312988716730920960
1312988733394898944
1312988852798345216
1312988874738630656
1312988909710848000
1312988928291545088
1312988930229309440
1312988972646371332
1312988995849261061
1312989044176031744
1312989050975006720
1312989089113804801
1312989100513746945
1312989118318686209
1312989136333275136
1312989141815169024
1312989158101659648
1312989187654799360
1312989224237445121
1312989239194324993
1312989335491354624
1312989402533044224
1312989405938888704
1312989474540998656
1312989529423466496
1312989534221721600
1312989534636908544
1312989573476233218
1312989618736975872
1312989632225779712
1312989638445928471
1312989643697201159
1312989739193192448
1312989749062270977
1312989833128804352
1312989840342908928
1312989907799990272
1312989921465053186
1312989928305893376
1312989938082869248
1312989957577994241
1312989967493234689
1312989986510249984
1312989991002419200
1312990004352868355
1312990043909259266
1312990082169819137
1312990111299141632
1312990141703761921
1312990242438348801
1312990277804716032
1312990286306516992
1312990328555741184
1312990334176157696
1312990385841504256
1312990397078085632
1312990399879933952
1312990431484010496
1312990433941884928
1312990447585890305
1312990524530360321
1312990558923755520
1312990567786217473
1312990570722275333
1312990602594836480
1312990670219509760
1312990682689277953
1312990700217270273
1312990763723223042
1312990790805868544
1312990837131956225
1312990849412689925
1312990872611495936
1312990903246569478
1312990903296950273
1312990915972268032
1312990920879603714
1312990973153226752
1312990974692515842
1312990997064945664
1312991052702404609
1312991084495204352
1312991099556823042
1312991186693640192
1312991214824759296
1312991245418090496
1312991262035845122
1312991305639825410
1312991328876331008
1312991360878866439
1312991370626371584
1312991372488650752
1312991375953195010
1312991416428060675
1312991423726325760
1312991437563351041
1312991452360736770
1312991465283358721
1312991492684816385
1312991506966306816
1312991535206674432
1312991541716189185
1312991571424542721
1312991589468459008
1312991600226820097
1312991619457712128
1312991628777455617
1312991630899793920
1312991646557122561
1312991688105787392
1312991696150564864
1312991698818134018
1312991718011211776
1312991728849297410
1312991729495281664
1312991741092540416
1312991756242300928
1312991787531866112
1312991841386737669
1312991871300444160
1312991970223165440
1312992001994915840
1312992006654898176
1312992068898361346
1312992087651090433
1312992087776940032
1312992155330371584
1312992161693077504
1312992161709862912
1312992161810411520
1312992180231909376
1312992201421578242
1312992217057853440
1312992240252444673
1312992291825561602
1312992302340747264
1312992304001679360
1312992311840837632
1312992356845735937
1312992367511822336
1312992371001438209
1312992380505804800
1312992389347323904
1312992412596305920
1312992418082545669
1312992429486809089
1312992471379398656
1312992475989106688
1312992497832992769
1312992500110385153
1312992543186063360
1312992668629241858
1312992680218112000
1312992683821010944
1312992688317308928
1312992690888466433
1312992691605639168
1312992701000945666
1312992740096061443
1312992771423309824
1312992843498168320
1312992893179760641
1312992923332509696
1312992923882082304
1312992927493304320
1312992942206980097
1312992947441479680
1312992948011913216
1312993039929966592
1312993057286098945
1312993062860320769
1312993063271366661
1312993065368420353
1312993072767262721
1312993109823889408
1312993114899001344
1312993128907968512
1312993136461963267
1312993142480666625
1312993160201674753
1312993215931396096
1312993229663604736
1312993260911112193
1312993268167254016
1312993301533003783
1312993333850116096
1312993359384977408
1312993379127570433
1312993394222936064
1312993420051460097
1312993457565294597
1312993466423615488
1312993467426050049
1312993475567255553
1312993481254531073
1312993549886124039
1312993588486299648
1312993606630813703
1312993618588848128
1312993621168316416
1312993801347239938
1312993838500319232
1312993867621453824
1312993884235071488
1312993890463604736
1312993942733033472
1312994003567161344
1312994067010269187
1312994090452242432
1312994107724369920
1312994124157587461
1312994129723428865
1312994188280164353
1312994195171348481
1312994216063258625
1312994276859498498
1312994331607937024
1312994370036150272
1312994427611369472
1312994440705970177
1312994479289368576
1312994528639488000
1312994554417745923
1312994579092828160
1312994676182577152
1312994696055197696
1312994700161359873
1312994700618600452
1312994720898068481
1312994744990040064
1312994763147276288
1312994777764368386
1312994778280333313
1312994798450757632
1312994869841887232
1312994890863738880
1312994898057007106
1312994921859690497
1312994923436797953
1312994968299016192
1312994976842870784
1312995010489577472
1312995060703793152
1312995084045033472
1312995168648269825
1312995185819873280
1312995215452626945
1312995219600703488
1312995249908789254
1312995254484819968
1312995303583342594
1312995311342714881
1312995322491285504
1312995333597810692
1312995400622780417
1312995433443192832
1312995450920804352
1312995459879841799
1312995483242106883
1312995486446628864
1312995509481725954
1312995536094531584
1312995676779929601
1312995693758500864
1312995701127737346
1312995755846701057
1312995762742140929
1312995782572867592
1312995785726996481
1312995798104322049
1312995821835685888
1312995826327785473
1312995830727671809
1312995831172214784
1312995894065868800
1312995921068781571
1312995925732683777
1312995931109822465
1312995935807574022
1312995936491245568
1312995937027911680
1312995937757921280
1312995937988427777
1312995939846479873
1312995940257603584
1312995940580560896
1312995942274985987
1312995952274345984
1312995970167320577
1312995980099358721
1312995981361733636
1312995985723994112
1312995990459297792
1312995993659551746
1312996037146140672
1312996045740298240
1312996046247784448
1312996047514472448
1312996051733884929
1312996061842231296
1312996062060310529
1312996065298259971
1312996087796502528
1312996146256764928
1312996183820861440
1312996188526981120
1312996201374023680
1312996255631630336
1312996356638867456
1312996359323123712
1312996405573808130
1312996440826937345
1312996443658096640
1312996449492369409
1312996449911799808
1312996454093463553
1312996480857378817
1312996481570349057
1312996514214576128
1312996523072946176
1312996530584989698
1312996546615574529
1312996571018080256
1312996571441696769
1312996615104258048
1312996628958244865
1312996644535840769
1312996680128704514
1312996680724344837
1312996699334414337
1312996709308432384
1312996712315666433
1312996730829508608
1312996733509611520
1312996744477716480
1312996823817170944
1312996859833704450
1312996862891352064
1312996904461049856
1312996916175794177
1312996936920653826
1312997028637683712
1312997031389126657
1312997045465161728
1312997067573399552
1312997145855832064
1312997177715650562
1312997195176538113
1312997196996972544
1312997227535781888
1312997231956561920
1312997242949849091
1312997245592260609
1312997278915981312
1312997294946619392
1312997307684712451
1312997310465536001
1312997353658486784
1312997387560988672
1312997403491008512
1312997407903436800
1312997414576566273
1312997415365025794
1312997439914246144
1312997448084840448
1312997463935066114
1312997465751257088
1312997483673518080
1312997495769886720
1312997504775057410
1312997662602522626
1312997736636088320
1312997749411938304
1312997779610963970
1312997946921832448
1312997958028341248
1312997959370444800
1312997969038323714
1312997974343991297
1312997974847488000
1312997997383487488
1312998002064265216
1312998022167621632
1312998050403692547
1312998075833688065
1312998079289851904
1312998086080376834
1312998095634956288
1312998127549456384
1312998130670022658
1312998163851210752
1312998165239529472
1312998177872596993
1312998209992654848
1312998215831236609
1312998242616049665
1312998265005117440
1312998335037403137
1312998372547100673
1312998398543433730
1312998399940198400
1312998412376301569
1312998424619483136
1312998433515622400
1312998453077848064
1312998453115486208
1312998461755793408
1312998487919857665
1312998503929581568
1312998515388428288
1312998534870958081
1312998558371512321
1312998571898273794
1312998588809609216
1312998611098140672
1312998634976403457
1312998665095655425
1312998669646532608
1312998672679022593
1312998685035368448
1312998692736118784
1312998695768649728
1312998700520742912
1312998708842237952
1312998713233612801
1312998808419209217
1312998809266540544
1312998812219256833
1312998829298515968
1312998871455412225
1312998911854948352
1312998914518396928
1312998925461270533
1312998926648250369
1312998951952551936
1312998957602271243
1312998970273267712
1312998984038965248
1312999003987025920
1312999047926550529
1312999063328100353
1312999102242791425
1312999108723040256
1312999135340097536
1312999166738681856
1312999211479248896
1312999244450664449
1312999358758113285
1312999391997898754
1312999399644164098
1312999426189819904
1312999440236642304
1312999442455375873
1312999445005561856
1312999449522778112
1312999452706299904
1312999457798213632
1312999459735789568
1312999467537313793
1312999520167489536
1312999523539709954
1312999531777347585
1312999560265039874
1312999648408281088
1312999653424668672
1312999665818914816
1312999677416165376
1312999704964354048
1312999711448522752
1312999711532552192
1312999739907022851
1312999765806899201
1312999818659352576
1312999824736747521
1312999854205853696
1312999890541314048
1312999898892169216
1312999954584080386
1312999978856583175
1313000014441066498
1313000068371419136
1313000085769400320
1313000097114927104
1313000108175360000
1313000119940403202
1313000120686870528
1313000146955837440
1313000176475348992
1313000187888119808
1313000202563977216
1313000224684675072
1313000225586507778
1313000329215119361
1313000369446891521
1313000375578963968
1313000432940265472
1313000452670226432
1313000536141189121
1313000553107030017
1313000648468762625
1313000677581500416
1313000689837182977
1313000690336358401
1313000720174546945
1313000737971077120
1313000747894792192
1313000794359300096
1313000846024728576
1313000856992837634
1313000899107794946
1313000947145232384
1313000969811132417
1313000970222264321
1313000998630240257
1313001008797229056
1313001013004005377
1313001013465538560
1313001037062602753
1313001046294360064
1313001054611570689
1313001115609444352
1313001117383618562
1313001128175505409
1313001155094630401
1313001159926452224
1313001162673659904
1313001191064780801
1313001215110844417
1313001236145360896
1313001239706247168
1313001290931240962
1313001303564529665
1313001351417389057
1313001435404083201
1313001468442673153
1313001480828452865
1313001487954579457
1313001492304080896
1313001529838796801
1313001533458481155
1313001562076307456
1313001582787801088
1313001615498997761
1313001616627425280
1313001657328898048
1313001691499900928
1313001693152530432
1313001693454499841
1313001704888184832
1313001724722982914
1313001728695033856
1313001742276136960
1313001762857525249
1313001800128245762
1313001826896273408
1313001851856605184
1313001911918964736
1313001926590693379
1313001969657806848
1313001975777288193
1313001980625858560
1313002027585351681
1313002052331675650
1313002061697634306
1313002066734972928
1313002069545156608
1313002086750138369
1313002097412050946
1313002120120094720
1313002134284181506
1313002192446652421
1313002193461612544
1313002208007467009
1313002224772145152
1313002230602178563
1313002231898218496
1313002233693376514
1313002237053079553
1313002248297996288
1313002250227376128
1313002302475661312
1313002334914478083
1313002341361225728
1313002350576046080
1313002401973100544
1313002409703215105
1313002465315430401
1313002535565832192
1313002554956095488
1313002566951854081
1313002575143337984
1313002638066233346
1313002642742935553
1313002646194868224
1313002649931845632
1313002718404005888
1313002722501824512
1313002750628769793
1313002760636432384
1313002779095556097
1313002833562800130
1313002876860616705
1313002892236910599
1313002900260519936
1313002911161626624
1313002920103862273
1313002930644103168
1313002946339241985
1313002954279071744
1313002996880601090
1313003014463074304
1313003028543344641
1313003070847094789
1313003077650313221
1313003123267436544
1313003125800792064
1313003128866832384
1313003167244709889
1313003167366471681
1313003195833241600
1313003234148184064
1313003259729244161
1313003278490365954
1313003281787097088
1313003294655238144
1313003295066202112
1313003302603415553
1313003317396746241
1313003330608787456
1313003346580705280
1313003348459745285
1313003368768573441
1313003399554772992
1313003431108411393
1313003437588611072
1313003463442411520
1313003475178000392
1313003483315023873
1313003487035179009
1313003490155798528
1313003504894644225
1313003506459185153
1313003509994999808
1313003512100462592
1313003554232250370
1313003580627058688
1313003623249596418
1313003635027128320
1313003641683480576
1313003680854159363
1313003697107079171
1313003702559690752
1313003716056961024
1313003727020871681
1313003727373115392
1313003733505241088
1313003739675078656
1313003739998048256
1313003741637992449
1313003787909500933
1313003807882838016
1313003817856897027
1313003831354167296
1313003850291437568
1313003879081095171
1313003923159089157
1313003932516601859
1313003994302820352
1313003998132285440
1313004009435926528
1313004050615603200
1313004073910775809
1313004089224114176
1313004093732982784
1313004108698341376
1313004116629696513
1313004177178722305
1313004180550844417
1313004224758808576
1313004250671255552
1313004352618074112
1313004372708732928
1313004377372864512
1313004387598512128
1313004387657187333
1313004395567755265
1313004414161039360
1313004448122273792
1313004502442807296
1313004514656518144
1313004522399244288
1313004528166473728
1313004578674216960
1313004592574222341
1313004620516667395
1313004622005637120
1313004626787041280
1313004642259939329
1313004663365664769
1313004677345292288
1313004702209052672
1313004719296720896
1313004761508122624
1313004773285781505
1313004788381036544
1313004788712341511
1313004788821483520
1313004799974150145
1313004847420059648
1313004859688472576
1313004863349952512
1313004866353192961
1313004866856517632
1313004876968984582
1313004879976202240
1313004881280630790
1313004881293303808
1313004885193961473
1313004895264481280
1313004895939833856
1313004910997364736
1313004918257659905
1313004953670217733
1313004997702017025
1313005088672231424
1313005111497588736
1313005127649853440
1313005170243108864
1313005172398985223
1313005201012518912
1313005205018025986
1313005209526861827
1313005210197991424
1313005255295152128
1313005271116140544
1313005342071156736
1313005353165090818
1313005356369563650
1313005369531273216
1313005375197601792
1313005380360957954
1313005380893638656
1313005394256695296
1313005408697700352
1313005431241891841
1313005444739346432
1313005465605992448
1313005465773780992
1313005473294176256
1313005482324393985
1313005514066886656
1313005533742469121
1313005547239755776
1313005563513536512
1313005590638190592
1313005609978130433
1313005616609275904
1313005629620072448
1313005640655175686
1313005646724431877
1313005660905365505
1313005666844454912
1313005680354357248
1313005681155420161
1313005697131569154
1313005705654398976
1313005725300523008
1313005729570316288
1313005732539793408
1313005752886403072
1313005759031058432
1313005763430940672
1313005812365889536
1313005813615689728
1313005816744759296
1313005874001084417
1313005923456217093
1313005926929006594
1313005930594938881
1313005973452316672
1313005975553691649
1313005984462274560
1313006002975895553
1313006014065709056
1313006025814007808
1313006038803718145
1313006110366990338
1313006117098848258
1313006138967748609
1313006147855679488
1313006149386612737
1313006154704916480
1313006176007839744
1313006179803688961
1313006189609918464
1313006205439180802
1313006246308478978
1313006301237121024
1313006309432844288
1313006323169218560
1313006329557135360
1313006357742747648
1313006368589320193
1313006373744062465
1313006384074686470
1313006408330248192
1313006429591265281
1313006430379806722
1313006440316010496
1313006520230051841
1313006529042415618
1313006548952797184
1313006565528678410
1313006580133171205
1313006603923329024
1313006622252429312
1313006625767202816
1313006635699363840
1313006649712480257
1313006681970937857
1313006688530837504
1313006690925674496
1313006695573004289
1313006728754139138
1313006730717073408
1313006752309403648
1313006812384448512
1313006830503813120
1313006838015840257
1313006843510358016
1313006857179537408
1313006913811025920
1313006931326402561
1313006940340006912
1313006942625968133
1313006948690739200
1313006949492035584
1313006952247709698
1313006986842320897
1313006991263006722
1313007009466204160
1313007082191323136
1313007116110749698
1313007156753563648
1313007159467298816
1313007164311711746
1313007166622760960
1313007179033726977
1313007180199665666
1313007211069620224
1313007261116231680
1313007261149810691
1313007277935398912
1313007322629918720
1313007324152373249
1313007332197097472
1313007333795139585
1313007336282353664
1313007337960017923
1313007348022226945
1313007421154111488
1313007432688427010
1313007483779256321
1313007511054815238
1313007519804071938
1313007558072979457
1313007586929782785
1313007641661145088
1313007658165768192
1313007687769239553
1313007738910314496
1313007749668634624
1313007758304837633
1313007770011136003
1313007856526987265
1313007893382270982
1313007971174158336
1313007978048565248
1313007986433028097
1313008039109300227
1313008043358072832
1313008066640728064
1313008071770341376
1313008111477809153
1313008115332325376
1313008123674755072
1313008144411488257
1313008149373374465
1313008157212454919
1313008166343512065
1313008167064924162
1313008169736704001
1313008173691875329
1313008195863040000
1313008218084343808
1313008250451832832
1313008253538885633
1313008272857677825
1313008275386961926
1313008276385091592
1313008301794373633
1313008308920496128
1313008308995977217
1313008314075287552
1313008385906933760
1313008396870840320
1313008403602698240
1313008434502160385
1313008449085730817
1313008477707612161
1313008479427276801
1313008519487148034
1313008522259558400
1313008531658874881
1313008532996980737
1313008543453327360
1313008545726636032
1313008558192156672
1313008559257456640
1313008622595694592
1313008636554338304
1313008650659782657
1313008680829292544
1313008693525516288
1313008701511528449
1313008707584823297
1313008757711015936
1313008759128629248
1313008793148690433
1313008812928823297
1313008833040613376
1313008862757302280
1313008906793373696
1313008929165766657
1313008969238163456
1313008976938905600
1313008986380292096
1313009005023944704
1313009029409640448
1313009033352155142
1313009042055467009
1313009042277703680
1313009045347815424
1313009058065133568
1313009059579269128
1313009067242196992
1313009094396125184
1313009097101520897
1313009108455354368
1313009112813391872
1313009113555701760
1313009126952370178
1313009129414373376
1313009152457879552
1313009154458611712
1313009167876214786
1313009175862140928
1313009193578901504
1313009222620262401
1313009225208131590
1313009225564643330
1313009231705133057
1313009233248608256
1313009259999899653
1313009265385373697
1313009274696732672
1313009323963015169
1313009352148684800
1313009362126934017
1313009396297994240
1313009417680556032
1313009429864951809
1313009431848857600
1313009533984346112
1313009536131792897
1313009539655008256
1313009544411267073
1313009546630238208
1313009554204966912
1313009567429689350
1313009642696564747
1313009648753086464
1313009663613505536
1313009685558157312
1313009739161272321
1313009739907977217
1313009744429318144
1313009752591544320
1313009847445659648
1313009874863878145
1313009878416470016
1313009879607541765
1313009888898023424
1313009912755236864
1313009913447280640
1313009921777115136
1313009923513610242
1313009994367893504
1313009999539515392
1313010003830337541
1313010006346919936
1313010098965446656
1313010118380978176
1313010150752620544
1313010173951250434
1313010182792847360
1313010193329016832
1313010193979015168
1313010196428607489
1313010214854168576
1313010219342012416
1313010226115891205
1313010231694307328
1313010262019117056
1313010267379380224
1313010272571977731
1313010279333199878
1313010283909177344
1313010291899133952
1313010301198127104
1313010307464388608
1313010317073567744
1313010337520783361
1313010353136115712
1313010363923869696
1313010389265903616
1313010399118229504
1313010404713402369
1313010417338212352
1313010432509177860
1313010482433925120
1313010496879104001
1313010497596338176
1313010515678027776
1313010520140775425
1313010559961509890
1313010566865313793
1313010567364448256
1313010571525132288
1313010574440247296
1313010648092114944
1313010675996913665
1313010680971374592
1313010700810412032
1313010701619916800
1313010714962014208
1313010746125619200
1313010768707809285
1313010770809155584
1313010791780679680
1313010792103636994
1313010813079302145
1313010847036452864
1313010879030603776
1313010886475501569
1313010919618871296
1313010920499695616
1313010934223376384
1313010942171590656
1313010957321416704
1313010967761035265
1313010990137643008
1313011027752222720
1313011035968659458
1313011036002320385
1313011037105393665
1313011038367879168
1313011038980243456
1313011039198306304
1313011039223545856
1313011039408140290
1313011052121124864
1313011057212956673
1313011059129810945
1313011064607592448
1313011068524994563
1313011116893777922
1313011174255067136
1313011200385400832
1313011205020278784
1313011213106806784
1313011219633184768
1313011222569259009
1313011227283595265
1313011231431839745
1313011240806035456
1313011258040426497
1313011268161171456
1313011302864842752
1313011309424771072
1313011355700649985
1313011369051119618
1313011370791763971
1313011373098635264
1313011375329943552
1313011411946217472
1313011468581904385
1313011476332978176
1313011481873649665
1313011483803086849
1313011485937930241
1313011551234793478
1313011570029613057
1313011571703115783
1313011602464092161
1313011629987164160
1313011663222775809
1313011667538767873
1313011706910646273
1313011715118960640
1313011823898251264
1313011860401197056
1313011905519325184
1313011914126098432
1313011920107175936
1313011931016462337
1313011940499877894
1313011954085244929
1313011969461551106
1313012010485977088
1313012036444487682
1313012056166207489
1313012126706012163
1313012129386188802
1313012156611399686
1313012171186593793
1313012172356825089
1313012191487025152
1313012204413870080
1313012231248973824
1313012260131004416
1313012267072528384
1313012271380148224
1313012278632091648
1313012300039811074
1313012308654915584
1313012332264591360
1313012350136594432
1313012367689736194
1313012369476513793
1313012461625376769
1313012477517533189
1313012515325046785
1313012533851193344
1313012560027881473
1313012583625035777
1313012588020748288
1313012590537252865
1313012598833582080
1313012610632241152
1313012621407334400
1313012622581788674
1313012647298727937
1313012667360182272
1313012673194479617
1313012689006931968
1313012689661235209
1313012692639191043
1313012693511671809
1313012697361940480
1313012699140427778
1313012709940776960
1313012721022107648
1313012738747174912
1313012739099500544
1313012749555859456
1313012751422414848
1313012773421486080
1313012791150874626
1313012807957266436
1313012815288889345
1313012819277877248
1313012824239738880
1313012859845124097
1313012884146978817
1313012887955427331
1313012904820604928
1313012911519019008
1313012926912045057
1313012957094334465
1313012957870206979
1313013012891152384
1313013015101440001
1313013016468877312
1313013016842121218
1313013039420014592
1313013065919725569
1313013094147395585
1313013100027752449
1313013112761724929
1313013113143332868
1313013113927749632
1313013129895440384
1313013131598327809
1313013135574478854
1313013164783603712
1313013167778336768
1313013169749716995
1313013174682169345
1313013185188753410
1313013186182803458
1313013187176878080
1313013188133232640
1313013189131431937
1313013190096158720
1313013191048224769
1313013192025493505
1313013202905686016
1313013205590048768
1313013252964614144
1313013258236964864
1313013264956227584
1313013280001216512
1313013285093081088
1313013295058747392
1313013307972911110
1313013309344448517
1313013309780549633
1313013313056305154
1313013315069714432
1313013315967172613
1313013317166800896
1313013319129657344
1313013320077635584
1313013328126513153
1313013331817529344
1313013347294601217
1313013353116303360
1313013355309924352
1313013362117300229
1313013379238367232
1313013379355873281
1313013409194168322
1313013410137870336
1313013420074168320
1313013425702727681
1313013428198481922
1313013435244990464
1313013435974647808
1313013439057530881
1313013465133518848
1313013473954140160
1313013476403671042
1313013476541988865
1313013507777073157
1313013514064330755
1313013532590563329
1313013552756604929
1313013552924459009
1313013567361351680
1313013569223618560
1313013577557716992
1313013578648236032
1313013583408701445
1313013602471882754
1313013607668555776
1313013608230592513
1313013617470644224
1313013621065158657
1313013622965252097
1313013624429043712
1313013627457335296
1313013628061315072
1313013630636568578
1313013647455780864
1313013653470433280
1313013657417265152
1313013680188076033
1313013684436901894
1313013684495679489
1313013696667570176
1313013699867795457
1313013704787742721
1313013725021057029
1313013730511335425
1313013731631259648
1313013775977545728
1313013792490631169
1313013816087793664
1313013838074310656
1313013856365576192
1313013906680557568
1313013929367556096
1313013934891446274
1313013954206203910
1313013957674831872
1313013959302287360
1313013977501372417
1313013987043422208
1313013999429132288
1313014036729073664
1313014042865197061
1313014076004544512
1313014082551918592
1313014106912436224
1313014114915102720
1313014122863304704
1313014132069871616
1313014146208796673
1313014159186030593
1313014165183901696
1313014173589274625
1313014174419746816
1313014186155405312
1313014203855372288
1313014216790605824
1313014225292398592
1313014232485703680
1313014250399555584
1313014252651806721
1313014274864943105
1313014276517322753
1313014279323430912
1313014292606840832
1313014304564801538
1313014305353277440
1313014319022448642
1313014359392649216
1313014359396806656
1313014363574468609
1313014368448151553
1313014369429729281
1313014372361527296
1313014374794227715
1313014388736110602
1313014391986622464
1313014427957026817
1313014429458587648
1313014429567651840
1313014435024429056
1313014446596517888
1313014483485446144
1313014493698457602
1313014543946313728
1313014595330756608
1313014611931787264
1313014621427716096
1313014622044200961
1313014624317583360
1313014632840265728
1313014648325668864
1313014656378777600
1313014675555135488
1313014676654043136
1313014680584101890
1313014702092369921
1313014707448672256
1313014715984097280
1313014761114800129
1313014776822476805
1313014777321598976
1313014777988382720
1313014796468531202
1313014810947325953
1313014810959896578
1313014811043733509
1313014818975051776
1313014825195376640
1313014827976097794
1313014848456929280
1313014895370293248
1313014908913582083
1313014937158123520
1313014947832459267
1313014951477473286
1313014952672845824
1313014975322038273
1313014978547417089
1313014996092293120
1313015008968802305
1313015041180958720
1313015064023031811
1313015080288768000
1313015083581296640
1313015089839124481
1313015091139313666
1313015109233643520
1313015128623845377
1313015245628207105
1313015264603254784
1313015280034099200
1313015323323510786
1313015334648061952
1313015349076525056
1313015360677990400
1313015368491859973
1313015389857734656
1313015398284120064
1313015411835842560
1313015442211057664
1313015448036835328
1313015454345105408
1313015456756834304
1313015488503582722
1313015489090772993
1313015502831222784
1313015532975783936
1313015541989347328
1313015544526897152
1313015550784798730
1313015563321516032
1313015565137645568
1313015593432383493
1313015606908792832
1313015610285137921
1313015613288218624
1313015619281924097
1313015653826256896
1313015655357087744
1313015656384786433
1313015664936878080
1313015668392878080
1313015714857484289
1313015715113377792
1313015718175215616
1313015718401769473
1313015727742386177
1313015759304560640
1313015776413126656
1313015788039819264
1313015810890268672
1313015811834097665
1313015814833008640
1313015815059501057
1313015815734800385
1313015827357081601
1313015829194330115
1313015829626265601
1313015833682206721
1313015862937432070
1313015866456330243
1313015872664014848
1313015885339258881
1313015887834894336
1313015951416229888
1313015960924811272
1313015993350778880
1313016009952047104
1313016017455439872
1313016022342012928
1313016028264304640
1313016037386977281
1313016075542503424
1313016169637478401
1313016177636134913
1313016241532153856
1313016243700617216
1313016269621407744
1313016285903622144
1313016298423685120
1313016301078618113
1313016308427096064
1313016345529708544
1313016374088790016
1313016379205795841
1313016410168266754
1313016415583170560
1313016421320921089
1313016455735238657
1313016480670396416
1313016485233807360
1313016499142037505
1313016504917659649
1313016516133163008
1313016554674696193
1313016564292235265
1313016572622131200
1313016601323753473
1313016605320724481
1313016629354168320
1313016640565583872
1313016641089933312
1313016653085581313
1313016669049151488
1313016673088221184
1313016690414845954
1313016716172156929
1313016757754437632
1313016758224277504
1313016792869199872
1313016803346599936
1313016820014739456
1313016821092679681
1313016827581206528
1313016837773426688
1313016838075437056
1313016859361447936
1313016867813031936
1313016875845115905
1313016891632488448
1313016944010964992
1313016944744898560
1313016945952907265
1313016955440332801
1313016976931991552
1313016988940328960
1313016999044354053
1313017023857922049
1313017035580821504
1313017036147224576
1313017080300613633
1313017094376652801
1313017101528043521
1313017119693561856
1313017162920087553
1313017172952780800
1313017174118760448
1313017187351883778
1313017200937259009
1313017230108643328
1313017231111065601
1313017248362254336
1313017258428465153
1313017270503985155
1313017284420612096
1313017295917199362
1313017323054403584
1313017335649796096
1313017335729524736
1313017338539716608
1313017373503434757
1313017385641807872
1313017406567124995
1313017423218511875
1313017449261019136
1313017452041822208
1313017456303239169
1313017475177603078
1313017484111380480
1313017490692243458
1313017499491930113
1313017596392988672
1313017636570234881
1313017802895298561
1313017820138139649
1313017920516231169
1313017968843001857
1313017971040804864
1313018436541460481
1313018576798969857
1313018586709938176
1313018587397992449
1313018853400739840
1313018984611172352
1313019080794935297
1313019129851449345
1313019175439347712
1313019324815343616
1313019343811366912
1313019397838123008
1313019417480122368
1313019541715378177
1313019651434086401
1313019753016053760
1313019963540676610
1313019979516780544
1313019988559769600
1313020046680248320
1313020160832401408
1313020167413260289
1313020177752240133
1313020208114794496
1313020284627230722
1313020302213951488
1313020313945485312
1313020322837397505
1313020337198637056
1313020434628177920
1313020440646946816
1313020451321450496
1313020483466670080
1313020656225857536
1313020710755983361
1313020744796864512
1313020762480091136
1313020820625731584
1313020928851357696
1313020999999291392
1313021025316220928
1313021289322475522
1313021304178724867
1313021323917037573
1313021360000708608
1313021397246058501
1313021414723719169
1313021431878479872
1313021448554975232
1313021564493934592
1313021581610962944
1313021666725892097
1313021958439698433
1313021964085350404
1313022039507247105
1313022182801301504
1313022255157444608
1313022290276290561
1313022297880424453
1313022360790786049
1313022360807636993
1313022360824487938
1313022395662446593
1313022452742713345
1313022640324575237
1313022857191063559
1313023360285237248
1313023398784753665
1313023426626543617
1313023435300384770
1313023498428837888
1313023605337403395
1313023606461476864
1313023618922708992
1313023618960351234
1313023898431221760
1313024080103305218
1313024146608205824
1313024229214957568
1313024239604203520
1313024301864427521
1313024400397086720
1313024485486977024
1313024570421542912
1313024593058238464
1313024600792543232
1313024747064750080
1313024779159580672
1313024790882521091
1313025230118453248
1313025405981528065
1313025883242987520
1313025954298490880
1313025961735094273
1313026026696515585
1313026135526010881
1313026135547015168
1313026138181120000
1313026138873237504
1313026139183439872
1313026152307585025
1313026209559658497
1313026212411961344
1313026254640222213
1313026304476876800
1313026324672503808
1313026415261089793
1313026706152861701
1313026789703331840
1313026932120981504
1313027058579263489
1313027155249504257
1313027169501806592
1313027361940615169
1313027443142406146
1313027462134194177
1313027500071702528
1313027839235633159
1313027896232095745
1313028091938320385
1313028374449786882
1313028395794681856
1313028542758891522
1313028571624079360
1313028652079091712
1313028652393619457
1313028675932102661
1313028714754723840
1313028844480233473
1313028894363193344
1313028947597295616
1313029323205545984
1313029362967547905
1313029404034039808
1313029458677379072
1313029595856277505
1313029608548298752
1313029910726733825
1313029941878026240
1313029961972879360
1313030066130038785
1313030073486893056
1313030075214946305
1313030499284254720
1313030500928434176
1313030505412145152
1313030554015748101
1313030557534740480
1313030603718225922
1313030821109006337
1313030838494408704
1313030938381684736
1313031115528040448
1313031154862370816
1313031168661495808
1313031168841986048
1313031505535524870
1313031625769472001
1313031672049278976
1313031908452950017
1313031942804254722
1313032071074525185
1313032110173810688
1313032419411464192
1313032426927652864
1313032444694720512
1313032474860150784
1313032516945809409
1313032544103866368
1313032856302690304
1313032910082105344
1313033086377037825
1313033099824058368
1313033143641935873
1313033183219376128
1313033235119722496
1313033239225946113
1313033263418683392
1313033273828872193
1313033281332535296
1313033314937303042
1313033432360980480
1313033538980253696
1313033575281954816
1313033685193482240
1313033685210464258
1313033685227073536
1313033685231439874
1313033686321958912
1313033686888181761
1313033746556358658
1313033754357780480
1313033832312995840
1313033843436408837
1313033905004519424
1313033914437586944
1313033918493360128
1313033988710240256
1313034092104036352
1313034123167109120
1313034128103702529
1313034161809170432
1313034224430186497
1313034258991251457
1313034446732431360
1313034447885926401
1313034484338491393
1313034537123876864
1313034953270140929
1313034957648916480
1313034970529779713
1313035090641989632
1313035094257528832
1313035114818015234
1313035277720588293
1313035319181283328
1313035385728106499
1313035501713195014
1313035681153908736
1313035694407913472
1313035714641027072
1313035786099609600
1313035918341738496
1313035926340349952
1313036016555626496
1313036131576033281
1313036183795118082
1313036201956311040
1313036477664841728
1313036805848080385
1313036861808537600
1313037030281162754
1313037039391121410
1313037067975262210
1313037343025180672
1313037430585516032
1313037442140770305
1313037457466683392
1313037460159565824
1313037576522129408
1313037727357693960
1313037847616794625
1313037974616014850
1313038003980378112
1313038004387295232
1313038137212497920
1313038140840513536
1313038168858517505
1313038211581644800
1313038289536978944
1313038292082851844
1313038302245785601
1313038429857472513
1313038472177946625
1313038645536976898
1313038718375268352
1313038718626742274
1313038732698812417
1313038857835872257
1313038871391875073
1313038915734036481
1313039088551972864
1313039104565706754
1313039153014231042
1313039189127188480
1313039209150771200
1313039512734318592
1313039614622523392
1313039626349797377
1313039721552117760
1313039778678480896
1313039784911269888
1313039971616387072
1313040093456871424
1313040182518648834
1313040205251837954
1313040269735067650
1313040356792053761
1313040372034088968
1313040373095297024
1313040387192377347
1313040388844912640
1313040458017275904
1313040480012206080
1313040480582750209
1313040556017291265
1313040599680012290
1313040673835290624
1313040701119238146
1313040862180503554
1313040948553752576
1313040967025467392
1313040983421063170
1313041141797998592
1313041197682827264
1313041236287254529
1313041237075611648
1313041237440565249
1313041237650276353
1313041237818056705
1313041238099202049
1313041238698983424
1313041239168757760
1313041240590413824
1313041241936805889
1313041242851336192
1313041317413486595
1313041328369004544
1313041365450842112
1313041366713339905
1313041394144088064
1313041421767647232
1313041425085403137
1313041765000253446
1313041841621733376
1313041861980950528
1313041913512177664
1313042316693770241
1313042333458464769
1313042339816972294
1313042376076689410
1313042504732868609
1313042691366760449
1313042729883107328
1313042745246863360
1313042792139100162
1313043059614142465
1313043085841100801
1313043148705325056
1313043287457124352
1313043391391961088
1313043540151283712
1313043626566594561
1313043750193688578
1313043751573610496
1313043751607074816
1313043814911823872
1313043818313379846
1313043840576745472
1313043856217309184
1313043863112646657
1313043895899623425
1313043900005785600
1313043919538712642
1313043942695464960
1313043952250114049
1313044025415536642
1313044173910691841
1313044266617384961
1313044277216317441
1313044288234827777
1313044490706464769
1313044497664798720
1313044520033030144
1313045009906585601
1313045064982069248
1313045265075576832
1313045307626840065
1313045349456662529
1313045407233118210
1313045507535708162
1313045541002108930
1313045859165184000
1313045960134733825
1313046060793843713
1313046268357365761
1313046268378263552
1313046298438914054
1313046409290055681
1313046503267749888
1313046531340206080
1313046706716635137
1313046784642560000
1313046936329637889
1313046991102976000
1313047109470482432
1313047149496672259
1313047226550300673
1313047270435237889
1313047277796286464
1313047293097062400
1313047489985929216
1313047550409277440
1313047581929418752
1313047717036294145
1313047719871741952
1313047721780142081
1313047801987846150
1313047881557962752
1313047905750654976
1313047921588346881
1313047950768173056
1313048009236787200
1313048068200202240
1313048235905351680
1313048399172829184
1313048405028073473
1313048413865467904
1313048444131573765
1313048540952891394
1313048577917227009
1313048595504025600
1313048717143015425
1313048759475957760
1313048773619310592
1313048784784494592
1313048784906014723
1313048785426186240
1313048785438736384
1313048785543548935
1313048790962708480
1313048811288367106
1313048939382398976
1313049110560337921
1313049135893938177
1313049141820493829
1313049171725815808
1313049188037529600
1313049301791191042
1313049356568756226
1313049568339210240
1313049594561998848
1313049644407164928
1313049659926085633
1313049745963745282
1313049932128030720
1313049939006697477
1313049952675917824
1313050118011203589
1313050294813683714
1313050350899924992
1313050356381814784
1313050448266493952
1313050460975136768
1313050472564109312
1313050496551317510
1313050505866883072
1313050516583260160
1313050569188216833
1313050579191705600
1313050608828641286
1313050613572399104
1313050674876289029
1313050753284661249
1313050777372499968
1313050859207524352
1313050860193230853
1313050951360614400
1313050964212023298
1313050981492555783
1313050996092919808
1313051085083467781
1313051174052954113
1313051253916737536
1313051301337534464
1313051301392064516
1313051301496844288
1313051321675714560
1313051383562743808
1313051434582257664
1313051534876344320
1313051939580645376
1313052021898055680
1313052036984864768
1313052118530625536
1313052142106746880
1313052185941475329
1313052197316366336
1313052202232090625
1313052324340928513
1313052358683832322
1313052365159833600
1313052467567845376
1313052533942898689
1313052534970347522
1313052559683317761
1313052559700041728
1313052559720890376
1313052664465436673
1313052686699442176
1313052746153631746
1313052896330686467
1313053153516904452
1313053154494287873
1313053162190893059
1313053254499160064
1313053412389523456
1313053471340400643
1313053522242482176
1313053552483459072
1313053556526796800
1313053650303029254
1313053656313458688
1313053663720595458
1313053669680648192
1313053680334233600
1313053831241109505
1313053962661179393
1313054099215126529
1313054417759936512
1313054449955414022
1313054490870849536
1313054626225192961
1313054637054996480
1313054679765585926
1313054982720151554
1313055083354091520
1313055293216092163
1313055299243323395
1313055358353633284
1313055423805698048
1313055432542425089
1313055555590774785
1313055665649315842
1313055677586255874
1313055746905575425
1313055758423126017
1313055815385972736
1313055903562768384
1313055929026441219
1313056011754799104
1313056085897408512
1313056092876935168
1313056111352786946
1313056150913417216
1313056161743110145
1313056221583343617
1313056232823906306
1313056341473153027
1313056341645160448
1313056369541476354
1313056383676317697
1313056487800012800
1313056552224464899
1313056560088862720
1313056644851474433
1313056745321910273
1313056816507621376
1313056838171189250
1313056842541666306
1313056871285174277
1313056891841458181
1313056898984349698
1313056927669260289
1313056950259781632
1313057000448757761
1313057059219353600
1313057102445895680
1313057120963702786
1313057139917717504
1313057140861538310
1313057163724513280
1313057205504086018
1313057207785750529
1313057327650664448
1313057381924954112
1313057411406626816
1313057472073134082
1313057516977352706
1313057559926968320
1313057593263304706
1313057671000420352
1313057678885871617
1313057861656862720
1313057941919014912
1313058088472244225
1313058151793647618
1313058166008172545
1313058265786454016
1313058311063961600
1313058320194965504
1313058327933456384
1313058337760727041
1313058350683181056
1313058440286285829
1313058453355720704
1313058770776403969
1313058779668402176
1313058851197906946
1313058851227340807
1313058851416137734
1313058981603151873
1313059050951671808
1313059062163009537
1313059189510594562
1313059231604584449
1313059353348505600
1313059376404590592
1313059441126899714
1313059476715560967
1313059489000587264
1313059525021368323
1313059543258214400
1313059553781649410
1313059560186425344
1313059589168955392
1313059618721939458
1313059659339698177
1313059759776559105
1313059820270952450
1313059901632131074
1313059904152915968
1313059954232897536
1313059957571493891
1313060085120339969
1313060109405257735
1313060109430513669
1313060109954682881
1313060126824312833
1313060203781402625
1313060261243293696
1313060327089737731
1313060452956602369
1313060494899634177
1313060669365923841
1313060673774063616
1313060688198279168
1313060756884254721
1313060785707520005
1313060802870599681
1313060864442814464
1313061082567671817
1313061367822385152
1313061368980017152
1313061860237815810
1313061933843709952
1313061986075377664
1313062186038759431
1313062216858562562
1313062223275851782
1313062374300024832
1313062374622990338
1313062447117467648
1313062605779501056
1313062626037919744
1313062726248398849
1313062761333653504
1313062894448377857
1313062993266171907
1313063171175968770
1313063187613446151
1313063257024978944
1313063612290920449
1313063808487825409
1313063884845199360
1313063884861788164
1313064022950936577
1313064113115987968
1313064118153338880
1313064123681386496
1313064131969376257
1313064339012833281
1313064363377545218
1313064547289305089
1313064582810865665
1313064616084336640
1313064750067183621
1313064759865077760
1313064843595911168
1313064904350486528
1313064930074034176
1313065099704381443
1313065159720665088
1313065237776683008
1313065318026272769
1313065472242462720
1313065489636171777
1313065626995511299
1313065627532300288
1313065828456304640
1313065842108755969
1313065995821613056
1313066075630772230
1313066182199709696
1313066222318215169
1313066270007480320
1313066286767837187
1313066303058522115
1313066416518692866
1313066420515856386
1313066480536375296
1313066590460616704
1313066635339673600
1313066694210981889
1313066722019225601
1313066730000920578
1313066741011034113
1313066804751798273
1313066864763863040
1313066936432046080
1313067069135556609
1313067144431706112
1313067350581747722
1313067435927502848
1313067575769694210
1313067586230333440
1313067659131404289
1313067659198631939
1313067659299295233
1313067659307622400
1313067669856432128
1313067969610764289
1313068090251448323
1313068162632515584
1313068201190752257
1313068250582970369
1313068332963291136
1313068411484766208
1313068688711581696
1313068722647597057
1313068776976535553
1313068917456330752
1313068956014571520
1313069075996827648
1313069193856720897
1313069214551412737
1313069260537761792
1313069264128143361
1313069322932289536
1313069360081182720
1313069633898000389
1313069647802118145
1313069846087827459
1313069877591146496
1313069964954398722
1313070187600543745
1313070236933984257
1313070238490144771
1313070362264035329
1313070414810230786
1313070419583422466
1313070633069301765
1313070780779986944
1313070883926413315
1313070909553553409
1313070910547558400
1313070997713686537
1313071011848507393
1313071028248227841
1313071047961440256
1313071075954249729
1313071117414825985
1313071119197405184
1313071210423562242
1313071290736160769
1313071294674472965
1313071377503662080
1313071384596275201
1313071384793427974
1313071423750103041
1313071434680479744
1313071438522327040
1313071439612788736
1313071441101942787
1313071500652576768
1313071514032525313
1313071602637123587
1313071622438481921
1313071686049202178
1313071688150667264
1313071827745468417
1313071850851913728
1313071920842244096
1313071942983979008
1313071972050403330
1313071978581032960
1313072088702386179
1313072153609162752
1313072388301623299
1313072391673778176
1313072456035454976
1313072509252775937
1313072525862109184
1313072604148903936
1313072723506204678
1313072766761996295
1313072844423790592
1313072930025336833
1313072990700044288
1313073046845095941
1313073170774020096
1313073229766983680
1313073360507727872
1313073388110389248
1313073388672475139
1313073450416844800
1313073472290070529
1313073588325548032
1313073634202783745
1313073747046391808
1313073943633448965
1313073950742716425
1313073950751182851
1313073950839238659
1313074061724004352
1313074067348639744
1313074071379365895
1313074140434370560
1313074201071321088
1313074321619902464
1313074410451070978
1313074541627879424
1313074592374611969
1313074660813275136
1313074665603174400
1313074754841083904
1313074810940010497
1313074839712792576
1313074855437307904
1313074891701321730
1313074921283751936
1313074938786598914
1313074974610128896
1313075003185926146
1313075024836861954
1313075038275416070
1313075085465522178
1313075087176806400
1313075154419945472
1313075208404729861
1313075209000218624
1313075209117659136
1313075209520377859
1313075214234931203
1313075310280278022
1313075357789179906
1313075399593734144
1313075492543582209
1313075496893190145
1313075571170127875
1313075582771572737
1313075650975150082
1313075657958731778
1313075712333668352
1313075725755351042
1313075747846750209
1313075769892130816
1313075810840965121
1313075918638854147
1313075926326968320
1313076104132022273
1313076432088649728
1313076447909744643
1313076457673981953
1313076467383832578
1313076467467579393
1313076550997344256
1313076661601136641
1313076718907920384
1313076800327757828
1313076855897980928
1313076884289343490
1313076995182428162
1313077156390600704
1313077168323297280
1313077181896105986
1313077203782037506
1313077266021310465
1313077326008266756
1313077368165224448
1313077418568101889
1313077435525664768
1313077453192130560
1313077478328537088
1313077674831732739
1313077743173668865
1313077757384024064
1313077980982321155
1313078166244687873
1313078523716870144
1313078577940791297
1313078615127490560
1313078621700083719
1313078638326280192
1313078709751091200
1313078734296166402
1313078814919008257
1313078878664089600
1313078922578403329
1313078928786022405
1313078972599603200
1313078983794327562
1313078983811006465
1313078985828360194
1313078986553999360
1313078997178351616
1313078997669076997
1313079018388959238
1313079056460591106
1313079069471375362
1313079136940892164
1313079163956461568
1313079168058503170
1313079176103067648
1313079224606093313
1313079230868189185
1313079246064152576
1313079252208750593
1313079354310758400
1313079356735057920
1313079407595196416
1313079442638503936
1313079487551033344
1313079560263655425
1313079568178216961
1313079576961089536
1313079634565779456
1313079645919752192
1313079664068497409
1313079718455971841
1313079760650678272
1313079788962222086
1313079793672486912
1313079796633657347
1313079808440623108
1313079823582064640
1313079846113873921
1313079878237945856
1313079889214439424
1313079893878546432
1313079900165857280
1313079952900751366
1313079997641437184
1313080002259423232
1313080006503993344
1313080033519558663
1313080044072374272
1313080112758349825
1313080190646587397
1313080201132339200
1313080246430830592
1313080299631382528
1313080326848212996
1313080340118933505
1313080364643086337
1313080396553293824
1313080407513075714
1313080426064416769
1313080437854666753
1313080446247460864
1313080449972006913
1313080522965430274
1313080640921915397
1313080643081908224
1313080675285823490
1313080704377520136
1313080726137561088
1313080863891042305
1313080880274038785
1313080921189494784
1313080930723074048
1313080947647090688
1313080997110575104
1313081021257199622
1313081025547907075
1313081070330486784
1313081095919894533
1313081103268433920
1313081117780717569
1313081188685414400
1313081225632976898
1313081238895329283
1313081288442687490
1313081335683207168
1313081352963739649
1313081362115682305
1313081370038730752
1313081409007955975
1313081513387470849
1313081562599239682
1313081576478179328
1313081580269842432
1313081620640018433
1313081661211332609
1313081683088941056
1313081784830234626
1313081808305651714
1313081867982327812
1313081881517322240
1313081890589544448
1313081895379492864
1313081953508356097
1313081963687931904
1313082213865582592
1313082257545080832
1313082262230052864
1313082264490778624
1313082264679591943
1313082291892215813
1313082311584428032
1313082335747887105
1313082348599214082
1313082395684409344
1313082493453701120
1313082520880197632
1313082604300783618
1313082646281564160
1313082683745067015
1313082724412985344
1313082758751682561
1313082759087222786
1313082773771620355
1313082825030217730
1313082847184531458
1313082864024641537
1313082903291723777
1313082930210668545
1313082957234606081
1313082975643406337
1313082986687090691
1313083036653760514
1313083097303449602
1313083149044330502
1313083347338436609
1313083613462892544
1313083647382056960
1313083679640518657
1313083857978220545
1313083899619217410
1313083906489569280
1313084017378426881
1313084028711579648
1313084229966794753
1313084235654234119
1313084430190338048
1313084436435660800
1313084462117384193
1313084490462515200
1313084512583266305
1313084533458300928
1313084570342952961
1313084575002824704
1313084617902174208
1313084747392978944
1313084769299816450
1313084863935926273
1313084975571402753
1313085224281047041
1313085307382910977
1313085313095532544
1313085326546604033
1313085344510771202
1313085355973804034
1313085581631594496
1313085605056778240
1313085652746088451
1313085676565549056
1313085712410042368
1313085776993882112
1313085882136752128
1313086056141598722
1313086107366699011
1313086147384532998
1313086182675357699
1313086340448354305
1313086375655288833
1313086421784297473
1313086448615272448
1313086489010503680
1313086513765376010
1313086519335415810
1313086527191355395
1313086533918838784
1313086538582880256
1313086542068486150
1313086566827520000
1313086570887405569
1313086628034998275
1313086630853373952
1313086742371631104
1313086786785206276
1313086896743079938
1313086925033672706
1313086950463746049
1313086965542195207
1313087012916932613
1313087052922130433
1313087171759345664
1313087252793372672
1313087308665626625
1313087387896082438
1313087433400111107
1313087502761238528
1313087570692239360
1313087609669849088
1313087652762136576
1313087679328931840
1313087724056989697
1313087744273518597
1313087813462753281
1313087832408326144
1313087869020446723
1313087897722126337
1313087977271316482
1313088092421656581
1313088114047569921
1313088136222855170
1313088157349445633
1313088218280202240
1313088330943389696
1313088350300123137
1313088391349776386
1313088445531787264
1313088592831549441
1313088611299057664
1313088676688265218
1313088725841260546
1313088762633748480
1313088817486802950
1313088843873218563
1313088858255486980
1313088874302894081
1313088919047671809
1313088971417812992
1313088986718625792
1313088988299886600
1313089014682001410
1313089045535305732
1313089050186780672
1313089050228776961
1313089050287378440
1313089050606141446
1313089164204740610
1313089192746942464
1313089421936390145
1313089441783853056
1313089498377584641
1313089577708597248
1313089589486198786
1313089610474557440
1313089747183640576
1313089764275507201
1313089813864738820
1313089849965137922
1313090168975486976
1313090192547381260
1313090308767244289
1313090308813524994
1313090308872175621
1313090308976984064
1313090309207683072
1313090355835928576
1313090485586669568
1313090503152369665
1313090522093957122
1313090543560396800
1313090584333217792
1313090730068410374
1313090789812117504
1313090896192319490
1313091012584181766
1313091126354640896
1313091162199265280
1313091241945559040
1313091283515256832
1313091459936063488
1313091566953660418
1313091567230439426
1313091761259020290
1313091781786034177
1313091789373550593
1313091929089998851
1313091970454228995
1313091975478992897
1313091986849779718
1313092009121509379
1313092098766364673
1313092119939158018
1313092128659120129
1313092162989559809
1313092226810097667
1313092303154819072
1313092396633255941
1313092447208079361
1313092639542177793
1313092832366923776
1313092859374047232
1313092873932410880
1313092886435692546
1313092890118230020
1313093005310558208
1313093051120709636
1313093063959629829
1313093068917288962
1313093166749417472
1313093262790610947
1313093263956549637
1313093399013208069
1313093426586542081
1313093462997323778
1313093499470913538
1313093561286565888
1313093611026812929
1313093652772724743
1313093697840521219
1313093741083865088
1313093750302932992
1313093772578885632
1313093932386000898
1313093983674007552
1313094001965314048
1313094040267763713
1313094044843741184
1313094047490347009
1313094075663421441
1313094083741536256
1313094083800436736
1313094084085510148
1313094086182797312
1313094112409722881
1313094137063903232
1313094148417884162
1313094187710021634
1313094348653854720
1313094387837161472
1313094435857674243
1313094562106220544
1313094595887202304
1313094607215960064
1313094611817189376
1313094644008464385
1313094708307132421
1313094722710372354
1313094786694381570
1313094799776509952
1313094894165143553
1313095193562943488
1313095444222836738
1313096031618424832
1313096871808823296
1313098329727926272
1313098619847929860
1313100260307210240
1313100935367974913
1313101202612277249
1313102098305867777
1313103874211880960
1313105008964055045
1313107489647362048
1313108739814236160
1313108765336629254
1313108796278034433
1313109805259804673
1313113160308658176
1313113357722017797
1313114022342991877
1313114670748839936
1313116735516499975
1313117497491689476
1313117868763033600
1313119482022371328
1313119983149481985
1313121315684052993
1313124452561899522
1313125558541312001
1313126358445428739
1313127923164024833
1313128533569531904
1313130062502338563
1313136796184829952
1313137268484386819
1313138994457313280
1313139020138975234
1313139885314777093
1313144157934882817
1313144856747880450
1313147028101308418
1313149850133966849
1313151832601120770
1313152806732402688
1313152867306541063
1313155997033205762
1313156123134918658
1313160435684777986
1313161526694604801
1313163195046076419
1313165639230595074
1313165880197611531
1313167185834115081
1313167200270921729
1313169576889286662
1313169673786208257
1313170397270020098
1313171240597753859
1313173213116063744
1313174454135128075
1313176006849630209
1313176238152974341
1313177132563128321
1313177136992264194
1313180222150324227
1313184150376124418
1313184814279856135
1313185171198406656
1313186885683105792
1313187046077407233
1313189376873164802
1313190127334809604
1313191888539746311
1313192324273496069
1313192358419275787
1313192387192258562
1313193137867755520
1313195453966626828
1313195945803345926
1313195980511219712
1313197232615809024
1313197409779015687
1313197588502503433
1313197622774173696
1313197705490034689
1313198010952806406
1313198278033453056
1313198452587876354
1313198456459141120
1313198459462311936
1313198874681507840
1313199188688228355
1313199276437069827
1313199294514712576
1313199637633945604
1313200858130264065
1313202029297364992
1313202030140301313
1313202522119712769
1313203444262612996
1313204043209150465
1313205619269267457
1313205848374730752
1313206940101730308
1313207334647275521
1313207373050327047
1313207424006971392
1313207516763959301
1313207930506928133
1313208030851411969
1313208085217972228
1313208325933334528
1313208747825733632
1313208789236056072
1313208937953587203
1313209825472532480
1313210345549426694
1313211513851850757
1313211739413139456
1313211986491121670
1313212875750563840
1313213304282718208
1313213306434457606
1313213950226505728
1313214311788052482
1313214708267220992
1313215382736367617
1313216212420243459
1313216401042219008
1313216703346683906
1313217408035942404
1313217416386818048
1313217513401004033
1313217916385591299
1313218262595964928
1313219326711943170
1313220346594627584
1313220594410766336
1313220769166626817
1313222163068071938
1313222432409481216
1313222803643158530
1313223479085408256
1313224796369571841
1313226182251483140
1313227618154614793
1313228635927699457
1313229081232670721
1313229979870617600
1313232676267200520
1313233764995207168
1313235397703602176
1313235779674689536
1313236040937877504
1313236267027632129
1313236574134571009
1313237420406640641
1313237529446027264
1313238975386189824
1313239142407512075
1313239371315851265
1313239869951561728
1313239930328559623
1313239994006413313
1313240407267041286
1313240609487024136
1313240928715501569
1313241236841672705
1313241791412531201
1313242040868777985
1313242561767669763
1313243370538631168
1313243770159337472
1313244523699613696
1313245019600490497
1313245078765203457
1313245078790434817
1313245079054643200
1313245079402758144
1313245092275253249
1313245394214756354
1313245589589630976
1313245590394986499
1313245622430965760
1313245740475576322
1313245777490309126
1313246007526920193
1313246336775458816
1313246346833530880
1313246544729178112
1313246658164133888
1313246879723986944
1313246967368216577
1313247225410203648
1313247301666734080
1313247355219648513
1313247605439295493
1313247616608751616
1313247663396188160
1313247910918791170
1313247959807655936
1313247998466555907
1313248265438203907
1313248340772085762
1313248436578324481
1313249079821033472
1313249376911929344
1313249393508782081
1313249413297561603
1313249424739635201
1313249522714324993
1313249613789499393
1313249719787888645
1313249843062734849
1313249938025918466
1313250050596839424
1313250334542835714
1313250411026022400
1313250593834758144
1313250607004876803
1313250636880846848
1313250742455734272
1313250762387066885
1313250825498746880
1313251192164823041
1313251466988212225
1313251899227897860
1313251906211414018
1313252233761427458
1313252251914338310
1313252478473904134
1313252545545068544
1313252629544415232
1313252630181806081
1313252630282469376
1313252630903152642
1313252630903296001
1313252633147330560
1313252863586557952
1313252882800619520
1313252954162503680
1313253012253663233
1313253045971582977
1313253161877090305
1313253288771563521
1313253308241522688
1313253462113648641
1313253718628937729
1313253759284375554
1313254089183105027
1313254250332516352
1313254383891644416
1313254438585409538
1313254733478588416
1313255316461678595
1313255324137132033
1313255478542168064
1313255798093615110
1313255868251746310
1313256065551794177
1313256331852341249
1313256359199211521
1313256422503743493
1313256786615508993
1313257307413852161
1313257363818905600
1313257410786664450
1313257453186932739
1313257661241073666
1313258058450075649
1313258119733141504
1313258246992470016
1313258251996344321
1313258263505522690
1313258264558268422
1313258269381517312
1313258330148810753
1313258357046882311
1313258357118115840
1313258386876706817
1313258432280002561
1313258437594288132
1313258445068533760
1313258464265801728
1313258518242381824
1313258528920997888
1313258539582881793
1313258555999387655
1313258557609967616
1313258561095585793
1313258564522323968
1313258625679454208
1313258629362077701
1313258665034604550
1313258675671269376
1313258689378353152
1313258714204434433
1313258730365104129
1313258730704826384
1313258767878938635
1313258776791846914
1313258832844423168
1313258838682996736
1313258874535923712
1313258894173646849
1313258933998489605
1313258975840870402
1313259002365648898
1313259011400237056
1313259013946171392
1313259037287419905
1313259054840475654
1313259093243691013
1313259095865151488
1313259118627557376
1313259124361236482
1313259147488624641
1313259158557413378
1313259159937323011
1313259162726551552
1313259172008517634
1313259223749398528
1313259252736290817
1313259254434979847
1313259256276234242
1313259264710934529
1313259303818727426
1313259326467985423
1313259342725029888
1313259347586232321
1313259361817501696
1313259371648909312
1313259372810833920
1313259376069623809
1313259401608916999
1313259429769297920
1313259463705591809
1313259498123997186
1313259529346453504
1313259536690577411
1313259555187458049
1313259561449656322
1313259561596391424
1313259573457821696
1313259615979741184
1313259641841872908
1313259642735206401
1313259649500622849
1313259653942345728
1313259674817499138
1313259691263299584
1313259700138455040
1313259730010341382
1313259742576476160
1313259770493775872
1313259824889696258
1313259879667298304
1313259890794795008
1313259896616488961
1313259907039330305
1313259937330495489
1313260001381642241
1313260008587624449
1313260028296679424
1313260068239020033
1313260089294364676
1313260090485616646
1313260159884554241
1313260166352171009
1313260178314194944
1313260179199152128
1313260314578825217
1313260322480848896
