1313267727419596800
1313267728027852801
1313267728594227200
1313267730095714304
1313267739033706497
1313267814980112386
1313267851529256964
1313267884622258178
1313267976204963841
1313267987336622081
1313268111257350146
1313268283274080262
1313268976500305920
1313269379715543042
1313269587216158726
1313269782565867521
1313269940779208705
1313269995070255105
1313270204277952512
1313270375321677825
1313270513192636417
1313270872900341763
1313270940978098177
1313271123455275008
1313271180929966080
1313271209803476992
1313271445808701441
1313271502725419008
1313271519594844160
1313271590457671680
1313272106000551939
1313272109737693194
1313272188909301762
1313272524348821505
1313272867593879554
1313272990499569669
1313273091460665344
1313273408071888899
1313273526221234177
1313273598916911104
1313273628386041856
1313273754882117635
1313273858338820108
1313274893765574656
1313274906122084354
1313275379176570882
1313275534642745345
1313276232155508737
1313276900786176000
1313277351241932805
1313277496926916609
1313278076781056001
1313278140404371456
1313278235044712448
1313278800499802118
1313279146563440640
1313279567436619776
1313279689037950985
1313279740678148096
1313279932429225984
1313280220305272832
1313280295601352704
1313280301301403649
1313280586073731074
1313280615811252224
1313280701429616645
1313280707574272000
1313281048743116800
1313281676085166080
1313281945061789696
1313282033200902145
1313282069364199424
1313282148569436160
1313282178936168448
1313282397023219713
1313282406867251200
1313282415922761728
1313282449774960643
1313282529617743879
1313282557841154048
1313282653836238848
1313282654092091392
1313282654238838791
1313282657002950657
1313282665211191297
1313282679740264449
1313282828612915200
1313282830919757825
1313282831515299840
1313282831582474248
1313282835579453441
1313282938474319873
1313283026051387392
1313283183358758912
1313283396777451520
1313283870167568385
1313284614522376192
1313284698882355201
1313284788372025345
1313284840297357312
1313284884564246528
1313284895666589698
1313285343643406336
1313285798092038151
1313286173494849546
1313286210350206982
1313286220752072705
1313286289001771009
1313286489288200193
1313287295198429184
1313287550472204289
1313287627555176453
1313287673424084994
1313287787072946176
1313287822745497600
1313288031848325120
1313288532270563328
1313288536360210432
1313288940288344066
1313288958714015744
1313289118378528770
1313289314843983872
1313289615974043648
1313289667094237184
1313290032174845953
1313290203654762496
1313290376807997440
1313290376942284801
1313291621119782912
1313291802674421771
1313292160104529920
1313293685283450881
1313294355642355713
1313294518142275584
1313295439559634945
1313295534287970305
1313296124367732737
1313296169959936001
1313296393490972673
1313296686744317960
1313296731518447616
1313297005280550914
1313297399994036224
1313297929663373312
1313298189332684802
1313298209289179136
1313298487782539264
1313298497484075009
1313298682922651648
1313299463860039681
1313300042783109122
1313300170369449991
1313300191383035904
1313300836789956608
1313301199316152321
1313301237065019399
1313301587847270401
1313301898137567233
1313302192598679552
1313302654135795713
1313302910269362176
1313303078284730369
1313303462944350209
1313303760895176706
1313303918638764032
1313304076017377280
1313304440410189826
1313304933123457027
1313305476113862660
1313305477397135360
1313305587095044101
1313306207487172608
1313306507073802241
1313306970955427842
1313306987887841281
1313307084063223808
1313307540323786752
1313307650860503040
1313307907828658177
1313308936926363648
1313308999668752384
1313309054803087360
1313309300786434048
1313309574972280838
1313309627354951681
1313310045036257280
1313311306477375488
1313311319047639041
1313311344263921664
1313311484584382464
1313311729800019968
1313312012370313216
1313312019341246464
1313312295020310528
1313312359620935680
1313312437840551939
1313312744800686086
1313312786139828225
1313312793723121665
1313312963504353281
1313313027232542721
1313313028113399808
1313313028775968768
1313313032894849025
1313313045427478534
1313313286839054337
1313313937673388034
1313314140316934147
1313314231714971650
1313314528755679237
1313314598666240002
1313314623513415680
1313314728446496770
1313315124581629954
1313315225458925568
1313315542443397120
1313315955678875649
1313316705351938048
1313316886495596545
1313316962123091969
1313317444442882048
1313317702690394112
1313317737473736704
1313317831447138306
1313318059030052864
1313318573822160899
1313318809751748610
1313319386762162176
1313319691226615808
1313320408716840960
1313320575767519234
1313320576346320902
1313320576388300800
1313320596734971905
1313321360370827264
1313321765196705792
1313321913872248832
1313322092704792576
1313322216327532544
1313322639046443008
1313322708541878272
1313322776896380928
1313323194359713808
1313323365801881600
1313323515614031872
1313323595536400384
1313323993945047040
1313324085879992320
1313324643856637952
1313324691457814528
1313325804420554753
1313327559145336832
1313327595375616000
1313327759205302272
1313327795276255233
1313327840247590913
1313327886561140738
1313327925542957056
1313328028613857281
1313328125581852672
1313328125670043648
1313328126030614529
1313328126378692608
1313328126441611265
1313328126504562688
1313328127758790656
1313328128924815360
1313328134410780672
1313328149426569218
1313328239100731392
1313328251578843141
1313328261942906880
1313328268322516992
1313328283090640896
1313328295614861312
1313328300408922112
1313328301021319168
1313328357271052288
1313328360823631872
1313328390104117252
1313328394315141121
1313328421091540992
1313328520479870981
1313328560371892256
1313328586607165440
1313328605037031424
1313328613551476737
1313328614096744448
1313328623210897412
1313328624813121536
1313328626906148864
1313328659177111552
1313328666726760449
1313328668329103369
1313328671390924800
1313328731902152705
1313328747597254656
1313328751778959367
1313328853482430464
1313328897723977728
1313328907786084357
1313328918351486976
1313328975683485697
1313328993605767168
1313328995262435329
1313329079794503680
1313329080801075201
1313329151579914240
1313329157284286469
1313329172530503681
1313329184740118528
1313329212707741696
1313329248065802242
1313329296073777152
1313329333792989186
1313329344849285125
1313329347055562752
1313329359575552001
1313329364747128833
1313329383810232320
1313329395420082177
1313329399077507075
1313329429419110402
1313329451523100672
1313329471315996674
1313329479842922496
1313329497039687681
1313329616149516288
1313329635736743936
1313329672487305216
1313329679181504512
1313329679567384581
1313329745728282624
1313329785448345600
1313329834169438209
1313329877504983040
1313329892482863104
1313329894215102467
1313330102143459334
1313330106736222210
1313330143822262273
1313330166115053570
1313330178202963969
1313330209555349504
1313330272562286592
1313330274965622785
1313330278434308098
1313330329214758913
1313330359107489792
1313330377134682112
1313330401054797824
1313330535624781824
1313330549407256579
1313330647654690816
1313330690528866304
1313330691187204096
1313330712448323584
1313330863359365120
1313330945466998790
1313331005206474752
1313331014790516736
1313331030347014145
1313331058398695429
1313331082117476358
1313331104829648901
1313331110374498304
1313331144499376130
1313331226779021314
1313331239902949376
1313331247977037825
1313331514944434176
1313331535475548160
1313331544673714177
1313331585618337797
1313331620619980802
1313331678933327873
1313331694800433152
1313331697732259841
1313331755135504384
1313331808659013632
1313331870692773888
1313331924019146755
1313331931963166720
1313331938535632896
1313331975789391873
1313331975902703616
1313332084467994624
1313332143519563777
1313332152025587714
1313332160586223622
1313332225132425217
1313332282195939328
1313332282749485056
1313332405571399682
1313332422004670466
1313332432314273792
1313332441394950144
1313332443223650305
1313332443806601216
1313332471937798144
1313332518268137472
1313332534961414144
1313332542263656448
1313332554959925248
1313332606612713472
1313332651072335872
1313332749529501697
1313332754956914693
1313332887916294144
1313332897793880065
1313332908384555009
1313332929519644673
1313333034037411840
1313333052718940160
1313333104443088896
1313333165818343424
1313333167353458689
1313333283229401088
1313333379329331202
1313333493959725057
1313333520459354112
1313333538280873984
1313333541778984960
1313333564159807495
1313333566378569728
1313333621625946113
1313333686624976897
1313333735127998464
1313333755092832258
1313333756724490240
1313333781865078785
1313333818607239170
1313333853734436864
1313333883052720133
1313333913549516800
1313333959993032704
1313333981451034625
1313334008516874243
1313334041064673285
1313334043455426560
1313334215908438016
1313334249064407040
1313334272158306304
1313334318207508480
1313334393033969664
1313334501733363712
1313334502064893952
1313334659892359168
1313334666619953158
1313334680205307904
1313334734248988673
1313334735935016966
1313334808941137920
1313334859230777344
1313334879174750209
1313334891963207680
1313334914004193282
1313334988276932609
1313335010691371008
1313335052382633986
1313335064579764224
1313335066303639552
1313335114735267840
1313335169248645121
1313335216132456448
1313335285611147266
1313335292263186432
1313335311515222016
1313335325289259008
1313335375922855936
1313335389441191936
1313335423427514368
1313335574674247686
1313335604747345920
1313335652281454592
1313335675144478723
1313335691451998208
1313335699907792897
1313335734871433217
1313335766303506434
1313335803100254212
1313335898529042432
1313335917457874944
1313335937036845062
1313336020176449538
1313336091915812864
1313336111519993857
1313336212262998018
1313336212879552512
1313336266210115585
1313336266822483969
1313336278004502529
1313336329426657280
1313336403045027840
1313336403472928768
1313336447785631744
1313336514999447552
1313336547949916161
1313336567851823105
1313336811180171264
1313336849222565888
1313336892717502465
1313336933637148672
1313336949537746945
1313336959092379653
1313336991690493952
1313337008283152385
1313337061932511239
1313337080789991424
1313337116278087680
1313337129393586177
1313337211660775425
1313337230170169344
1313337236520415234
1313337287699300353
1313337352987856896
1313337382075346945
1313337388782018560
1313337395832672258
1313337402337964032
1313337423846346752
1313337453420347398
1313337491106267136
1313337499880697858
1313337509250764800
1313337562535260160
1313337583339008000
1313337633439911936
1313337653916561409
1313337699344891905
1313337720723443712
1313337794790653954
1313337796292206592
1313337801044357120
1313337835576004608
1313337881579134981
1313337972155183104
1313338033484292098
1313338108050632705
1313338170457624576
1313338191705931776
1313338218994110464
1313338234257235970
1313338300556550144
1313338327492247552
1313338334505246720
1313338383066968066
1313338443859140609
1313338463681470465
1313338483226947584
1313338628404391941
1313338658213199873
1313338698998652935
1313338886047834112
1313338890229551105
1313338916083306498
1313338965244641280
1313338970806382592
1313339112578060288
1313339120480137219
1313339125718806529
1313339149542359045
1313339151991877632
1313339200058654720
1313339203716030466
1313339334653882369
1313339335928881152
1313339349522624513
1313339382997364741
1313339418082762752
1313339449925865472
1313339450206883840
1313339450206949376
1313339458956267523
1313339495404711936
1313339538597650437
1313339554104070145
1313339572970041344
1313339609561149440
1313339619228950528
1313339656256335873
1313339657409699841
1313339658877784071
1313339708345384961
1313339731376300032
1313339756193943553
1313339784056778752
1313339871742787586
1313339892261216261
1313339894329233414
1313339926046543872
1313340042119712769
1313340083299287040
1313340102387683328
1313340145958039552
1313340148369813504
1313340189075369985
1313340286530211842
1313340336484352000
1313340425248309248
1313340460275032064
1313340467208163329
1313340481909202944
1313340584648683520
1313340654819315712
1313340693537075200
1313340708284239872
1313340711199281152
1313340716056076289
1313340718056792065
1313340733760376832
1313340777381203968
1313340831605104641
1313340842783002624
1313340946214465537
1313340986127515653
1313341030129897472
1313341078007881728
1313341134182154240
1313341253623443457
1313341294689816580
1313341298422808580
1313341350079852565
1313341355020693506
1313341414345003008
1313341447513485312
1313341478689796096
1313341488802279424
1313341507177517056
1313341544846499841
1313341587133534208
1313341599909281793
1313341645342081030
1313341710949404673
1313341712090255360
1313341734278107139
1313341768247791621
1313341773469626369
1313341822211629057
1313341859201200128
1313341895599415301
1313341904973594625
1313341919502757888
1313341922539458561
1313341941980057600
1313342072586473472
1313342083634212864
1313342115716444160
1313342117813649408
1313342162906624000
1313342202051952640
1313342220754354180
1313342282557526019
1313342311649214470
1313342334759821312
1313342545527746560
1313342571855392770
1313342649651388417
1313342721575120897
1313342722191826947
1313342770845814785
1313342775031717890
1313342843600150534
1313342871634956290
1313342887741009921
1313342940073295872
1313343038983491584
1313343068066766849
1313343082906124289
1313343113042120706
1313343161209622528
1313343224883232768
1313343224942034945
1313343226678407169
1313343227622285313
1313343228138065920
1313343245104156672
1313343258962075648
1313343279849779201
1313343280608940034
1313343288670326785
1313343292617097218
1313343372329922560
1313343398473015301
1313343416235945985
1313343453263208448
1313343480496885760
1313343540303364096
1313343634775912448
1313343662336536577
1313343673187344385
1313343677700485120
1313343701305954304
1313343752052801536
1313343770230956038
1313343781052321792
1313343781186527232
1313343781845041152
1313343836916191234
1313343952444182534
1313343972840886274
1313344037349400576
1313344055204614144
1313344056475426817
1313344134242074624
1313344223089958913
1313344231474450432
1313344233043099649
1313344235773493248
1313344241280733185
1313344243876929538
1313344279130116100
1313344280774180868
1313344362810609671
1313344368804327424
1313344383983419392
1313344417881874433
1313344425452621824
1313344439520301056
1313344482176364544
1313344487310196736
1313344506754936832
1313344523100196864
1313344528590475264
1313344564741181443
1313344580021096448
1313344582168596480
1313344587558158337
1313344612598190080
1313344632525402112
1313344652091813888
1313344714431754240
1313344762477412354
1313344762968182784
1313344810036736000
1313344828583874563
1313344837215805441
1313344844446793729
1313344882547789824
1313344930669092864
1313344936410980353
1313344986948263936
1313344987162185733
1313345014395744256
1313345046427693058
1313345073589948416
1313345109530828800
1313345153080406017
1313345213541343232
1313345253575929857
1313345319464308736
1313345339227811841
1313345340511334400
1313345346739810304
1313345355342372864
1313345425852837888
1313345449324093440
1313345459222704129
1313345488586969090
1313345491187519488
1313345586997981189
1313345602001010694
1313345654064906240
1313345721354072064
1313345726794084353
1313345735606312961
1313345737053343744
1313345766342131713
1313345796180520960
1313345851759251456
1313345913809764353
1313345918901669888
1313345965823340544
1313345993203683328
1313346007401402368
1313346049818406912
1313346095876124672
1313346109599703042
1313346114083606528
1313346188700266496
1313346202948251649
1313346305528397824
1313346409144496128
1313346447115530240
1313346467151650816
1313346490501419008
1313346547342606337
1313346576924934144
1313346592494292992
1313346596977995777
1313346639634075648
1313346650186952704
1313346702863208448
1313346753823989760
1313346765672853504
1313346805078405120
1313346835776499712
1313346884115730432
1313346902587576320
1313346930257395712
1313346936615899140
1313346939073769472
1313346944471891970
1313346957214130177
1313346979100004352
1313346999769608193
1313346999853477889
1313347029335248897
1313347067989946374
1313347074784550912
1313347078400159745
1313347096980799488
1313347160948314113
1313347170251288577
1313347233815965696
1313347242741424136
1313347247715868672
1313347260642734082
1313347337532715008
1313347362530693120
1313347363038130176
1313347380314595329
1313347407044902912
1313347472639635457
1313347534644015104
1313347588184309760
1313347594614190080
1313347610338570242
1313347626113404934
1313347633981816832
1313347640936062976
1313347651178508289
1313347656815697920
1313347707797475328
1313347718614581248
1313347744153710592
1313347751300804608
1313347773316698112
1313347788755865600
1313347825858682881
1313347838370287616
1313347887947022336
1313348011477667840
1313348071116484608
1313348077466640384
1313348092515713027
1313348096957526016
1313348100694708229
1313348140448317440
1313348159490449408
1313348186128494594
1313348202167443458
1313348259138633728
1313348269829955584
1313348309143244800
1313348315057131520
1313348354156433408
1313348363627253760
1313348412809662466
1313348439003013124
1313348467998314497
1313348493658988546
1313348519919460353
1313348540727545858
1313348566790950912
1313348574604857344
1313348616615088128
1313348642162475008
1313348654384775168
1313348660139364352
1313348661657718785
1313348696197804032
1313348725683761153
1313348752497954816
1313348770449502208
1313348773066739720
1313348777839857664
1313348786916294658
1313348813172756490
1313348817996124160
1313348846400008196
1313348872606015488
1313348988662435841
1313349000683286528
1313349005380902912
1313349044585062400
1313349109659643906
1313349111194824705
1313349193784856576
1313349197094178816
1313349218405437440
1313349234117271552
1313349249950769153
1313349264018415616
1313349271488540673
1313349303147134978
1313349308360646656
1313349406691909632
1313349425591353345
1313349458151776256
1313349518218403843
1313349546978705409
1313349577760739328
1313349669515386880
1313349726536904706
1313349732224434177
1313349763450974208
1313349841544712192
1313350010310979585
1313350053281570816
1313350081882599426
1313350095228862464
1313350116678434818
1313350141550694401
1313350184055771137
1313350223318712320
1313350226657316865
1313350270424940545
1313350304214257664
1313350305724223489
1313350325248700422
1313350365874737153
1313350380911308801
1313350452940099585
1313350472615559168
1313350603184144390
1313350632124882944
1313350659664560129
1313350662520934400
1313350665356238848
1313350765491163136
1313350798454198274
1313350841806589952
1313350842909589504
1313350889462280197
1313350966792671232
1313350972324806656
1313351079027978241
1313351105569525761
1313351107717009414
1313351108753084416
1313351116005019648
1313351121407283203
1313351122074120195
1313351144274628608
1313351162255482880
1313351166118580227
1313351210540437504
1313351214738833409
1313351242391973888
1313351278139830272
1313351282699182086
1313351290207039493
1313351298369159168
1313351409371418625
1313351409836920832
1313351548609662977
1313351633116557312
1313351651244281861
1313351656269123584
1313351683305598977
1313351709738106880
1313351723109548032
1313351726351736832
1313351733381345280
1313351807624769537
1313351817179193347
1313351834548023298
1313351869297840130
1313351880882429952
1313351975354982402
1313352048486739968
1313352116497518594
1313352135984254976
1313352159833067521
1313352177855979522
1313352217676652544
1313352255463133185
1313352273586794496
1313352321863217153
1313352332994908161
1313352347570053120
1313352355723833344
1313352362099118080
1313352386891649024
1313352428721524737
1313352494576209921
1313352494974734336
1313352496400789504
1313352525559607296
1313352535672074245
1313352568182112256
1313352614331981825
1313352622460604416
1313352652500152320
1313352660217667584
1313352695311466498
1313352696125100033
1313352698331308033
1313352738995081217
1313352799711830016
1313352813657948162
1313352825133584389
1313352854191570945
1313352869911896066
1313352913247494145
1313352923347378176
1313352923557113856
1313352925360553984
1313352945006714880
1313353029047980032
1313353096052068352
1313353103350083584
1313353111294140416
1313353140729712641
1313353159650291722
1313353179321561088
1313353206735474692
1313353208832679941
1313353215958712320
1313353248577814528
1313353264352591872
1313353265942351872
1313353277145309186
1313353291200434176
1313353291246391296
1313353291267538944
1313353291279917056
1313353299941363712
1313353333365768195
1313353372179795969
1313353403607777280
1313353405793009667
1313353406644457472
1313353419902640133
1313353432640753664
1313353434695950338
1313353437896159236
1313353443898208256
1313353461354967040
1313353492120166400
1313353526312079360
1313353546956500992
1313353566522929158
1313353592988893186
1313353604095410177
1313353654506848256
1313353705069187073
1313353729043726337
1313353746152411136
1313353749763624962
1313353801458479104
1313353802716676097
1313353823818260481
1313353832420773888
1313353917988823041
1313353937009901569
1313354031369269250
1313354049018826759
1313354068677611522
1313354080765575168
1313354123128045570
1313354124377849856
1313354148415524864
1313354165268164608
1313354184847171584
1313354250316058625
1313354253151371264
1313354270658506753
1313354334378262528
1313354397880135681
1313354437499457537
1313354445246398465
1313354455564386309
1313354511541579776
1313354531049267200
1313354543586041857
1313354549609066496
1313354549634035712
1313354549646823426
1313354564121366528
1313354571587125258
1313354655699697664
1313354656165163008
1313354660477112320
1313354662775599105
1313354686045523969
1313354713241284608
1313354729695711232
1313354735144099843
1313354801262940161
1313354803553144833
1313354811409133569
1313354831197884417
1313354892291973121
1313354932762873857
1313354958021029888
1313354979634225153
1313354998248595456
1313355006825959425
1313355130172039168
1313355142431997953
1313355150044561410
1313355198803345409
1313355205241602050
1313355322468204546
1313355322552184833
1313355323768532992
1313355351828307968
1313355368131592193
1313355397542162432
1313355447718600704
1313355450591703040
1313355521852878848
1313355524977590272
1313355526122754048
1313355527821438977
1313355557621903360
1313355581974032384
1313355590555570176
1313355591759417344
1313355625804562433
1313355643605184512
1313355729928105995
1313355747942596608
1313355781392171009
1313355807870775299
1313355819350724608
1313355832747347969
1313355844772392962
1313355848853458944
1313355893472399360
1313355893866717184
1313355899646476294
1313356017846030338
1313356054282088448
1313356068660162561
1313356071646433282
1313356099945410566
1313356102344548353
1313356102831087618
1313356132677754885
1313356146355437568
1313356147794022400
1313356246108508165
1313356291654418432
1313356320666460160
1313356374869520385
1313356397795577858
1313356405634629632
1313356409644429312
1313356414002307072
1313356424383287302
1313356443492507650
1313356446919208962
1313356486060507136
1313356520017539077
1313356562833059841
1313356649483177984
1313356651056029701
1313356669754265601
1313356699202457600
1313356735055360000
1313356752033808388
1313356763115270145
1313356779888279552
1313356815636279296
1313356862465683456
1313356907806101505
1313356912554106880
1313356921978658816
1313356949304434688
1313356956262957061
1313356988152188928
1313356993420242945
1313357003088109568
1313357024017645569
1313357031269634048
1313357071002279936
1313357072306761729
1313357079369977856
1313357100714782720
1313357110177140737
1313357120289615878
1313357132792827904
1313357145354776577
1313357148999618560
1313357150534631429
1313357166464696320
1313357182813970432
1313357198525902848
1313357198983036928
1313357211138248705
1313357294214799360
1313357302213357571
1313357312078290949
1313357368781139969
1313357385625415681
1313357413077090304
1313357416860471301
1313357432933027841
1313357519553785857
1313357521877434368
1313357559265452032
1313357559999467521
1313357587539255296
1313357599417524224
1313357600042487809
1313357627435421697
1313357659341500417
1313357671819620352
1313357673673510912
1313357742476795904
1313357757169496066
1313357821128388609
1313357821996658688
1313357861901213701
1313357866502254592
1313357882969272320
1313357885003444224
1313357886765101061
1313357930226479104
1313357945699274753
1313357957690724353
1313357970495991808
1313357982932054018
1313358014645231626
1313358030826803201
1313358045146091520
1313358046983335936
1313358050732969985
1313358051261517825
1313358053065003009
1313358067191476224
1313358083389784065
1313358143078924288
1313358191200174080
1313358211064328192
1313358213287469061
1313358218639400960
1313358219415293954
1313358232128311302
1313358250885238784
1313358267788259331
1313358270984269824
1313358322062561282
1313358325212299264
1313358326009270273
1313358326252486656
1313358326386888704
1313358326491537411
1313358327489814528
1313358329658441728
1313358331302621184
1313358335639392256
1313358339389247488
1313358344556548098
1313358352613863425
1313358354237005825
1313358359949651968
1313358381286133760
1313358382670188544
1313358385090359296
1313358420561534976
1313358433010229248
1313358438215356416
1313358445043765248
1313358467164508166
1313358472583544834
1313358473669890050
1313358476148723712
1313358502157594624
1313358512676839430
1313358587192922113
1313358593786339329
1313358596269379584
1313358599511564289
1313358621175099392
1313358634877947904
1313358660593242112
1313358661318782976
1313358664674217984
1313358720722776064
1313358735474151425
1313358764557426688
1313358797415632896
1313358826574426112
1313358839396392961
1313358867682729984
1313358893901385728
1313358919943827456
1313358934925864961
1313358940273610752
1313358957491245056
1313358979423141889
1313358981633540098
1313358982816370689
1313358985995726849
1313358989254709251
1313359018862284800
1313359031201935361
1313359039292739584
1313359052848672769
1313359097224462336
1313359108079325184
1313359132372631554
1313359142619316224
1313359171723710464
1313359187754221568
1313359210550382593
1313359231815475200
1313359233317044230
1313359239172235264
1313359243723051010
1313359258155724800
1313359310651564033
1313359320415952897
1313359334378803201
1313359342058512390
1313359355601997825
1313359370323988481
1313359415597305857
1313359423293751302
1313359435537018881
1313359441996271617
1313359447192817664
1313359454763704320
1313359458614095877
1313359473214468096
1313359478650175489
1313359484463599616
1313359532484169728
1313359547520749575
1313359556718854146
1313359590499799040
1313359599765008384
1313359610418528256
1313359632035971072
1313359660288749573
1313359699186782209
1313359749799346176
1313359765041491970
1313359852379533313
1313359870750593024
1313359896788770816
1313359931672875008
1313359936521371648
1313359945585381376
1313359990531514368
1313360047796256769
1313360076099510275
1313360100040474624
1313360100300599296
1313360115400093696
1313360143845855232
1313360145972371457
1313360149436928000
1313360185461805056
1313360264725704704
1313360284040429568
1313360287026868224
1313360287995695106
1313360288440291328
1313360291930005505
1313360308900167692
1313360339258482689
1313360347529703425
1313360350755127296
1313360396905066496
1313360436407013377
1313360463695163393
1313360504300146688
1313360512869191680
1313360555571281923
1313360567973928960
1313360581269872641
1313360590249897985
1313360592711815168
1313360620717330432
1313360625960132608
1313360640057147392
1313360648034713600
1313360654095593473
1313360654624055297
1313360657400696832
1313360675000004609
1313360708084682754
1313360723012210689
1313360740028424192
1313360800153833473
1313360810052325397
1313360817157439489
1313360841052311552
1313360851315888128
1313360852599353345
1313360881036730378
1313360887068196864
1313360889802784768
1313360898896154624
1313360914318594051
1313360937932468224
1313360972615221249
1313360975622529024
1313360995151159297
1313360996996710400
1313361020824453124
1313361076491354112
1313361080660492289
1313361082749259778
1313361084015927296
1313361099023147009
1313361112163856384
1313361167046397959
1313361194976247808
1313361223845646336
1313361311674269697
1313361390284005381
1313361390808322048
1313361417773383681
1313361417903448064
1313361458684624897
1313361473251545088
1313361488543911936
1313361533624299520
1313361596274466817
1313361599097339904
1313361614603776001
1313361628587528192
1313361636959322114
1313361640700682240
1313361645989752833
1313361647902363651
1313361660934053888
1313361686271754241
1313361691657285633
1313361699014144000
1313361706077302785
1313361707188867072
1313361713127976961
1313361715506143233
1313361725698211841
1313361747496120320
1313361758078332928
1313361782686261249
1313361856614985729
1313361874717749249
1313361895013994496
1313361907647164416
1313362008742465536
1313362022516621312
1313362022894047232
1313362085724782592
1313362099288956928
1313362099360260096
1313362099393888257
1313362099603533824
1313362107006676992
1313362114929664000
1313362133334347782
1313362144080076800
1313362179098279936
1313362189340864519
1313362194109804549
1313362206579470338
1313362214951284742
1313362219246252033
1313362228243050496
1313362236145098752
1313362244139454464
1313362267296149504
1313362280164347904
1313362321482428416
1313362338746114048
1313362382232711169
1313362447063973888
1313362451094740992
1313362460359962626
1313362481293733890
1313362489220849664
1313362558905188352
1313362608351858688
1313362645479755777
1313362663691476992
1313362671765540867
1313362676362469376
1313362713805033472
1313362749762797568
1313362766598729729
1313362850983931905
1313362853391466498
1313362911138664449
1313362925135028230
1313362927601307649
1313362958874017792
1313362973512142850
1313362978356502533
1313362988825538566
1313362996211707904
1313363024149983233
1313363028642082816
1313363032978923521
1313363035034189825
1313363056760627206
1313363072153726976
1313363089228787712
1313363121734549505
1313363135567458309
1313363195608920069
1313363220510502912
1313363223878524928
1313363225510113282
1313363285262114816
1313363302014160896
1313363333232447488
1313363364974919682
1313363372491108353
1313363418959810560
1313363424953479169
1313363458977607680
1313363514204082177
1313363520428351488
1313363571779293184
1313363599646248961
1313363603572097024
1313363613340573697
1313363642922958854
1313363708542955520
1313363710715588608
1313363743879946240
1313363744181772288
1313363760405532672
1313363774397722625
1313363775270072320
1313363787261579264
1313363790851903489
1313363807809556480
1313363813304066048
1313363828986519553
1313363860900978689
1313363876839403520
1313363943746875393
1313364001032671232
1313364011526893569
1313364057433550848
1313364095610085376
1313364121765777409
1313364131706265600
1313364135544074241
1313364162052009984
1313364176342056961
1313364178829180928
1313364194134315008
1313364235657895938
1313364258151858176
1313364338623877120
1313364349222817792
1313364361621241856
1313364376917815297
1313364377429520384
1313364415165730816
1313364418286288897
1313364428713267200
1313364437634560000
1313364489505509377
1313364548703879168
1313364558984216576
1313364615045275649
1313364615867305985
1313364625442959361
1313364653779673091
1313364693461983232
1313364759031447553
1313364769785679872
1313364799473016832
1313364820503257089
1313364841537720321
1313364846931521537
1313364867437469697
1313364877289938945
1313364898198495233
1313364957673725952
1313364982336303104
1313364985154809856
1313365010731671552
1313365023461441537
1313365028821766144
1313365084413079552
1313365085344198656
1313365158736130048
1313365191179022336
1313365194878353409
1313365284825305089
1313365300067348480
1313365312146898944
1313365344304668673
1313365348478050305
1313365354207481856
1313365357848080385
1313365364223418368
1313365407613546496
1313365411027652609
1313365422109085696
1313365439771279360
1313365461057314820
1313365461711695872
1313365484503535617
1313365504921305088
1313365533681688578
1313365556804956161
1313365582230761472
1313365620294062080
1313365634982576129
1313365647460569089
1313365693677686784
1313365714452054016
1313365719044820992
1313365729731915778
1313365739206840320
1313365743606665217
1313365748555878402
1313365781074391040
1313365796433866753
1313365874405933056
1313365879657304064
1313365881804804097
1313365882446524416
1313365891048968194
1313365891342577666
1313365911689142275
1313365921411543040
1313365952193536006
1313365954563313666
1313366036884992000
1313366050197639170
1313366055339819008
1313366087627612160
1313366092304338944
1313366105235259393
1313366110864117761
1313366140639477760
1313366142531121152
1313366181584175105
1313366244859564033
1313366248617635841
1313366289193283584
1313366290510352385
1313366295702896640
1313366313801322496
1313366320809992192
1313366335292833793
1313366383640686593
1313366403047731203
1313366436425986048
1313366437185097728
1313366438749536257
1313366440158863360
1313366441127796737
1313366446374780929
1313366459771490305
1313366460077674498
1313366467648389122
1313366483343351808
1313366485310615563
1313366509729841152
1313366529837330433
1313366534677463041
1313366555451895808
1313366559432335360
1313366565694377984
1313366600989519872
1313366628072120321
1313366631402307586
1313366641187540992
1313366649530183681
1313366653955125248
1313366677543845888
1313366692551163904
1313366706212032512
1313366706581049344
1313366736201289729
1313366772255535104
1313366807160520704
1313366871220068354
1313366872532889600
1313366882188132354
1313366898936098816
1313366904216711173
1313366961259241472
1313366967831666688
1313367019857813505
1313367024467402753
1313367042431561729
1313367052468404226
1313367074820042753
1313367109364330496
1313367156223094785
1313367161407143937
1313367168302542848
1313367177634947073
1313367200879837184
1313367203304148992
1313367225068384256
1313367229099106310
1313367245016436736
1313367267602694146
1313367285382426626
1313367286548443136
1313367355116974080
1313367384170823680
1313367396304945152
1313367411354202112
1313367411408723969
1313367428290818052
1313367444216569856
1313367498293686272
1313367531688660992
1313367542816288769
1313367549661319171
1313367551691419648
1313367565117403137
1313367574521016322
1313367595509219329
1313367602941620226
1313367611477024768
1313367620201127937
1313367632742055936
1313367665247948800
1313367703722262529
1313367706306064384
1313367735259328512
1313367795858657280
1313367801000796166
1313367841068982272
1313367877299384320
1313367902620389376
1313367936808243200
1313367950632595456
1313367951828037633
1313367952360714241
1313367985558618113
1313367988419133440
1313367996744773638
1313368007079534592
1313368028789248001
1313368047588175872
1313368100734226432
1313368104353894400
1313368105171771392
1313368162122051584
1313368163766226944
1313368171852820481
1313368195168907267
1313368202735489024
1313368203373015040
1313368205629497346
1313368216358522880
1313368220322193408
1313368223069417473
1313368259991871488
1313368284838998016
1313368297291812864
1313368321841147905
1313368331613868032
1313368357249454082
1313368379902898178
1313368431559929859
1313368438862221312
1313368439231336450
1313368447104020480
1313368449230557184
1313368472496283648
1313368500291936256
1313368504301694977
1313368507158081536
1313368510551203841
1313368510706446337
1313368511775940610
1313368513831108609
1313368519644524546
1313368520382722048
1313368530339864577
1313368530922938369
1313368546714488833
1313368556856397824
1313368582340968448
1313368582995275777
1313368605363499008
1313368640289468417
1313368644060164096
1313368654407442432
1313368682228256769
1313368698128924673
1313368714503487488
1313368718404194305
1313368747223273472
1313368765573275650
1313368778047213568
1313368780530163712
1313368805784068096
1313368849220239361
1313368871450087424
1313368891209535490
1313368904652279810
1313368917570707456
1313368935618744321
1313368938584199168
1313368968904794113
1313368985304551424
1313369017483231232
1313369054590234624
1313369062450364416
1313369064929198081
1313369084348772354
1313369084579512322
1313369084722118661
1313369100123426817
1313369111334924288
1313369121879359488
1313369140934176774
1313369143282929666
1313369148509093889
1313369159250608129
1313369180167639040
1313369186899505157
1313369191316156419
1313369194122153985
1313369219854209025
1313369232277635073
1313369240804691968
1313369249533001729
1313369250598473732
1313369300946870272
1313369306135244801
1313369355741208582
1313369365698486273
1313369374787538944
1313369383792709633
1313369392315617280
1313369397445058562
1313369408019091456
1313369415342317574
1313369424108425216
1313369435990786054
1313369502659346433
1313369515548442624
1313369538197622784
1313369542379397121
1313369544786931712
1313369555062972421
1313369598167842816
1313369611849654272
1313369622788308992
1313369625174867968
1313369629553823744
1313369634230480896
1313369636143091712
1313369648981827585
1313369649078317056
1313369660923015169
1313369663125041152
1313369667151503361
1313369687280046081
1313369699867078657
1313369710415708166
1313369712533868545
1313369725670481921
1313369743152287745
1313369758369230854
1313369775561637888
1313369830502862848
1313369834961412098
1313369840456028160
1313369846726496256
1313369871825207296
1313369908110077954
1313369911658307584
1313369978104614912
1313369992432357377
1313370000359596032
1313370035340148736
1313370038984941570
1313370043984510976
1313370082005975040
1313370086649012229
1313370090558173186
1313370163283099649
1313370191502495744
1313370212012568577
1313370230765301760
1313370246565199873
1313370254236618753
1313370267822022656
1313370280912355328
1313370284221706240
1313370289774956544
1313370329302159361
1313370345848496128
1313370349724143619
1313370375548473344
1313370396851396608
1313370405659447296
1313370406204702723
1313370442049163265
1313370460546125826
1313370466883641344
1313370514941972482
1313370524702199808
1313370578968104963
1313370580238950406
1313370602108059649
1313370602154192898
1313370602955321344
1313370605153062912
1313370629408784385
1313370664347328518
1313370668289978369
1313370696718917632
1313370718630031362
1313370718785228806
1313370720865484800
1313370740905988101
1313370744521478145
1313370767975948288
1313370774141652993
1313370831716745216
1313370832496975873
1313370834053009408
1313370835076493313
1313370872405782528
1313370873743671296
1313370875736076288
1313370880370712576
1313370907352739840
1313370907390296064
1313370948943466497
1313370957675978752
1313370958628106240
1313370978886578176
1313370998838886404
1313371016287195136
1313371026684870662
1313371037975957505
1313371064785829888
1313371077335187456
1313371086164242432
1313371090371084288
1313371096390004736
1313371110562500608
1313371112508719104
1313371117701271553
1313371128287686657
1313371174269788162
1313371180968144898
1313371198236094466
1313371205286666240
1313371211955568641
1313371223976546304
1313371226547654656
1313371228326055939
1313371234147733505
1313371250731945985
1313371252627734528
1313371258399195136
1313371269409189888
1313371313315229698
1313371359985184768
1313371421167546368
1313371425542156290
1313371438167003137
1313371447650406400
1313371450456317963
1313371475517284352
1313371510523002881
1313371549903314945
1313371553468383233
1313371587966644224
1313371627787354117
1313371651317346304
1313371670166544384
1313371745307561984
1313371752744058881
1313371758452453376
1313371774202118144
1313371783295373312
1313371784293605378
1313371784855478272
1313371793843986432
1313371797505490944
1313371805495840768
1313371840648183808
1313371840665063425
1313371846377721857
1313371861976309766
1313371866308829184
1313371867722510337
1313371871929344004
1313371872847949824
1313371891600699397
1313371894649966592
1313371924513333248
1313371971783196672
1313371985012035586
1313371998219907072
1313372000233099265
1313372003974500353
1313372009083133953
1313372010534363138
1313372012589576192
1313372023394009089
1313372051621715968
1313372051718180865
1313372084358254592
1313372095020236800
1313372105271136256
1313372108802621440
1313372118650941440
1313372155686592512
1313372165643755520
1313372165669093378
1313372167095058432
1313372167577501701
1313372169943027712
1313372181913427969
1313372286704025600
1313372291217096704
1313372309013626881
1313372317943312389
1313372321890041856
1313372343050342400
1313372355968798720
1313372358732853248
1313372381877075969
1313372386666913792
1313372394531291136
1313372408217317376
1313372417247543297
1313372491339923456
1313372511380234240
1313372517466333185
1313372551935131648
1313372629567496192
1313372630569947137
1313372635770880000
1313372655815454720
1313372660890505217
1313372675616759809
1313372683384557568
1313372691827765253
1313372699440316416
1313372722085404673
1313372727819018241
1313372728041320448
1313372739282108416
1313372753525968897
1313372769141370880
1313372771561492486
1313372772836552705
1313372801638825985
1313372837038764032
1313372863534190593
1313372885503954945
1313372888997801985
1313372912490024960
1313372927765745670
1313372937018318854
1313372939438428161
1313372955477454855
1313372982287511552
1313372988008542209
1313372996824948737
1313373012155076608
1313373012486320128
1313373012557795330
1313373014038282242
1313373041485918209
1313373066190356480
1313373072955715584
1313373092660547584
1313373124856029184
1313373127762739201
1313373171362467841
1313373178102714368
1313373191927103488
1313373192128532483
1313373213532061697
1313373236143575040
1313373244771180545
1313373251284938757
1313373289998409728
1313373310768513024
1313373351608549377
1313373375830667264
1313373421808619520
1313373424429924358
1313373425281499136
1313373425726087169
1313373426250182656
1313373426510368768
1313373427323949057
1313373427986653185
1313373428028764161
1313373428053729280
1313373428053811201
1313373428112531456
1313373429861478404
1313373431837138947
1313373434190065664
1313373455618912256
1313373458189946880
1313373465131593729
1313373466050080770
1313373467413295104
1313373468143104001
1313373475021692930
1313373486006644737
1313373498824327173
1313373506030231553
1313373509662507008
1313373509951934464
1313373517174497280
1313373546996019200
1313373562745630721
1313373563689357314
1313373593850523648
1313373600133648385
1313373609294004225
1313373611105890304
1313373617787408384
1313373627950272512
1313373629464358913
1313373636795932673
1313373730786226178
1313373773115125760
1313373789720371201
1313373792710930432
1313373800742912001
1313373801594449920
1313373805662871552
1313373810184290304
1313373815817351169
1313373830476427264
1313373839217381378
1313373851691163649
1313373877318438912
1313373880569016320
1313373912315592704
1313373923459960833
1313373928790929408
1313373928811716608
1313373981907595266
1313373989864173570
1313374000840617984
1313374020503588864
1313374020579069952
1313374035846279168
1313374061184114688
1313374065227227136
1313374066343129088
1313374101617225728
1313374107271073792
1313374110626598912
1313374124128038914
1313374124257968131
1313374162774298629
1313374185801031685
1313374220429131776
1313374223407218690
1313374256248565760
1313374275575967747
1313374295863721985
1313374296442576896
1313374309944000517
1313374312322207744
1313374339010625537
1313374356979015680
1313374359055200256
1313374370925031424
1313374420598173697
1313374430945439745
1313374450239365120
1313374460309901312
1313374465116573696
1313374479427530752
1313374484506857472
1313374516006006784
1313374517440503809
1313374532565176320
1313374532858765317
1313374554174164994
1313374601053900800
1313374631751974912
1313374646528606208
1313374646788657153
1313374675838402560
1313374735519154176
1313374743547047936
1313374747330260997
1313374760538181634
1313374780679229440
1313374815676489728
1313374828548829184
1313374829165326337
1313374858710077440
1313374872848998400
1313374930650701824
1313374933691633665
1313374934001950720
1313374954516148225
1313374966579159041
1313374977694076928
1313374981666091008
1313374990448955392
1313375001748307968
1313375002058723329
1313375003350642688
1313375009528832000
1313375052369403906
1313375061164863489
1313375064910430209
1313375065510236165
1313375072409866240
1313375076079865856
1313375093272256514
1313375094979387394
1313375101254070272
1313375102352928769
1313375113270657029
1313375116689133569
1313375128856727552
1313375143880777728
1313375186880786433
1313375189946830848
1313375194808045569
1313375236256038912
1313375263506432000
1313375269185638401
1313375288068276226
1313375310549864448
1313375326009991168
1313375355709911040
1313375361711976448
1313375364073349120
1313375391055310848
1313375416304963584
1313375427566673920
1313375437116981249
1313375478250700800
1313375484877705216
1313375494759477248
1313375496722317312
1313375501709455364
1313375510634868738
1313375525746999296
1313375574270898177
1313375590653677568
1313375598245486592
1313375606751531010
1313375617870696448
1313375634077487106
1313375641279049729
1313375686070067200
1313375694857154560
1313375714272579585
1313375721151176704
1313375754588127232
1313375759290060800
1313375778839711744
1313375783516360710
1313375795293949954
1313375812327014402
1313375818656210945
1313375821617418243
1313375822124740608
1313375826457628672
1313375862151151617
1313375885970608128
1313375911199363078
1313375916609990657
1313375920854622208
1313375932560834560
1313375934133698561
1313375940655734785
1313375947161317378
1313375950143455233
1313375957567315968
1313375972272504832
1313375983995703296
1313375985207836672
1313376001120964609
1313376042577518592
1313376044502716421
1313376046943744000
1313376049519104000
1313376086361866240
1313376088698097666
1313376090631659520
1313376096629542913
1313376107580862464
1313376138668933120
1313376143135907840
1313376183900307456
1313376195975745536
1313376211972820992
1313376234970247168
1313376245187596288
1313376251009282049
1313376275696844800
1313376283468926977
1313376290754396162
1313376318873108486
1313376359482351618
1313376377886986240
1313376383243034625
1313376383993810944
1313376390893502465
1313376409520349184
1313376421516128263
1313376437370531840
1313376443968090112
1313376445398478848
1313376448821047296
1313376451446673408
1313376463975059456
1313376474263687168
1313376475509395456
1313376483696619522
1313376506693988352
1313376534577795075
1313376566987182085
1313376652202663938
1313376661254148097
1313376671584727041
1313376675489632257
1313376687027970049
1313376760608817153
1313376764480155648
1313376770570293249
1313376775934705666
1313376791273365505
1313376796688216071
1313376808818085889
1313376837398134784
1313376837595262976
1313376906595782657
1313376974740619265
1313376980130238464
1313376997171703811
1313377000640348161
1313377005161906176
1313377055715753989
1313377071473790977
1313377085424099333
1313377101593145345
1313377115165818881
1313377115488874496
1313377150502928385
1313377198770921473
1313377209252540416
1313377219201433601
1313377224620470272
1313377230869979136
1313377235248840704
1313377270594187264
1313377278886318080
1313377282807996417
1313377288977821697
1313377293071536128
1313377315930492930
1313377336981626886
1313377346938961920
1313377355637895170
1313377356350922752
1313377377238556672
1313377391369224192
1313377412437233664
1313377454556360704
1313377479164342278
1313377487515197443
1313377505546567680
1313377570860212224
1313377593098412039
1313377602946715648
1313377617689620480
1313377636748611584
1313377703337263105
1313377711700750337
1313377711738572801
1313377716943679489
1313377717904171008
1313377719636426753
1313377755090878466
1313377767711543296
1313377767887704064
1313377772912496641
1313377780470607877
1313377790402670592
1313377794773188608
1313377826695983105
1313377836502261760
1313377838666518529
1313377853506019328
1313377872170672128
1313377876314591238
1313377886326403072
1313377892651466754
1313377895285313537
1313377936867815426
1313377961161175040
1313377982552174592
1313378036637724672
1313378052966158342
1313378073203683329
1313378091171889154
1313378140014641152
1313378181655789568
1313378193504694272
1313378212198653952
1313378227751182336
1313378250446512129
1313378258159890432
1313378316695601154
1313378335305670656
1313378359464861697
1313378372479676416
1313378418851946496
1313378437558607872
1313378448967073794
1313378449554378752
1313378457078784005
1313378506944974850
1313378544458883072
1313378624834359296
1313378653162659842
1313378656945922048
1313378663950360576
1313378667708514305
1313378682816397312
1313378718753026049
1313378724692271104
1313378789389479936
1313378813938724865
1313378850135568387
1313378874307366913
1313378885027934208
1313378886655389698
1313378920604012548
1313378955517460481
1313378963906060290
1313378971778678784
1313378971875192832
1313379006763368448
1313379009183592449
1313379014921330689
1313379046349209600
1313379064548397056
1313379069401104390
1313379078683193345
1313379083301130240
1313379098006376448
1313379110689923077
1313379121607643136
1313379200397705217
1313379226503045120
1313379266088890368
1313379286905245697
1313379375446978560
1313379380585009152
1313379391620165635
1313379406614798336
1313379410943324161
1313379442757115906
1313379461136560130
1313379462956879873
1313379463514779648
1313379464605204485
1313379474747076608
1313379490068865024
1313379511682117632
1313379538672513025
1313379541709135873
1313379544997523456
1313379557584633856
1313379566891814912
1313379575456501762
1313379577696321537
1313379581622128640
1313379607467429888
1313379632087957504
1313379670814085120
1313379676623077377
1313379695434649600
1313379725516079105
1313379736937168898
1313379765252915200
1313379766356111362
1313379768637755392
1313379796915806214
1313379798115389443
1313379810501111814
1313379811738423296
1313379819913052161
1313379823541248007
1313379823868411904
1313379825470574593
1313379840997941248
1313379861638021120
1313379872337731584
1313379890708779009
1313379897331638272
1313379945406771200
1313379952600002560
1313379979535712257
1313380005515333632
1313380008660959232
1313380037261955073
1313380039950508033
1313380049056342016
1313380054328635392
1313380067536449537
1313380069507817474
1313380081889402881
1313380086473723907
1313380088277336065
1313380124256096257
1313380135412936705
1313380136838930433
1313380164575911938
1313380231269490691
1313380248189272065
1313380256007565312
1313380257580417024
1313380260717752321
1313380263154589696
1313380276819693569
1313380278224801792
1313380294410620929
1313380311691128833
1313380361120997376
1313380368255512576
1313380376782536704
1313380404217475072
1313380415483379712
1313380449486544896
1313380516524167168
1313380529010552832
1313380534408622085
1313380553249509377
1313380562003021824
1313380594047488004
1313380595091804160
1313380595540557829
1313380651958177792
1313380670652256257
1313380678227169285
1313380680617938944
1313380689555918848
1313380692978475010
1313380693569941506
1313380704080846850
1313380707893481472
1313380724234485760
1313380760846557184
1313380784758284288
1313380787639726081
1313380841154805761
1313380842618712064
1313380846674620416
1313380863770583043
1313380865221824512
1313380865624412160
1313380877796245504
1313380929432322049
1313380929918861312
1313380968577851392
1313380971065077761
1313380973644521475
1313380973669646338
1313380974026264576
1313380974055448576
1313380974097510406
1313380974386847744
1313380975313739781
1313380975632551936
1313380975963906048
1313380983299862528
1313381011439394818
1313381018443935744
1313381041663598592
1313381055286652929
1313381064417607681
1313381065281753099
1313381082797084672
1313381100471955458
1313381108944429056
1313381124689858560
1313381135842447360
1313381152812605441
1313381162350510080
1313381164099534855
1313381167991840768
1313381207833485312
1313381212971388928
1313381219564957696
1313381241463414784
1313381256009187328
1313381274871103489
1313381285734350854
1313381295246934016
1313381315698401281
1313381327048265736
1313381387035119616
1313381428281905154
1313381484636581888
1313381485748072449
1313381493188722688
1313381525824704512
1313381526680338432
1313381558565380097
1313381588382621696
1313381660050837504
1313381674764374021
1313381676651810816
1313381678648299520
1313381693575790593
1313381780410556416
1313381793899393024
1313381824501092352
1313381838992228352
1313381842091995138
1313381847188021248
1313381902980653056
1313381942574931968
1313381976003481601
1313381977077186561
1313381982412451841
1313382012640690176
1313382026725281792
1313382028293926913
1313382028440723458
1313382037999493122
1313382040599957509
1313382049085042688
1313382059147132929
1313382078722048005
1313382080412299264
1313382084287836160
1313382093238538240
1313382114155548673
1313382124737695747
1313382138369191938
1313382143654014982
1313382149496672256
1313382151736483840
1313382187945938944
1313382204043558912
1313382214969831424
1313382220204331009
1313382239632269314
1313382239737184256
1313382248566136832
1313382252097802240
1313382286306488323
1313382326693437441
1313382326857072640
1313382338760454144
1313382339049926657
1313382351385362432
1313382367390846982
1313382368582029314
1313382393860911104
1313382403642216450
1313382408968982528
1313382409283526668
1313382454938554369
1313382465168384000
1313382493077286913
1313382497003208705
1313382497649074176
1313382511553241088
1313382520306774016
1313382520508026880
1313382533082558465
1313382551537496064
1313382558848122880
1313382560978923520
1313382593304440834
1313382605459525632
1313382609418891264
1313382664674697216
1313382670785806337
1313382690176069632
1313382714851176448
1313382715601887232
1313382747583512582
1313382747981770752
1313382847575662593
1313382853204377600
1313382867838341120
1313382884267483136
1313382896573526018
1313382932900458497
1313382977209085953
1313382992035950592
1313383004891418624
1313383012097294336
1313383015272284162
1313383035539202049
1313383036839514112
1313383038357823488
1313383039897133056
1313383053717372928
1313383064991608832
1313383087926136833
1313383095563882496
1313383099678494722
1313383115029704705
1313383126849249280
1313383136626171904
1313383136961724417
1313383141625794560
1313383143001423873
1313383175578624000
1313383194801176576
1313383197909155840
1313383212937367552
1313383219421761541
1313383224949780485
1313383239525036032
1313383250002231301
1313383251482832897
1313383252472655872
1313383255421280256
1313383258877497344
1313383261884751872
1313383261956198400
1313383264812363776
1313383271405965313
1313383303777587205
1313383339798286339
1313383375697305601
1313383434434248704
1313383452042035200
1313383478239600640
1313383490256343041
1313383504210780160
1313383508589588480
1313383510519025664
1313383539509997568
1313383546720051201
1313383566747807744
1313383567934787585
1313383575912407041
1313383580589010946
1313383590181384192
1313383601589948416
1313383605595508737
1313383613493317633
1313383625602330625
1313383632535420928
1313383639003082752
1313383656338206720
1313383674709184513
1313383678270222336
1313383679599816704
1313383682221187073
1313383683219509248
1313383702815277057
1313383730363457537
1313383768762261505
1313383808381661184
1313383811246370817
1313383821186928640
1313383846520459265
1313383848089137152
1313383865654935554
1313383868339302400
1313383877361057792
1313383882419560448
1313383903143636992
1313383903399473159
1313383907228823552
1313383913054711808
1313383940695171073
1313383963772289024
1313383964057403392
1313383970772594688
1313383970869051393
1313383979039547394
1313384004347850754
1313384023599706112
1313384044953063425
1313384061969354753
1313384085721616384
1313384087521026048
1313384110405156864
1313384123080245248
1313384124971917312
1313384138108481536
1313384138112671745
1313384155116457985
1313384184132628480
1313384196182859776
1313384202486853632
1313384209361309696
1313384210829381632
1313384214033838083
1313384215782789120
1313384250322812929
1313384278005370880
1313384287287345152
1313384303569645575
1313384311232638979
1313384312394350592
1313384319558258690
1313384327397474305
1313384337350549506
1313384339292540929
1313384347991506945
1313384351917207559
1313384352781398016
1313384379910103041
1313384400613244929
1313384465146806273
1313384491373727749
1313384508306186240
1313384526652022784
1313384533417394177
1313384591022084096
1313384622378692608
1313384632159801344
1313384634361819137
1313384639126474752
1313384646911168512
1313384648777576448
1313384652858589185
1313384666553110529
1313384668805451776
1313384680218124290
1313384696672329728
1313384700715700226
1313384702326255617
1313384713978023937
1313384721125126144
1313384726196092929
1313384726258954240
1313384748555800581
1313384748597817344
1313384748627226624
1313384754759315457
1313384763550466049
1313384773247795201
1313384791367180294
1313384807125127169
1313384813240475649
1313384820643434496
1313384826351890432
1313384832622383104
1313384838318174208
1313384846534770688
1313384849781202949
1313384850158649347
1313384850225758213
1313384878440951810
1313384893275992064
1313384924112719873
1313384941003173889
1313385022683074560
1313385032996868096
1313385035702075392
1313385045655269376
1313385051149807616
1313385071420813312
1313385087103270913
1313385103586926592
1313385111233212417
1313385122184519689
1313385137405595649
1313385141356593153
1313385168128954368
1313385186197987328
1313385192514629632
1313385208461357056
1313385236269608963
1313385249808711681
1313385251935318016
1313385266565066752
1313385287192588288
1313385290279550976
1313385309615394816
1313385313339924481
1313385349058572289
1313385360735563776
1313385369803649026
1313385375365304321
1313385412610662400
1313385437344542721
1313385445821083648
1313385454146850817
1313385477089775616
1313385486375964672
1313385531204603905
1313385551844777984
1313385557171621888
1313385561810505728
1313385574582095872
1313385581515354112
1313385584996634625
1313385599789928448
1313385602885312512
1313385631414976513
1313385636381028353
1313385657453219842
1313385661366513664
1313385663979573249
1313385678915473408
1313385716005711872
1313385717138182144
1313385727850352640
1313385729653903360
1313385807885946881
1313385813502287872
1313385821031071745
1313385845253181440
1313385848138801152
1313385853570502657
1313385870473326592
1313385886877388800
1313385889696018432
1313385890249572352
1313385903394619393
1313385906871717888
1313385938387697665
1313385975524061186
1313385981547077633
1313385999196721152
1313386006779850752
1313386006805008386
1313386006842925057
1313386009518911489
1313386014598148097
1313386034256846848
1313386042158968832
1313386048144183296
1313386056415432705
1313386073196826624
1313386078448091136
1313386082382143488
1313386085226078208
1313386130709057536
1313386144797732865
1313386153052119040
1313386156927660033
1313386160169906176
1313386160585142278
1313386164242583552
1313386165379248128
1313386166293594117
1313386183733506048
1313386187944529922
1313386210715480064
1313386222727897089
1313386230533558272
1313386253195399168
1313386254445301760
1313386255212830720
1313386266990346240
1313386294433722368
1313386319284928512
1313386337316241408
1313386346527023104
1313386366512910336
1313386389589897217
1313386443818106880
1313386495160483840
1313386540916146177
1313386552945451009
1313386554493227009
1313386567944335361
1313386571350114305
1313386586374053889
1313386603142881280
1313386622260441089
1313386643894697984
1313386686223708160
1313386702136901632
1313386703399378944
1313386753173094402
1313386755387731969
1313386772722782209
1313386773347594240
1313386785393782785
1313386795577548801
1313386797808877568
1313386801680338946
1313386828091863042
1313386845779226630
1313386855971332096
1313386924221116416
1313386927635267584
1313386940721500160
1313386950615760896
1313386952440393728
1313386981557235717
1313386991392903173
1313387029267394560
1313387040294268928
1313387063627190272
1313387096191758337
1313387101602406402
1313387103535927296
1313387135559503873
1313387138898067458
1313387182527262725
1313387199723864065
1313387214030610432
1313387261623439361
1313387265134137344
1313387272113356800
1313387275624087552
1313387299825213445
1313387311405637632
1313387312450072576
1313387320394084352
1313387330263277571
1313387335065706496
1313387336022007808
1313387354342580225
1313387358897741825
1313387359153590272
1313387360852344832
1313387367319900161
1313387367940722689
1313387370616631298
1313387380313919488
1313387383241551873
1313387386454368256
1313387393203011584
1313387404657598464
1313387412027068416
1313387422353428480
1313387499083960321
1313387516041531393
1313387554109038592
1313387557875519489
1313387602070863872
1313387604738535425
1313387609343889409
1313387618755850241
1313387642029928448
1313387652251615232
1313387708610478080
1313387725014401024
1313387728030109696
1313387729623879680
1313387776281399297
1313387788964945920
1313387825077932033
1313387825237307393
1313387860687495168
1313387873274560512
1313387879641550848
1313387886826467328
1313387889951154179
1313387895080849408
1313387952530223106
1313387964458774529
1313387971639422976
1313387972574801926
1313387975703777280
1313387982007795712
1313388020096282630
1313388029822808064
1313388039230685184
1313388043882070016
1313388046419726336
1313388051578662914
1313388058386071552
1313388059082338304
1313388064912412675
1313388092577980416
1313388096344543234
1313388097560772609
1313388156830375936
1313388166100013057
1313388179068719105
1313388181371392000
1313388188556292096
1313388204595253248
1313388206835068928
1313388255237353473
1313388256361353216
1313388257363795968
1313388262267015170
1313388290897108992
1313388292159819777
1313388305447354368
1313388309410873344
1313388324241977345
1313388329342242819
1313388330307006470
1313388335386234881
1313388365274902528
1313388370723254273
1313388379447402496
1313388389568253952
1313388391057305600
1313388393146056705
1313388409336074240
1313388417888251904
1313388423605104641
1313388424976629761
1313388436460580866
1313388438171914241
1313388438637473792
1313388450465361921
1313388453397233667
1313388456589099009
1313388457218191360
1313388463551664128
1313388469364940802
1313388471676006402
1313388472934248453
1313388514822828032
1313388521609195520
1313388522204729345
1313388523303702529
1313388523312107520
1313388524356411397
1313388524637499402
1313388525744685056
1313388525782405121
1313388525937713152
1313388526550032384
1313388527300812800
1313388527573520385
1313388573085892609
1313388586943819776
1313388596578189312
1313388603549143040
1313388606204116993
1313388612147445761
1313388615695826945
1313388632791752707
1313388644833677313
1313388658943238144
1313388681529569284
1313388683244994560
1313388689012256768
1313388691323265026
1313388693613359104
1313388698059313155
1313388713808998400
1313388740291768322
1313388746436497409
1313388746914631680
1313388750748233729
1313388753428320257
1313388801839042560
1313388807845294080
1313388812949753857
1313388827688435714
1313388835766775810
1313388847259095040
1313388852858552321
1313388857283485696
1313388859900690433
1313388882784903168
1313388887511912448
1313388893904011265
1313388915508891649
1313388919761719298
1313388926363598848
1313388927139696642
1313388931858264064
1313388959649726464
1313388960593387520
1313388990284869633
1313389027177893889
1313389049638518784
1313389070073163776
1313389104655106049
1313389112037171200
1313389114444611584
1313389151799128064
1313389206606155776
1313389213967101952
1313389215175118848
1313389227015634946
1313389237669068800
1313389251250323457
1313389263623516161
1313389308561240064
1313389317457350656
1313389338240135173
1313389360981606400
1313389363921813506
1313389406573780992
1313389410021519360
1313389416480755713
1313389426165403649
1313389432272293888
1313389456674750464
1313389473410015238
1313389523771052032
1313389583166509056
1313389583745380352
1313389613671739392
1313389661247635459
1313389687684444160
1313389714171400200
1313389760585568257
1313389783385804801
1313389798816714752
1313389814675320833
1313389837911719941
1313389864247844864
1313389874800717824
1313389878973997056
1313389901774233600
1313389914311008257
1313389925925113856
1313389931612471297
1313389945327943680
1313389958485479424
1313389963980009472
1313389970699083777
1313389980572545024
1313390009093947392
1313390016387784704
1313390055319367681
1313390071719043073
1313390083408527360
1313390084016803840
1313390095030943745
1313390104401113089
1313390131957686275
1313390132322594816
1313390149737349122
1313390185250422785
1313390187217596416
1313390188853424128
1313390231207411713
1313390257774133248
1313390258638249984
1313390268415193088
1313390272764678144
1313390298333151233
1313390300669399040
1313390301831143425
1313390306809831426
1313390324417548289
1313390343891681281
1313390364229857280
1313390380319232000
1313390384958111744
1313390389370511360
1313390389726937088
1313390401722683392
1313390419246489602
1313390429329666048
1313390464062623744
1313390492844003329
1313390506114789376
1313390509734404098
1313390525240705025
1313390548749869058
1313390587727486976
1313390601598054400
1313390604068548609
1313390604596977665
1313390642761027585
1313390680866263040
1313390721802657792
1313390780116074496
1313390781084962822
1313390781965709312
1313390784025104385
1313390836491653120
1313390873145733120
1313390883702800385
1313390954167111680
1313390975100780545
1313390980255682560
1313390995917201408
1313391007296258048
1313391030545395712
1313391040070594560
1313391040250945536
1313391048878682112
1313391057527353346
1313391058814988288
1313391064141701121
1313391068860354562
1313391100028166144
1313391105665388544
1313391117233205248
1313391117870792704
1313391122106941440
1313391139240771585
1313391177329147905
1313391185449439232
1313391215061106690
1313391226658447360
1313391229896396800
1313391270224711686
1313391289082183686
1313391306497044482
1313391337027383301
1313391338658955265
1313391353196425216
1313391367310188544
1313391370539855873
1313391428421201921
1313391437090893824
1313391442224701440
1313391445512990721
1313391445806592001
1313391448935616512
1313391472629161985
1313391480380235776
1313391492938031109
1313391507144159232
1313391513959792640
1313391543001264130
1313391551226273792
1313391552706772992
1313391568548659205
1313391579844014084
1313391609556488192
1313391636475514880
1313391659137335297
1313391667689541632
1313391667781787649
1313391682579296257
1313391683791392768
1313391692763017216
1313391707128553472
1313391753794289664
1313391776418410499
1313391779597692928
1313391803983376384
1313391813672218624
1313391817984020482
1313391847360913410
1313391865387982850
1313391866268745728
1313391896677560323
1313391903983972352
1313391931062448129
1313391934409498625
1313391952201748481
1313391989853954048
1313391994828460033
1313392000759205888
1313392033260802048
1313392034825330688
1313392057193566208
1313392107781009408
1313392110515761156
1313392216283414528
1313392298294685699
1313392298311389184
1313392298743533569
1313392315822678017
1313392594878169089
1313392644765122562
1313392742043660288
1313392794254356480
1313392893839671297
1313392923803815936
1313392973124640768
1313392988664598528
1313393262787469313
1313393290453102594
1313393425551699968
1313393556644597764
1313393561317015552
1313393771938222080
1313393778523361282
1313393783573229568
1313394019586789376
1313394026809262082
1313394068173529089
1313394075509428224
1313394121269280768
1313394209106391041
1313394218585526273
1313394349892345858
1313394433686200320
1313394612040617984
1313394675886284801
1313394705741352960
1313394786896875521
1313394829108412418
1313394941499002886
1313394952345399298
1313395110139265024
1313395153223192576
1313395208378298368
1313395249973207042
1313395601476902912
1313395709681512448
1313395711904559104
1313395720830029824
1313395811313737728
1313395813155037184
1313395901642289152
1313395921523220481
1313396014984892417
1313396017904132096
1313396070794264576
1313396073151356933
1313396108119416833
1313396201459519489
1313396228193955840
1313396296632471552
1313396327519264768
1313396385341943809
1313396429243789312
1313396534147514369
1313396715966345218
1313396718252290048
1313396840767905793
1313396951359148032
1313396960213303297
1313397144255107077
1313397298928455682
1313397314980122624
1313397349591527424
1313397355132182528
1313397361947881475
1313397399755337728
1313397403354005505
1313397420638851075
1313397425936138241
1313397532437942272
1313397604873633792
1313397711354449920
1313397840245411845
1313397933434449920
1313398006948003840
1313398070596571139
1313398082248286209
1313398127974658048
1313398142604378113
1313398336607727618
1313398359059820544
1313398362654281728
1313398553822351360
1313398570893094914
1313398589683642371
1313398589687771144
1313398589775925249
1313398601788293121
1313398684193873921
1313398725776158720
1313399038545362951
1313399144611024896
1313399168250118144
1313399171676807169
1313399274978390019
1313399330947174400
1313399580998930433
1313399690436714496
1313399800843427841
1313400020297822208
1313400117135900672
1313400145250263042
1313400380504657920
1313400647870537728
1313400683866058752
1313400704149708800
1313400778678296577
1313400928221921282
1313400935864041472
1313401106387685377
1313401393651253248
1313401428631867392
1313401488144846849
1313401700649234433
1313401795096522752
1313401826104967169
1313401863681781760
1313401936268472322
1313401948872347649
1313401951762157570
1313401999950573568
1313402041138638848
1313402112768978945
1313402173498306560
1313402187092045824
1313402453510021120
1313402481645367297
1313402597991120896
1313402713082933250
1313402878170664961
1313402923473403909
1313402981375762432
1313403166558486529
1313403307554201601
1313403330870358016
1313403347924287493
1313403353720909824
1313403391129911299
1313403623347494913
1313403625960550401
1313403627352981505
1313403628523151362
1313403628858732545
1313403652145582080
1313403673813409793
1313403684546641921
1313403723884920834
1313403785822105601
1313403839144493057
1313403846182555648
1313403875299340288
1313403923949117440
1313404004890750978
1313404402628259841
1313404422618329088
1313404512275779590
1313404598107942913
1313404628172787713
1313404866094600192
1313404882003668992
1313404897560334336
1313404911661592576
1313404996101255175
1313405000987619333
1313405034571366403
1313405294630895616
1313405303468306432
1313405318827782144
1313405426961178624
1313405463694897154
1313405486599991298
1313405500097138688
1313405713499262982
1313405918676168706
1313405926997716992
1313405942218850304
1313406460932562945
1313406595863371776
1313406808158089216
1313406989121314817
1313406999468670977
1313407085254762497
1313407104779251712
1313407169568608257
1313407235784151040
1313407249226883073
1313407397902262273
1313407397927378944
1313407458409357312
1313407544875012101
1313407586218192896
1313407736625979393
1313407884844204037
1313407991912304640
1313408266496598016
1313408317541289989
1313408432029011970
1313408492456366081
1313408521334030336
1313408546281791490
1313408591991312384
1313408872611229696
1313408878395240448
1313408948955942913
1313409033378959362
1313409033609641984
1313409061371641856
1313409302225457152
1313409404910399493
1313409410715258885
1313409476972679168
1313409541502119937
1313409587018694656
1313409619319029760
1313409704891166721
1313409768309088256
1313409786986336257
1313409874236248064
1313409914442674178
1313409922009370624
1313409975889408000
1313409999335567361
1313410039227518978
1313410042272649217
1313410078180081665
1313410093648666624
1313410107108208647
1313410124619411456
1313410174019829767
1313410188033044480
1313410202029486083
1313410344635727872
1313410348293201920
1313410360616136704
1313410471433768960
1313410499464302593
1313410523912863746
1313410583119769600
1313410617563377665
1313410625461276672
1313410674010324992
1313410681593569280
1313410785608171520
1313411021491638274
1313411122091917313
1313411133013987334
1313411170058014727
1313411172662611969
1313411173115662336
1313411184884883456
1313411197266472960
1313411197992161280
1313411204304568321
1313411226706366481
1313411236114173952
1313411343945433088
1313411572451233794
1313411728273793024
1313411752047063040
1313411833139802112
1313411861388365826
1313412050882899968
1313412159892750336
1313412175436959744
1313412205833007105
1313412225818861568
1313412261281705984
1313412312221528064
1313412439397093376
1313412447030702081
1313412484871712768
1313412485622398978
1313412533110407169
1313412538466545666
1313412577708437510
1313412607601258496
1313412652190912512
1313412727931654144
1313412821783371776
1313412828884238336
1313412834026455040
1313413148284682240
1313413399498326016
1313413445606408193
1313413485259350016
1313413576359542784
1313413578385502208
1313413579438252035
1313413588216840192
1313413672442753025
1313413683410804736
1313413688708268033
1313413689261740033
1313413713265922048
1313413813279092736
1313413933227794433
1313413984658378752
1313414089595445248
1313414118171443202
1313414172051492864
1313414193903738880
1313414220525039616
1313414245791432705
1313414270630203392
1313414326733230081
1313414336820457472
1313414338460487680
1313414348400885760
1313414396744536065
1313414431670501376
1313414455833825281
1313414513681719298
1313414523362082817
1313414558023929858
1313414651317833728
1313414701985001472
1313414834759892992
1313414850022912002
1313414883682156544
1313414914191622146
1313414947666190336
1313414995611443202
1313415002402041856
1313415054180585472
1313415113668468736
1313415187928678400
1313415216286371840
1313415222539976704
1313415278127190016
1313415337036009472
1313415347224141825
1313415373832761344
1313415388567396354
1313415473376243712
1313415530225848322
1313415675373850624
1313415722966700032
1313415777245163521
1313415781758242816
1313415798061400065
1313415830252773376
1313415869226082305
1313416147501547520
1313416322437570560
1313416397809242112
1313416406483054593
1313416427907538944
1313416432852578304
1313416688063451137
1313416819051503616
1313416822360743937
1313416881877979136
1313416909136723968
1313416994130219010
1313417060429582338
1313417124610748418
1313417127567806464
1313417139433373696
1313417169393381376
1313417203409137665
1313417207477669890
1313417221977276417
1313417306635149313
1313417312226217985
1313417330945413125
1313417339464015872
1313417372188004353
1313417390483558402
1313417415766798337
1313417418010775552
1313417439976345600
1313417441901457409
1313417444355117058
1313417476735209472
1313417487501996032
1313417496083550209
1313417603889745920
1313417658990243840
1313417799612674049
1313417843451535360
1313417901794365441
1313418003594215424
1313418058099298304
1313418082896015362
1313418099782291458
1313418134112538624
1313418144292241408
1313418227272372224
1313418262248656896
1313418275037106176
1313418401788944384
1313418417366593536
1313418427831398402
1313418509586771971
1313418722577653761
1313418722665590784
1313418723097825280
1313418727321481216
1313418727975645186
1313418728915132417
1313418752524906496
1313418771084849152
1313418787622850560
1313418789128597506
1313418801082437632
1313418836952129536
1313418883068563456
1313418903515787264
1313418924738912256
1313418927112957958
1313418975502573569
1313419022315261953
1313419182122426369
1313419305946619904
1313419362003550208
1313419367858802688
1313419371344166912
1313419389597880320
1313419415594119173
1313419454043258880
1313419464659136514
1313419466529738752
1313419473739755521
1313419517750542338
1313419548562001921
1313419576995131397
1313419613296828422
1313419633563709440
1313419735766372358
1313419768158879744
1313419865055780865
1313419954201526272
1313419980956983296
1313420133675814912
1313420149085605888
1313420252013907968
1313420325636452360
1313420369215197184
1313420369265651714
1313420394968293377
1313420404367777792
1313420502527029250
1313420554205114368
1313420566876033025
1313420691060846592
1313420703107088390
1313420722568560640
1313420757331046405
1313420772900208640
1313420876520525824
1313420926504054784
1313421077217972238
1313421141739032581
1313421193744125952
1313421215713943552
1313421220419973121
1313421239051001864
1313421239067840513
1313421379241496577
1313421382877949952
1313421422774169601
1313421426209193984
1313421453799419905
1313421484124262401
1313421576570892288
1313421596984569856
1313421606048477184
1313421743730688001
1313421805001076737
1313421976581672961
1313421980369068037
1313421989797912578
1313422009473343494
1313422012455546881
1313422019531284480
1313422023947956224
1313422034865618946
1313422048530780160
1313422213010382849
1313422352320008192
1313422354878529543
1313422401779232769
1313422497258205184
1313422497279356928
1313422497400975365
1313422497644240897
1313422497698779136
1313422497786875906
1313422506469003264
1313422511938428940
1313422547199852544
1313422816994304001
1313422875521617932
1313422957696479237
1313422959181209601
1313423159438311424
1313423162705678338
1313423219857199114
1313423395892211712
1313423398958174208
1313423432395223040
1313423435863818243
1313423451974238208
1313423525097746432
1313423558039736320
1313423591791362053
1313423650687791104
1313423755838922754
1313423768501587968
1313423774193266688
1313423792367169536
1313423893517021185
1313424003130961922
1313424029399875585
1313424095183339521
1313424099092422656
1313424159356203013
1313424261336399872
1313424350318600193
1313424401296171008
1313424508578140160
1313424532368220162
1313424543873200128
1313424611615412224
1313424634226921472
1313424860681469953
1313424908546867200
1313424940037799936
1313424947470102529
1313425013912068096
1313425089589841920
1313425167381663744
1313425241348153347
1313425251347423232
1313425276810928128
1313425329747353600
1313425425473953792
1313425471602855936
1313425562719920129
1313425628612493313
1313425659298041856
1313425726197174272
1313425735495933953
1313425757222338572
1313425836985528322
1313425901728788483
1313426012487778305
1313426058058829824
1313426069618294784
1313426125335531520
1313426159397474309
1313426272152940544
1313426272157011968
1313426272924565504
1313426399005470721
1313426476084146177
1313426477967388672
1313426484447584256
1313426706347196416
1313426737439690752
1313426799184019457
1313426817009811458
1313426836680998912
1313426893320970240
1313426923494821888
1313426965152649217
1313427003341709312
1313427013286404097
1313427135978188800
1313427276701327360
1313427320619794433
1313427338999345152
1313427478292111362
1313427487930617856
1313427514958778368
1313427552917217280
1313427716339884032
1313427781007572992
1313427801924612098
1313427861399842821
1313428111669764096
1313428136751759362
1313428148231516161
1313428269279195137
1313428296756080640
1313428310223921153
1313428318000119808
1313428331300347905
1313428354918424583
1313428363017703424
1313428385318625280
1313428450917732352
1313428618471600128
1313428620657012736
1313428741306093569
1313428748860116993
1313428788731097090
1313428829873090560
1313428850320310273
1313428877226770443
1313429190667104256
1313429266130964482
1313429298251018240
1313429530095345669
1313429739567230977
1313429759943233536
1313429854575038465
1313429900691472386
1313430043067117568
1313430045751418882
1313430047370420227
1313430047533928449
1313430047567478784
1313430047773130752
1313430103460847622
1313430116844875776
1313430121521524741
1313430162596392960
1313430166560006145
1313430201997590528
1313430241143070720
1313430248571187200
1313430294964436992
1313430318146367488
1313430427277889536
1313430528641642496
1313430546245128195
1313430580953055232
1313430643444011008
1313430652533067776
1313430737136373762
1313430808737320960
1313430879822282752
1313430892619194368
1313430967474950144
1313430990421925889
1313431275731025920
1313431399236501506
1313431622641950721
1313431633274572802
1313431774261846016
1313431775016873985
1313431805488492544
1313431891480129537
1313431933611892742
1313432051681554433
1313432156534960129
1313432353855942658
1313432372914851844
1313432465617412096
1313432581057118208
1313432757897437184
1313432912537288705
1313432937338155008
1313432971970523137
1313433053159661568
1313433166720495617
1313433315723149313
1313433478797680641
1313433487538622464
1313433545650692096
1313433597739704320
1313433637782720513
1313433703473983488
1313433741335855105
1313433821958856705
1313433829063892993
1313433851616808963
1313433899079434240
1313433912933265408
1313433920885731328
1313434004083875840
1313434078839017477
1313434089966497792
1313434103098888192
1313434172220993537
1313434315192242178
1313434410524475392
1313434438429270018
1313434468338761734
1313434473275498496
1313434478799466496
1313434549314039814
1313434706273239040
1313434712065662982
1313434733594935298
1313434734236753920
1313434822895902724
1313434905993515011
1313435007629889536
1313435052081020929
1313435071026733056
1313435080631689220
1313435258772230144
1313435292297318400
1313435385297600513
1313435391165427712
1313435462510563330
1313435577824534528
1313435701271318529
1313435850953371648
1313435961834049538
1313436027525238785
1313436088967614467
1313436105539153922
1313436108177506306
1313436226804908034
1313436367758729217
1313436402546221056
1313436513666060290
1313436608226615302
1313436695170363399
1313436734965919745
1313436897071509505
1313436902373163010
1313436974376779777
1313436984396963841
1313437002361167873
1313437151267295234
1313437243290333184
1313437253994082304
1313437648711806976
1313437663895183361
1313437840819335171
1313437848524271621
1313438131874492418
1313438169480728578
1313438323311075328
1313438382538788864
1313438383813857291
1313438434334306305
1313438480396177411
1313438482136694785
1313438556510191616
1313438566828118016
1313438612000661506
1313438689377296384
1313438783602397186
1313438877647024128
1313438909913862144
1313438910824034310
1313439349644685312
1313439387816992768
1313439433761476608
1313439563017269254
1313439716369465350
1313439799701901315
1313439865854472192
1313439907990437894
1313439991977082880
1313440030472495105
1313440178539843585
1313440181261946883
1313440232386236418
1313440262169997312
1313440373612646402
1313440490826739713
1313440789167509510
1313440862853050368
1313441085713199104
1313441139027054594
1313441139752566784
1313441207725568001
1313441252797493248
1313441371596951554
1313441371722674177
1313441372536401920
1313441372666388481
1313441373513805825
1313441400365735937
1313441481009618949
1313441541160042496
1313441552216330240
1313441590799671301
1313441610659758082
1313441617211281415
1313441658042822657
1313441798778429440
1313441815157248000
1313441863622438913
1313441875198529536
1313441895939440648
1313441930886492160
1313441983537479680
1313441986930790405
1313442019377917952
1313442040861069312
1313442126747795456
1313442279986737152
1313442283040239616
1313442288572542976
1313442300123635712
1313442438082592769
1313442521188577280
1313442523772313605
1313442678420500480
1313442714009174016
1313442721013563392
1313442828639506439
1313442972596346884
1313442993689501697
1313443013616599043
1313443131724107776
1313443132541984769
1313443165651767296
1313443206957334529
1313443244248911874
1313443296249819137
1313443303799619584
1313443387505340416
1313443413237399556
1313443535912394753
1313443606850605056
1313443720738607104
1313443764522885120
1313443869460246530
1313443888275681280
1313443888301051904
1313443904751046656
1313443982723215360
1313444048347242497
1313444118413139968
1313444199690383361
1313444228886867969
1313444305319665670
1313444312357707777
1313444383757414401
1313444396742909954
1313444440057565186
1313444472492109827
1313444501218897922
1313444543560380417
1313444650305363970
1313444670484230146
1313444709335994374
1313444795801628673
1313444824310259721
1313444838331817986
1313444865179635712
1313444916182343681
1313444941851488257
1313444986076246016
1313445021979471873
1313445075314073601
1313445146885718021
1313445236815867905
1313445324355231745
1313445396165865472
1313445455649476609
1313445489052913664
1313445598369140737
1313445677330989056
1313445705479004162
1313445709581029377
1313445755517104129
1313445796621234176
1313445799397818368
1313445839143133187
1313445849515556864
1313445900413534214
1313445933141630977
1313445962602500096
1313445965639151621
1313446069020303360
1313446128252153857
1313446169469689856
1313446197101764608
1313446253288714241
1313446321416818688
1313446325191675906
1313446404933771266
1313446413888557058
1313446432632909824
1313446509959172096
1313446558545960960
1313446568364826625
1313446583191646209
1313446587813769216
1313446613969514496
1313446639168880641
1313446682126888962
1313446691819917318
1313446697205465088
1313446703140397056
1313446705791152128
1313446736988340224
1313446921030250497
1313447114098249728
1313447132771356672
1313447440301928448
1313447510908825602
1313447566529441792
1313447712063332358
1313447770343309313
1313447833656328192
1313447838844620800
1313448033955217418
1313448110555828231
1313448123189071874
1313448124350857216
1313448126942973953
1313448322498265089
1313448484075384832
1313448498155720707
1313448535619178498
1313448587829874690
1313448588190584832
1313448635078713345
1313448662656339972
1313448731786776576
1313448805619163138
1313448908509634560
1313448921440694273
1313448924670287874
1313448925093822466
1313448925530132481
1313448928860426242
1313448930131226625
1313448931259371521
1313448986028761094
1313449110993854467
1313449138491715587
1313449180157927425
1313449279395180544
1313449281630752768
1313449305919885313
1313449562946842625
1313449662783913984
1313449718492606470
1313449744950272002
1313449767410819074
1313449833240424449
1313449876089458688
1313449906741407744
1313450111565955072
1313450169065668611
1313450187340288001
1313450229350494208
1313450253648003072
1313450255808188419
1313450441976549376
1313450490970148864
1313450556275519488
1313450572478062592
1313450694515585025
1313450720033730561
1313450725406470146
1313450765437071361
1313450852292665388
1313451008262057984
1313451060195995648
1313451066487443457
1313451068328640512
1313451094073380867
1313451149253582848
1313451248616640513
1313451313007677441
1313451315549405184
1313451536677249026
1313451726305927168
1313453154684538882
1313456103926177793
1313457261063426049
1313457377044295680
1313457613959499777
1313458971852840960
1313458995634540547
1313459027934957568
1313459054191284224
1313459440444637184
1313459738559098881
1313461489102196740
1313461683172540417
1313462652883087360
1313462786140372993
1313463014331473927
1313463166458834947
1313463185765289985
1313463650796134400
1313464028774113280
1313465199958077440
1313465287681941510
1313465759201452033
1313465960527994880
1313466897963380740
1313467936242270209
1313468265843298312
1313469570691276804
1313470240551038976
1313471405741277190
1313473258331746304
1313473379161329664
1313473472329326599
1313475829935071233
1313476577410285568
1313476715109322752
1313476931036348420
1313477039228366848
1313477974092582913
1313478486745546755
1313478668287725574
1313479272389058563
1313480555409944578
1313481050300047360
1313482138306711552
1313484041925128193
1313484943142551554
1313485203256549377
1313485734259634178
1313487361158844420
1313487987334950914
1313490366553894912
1313493111906197504
1313494511063048194
1313494543019454465
1313494969353674753
1313495568220672001
1313495755240374279
1313495895045009410
1313495935591342080
1313496032794345472
1313496356695269378
1313496449255178241
1313496455341015046
1313496466762149890
1313496992052654091
1313497029717434373
1313497104711548931
1313497162962145281
1313497550570352640
1313497782972448769
1313498073046429697
1313498134878842880
1313499149971738625
1313499925976674305
1313499937531985921
1313500202293235712
1313500444426108931
1313500609744695296
1313501453059850241
1313502674281791491
1313503347614257153
1313503609481572355
1313506659021582343
1313507411597185025
1313507420744937472
1313507671824306176
1313508444570365952
1313509402679357445
1313509744057950210
1313509781265698816
1313510535279923201
1313511294637682688
1313512745128558597
1313514521303146497
1313514798961877002
1313515687353159681
1313515834392948743
1313516139620769792
1313518956691554311
1313519030066728961
1313520302446575617
1313521389652054018
1313523514838675463
1313523665745711105
1313524800141352960
1313528408584990722
1313529619539255297
1313532882254790656
1313533972975177728
1313534403050704899
1313537723391791104
1313537927427895296
1313538809687138304
1313539803242287104
1313540194012991488
1313541398256398336
1313542035245133824
1313543022232166401
1313543747611824128
1313545107497537538
1313545143035719680
1313545440642596865
1313545879769546755
1313546166550888448
1313547225700728833
1313547571793547264
1313547621458472960
1313548188041830403
1313550136258310145
1313550175076528131
1313550426420187136
1313550805967007745
1313551378233593856
1313552101583323137
1313552931761917960
1313553299824574465
1313553531098599428
1313554379216220165
1313554996554797056
1313555654800539648
1313555865274847232
1313555893167030273
1313556116148715523
1313557795548139524
1313558125623025676
1313558461465137171
1313559765046439937
1313560154433097732
1313560758899355648
1313561567900962816
1313562168583831555
1313562288239120385
1313562632394280960
1313563338329264131
1313563579841482755
1313564337911607297
1313564697870962688
1313564979036073985
1313565305613017088
1313566514189131776
1313566964065894400
1313566991911997441
1313567132697931780
1313567550211588097
1313567864159338501
1313568111271071744
1313568223472869377
1313568391098249219
1313568695101394945
1313568710846808066
1313569403112431617
1313569792218091520
1313570855801192448
1313571604861980672
1313572369462632449
1313572467227660288
1313572988915245056
1313574589197365254
1313574665072381952
1313574728658026497
1313574750501982210
1313575105608417280
1313575237334822912
1313575279894331392
1313576832374132739
1313577356263555082
1313578883632050178
1313579273257717762
1313579458247483392
1313580011862061058
1313581455537303554
1313582862076084224
1313584717921484802
1313584817267671040
1313585125779812353
1313585310153007108
1313585808088195073
1313586156215427074
1313586384616271872
1313586543878180872
1313587229122613254
1313587529560530957
1313587574448050177
1313589190366498816
1313590479594893313
1313590494199455744
1313591699038502921
1313593785104896007
1313593875852918786
1313594614574706688
1313595192017063938
1313598657992687616
1313599920390238208
1313600668091985920
1313600969943416832
1313601180359110658
1313601394386055168
1313601879453192195
1313602226275995649
1313602422162567170
1313602720973152260
1313603766910955526
1313607086526390272
1313607487367663616
1313607969464963072
1313610874855268353
1313610903863128073
1313610991880544258
1313611552512266246
1313612311677079559
1313612562471235585
1313612641500196864
1313612990416072705
1313613180040613889
1313613288123572225
1313613288597532672
1313613307866238980
1313613376061403137
1313613419220733960
1313613709697257477
1313613823593582592
1313613994138230784
1313614167945994242
1313614417884590080
1313614434401746944
1313614682218016768
1313614726971228161
1313614756280971264
1313614764736745472
1313614857552433152
1313614869942468609
1313614988125384707
1313615015782559747
1313615018684895234
1313615019532193794
1313615021344055298
1313615060288315392
1313615096728485888
1313615116173283329
1313615188789276675
1313615217431961601
1313615247433969664
1313615249803825152
1313615258796404737
1313615665203482627
1313615747323699200
1313615769121554432
1313615952047677440
1313615973241544705
1313615999283978240
1313616157795143688
1313616161565814785
1313616284580548616
1313616440000425985
1313616525908078592
1313616579133931533
1313616711279673346
1313616713695612928
1313616718032445448
1313616748013379584
1313616897418592256
1313616915286446080
1313616953148399619
1313617029111447552
1313617117682507776
1313617139136331777
1313617492175187968
1313617539528822784
1313617627605065729
1313617716075540480
1313618028102381570
1313618312786587648
1313618463559241730
1313618790777647105
1313618790861561856
1313618921099071488
1313618947388907521
1313618956515713025
1313619214339629059
1313619893208707074
1313619995964903424
1313620141771567109
1313620171970445313
1313620226337112064
1313620243101691906
1313620269467152384
1313620305605201922
1313620306989395975
1313620324970385411
1313620337389699074
1313620350811475973
1313620379416616961
1313620379806687233
1313620421938499591
1313620427722362886
1313620431119806476
1313620438409506817
1313620442905743361
1313620446785437696
1313620477810794510
1313620502053826560
1313620513709793281
1313620540775641094
1313620552779792384
1313620555006869510
1313620678512345090
1313620689446993927
1313620691523166209
1313620725144727554
1313620737421463553
1313620780547223552
1313620782153596930
1313620860037672965
1313620899363467266
1313620918204280834
1313620931886100481
1313620949523148801
1313620953465839618
1313621000014180352
1313621008251858945
1313621011271757824
1313621067370463234
1313621140288540673
1313621237516640258
1313621249814417413
1313621280902578178
1313621292998946817
1313621345079562242
1313621360019746816
1313621361122738179
1313621369251401735
1313621394563923968
1313621416089092096
1313621423303294978
1313621446472724481
1313621456211922944
1313621472452247552
1313621473429524480
1313621474037690368
1313621488642260992
1313621494753300480
1313621536935415810
1313621559505031169
1313621596272308224
1313621617306750977
1313621696931389440
1313621696985870338
1313621804154531840
1313621822148141056
1313621831203598341
1313621841945276422
1313621893568700418
1313621899352715271
1313621900195659781
1313621928675082240
1313621937160155141
1313621948660944896
1313621965429780480
1313621983905677312
1313621985860161541
1313622052641923072
1313622076784287748
1313622126230896641
1313622154290888707
1313622194199695360
1313622208292454407
1313622209731137546
1313622221462605824
1313622270875762689
1313622317487058945
1313622362294812683
1313622375007748096
1313622378489032706
1313622385975857152
1313622407148691457
1313622451121725441
1313622457404792833
1313622540070326274
1313622542737960961
1313622604385722369
