1335735796909764608
1335735817327796226
1335736315258744837
1335737469636063232
1335739458390544384
1335740057966288904
1335741823655047169
1335741935546462211
1335742022616027139
1335742456499933184
1335743591008907266
1335744288995545088
1335745139327832065
1335745765097005056
1335745841504669696
1335745845929463808
1335746300017598465
1335746749231730690
1335748205393436672
1335748224716582919
1335748358103654401
1335748520553316352
1335748639701000196
1335748702061932545
1335748725185056770
1335748773163765762
1335749015548334088
1335749043423731714
1335749166631428102
1335749207442001922
1335749228606451713
1335749397154590720
1335749450845868033
1335749475801985024
1335749600049848320
1335749632773804032
1335749722091511810
1335749737870471169
1335749746430980096
1335749763975819264
1335749816253640706
1335749818690527233
1335749874776563715
1335749921425731584
1335749950047662081
1335750003252482049
1335750033384337410
1335750119665254400
1335750256164806657
1335750307163332611
1335750387199078400
1335750475656867842
1335750495827353603
1335750527494352901
1335750597660839937
1335750717106171907
1335750850300538880
1335750874551910401
1335750875692855299
1335750876967923713
1335750877555122180
1335750880163991556
1335750959818027011
1335750962045136901
1335751116362043394
1335751126520619012
1335751138923212801
1335751256049147904
1335751291746856960
1335751351087865858
1335751400559681538
1335751445652574209
1335751456167763969
1335751465395228673
1335751535352033280
1335751577563492352
1335751629925015558
1335751687919824896
1335751748011626499
1335751795835068421
1335751810716471299
1335751819700613126
1335751942379892740
1335751991323144192
1335752049896656896
1335752071849635840
1335752087003652101
1335752239210704899
1335752304620867585
1335752350095597569
1335752453824913409
1335752831048052736
1335752838643937280
1335752917261938691
1335752943275044867
1335752987256516609
1335753039379111936
1335753096379715584
1335753148510646274
1335753179603079173
1335753217100161025
1335753222955409410
1335753322708471808
1335753385472045060
1335753391193038849
1335753523967926272
1335753525842722819
1335753535628210176
1335753575406952448
1335753585909329922
1335753625075855361
1335753640901021698
1335753672182083584
1335753726095740928
1335753763089477639
1335753802889179136
1335753825010003969
1335753826511572992
1335753845172015113
1335753931092152322
1335753969914802178
1335754014714179584
1335754100324098048
1335754104031875072
1335754176442359815
1335754240770400259
1335754251381985286
1335754279215304704
1335754348706533379
1335754355480281089
1335754359213350912
1335754500318093315
1335754613258129408
1335754661626867713
1335754872004730881
1335754979437633538
1335754984223363074
1335755120781430785
1335755219104305155
1335755229757890565
1335755287169478658
1335755340495904768
1335755468321468419
1335755498910609408
1335755539624714242
1335755552643813379
1335755587527839745
1335755669815894016
1335755708957126656
1335755860262457346
1335755863563374594
1335755863651389440
1335755908098437120
1335755995407147009
1335755998917640192
1335756065225498624
1335756180954734592
1335756279529213958
1335756388375662593
1335756447787986945
1335756533896982530
1335756543405432832
1335756543875170304
1335756544978296832
1335756546005856257
1335756546983116801
1335756549080317953
1335756550246289409
1335756551219367936
1335756553144582148
1335756671230984192
1335756675156828160
1335756682173980672
1335756784666079232
1335756796087181313
1335756932871819266
1335756939071008769
1335756973963423745
1335756981492191232
1335757029068206086
1335757063604080641
1335757371486969857
1335757410246516740
1335757523522084869
1335757617646473219
1335757791617818624
1335757882709651457
1335757987793801216
1335758081939148811
1335758087182028810
1335758143754743810
1335758148708216838
1335758154387353601
1335758172603072513
1335758172729073666
1335758203087368192
1335758205985632256
1335758245928038406
1335758308247040006
1335758329998696450
1335758356397625344
1335758424596942853
1335758424777244672
1335758459313254400
1335758663856902148
1335758719460716547
1335758764302069760
1335758786540265472
1335758903922003971
1335758942782230530
1335758984674996224
1335759086676299778
1335759097971552259
1335759112567738368
1335759121048604672
1335759189768089602
1335759426180046848
1335759438301552643
1335759516646985728
1335759605255860225
1335759682619621376
1335759690324652032
1335759762227650560
1335759877860450306
1335759961633267714
1335759973364666369
1335760036057018372
1335760183621013504
1335760213417336832
1335760236913758213
1335760270413717504
1335760528900284419
1335760552031887361
1335760664078544896
1335760692566220800
1335760726460411906
1335760940881510401
1335761003037011968
1335761013971562496
1335761021848391680
1335761030446641152
1335761368138588160
1335761435595579394
1335761641514917892
1335761701837344770
1335761705998147584
1335761907068891139
1335762149612908544
1335762158169321479
1335762173390426113
1335762207154507777
1335762223445241856
1335762291388723200
1335762379649511427
1335762471701897217
1335762617961426945
1335762618624200704
1335762848178458628
1335762896379375616
1335763003329847296
1335763180426039299
1335763395241447424
1335763437788520448
1335763568311013378
1335763589727129601
1335763706752462851
1335763707381620737
1335763715208036354
1335763888466485248
1335763899153575940
1335763977402519553
1335764088404791299
1335764212384112642
1335764659438284801
1335764965572169737
1335764984954023936
1335765032873947138
1335765084916871180
1335765105762390017
1335765126419509249
1335765231012880384
1335765336147304450
1335765433903964161
1335765456922218498
1335765530175823872
1335765612782637057
1335765720878223361
1335765765593718786
1335765783423676422
1335765889904414720
1335765908850139138
1335765975723982848
1335765982523043844
1335766106510921729
1335766110143188993
1335766233304756230
1335766500410585089
1335766530534076417
1335766573680832514
1335766605796663297
1335766693780606976
1335766739775197184
1335766899637022721
1335766936240730113
1335766942737633284
1335766980880633858
1335767289711431681
1335767337459441666
1335767618783948801
1335767712128229387
1335767864507297795
1335767955385298945
1335768004924235777
1335768015284133889
1335768098671046660
1335768137355173889
1335768192220876805
1335768259510071298
1335768480004657156
1335768490565750785
1335768490733674496
1335768490825887745
1335768541484752896
1335768570576429056
1335768624674480129
1335768690118299649
1335768695449264128
1335768748993761285
1335768799635791874
1335768846733631489
1335768963255590914
1335769047934316544
1335769074832453632
1335769205984145411
1335769665021284353
1335769740002926594
1335769760038932483
1335769760949284868
1335769880549715970
1335769885243289602
1335770000846704640
1335770259744202753
1335770312701566977
1335770513273212928
1335770560572350472
1335770599797428225
1335770697226997760
1335770737957859328
1335770887451193345
1335770924746944512
1335770990010306560
1335771272882614273
1335771298132213761
1335771546430959620
1335771587103109120
1335771624902160386
1335771985599750145
1335772235076939784
1335772258569244674
1335772265615482881
1335772410344321026
1335772444133560325
1335772503755649025
1335772528170553344
1335772546352996353
1335772768663707651
1335772768839880708
1335772812036935680
1335772880878133251
1335772922653368320
1335773088127070211
1335773239600144385
1335773283212472322
1335773311326949376
1335773477593362433
1335773507410677768
1335773523789242371
1335773524175286272
1335773524485693442
1335773524796055558
1335773546023432198
1335773575253377025
1335773590541701122
1335773762646642696
1335773781852385282
1335773872554209281
1335773878547845121
1335773882364669954
1335773979760611330
1335773987427770369
1335774517751394305
1335774564647899137
1335774848279339008
1335775006689652737
1335775033784844288
1335775129431846915
1335775143331770369
1335775332457177089
1335775441853018112
1335775717200637952
1335775752609013763
1335775777300881416
1335775843012972550
1335775895085338624
1335775895899009026
1335775953008668672
1335776003172524032
1335776040413769733
1335776205086334978
1335776226129088515
1335776266289557504
1335776325609644035
1335776329535524867
1335776332077273092
1335776348548304905
1335776353552109569
1335776363253542918
1335776458992734210
1335776647434432514
1335776706016186371
1335776778607013892
1335776813604278274
1335776923381878787
1335776929945972736
1335776930025664513
1335777003228770304
1335777012699570176
1335777187019051009
1335777221160660992
1335777548119269376
1335777585029115912
1335777642839158784
1335777659285024768
1335777738666483714
1335777812280578049
1335777813454942208
1335777882430447622
1335777956845719554
1335777974868713473
1335778360237174785
1335778483465838595
1335778557067292673
1335778641205194752
1335778729054842880
1335778832746504193
1335778918935240707
1335778994956988418
1335778999646228482
1335779000149372928
1335779039949316096
1335779054004396033
1335779121507557378
1335779202533044226
1335779232077770752
1335779255154774016
1335779500580278272
1335779514916474882
1335779548089233408
1335779666318258177
1335779699738386432
1335779777668636674
1335779840499331074
1335779870807306242
1335779889316831232
1335779892793913344
1335779898074476547
1335779901673234433
1335779903485202432
1335779907033591808
1335779908790996993
1335780075027873792
1335780104539090945
1335780143411957760
1335780281467490305
1335780348815355905
1335780364418158595
1335780378427187202
1335780441354342402
1335780562150301697
1335780570320789517
1335780665279787008
1335780680001859586
1335780704198815746
1335780779583016960
1335780893638729734
1335781074778030081
1335781076061614080
1335781082998984707
1335781114087137288
1335781211642486784
1335781270434029570
1335781307389972481
1335781342576078848
1335781384351264772
1335781451573452806
1335781566073757696
1335781699708465153
1335781846773358593
1335781884362694661
1335781887864934400
1335782169667624962
1335782256070234112
1335782372869091332
1335782375788335104
1335782524451172352
1335782536312721409
1335782551370260480
1335782848209559552
1335782931718168576
1335783007693787136
1335783011510521858
1335783042707836928
1335783091558703105
1335783165508669444
1335783207141335041
1335783221846532096
1335783268847738882
1335783298128220162
1335783400704266242
1335783422896246784
1335783452537286657
1335783491255078913
1335783502885765120
1335783545911042048
1335783575833038849
1335783599388446722
1335783650256949249
1335783795438440448
1335783823498305537
1335783844553895936
1335783852908883972
1335783860563415043
1335783902846205953
1335783911092318208
1335783930721517569
1335783941354237953
1335783994353455104
1335784037584089089
1335784133331726337
1335784145491021829
1335784219524608000
1335784295047245824
1335784341536903168
1335784397975527432
1335784491198115843
1335784596848447488
1335784780735057921
1335784848624115714
1335784860414308352
1335785005952487425
1335785047950041091
1335785092590002176
1335785100387106817
1335785188484378626
1335785196675887105
1335785244067295233
1335785348237041666
1335785394579902464
1335785452050276352
1335785606610292743
1335785670304940033
1335785721517498368
1335785812303220738
1335785899385303041
1335785956264325120
1335786084681330689
1335786107040980995
1335786300344037377
1335786467654848512
1335786575121293315
1335786576446689287
1335786581882515456
1335786597762129926
1335786764296990721
1335786835092574213
1335786945331539971
1335786959537655810
1335787101930070020
1335787113497980935
1335787229369823234
1335787248290324480
1335787495339028487
1335787511143075845
1335787762553917445
1335787814504509441
1335787936466563072
1335787947313025024
1335787991088984064
1335788010135318528
1335788149012885508
1335788158965981184
1335788225936420864
1335788241564405767
1335788253874708483
1335788371738693633
1335788381880643585
1335788388495060994
1335788404169207808
1335788429578219520
1335788500617203713
1335788623342542854
1335788624282066944
1335788624852496386
1335788834978746368
1335788859741904896
1335788911226970112
1335789054969974785
1335789116089364483
1335789277750431744
1335789531715547138
1335789626498269184
1335789634626981891
1335789639110696961
1335789643237908482
1335789646123393031
1335789675936686082
1335789700209135619
1335789745780248578
1335789868086153216
1335789875950456832
1335789881696645123
1335789939016003592
1335789953910001665
1335790061305131012
1335790217337434113
1335790387437461505
1335790450465189891
1335790548477730818
1335790562419617792
1335790597937000449
1335790763058327553
1335790799192264704
1335790858604515328
1335790888157671424
1335790952863191040
1335790965286645761
1335790989018091522
1335791000770531328
1335791124552818688
1335791256304295941
1335791285651779586
1335791334356111362
1335791398235279360
1335791436810375174
1335791485321670656
1335791531215695873
1335791660433805317
1335791663390855168
1335791673734017024
1335791685998157825
1335791876176289792
1335791876662812674
1335792123191422978
1335792206054043650
1335792260076744704
1335792327013576708
1335792408605433856
1335792430180872193
1335792634972041216
1335792636360331266
1335792813372424192
1335792869030961153
1335792967882313732
1335793026204135425
1335793089106079747
1335793147641737216
1335793151131463680
1335793184258076673
1335793205728653315
1335793258610495495
1335793269557616640
1335793271474417664
1335793319922851841
1335793327107698688
1335793380534546432
1335793428102324224
1335793430014926853
1335793438780960770
1335793460788555776
1335793468581552130
1335793468975820800
1335793473203691520
1335793537766608898
1335793622848053248
1335793641810513920
1335793786803253248
1335793796597108736
1335793877329047553
1335793896941645825
1335793920605892615
1335793930823200769
1335794092119355395
1335794134678958080
1335794163430907904
1335794230237818882
1335794446303162369
1335794529723674624
1335794565811462144
1335794585856040960
1335794679846232068
1335794684438966274
1335794733923364864
1335794796791648258
1335794853741989892
1335794911744966657
1335795006393769984
1335795047279812609
1335795112941670401
1335795193832935425
1335795242595913728
1335795266868404228
1335795418983243780
1335795507822792707
1335795534372679680
1335795585480339459
1335795598038102016
1335795687284465664
1335795786362269699
1335795828431200258
1335795904574578690
1335795923331461121
1335795934165397504
1335796095730012160
1335796122665803777
1335796136909672450
1335796172980535296
1335796173840379905
1335796175874748417
1335796176696848384
1335796188432506883
1335796193197174785
1335796197173374977
1335796208493740032
1335796249702916096
1335796315847004160
1335796329449205762
1335796342996627456
1335796439566462977
1335796491991052289
1335796508311097345
1335796509493915648
1335796524110974981
1335796529748176898
1335796859902840832
1335796872921968640
1335796958213115904
1335797013028474880
1335797216296964097
1335797276049084418
1335797280469884928
1335797307778936837
1335797457318531074
1335797468219518977
1335797695353647105
1335797915432980481
1335797986270588932
1335798015286767619
1335798154072088576
1335798328735436806
1335798344430604289
1335798445907566594
1335798448281554944
1335798525305688068
1335798541621583872
1335798598819336193
1335798733137711104
1335798737910845440
1335798787479048197
1335798818512785410
1335798837651320832
1335799100135104516
1335799140513697792
1335799244196892674
1335799269295611904
1335799354326716421
1335799364128821248
1335799381757456384
1335799571667181577
1335799610032447489
1335799752450068480
1335799858788261889
1335799880313397248
1335799921774129152
1335799961439637506
1335799962123243526
1335800111272751104
1335800146160914434
1335800166536916992
1335800178822017024
1335800199608999942
1335800219661905921
1335800225336877058
1335800275039293443
1335800286632423426
1335800292684795905
1335800327384276996
1335800404379111426
1335800425887510529
1335800456724025344
1335800525665824768
1335800620125712384
1335800668536369153
1335800671292026883
1335800684508295169
1335800725276864512
1335800759422754816
1335800927501111297
1335800954671730689
1335800961546264576
1335800987194454021
1335801026859950082
1335801100964868098
1335801130731888640
1335801151057485827
1335801173819977728
1335801183995367425
1335801202244771850
1335801206191484932
1335801207894454273
1335801215448387585
1335801259631259648
1335801293991010311
1335801325305606145
1335801345266290688
1335801396797562881
1335801490875817986
1335801671167991808
1335801763010588673
1335801866890907656
1335801961208303618
1335801994741751811
1335801995328966656
1335802037527863296
1335802045639569409
1335802053189394432
1335802088543154183
1335802128347107329
1335802128779145217
1335802386783358976
1335802473429291008
1335802551774621698
1335802621207212034
1335802744477769734
1335802818456915968
1335802989571936256
1335803063601254400
1335803065971187713
1335803106177773572
1335803109013118978
1335803135009435648
1335803137811247104
1335803158677901315
1335803166848397312
1335803296938930176
1335803468179763200
1335803722820067328
1335803723553984513
1335803723860291586
1335803749646954497
1335803783293661187
1335803813081526275
1335803886360293378
1335803899899473922
1335803955146842112
1335803982846046208
1335804067185037318
1335804101750366209
1335804421972877314
1335804431460421640
1335804773208035329
1335804959246458881
1335804975470047234
1335804981853777920
1335805028276314112
1335805049679740928
1335805216801910786
1335805302608891905
1335805315841986561
1335805417591623681
1335805465301807106
1335805465570254850
1335805511086862336
1335805551566065667
1335805690439413760
1335805715978592256
1335805740242624512
1335805838234177536
1335806082325864449
1335806097698025472
1335806285099495426
1335806361616195585
1335806451454009344
1335806583121604608
1335806644656234498
1335806659822817282
1335806712515756038
1335806724452872193
1335806951264055296
1335806994322759680
1335807099591413760
1335807199877140481
1335807233557401601
1335807282991521793
1335807297856172054
1335807310476800001
1335807382903984134
1335807383977807872
1335807409927884802
1335807411031068672
1335807459718475778
1335807460771184642
1335807497634865152
1335807497685393408
1335807557991100416
1335807702510039041
1335807738304196608
1335807766456254464
1335807773435514883
1335807776698744833
1335807783485116416
1335807786584666112
1335807789826904064
1335807807912873984
1335807915173810176
1335807940079529990
1335808057696276480
1335808062133776389
1335808201401503744
1335808387951497219
1335808601131200514
1335808735604858880
1335808886494859265
1335808972473978880
1335809064836730880
1335809132339802116
1335809210949505025
1335809278708506624
1335809451056656384
1335809471482892291
1335809545319436292
1335809582543888385
1335809659077267456
1335809710755344384
1335809746230767617
1335809753784721408
1335809893534756865
1335810014146072577
1335810084765626369
1335810297039302659
1335810339280211969
1335810359056273410
1335810470306045952
1335810664049283073
1335810710627082243
1335810724917080065
1335810732001288198
1335810742038257664
1335810769200431104
1335810780051222531
1335810806211022848
1335810878919364608
1335810910989004800
1335810916965871617
1335810979008049152
1335811079994306560
1335811105638248448
1335811127784198144
1335811144624304128
1335811224790065152
1335811250547281920
1335811272709971968
1335811273221496832
1335811273770995712
1335811273829781504
1335811274618376192
1335811274651947008
1335811327923806208
1335811354620465152
1335811372718968832
1335811382579785728
1335811401663848449
1335811423205789702
1335811453157330945
1335811533469728768
1335811542722506756
1335811646485377025
1335811671944728576
1335811776185683969
1335811874865229831
1335812004595044352
1335812053181853697
1335812129098764290
1335812221482446849
1335812256030928903
1335812408108003328
1335812563964227587
1335812664329723904
1335812799604404227
1335812842566668288
1335812929808175104
1335813095030198274
1335813105859891206
1335813195374747648
1335813248109715462
1335813260940103680
1335813262273892356
1335813292560887808
1335813386156838912
1335813421724557312
1335813428796125186
1335813465005551622
1335813474035830784
1335813478540402688
1335813552913985537
1335813719364939777
1335813731893260289
1335813776109613057
1335813787983736834
1335813789149642752
1335813789200117765
1335813795583848450
1335813815930335233
1335814086563598336
1335814123217629187
1335814156813996034
1335814187436679170
1335814242063224835
1335814292491313155
1335814337743773698
1335814361290567683
1335814375546949633
1335814389241417729
1335814427967414275
1335814461144371201
1335814503393587203
1335814544141156355
1335814546058059776
1335814556887773185
1335814653629370369
1335814676190523393
1335814684214239232
1335814730242531336
1335814796411727872
1335814872047575041
1335814880377647104
1335814925776805888
1335814993644834818
1335815024598786048
1335815047520645121
1335815047575031809
1335815169700581377
1335815266324910080
1335815289154449408
1335815295739572227
1335815325967921152
1335815429793730561
1335815432872337408
1335815540238131200
1335815602469007360
1335815611201576962
1335815654767796224
1335815779351224320
1335816058406641664
1335816079600455680
1335816124970266625
1335816157245399040
1335816234764525568
1335816265471057922
1335816271389224960
1335816282160160768
1335816305677455360
1335816314447777798
1335816408647798785
1335816510938390528
1335816525387862018
1335816611299778564
1335816683970322436
1335816816598323200
1335816919455313920
1335816929953669120
1335817066314674176
1335817073830866944
1335817104696741888
1335817156337020928
1335817197336342528
1335817336297820161
1335817434687819776
1335817491138945027
1335817551876648961
1335817622470991874
1335817633489444864
1335817736765759488
1335817826787987456
1335817832819552257
1335817838368415747
1335817844211277824
1335817844450152448
1335817855972028416
1335817882865979394
1335817968178122752
1335818003959705601
1335818025270980610
1335818058817024000
1335818092119814145
1335818112856432640
1335818181945028608
1335818237448232961
1335818265231298560
1335818300262146048
1335818321929842691
1335818464427200512
1335818596145098753
1335818630345396227
1335818667662172160
1335818774549827585
1335818822255665152
1335818822406852608
1335818822859829249
1335818823153283072
1335818876345528321
1335818895375134723
1335818918028582915
1335818940430364672
1335818965990445056
1335819037448790017
1335819079366676480
1335819109750231041
1335819127622160386
1335819156210544640
1335819529440665600
1335819550437289984
1335819564450451456
1335819577297498113
1335819598998990849
1335819640270884866
1335819667559112709
1335819679563124737
1335819751872815107
1335819815194398721
1335819834857316352
1335819923810111488
1335819928046346242
1335819967007248384
1335819995322994692
1335820013731770409
1335820054382915585
1335820183013740544
1335820206254551042
1335820278593695746
1335820371774337024
1335820546232229888
1335820571112861697
1335820737131798529
1335820800176349185
1335820847827841025
1335820990979387392
1335821186027151362
1335821187046383616
1335821249990291457
1335821293162278913
1335821331431104512
1335821338863394822
1335821381154516995
1335821433105215488
1335821497013850112
1335821546565341186
1335821586927132674
1335821596142018560
1335821600650911745
1335821616752816128
1335821670003716097
1335821752358891520
1335821790401146880
1335821826803572737
1335821874274689027
1335821937784860673
1335821989349629953
1335822045033209863
1335822075521601538
1335822113345839104
1335822203359817730
1335822221735047175
1335822244925280256
1335822374697099264
1335822408750518272
1335822462127386631
1335822464736251906
1335822478703149057
1335822481634955264
1335822485804244992
1335822553986822144
1335822590720544768
1335822597188182016
1335822696123346944
1335822725953298432
1335822750750019591
1335822764717043712
1335822824397803523
1335822841007190016
1335822844853415936
1335822936243122176
1335822949597794306
1335822955360694274
1335822973878595587
1335822977271644163
1335823000982183937
1335823003012259841
1335823023035781121
1335823095609909248
1335823111955111937
1335823113393729536
1335823175381360640
1335823185695174658
1335823204137496578
1335823389769035777
1335823400649056256
1335823422799089667
1335823480466649091
1335823493376708608
1335823531553206272
1335823669902315520
1335823672142159873
1335823700734652417
1335823755722027009
1335823755881361408
1335823764924354563
1335823846696488961
1335823849661886464
1335823902333952001
1335823977583927296
1335824027911393280
1335824037751246854
1335824082907123714
1335824091375341568
1335824115488403456
1335824216466317312
1335824284036509697
1335824324134047744
1335824338461855745
1335824391297523715
1335824399233069056
1335824453138325505
1335824461300428803
1335824499770585090
1335824513804734464
1335824617735397378
1335824623611547648
1335824628544122880
1335824631589171201
1335824691412525056
1335824822937526276
1335824827916177409
1335824843929948160
1335824856496136193
1335825115163095041
1335825173124165632
1335825187103793156
1335825191952375811
1335825218930155520
1335825282012508160
1335825361389707268
1335825362358505473
1335825542575255552
1335825570270224386
1335825580529430534
1335825581628416000
1335825612657872897
1335825640323420160
1335825676390309889
1335825686322434049
1335825696439087104
1335825782099283969
1335825789443518464
1335825886730399745
1335825916656816128
1335825992984780801
1335826051361017862
1335826057774174211
1335826085225885698
1335826095610925056
1335826120407650306
1335826128380911618
1335826181506166787
1335826256177217536
1335826260656873472
1335826372787200001
1335826372862734336
1335826373944946688
1335826374444060675
1335826387618443266
1335826418257760258
1335826429792182272
1335826510167601152
1335826559639429120
1335826669307891712
1335826678648623106
1335826725155049472
1335826725276700672
1335826744562081792
1335826821993144321
1335826876003180546
1335826900317581312
1335826901798170624
1335826949088874497
1335826990037946369
1335827004105633792
1335827027715350529
1335827042231853057
1335827082304253954
1335827088054624256
1335827136259584000
1335827182749413376
1335827200650702849
1335827246389596161
1335827256934019072
1335827270079049730
1335827318196068352
1335827364551536641
1335827388295503873
1335827513419866112
1335827514376122368
1335827515382755329
1335827517882519554
1335827522253017090
1335827576028336133
1335827630583545856
1335827639068577794
1335827643866869761
1335827644865159169
1335827645821403138
1335827669766823936
1335827692499984384
1335827721864302592
1335827770291712000
1335827803208626176
1335827846745501696
1335827875170226176
1335827923404795905
1335827948260220928
1335827965301714944
1335828087007744000
1335828141911191553
1335828142976536577
1335828156981383168
1335828185003544576
1335828208210554881
1335828218142740482
1335828235507134466
1335828274153463811
1335828307749703682
1335828385319301122
1335828392462127104
1335828403468038145
1335828441195802625
1335828467984764930
1335828469624811520
1335828519784484864
1335828544430231553
1335828633747910656
1335828664781516801
1335828712483409920
1335828731617824770
1335828770767384576
1335828888652455936
1335828888702779394
1335828928494186496
1335828944784863232
1335829032206790657
1335829082081275904
1335829113370791938
1335829124707979264
1335829130047320067
1335829161504632833
1335829226688311296
1335829265670148097
1335829292048060417
1335829374583631872
1335829382460567553
1335829402257645568
1335829445123444737
1335829455760134148
1335829456192233472
1335829500358242304
1335829540610957313
1335829545065340930
1335829551012868097
1335829562350055425
1335829601243836416
1335829622735450115
1335829648748523520
1335829666595287040
1335829669388627969
1335829677089419264
1335829678855163907
1335829717220544512
1335829769296994304
1335829769787727872
1335829780516757510
1335829809491013633
1335829815992193025
1335829818928226304
1335829852168007681
1335829862410489856
1335829867473072128
1335829873806413828
1335829903242125312
1335829921189539860
1335829939208204288
1335829957482831873
1335829964491460608
1335830001703333888
1335830106791665667
1335830159174361090
1335830184000417792
1335830193445933056
1335830216212623362
1335830225121406976
1335830270889570304
1335830413852467202
1335830471398346753
1335830547558502401
1335830561638768640
1335830650222501889
1335830775560892416
1335830811191422976
1335830837506568192
1335830869941100544
1335830907341697024
1335830912609759232
1335830931689631751
1335830968591007744
1335830991282327553
1335831019052822528
1335831109612015619
1335831119703515136
1335831124430491650
1335831189043744770
1335831202557812736
1335831234606477312
1335831253304619015
1335831255359873025
1335831297504256001
1335831316210851840
1335831333734592515
1335831355113005056
1335831369872773121
1335831373970612224
1335831405205590020
1335831405285306369
1335831408120565760
1335831411107000322
1335831412864323585
1335831417318760450
1335831464529846278
1335831477678956546
1335831532678901761
1335831534914383873
1335831573325901825
1335831638832517120
1335831650450726912
1335831655165136897
1335831710991314944
1335831715714097153
1335831721166692353
1335831722689224705
1335831740137558026
1335831782768451587
1335831858962173953
1335831870391640064
1335831878830596096
1335831902029307904
1335831902591311873
1335831921746653185
1335831923005005826
1335831934081986561
1335831941036318720
1335831953048817665
1335831994824085504
1335832012083650560
1335832014528913408
1335832062364946435
1335832071554686977
1335832092979105792
1335832163455995912
1335832189590769665
1335832222537015296
1335832250768875521
1335832263523790848
1335832267978104835
1335832270696034304
1335832294704214016
1335832333816041472
1335832368326848512
1335832527945277441
1335832544592482304
1335832550816813056
1335832557661798400
1335832562153959425
1335832588347432963
1335832597902069761
1335832607850950657
1335832611202211840
1335832642391072769
1335832658417430529
1335832670467715073
1335832679351283712
1335832694811455489
1335832730823692288
1335832756572598272
1335832761576402944
1335832766274015233
1335832821785563138
1335832873291673600
1335832880971476993
1335832892715491328
1335832915788369920
1335832960143159301
1335833059065794561
1335833097414258689
1335833101155659776
1335833121804218368
1335833122055860225
1335833135507001345
1335833148714868736
1335833208815054851
1335833213969829888
1335833219028160512
1335833225378328578
1335833247926919168
1335833248761573379
1335833254008590336
1335833271129825280
1335833272660725760
1335833283838566400
1335833293359636481
1335833308710760454
1335833310002622464
1335833315098681345
1335833343649308677
1335833350901264387
1335833379288330240
1335833394060603392
1335833401656545281
1335833407062945792
1335833413144678400
1335833432434352130
1335833446237806593
1335833482078072834
1335833536377589760
1335833536587329536
1335833608003653633
1335833652585000961
1335833654174609408
1335833663368556544
1335833668154224640
1335833670180106243
1335833687200591872
1335833703474466816
1335833710768353280
1335833725054181377
1335833739931344896
1335833752392626177
1335833797661745153
1335833827793641472
1335833830670950402
1335833870013489152
1335833894025900032
1335833901173010433
1335833921704046592
1335833922597511168
1335833922656198657
1335833923109216263
1335833923218108416
1335833923381768193
1335833936648425473
1335833947239018496
1335833993187618820
1335834011592232961
1335834056399998976
1335834125455003650
1335834176898162688
1335834182426226688
1335834193629241346
1335834240139849728
1335834240357982210
1335834366098989057
1335834404426559491
1335834444553478144
1335834487318597632
1335834521896423424
1335834554653937664
1335834576942473218
1335834578435657728
1335834591370817536
1335834599428157441
1335834609939062784
1335834615861358594
1335834625684496384
1335834628578562053
1335834633641086976
1335834640813334538
1335834646941216768
1335834671863705600
1335834711793557504
1335834734077890560
1335834745620619266
1335834777983868930
1335834785789382657
1335834804902912002
1335834893645983744
1335834903838150657
1335834919440932866
1335834946351624193
1335834953326714881
1335834983823527936
1335835029214261249
1335835037330268160
1335835039590977537
1335835039926538240
1335835056582123520
1335835070616178688
1335835105219256322
1335835148705812480
1335835157929070592
1335835161565536258
1335835172508495873
1335835186861400064
1335835188752838656
1335835200056664064
1335835204930441216
1335835224928817152
1335835329409003526
1335835341899624448
1335835388179587072
1335835431829725184
1335835434946093056
1335835440163811329
1335835479028224000
1335835542685151240
1335835551820353536
1335835563417612289
1335835588583452673
1335835589292290049
1335835607281659905
1335835621198340097
1335835640819310595
1335835655293833218
1335835710314729473
1335835716702572544
1335835808033595392
1335835834851975168
1335835859740921859
1335835948165165057
1335835956541190144
1335835960689504257
1335835978657828865
1335835984597053442
1335835998375305217
1335836015290949632
1335836016817696768
1335836047482245120
1335836065526067202
1335836090385772544
1335836105669812231
1335836114016407552
1335836126159007744
1335836152675307522
1335836158010470401
1335836169481936896
1335836180894650368
1335836194844930049
1335836213484400640
1335836235676446720
1335836250314563585
1335836259042914304
1335836276122144768
1335836289330008066
1335836294866415618
1335836316299374594
1335836334360043524
1335836349576966144
1335836351737040901
1335836354937286658
1335836363523043329
1335836366048010241
1335836368061296640
1335836368375779328
1335836433484025858
1335836438299095048
1335836438340890625
1335836442816344065
1335836444108197888
1335836449724370945
1335836452375019521
1335836453281157120
1335836467625680897
1335836468300967936
1335836472654573570
1335836509589696515
1335836552728088576
1335836565969514501
1335836584797679618
1335836602871013377
1335836609099558912
1335836610194264067
1335836624127746048
1335836631492911105
1335836654507061249
1335836675226931201
1335836687423983617
1335836709595066372
1335836783431593984
1335836783800619010
1335836813911601152
1335836825303146496
1335836826070728706
1335836830579744768
1335836838628646913
1335836872698957824
1335836874653491202
1335836886049431552
1335836904336584704
1335836949391822849
1335836953028210689
1335837007780700161
1335837012503502848
1335837016832008192
1335837040747884544
1335837065100005376
1335837158565945346
1335837187091419141
1335837203964936192
1335837234478649351
1335837236349329409
1335837254103785473
1335837279496056832
1335837321636286465
1335837324584869888
1335837326413606912
1335837327403446272
1335837347498389505
1335837352468619264
1335837358508404737
1335837392985579525
1335837399113412608
1335837408743534592
1335837444986454016
1335837505149657088
1335837514440040448
1335837526934872064
1335837562859122692
1335837580001042432
1335837595230760960
1335837619217981440
1335837632404787200
1335837632698470401
1335837666315792384
1335837675069329409
1335837683088838656
1335837693515804672
1335837696548331520
1335837709336793091
1335837710230171648
1335837714197999616
1335837721223368705
1335837730111152128
1335837752173203462
1335837770053537793
1335837841532870656
1335837875481546753
1335837894108438528
1335837895710699520
1335837926228447232
1335837951465578497
1335837979466719234
1335837998332731394
1335838003017740288
1335838012123586562
1335838053697544192
1335838084596969474
1335838092616462336
1335838093660852224
1335838143610822656
1335838148681580545
1335838161877020674
1335838175466582017
1335838188175306755
1335838222958665728
1335838245280690177
1335838279145381889
1335838311898812418
1335838398280556544
1335838417561808896
1335838419289862144
1335838505545551878
1335838518090883075
1335838545831931912
1335838568456056832
1335838617575546881
1335838630280122368
1335838654254739456
1335838658503598081
1335838661355696128
1335838686819332098
1335838694809477122
1335838704758370305
1335838709724409856
1335838735309660166
1335838736836386816
1335838757711441921
1335838799721615360
1335838847880589313
1335838877081366529
1335838891857874946
1335838895594999808
1335838908588961794
1335838949437296642
1335838978944143363
1335839095478751232
1335839105855483905
1335839181692657665
1335839190500700161
1335839220783575040
1335839251209089024
1335839260830818305
1335839262529499139
1335839283178037248
1335839297346424833
1335839319081283586
1335839435980754946
1335839461469548545
1335839498396176384
1335839505014808576
1335839513181089793
1335839513495687168
1335839535847137280
1335839550413955074
1335839556155944960
1335839561633685505
1335839584803049478
1335839585155371008
1335839589261565959
1335839639731654657
1335839654923399168
1335839692516978691
1335839696170127361
1335839740726288385
1335839775346089984
1335839785483718657
1335839834578018304
1335839836603813889
1335839838554173440
1335839848243093505
1335839871320125442
1335839876277653504
1335839890299375621
1335839909328908288
1335840000127143937
1335840022013104128
1335840035518689281
1335840041004904449
1335840152770519040
1335840165835771904
1335840166926290944
1335840183548260352
1335840210953924611
1335840213223043073
1335840230541324289
1335840240825667585
1335840332504764421
1335840339488362497
1335840373126684673
1335840388444282880
1335840391267033088
1335840411806543876
1335840439841267712
1335840455821565955
1335840474561732608
1335840537983774720
1335840567465553925
1335840575187193858
1335840576470704130
1335840622780043264
1335840626626211841
1335840637787262976
1335840659740241920
1335840660004483072
1335840668992802816
1335840722147307521
1335840725137645568
1335840725414666240
1335840759501762560
1335840784478769152
1335840800450752512
1335840847942856704
1335840868750733312
1335840874668896256
1335840891362287616
1335840918398767105
1335840968147255296
1335841011805917184
1335841021637353472
1335841063815229441
1335841167339089921
1335841186695802880
1335841203057790981
1335841229431422979
1335841237534994433
1335841282976059393
1335841303205187584
1335841326332600320
1335841344946900992
1335841353008340993
1335841355550101506
1335841369923981312
1335841392225087488
1335841407886635008
1335841471455490049
1335841472348901378
1335841472797556736
1335841473586085891
1335841474374553602
1335841486408040448
1335841490866679808
1335841495669202944
1335841515206225920
1335841535657717763
1335841545958924288
1335841547296837632
1335841566792015872
1335841573930733568
1335841602548461568
1335841661264465922
1335841702993686534
1335841704797233152
1335841723696754693
1335841745079312384
1335841775337021443
1335841787559235584
1335841798950952963
1335841808656588800
1335841893805142017
1335841924826214400
1335841927539941377
1335841928345231360
1335841947743903744
1335841963950694400
1335841969264877569
1335842039737495552
1335842047111081984
1335842053863972865
1335842070750236674
1335842087854608384
1335842166644613126
1335842195534983168
1335842223649402882
1335842237561909250
1335842258470506497
1335842279320416259
1335842292867985409
1335842293165731840
1335842310282760193
1335842327663964161
1335842334974545920
1335842349109440513
1335842434056597504
1335842455493746693
1335842461810356224
1335842490621063168
1335842492609126400
1335842569998245888
1335842606316728328
1335842618299867136
1335842624654204929
1335842627988623362
1335842655369121792
1335842660125466625
1335842734993776641
1335842761061396480
1335842772788649984
1335842783077281793
1335842816531058688
1335842819668389888
1335842826320490496
1335842829692755969
1335842832058372096
1335842863855390720
1335842895321042946
1335842919597678592
1335842919828361216
1335842944562106368
1335842960500469762
1335842966955552768
1335842983271424000
1335843037738569730
1335843043786825729
1335843057019854849
1335843080071569410
1335843092436557824
1335843157834141696
1335843159193112577
1335843168236032004
1335843193074626560
1335843254915444736
1335843272913285120
1335843294782296065
1335843321432993792
1335843359664054272
1335843361140432901
1335843366957953029
1335843418501689344
1335843464760729601
1335843495999926272
1335843510424104962
1335843522725941248
1335843540082057217
1335843569760935938
1335843591495815168
1335843630184075264
1335843634323857408
1335843651625361413
1335843677776834560
1335843702766440450
1335843733766549504
1335843749562376192
1335843764364054529
1335843779018969091
1335843780738637825
1335843786442895360
1335843843372175362
1335843914541133825
1335843916034297857
1335843978546208770
1335843996736888837
1335844027938328576
1335844029347602433
1335844069810069504
1335844081671483393
1335844099593818114
1335844103456780289
1335844162076336128
1335844173245771776
1335844181902815232
1335844182292914182
1335844197539213323
1335844209790738432
1335844235837394946
1335844241449357313
1335844265205882880
1335844294717022214
1335844436006350849
1335844452846489601
1335844469430743040
1335844531086962690
1335844546102652930
1335844547373445121
1335844567669682176
1335844573839503360
1335844590319005699
1335844617120526338
1335844634023571456
1335844659306901504
1335844691561091073
1335844776126640129
1335844823207714816
1335844824554016768
1335844831143354369
1335844876487974912
1335844881625997312
1335844906586279937
1335844920901464064
1335844959799439360
1335844987754471426
1335845005248897024
1335845022701326337
1335845035947008001
1335845095892004864
1335845137214300163
1335845178612064256
1335845180914720773
1335845193866760192
1335845196681138176
1335845201328427009
1335845206621630469
1335845214469107713
1335845227928707079
1335845241237221377
1335845246438166529
1335845381398294529
1335845390424399872
1335845412712935424
1335845429821452291
1335845431541174273
1335845465791877121
1335845466504900608
1335845535752871936
1335845544887980032
1335845559740096514
1335845576890601472
1335845583395893248
1335845604187115520
1335845605399293954
1335845726769672192
1335845740283891713
1335845761658007552
1335845762614308864
1335845771250442242
1335845798739898368
1335845808890114048
1335845816217591808
1335845818977427456
1335845866494636033
1335845933557411840
1335845934895419394
1335845936061427713
1335845986829209603
1335845989136146433
1335845989383548929
1335846005682696192
1335846070677622785
1335846091334557701
1335846116068368384
1335846163417870336
1335846176617357312
1335846189162524673
1335846244078456834
1335846289846759425
1335846295035064321
1335846359426019329
1335846385384611841
1335846404774834176
1335846432713170947
1335846462245269506
1335846504569909248
1335846529266049024
1335846535293267970
1335846561977421826
1335846569074155520
1335846576074403842
1335846583611633664
1335846587583651842
1335846628801081344
1335846641606258689
1335846643317551104
1335846655673982976
1335846688381153280
1335846722677911552
1335846745205596160
1335846775538724864
1335846824062619654
1335846829892759552
1335846838625296384
1335846859940749314
1335846888415825923
1335846908162617344
1335846941339623425
1335846993885847552
1335847006955298816
1335847046214012930
1335847064706707457
1335847066963210241
1335847077713223680
1335847082314313729
1335847103218802689
1335847111552888832
1335847116573462530
1335847119035523075
1335847132151033856
1335847179806797824
1335847185150320641
1335847198546944001
1335847203584307206
1335847225038155776
1335847243442761728
1335847255862104066
1335847288745431041
1335847306076315650
1335847333561561088
1335847346324779009
1335847368332341252
1335847408593498113
1335847412938706946
1335847437022470144
1335847449169162240
1335847489367404544
1335847493683261440
1335847510540251137
1335847524637134848
1335847527627718658
1335847531088003076
1335847535861108737
1335847538864230401
1335847551522795520
1335847554110676999
1335847558367862786
1335847559357755392
1335847561463296001
1335847573794549760
1335847633496256512
1335847640735604738
1335847642685960192
1335847678530482178
1335847683731419139
1335847685786636289
1335847689150468098
1335847690199060480
1335847692560379904
1335847693315399681
1335847708360384513
1335847712848293888
1335847766162087936
1335847801973071872
1335847881312440320
1335847984089735169
1335847994739085312
1335847996995604481
1335848012258680832
1335848014636855298
1335848015475724294
1335848025009303552
1335848038124953600
1335848051647385601
1335848069666050051
1335848107267948544
1335848122413625344
1335848143909511168
1335848155666145281
1335848158560219136
1335848161999532032
1335848180798402560
1335848184673955843
1335848234124795904
1335848234808434689
1335848256593653761
1335848261408739328
1335848268891295745
1335848271479238657
1335848274285060096
1335848278479527937
1335848280945807360
1335848284074762242
1335848370359988224
1335848462903107584
1335848487590748170
1335848493022392321
1335848522399309824
1335848609456263168
1335848610089607170
1335848616284524544
1335848626950647808
1335848653206982658
1335848665814986753
1335848681367539713
1335848684735655936
1335848692096651265
1335848712963321856
1335848766885203969
1335848777933082626
1335848857918451712
1335848866336346114
1335848871163990016
1335848950822137856
1335848955100401664
1335848982015320065
1335848986637430784
1335849000726093824
1335849014227587072
1335849021244661761
1335849021982662656
1335849023073210369
1335849031726215174
1335849050944516098
1335849058666221568
1335849069462347778
1335849070078939137
1335849091063042048
1335849106271576072
1335849114668560384
1335849116983816192
1335849120246927366
1335849121488510977
1335849144246820865
1335849160029982720
1335849189222322176
1335849201201188866
1335849203529097216
1335849229554774019
1335849253957226497
1335849254754152449
1335849271153872897
1335849280087748608
1335849302376198144
1335849316322250752
1335849332541698048
1335849344986193921
1335849373159321600
1335849374040133633
1335849439181893632
1335849501836316672
1335849511974023171
1335849515568558081
1335849517086875648
1335849519767052290
1335849535306948609
1335849562469265408
1335849571323441153
1335849580630585344
1335849582337646592
1335849606685609984
1335849621986435073
1335849647458439169
1335849663602286593
1335849700923203586
1335849736532860928
1335849766241046530
1335849820435718146
1335849867688685568
1335849869785903104
1335849893630500867
1335849897589878789
1335849905471037441
1335849907656269824
1335849940849975298
1335849943580504065
1335849965894184961
1335849989373878272
1335849990279847937
1335849998072881152
1335850006947966977
1335850048463233024
1335850081094864896
1335850114506747905
1335850159259979776
1335850169930276864
1335850189773557760
1335850209327407111
1335850223982276614
1335850239819976705
1335850317418799104
1335850406686175232
1335850457789554693
1335850472696111105
1335850477368598529
1335850566992474113
1335850585048961024
1335850589486534656
1335850595077459968
1335850617655463937
1335850627142983682
1335850634357116928
1335850678351228930
1335850705744224256
1335850718037766152
1335850730343837698
1335850773796810753
1335850774333706241
1335850838124875777
1335850855979954178
1335850877593202688
1335850889530236928
1335850893846208512
1335850907670634496
1335850909893595138
1335850934597988354
1335850941933891584
1335850962536329217
1335850973944832000
1335850988222210053
1335851009999052800
1335851033029963776
1335851046975852545
1335851047420653579
1335851127481495552
1335851132451688449
1335851140412534785
1335851155272949761
1335851188420554752
1335851195320184832
1335851255290359809
1335851282523959296
1335851285082476544
1335851289276772355
1335851299481370625
1335851326916452352
1335851359309066241
1335851375650017280
1335851409963626496
1335851420915019777
1335851421552480256
1335851435121127425
1335851476929884160
1335851493132546050
1335851504574603266
1335851511906267139
1335851511994257408
1335851513051275264
1335851537898196993
1335851537898336259
1335851554772017153
1335851576880205826
1335851578423734272
1335851591409209347
1335851632433770497
1335851668534157314
1335851736033091586
1335851750494973959
1335851769054851073
1335851778630443008
1335851791636983808
1335851794510065664
1335851806061158401
1335851813740929024
1335851870062080003
1335851881113980928
1335851881529307137
1335851883253141506
1335851883362181120
1335851900491751425
1335851904228859910
1335851906938368000
1335851909119356928
1335851918367879168
1335851924323766273
1335851925397516290
1335851967470514179
1335852002383949825
1335852003461885954
1335852019677007872
1335852032796790786
1335852088547565568
1335852092137811968
1335852114409639936
1335852119744798723
1335852121313435656
1335852148815507456
1335852157250252800
1335852174862032899
1335852223893557248
1335852229832667139
1335852233368481792
1335852255094968320
1335852263391318016
1335852287676264450
1335852313823621120
1335852321763422209
1335852325685121024
1335852352578981888
1335852356089630720
1335852375207243776
1335852379900669952
1335852399769112578
1335852432660832256
1335852445516390401
1335852469348409344
1335852472636747777
1335852487660744704
1335852494036078592
1335852497349595136
1335852508959420418
1335852524927135744
1335852539984687106
1335852549497376774
1335852551124742144
1335852560662589440
1335852568904404993
1335852582431027200
1335852586390450177
1335852605814304768
1335852606678241285
1335852675880148992
1335852707530366976
1335852755647336449
1335852766615449601
1335852768934965249
1335852792481787904
1335852793614245888
1335852796403302401
1335852805018488832
1335852805345726464
1335852814849990663
1335852816796176389
1335852846198251522
1335852856197439492
1335852891760943105
1335852897070850048
1335852915081273344
1335852942507782144
1335852943992647680
1335853002385715201
1335853020127633408
1335853050217574403
1335853061785448448
1335853074724884482
1335853087790075904
1335853097764139008
1335853104714100736
1335853149710639106
1335853171575549954
1335853188403093505
1335853194488946690
1335853202571485187
1335853218295926785
1335853218786635777
1335853222951591937
1335853254366867456
1335853302295171072
1335853307919818753
1335853400790020096
1335853408650207237
1335853416682315777
1335853418901069824
1335853439163785217
1335853492989267968
1335853493496778752
1335853512715079684
1335853527244091393
1335853542695968775
1335853620714156032
1335853642268745729
1335853648946094081
1335853650690891776
1335853676192276481
1335853683867869184
1335853708215787520
1335853712129060866
1335853775840534528
1335853795281145856
1335853816693075968
1335853849857363968
1335853867402137600
1335853880677175297
1335853912113487872
1335853970624028672
1335853973010571264
1335853974025625600
1335853982569402368
1335853983454416897
1335854009660346368
1335854018904682496
1335854019315707904
1335854054535176193
1335854057651642368
1335854064610004992
1335854116027977730
1335854123716141056
1335854167739523072
1335854193907732482
1335854241659973632
1335854300396916737
1335854345238274049
1335854360471941120
1335854363445780481
1335854373558247424
1335854413416718338
1335854423533367296
1335854449177321472
1335854493142020096
1335854501362872321
1335854524557381632
1335854538281062400
1335854539853983744
1335854547059830784
1335854552541777921
1335854613413629952
1335854645583998977
1335854672863760385
1335854711690366977
1335854712743219200
1335854721647697923
1335854751070760960
1335854798487363585
1335854804892069888
1335854839037825024
1335854839117590528
1335854889340166145
1335854941504585730
1335854943950041089
1335854976632041472
1335854987830722561
1335855129296326657
1335855153891643392
1335855170241130496
1335855174175387648
1335855193888583680
1335855206358200320
1335855207746560001
1335855212230217729
1335855214503583746
1335855240587993090
1335855242466955264
1335855242605432832
1335855255364354048
1335855290294673409
1335855296359649280
1335855303599017984
1335855307873001473
1335855315179479041
1335855317134024706
1335855320472506368
1335855321697304577
1335855327376535553
1335855377049640962
1335855398839083009
1335855417621159936
1335855430950658050
1335855437330124802
1335855438433292290
1335855459882983424
1335855462441431040
1335855473531228160
1335855496339787777
1335855515612667904
1335855556985319424
1335855583807889409
1335855614795407361
1335855625381818368
1335855638514176001
1335855654532157440
1335855663826825217
1335855706499592193
1335855724921024512
1335855760757108736
1335855761814151169
1335855770320199693
1335855803736186885
1335855820236615680
1335855826569998336
1335855831473139722
1335855845339492359
1335855855187742721
1335855878520631296
1335855886120660992
1335855895507578885
1335855927652704256
1335855933541511169
1335855946166362113
1335855951031783425
1335855963644047362
1335855979553058816
1335855988486889472
1335856004421079040
1335856013195563008
1335856016194461697
1335856018358722560
1335856024012660737
1335856047504961536
1335856049606320128
1335856057445277697
1335856059152543744
1335856059978838016
1335856073425739776
1335856079188729856
1335856083022319617
1335856098130145280
1335856145144176640
1335856154493194240
1335856213544890368
1335856217508487168
1335856223275593729
1335856232993845248
1335856247447433216
1335856253889892354
1335856258801348608
1335856263222218752
1335856314753429505
1335856322269548544
1335856328770789377
1335856402162716672
1335856406357024771
1335856418365329410
1335856441484337152
1335856442356666368
1335856445196275712
1335856450279776256
1335856477282635779
1335856496056410112
1335856511881535488
1335856516138676226
1335856518978265089
1335856520764985345
1335856522325336066
1335856563374993411
1335856571214127104
1335856571495145472
1335856572010905602
1335856572820410369
1335856574904954887
1335856576322809857
1335856577270702080
1335856585705476097
1335856586632421378
1335856589018894336
1335856609046695941
1335856619683516416
1335856637341528064
1335856649622462464
1335856652294164482
1335856694136594436
1335856698825842688
1335856707902337032
1335856709382905857
1335856750021513217
1335856758582095872
1335856774046429191
1335856788533616641
1335856812999012354
1335856834901630978
1335856840798855169
1335856856158375936
1335856915721674753
1335856916522823681
1335856921883136000
1335856922264821761
1335856982683750403
1335857000647970817
1335857002770276357
1335857004619968512
1335857006083780608
1335857015411912704
1335857033229242368
1335857126091214848
1335857135989747712
1335857138602799105
1335857142969102348
1335857158337011712
1335857158844538880
1335857193636274183
1335857219754205186
1335857246459359233
1335857284388413441
1335857315883474944
1335857342672474114
1335857347978174464
1335857365795676161
1335857372196122624
1335857372749828097
1335857437543428098
1335857453217492992
1335857472700092416
1335857481935941633
1335857482665766912
1335857491859681282
1335857492132319233
1335857494229475329
1335857500059471873
1335857502659997696
1335857512478871552
1335857516497031171
1335857556812689408
1335857574202241025
1335857574751703040
1335857592791339008
1335857598072053765
1335857610361335809
1335857653998874624
1335857697649008644
1335857713528647682
1335857744402919424
1335857788917059587
1335857789659443200
1335857792339546113
1335857823444557825
1335857835473776640
1335857852209106944
1335857852980801536
1335857864968179712
1335857865626673152
1335857946199252994
1335857997441019904
1335858026092371969
1335858063060987905
1335858068442263552
1335858110171377666
1335858116496412679
1335858119625281539
1335858123144388610
1335858155746680833
1335858181235503104
1335858192522371074
1335858205801541632
1335858212470480896
1335858238697459713
1335858242191302656
1335858272474177538
1335858284075552768
1335858296868245507
1335858314719195136
1335858322071810051
1335858343919796224
1335858345618575360
1335858369916264450
1335858401646145536
1335858406440230915
1335858414635933698
1335858442821570569
1335858446810439680
1335858480448737286
1335858501034389505
1335858547721203712
1335858567644110848
1335858589655773184
1335858626058186754
1335858635310764035
1335858637357584385
1335858656202645504
1335858666524782592
1335858674225516544
1335858688381358080
1335858720748802048
1335858721813983233
1335858725660213249
1335858728914980864
1335858730978607105
1335858790600728577
1335858800071483392
1335858808682319873
1335858886755147776
1335858933026738176
1335858952572178432
1335858956925808640
1335858972193120256
1335859007819550721
1335859019769131009
1335859027419541505
1335859028426063872
1335859051922661376
1335859083040223232
1335859084692742144
1335859087557488640
1335859087683141632
1335859087700004864
1335859087771365376
1335859091529474048
1335859155253522432
1335859159473008640
1335859162773921793
1335859164942393347
1335859168381689856
1335859187914575872
1335859191303589889
1335859192947675137
1335859201428615169
1335859209750065152
1335859211658473473
1335859224237236224
1335859253257662464
1335859259209347072
1335859287588036608
1335859298837164033
1335859299483049984
1335859319838027779
1335859326024622082
1335859338926231555
1335859345846923265
1335859360099151873
1335859363186151424
1335859400200892417
1335859402260287491
1335859412502720512
1335859433591726081
1335859463132225538
1335859479749988354
1335859481754955777
1335859553397841920
1335859553775316993
1335859558472949760
1335859568744816640
1335859575975645184
1335859595672231937
1335859619021938691
1335859621320421376
1335859662311235585
1335859731613814784
1335859755303235590
1335859756829970433
1335859757622636544
1335859767240220672
1335859787834269697
1335859833178894336
1335859842846625792
1335859862027317248
1335859903802585089
1335859928758689798
1335859963466543104
1335859986145153025
1335859994571497474
1335860034320863232
1335860044215316483
1335860046123642880
1335860046358601728
1335860060589842435
1335860072505888770
1335860084564512768
1335860114264379392
1335860128982175744
1335860139266609153
1335860174788104195
1335860198280454144
1335860202336366593
1335860202416054274
1335860231335673858
1335860235249078272
1335860281990373377
1335860297618386946
1335860308108324865
1335860308875890688
1335860319600730112
1335860323887276033
1335860328639459330
1335860345873854464
1335860346238603264
1335860349032083456
1335860352941240320
1335860354589593601
1335860355856297985
1335860382754336770
1335860390056570881
1335860392124407810
1335860407517458434
1335860467449942016
1335860488580845571
1335860547384995840
1335860557283528705
1335860571909083138
1335860605555781633
1335860643044405249
1335860665668481024
1335860667316842498
1335860706487492609
1335860731263193092
1335860738284523520
1335860769397858304
1335860787609526274
1335860789144678401
1335860807956123650
1335860838327066625
1335860855636955136
1335860869901791232
1335860881008304129
1335860912058753025
1335861019697160192
1335861033563512834
1335861050114236416
1335861074344730624
1335861078757167104
1335861098357121024
1335861113934766081
1335861116493246464
1335861180624220160
1335861188224278528
1335861211397836803
1335861222617600006
1335861228342743041
1335861312501522432
1335861331044478978
1335861364477321217
1335861364670271490
1335861379098669056
1335861386531004417
1335861411113734144
1335861411474497537
1335861438536093698
1335861439584669696
1335861455166562304
1335861456978513920
1335861479589949440
1335861488012111872
1335861541028114433
1335861546132647936
1335861566986727425
1335861599991705604
1335861604294914049
1335861606769627137
1335861637232943104
1335861648725250049
1335861652558852097
1335861659588583427
1335861681029853186
1335861686931165185
1335861701850386433
1335861726990970882
1335861732787564544
1335861757978562562
1335861778757120000
1335861781470863360
1335861795257540609
1335861807878197251
1335861809392349185
1335861864417398784
1335861884130562048
1335861884701044736
1335861889558065154
1335861905207009280
1335861917278203905
1335861921292148737
1335861995745193984
1335862006902104066
1335862016045670402
1335862016997810178
1335862088003186688
1335862090721071105
1335862091325054976
1335862099491295232
1335862102356013056
1335862109528338432
1335862112648916992
1335862114066558981
1335862131061821442
1335862153002233858
1335862157175640066
1335862187613675521
1335862193284395009
1335862221218439168
1335862242114494465
1335862258065428481
1335862282279120897
1335862299970723840
1335862305045815296
1335862307210072065
1335862345550147584
1335862354018529280
1335862369172430849
1335862406476668933
1335862425447493632
1335862429641793536
1335862478178316290
1335862479239393280
1335862505248329728
1335862522910543872
1335862545433899009
1335862588379369473
1335862599393697793
1335862609837481985
1335862612823830531
1335862638593585153
1335862693975224322
1335862704268042240
1335862710635008000
1335862716473483264
1335862727697371136
1335862752309604354
1335862760140378114
1335862798295949316
1335862804973301761
1335862819611414529
1335862825705746433
1335862830470459396
1335862862561091586
1335862865920741377
1335862872958636032
1335862883880742912
1335862911596720128
1335862921381994497
1335862933881040896
1335862949135740928
1335862962372931587
1335863029657952256
1335863050608513026
1335863088998985730
1335863103209213953
1335863123555864577
1335863125313269760
1335863170414600194
1335863219508965376
1335863225007616000
1335863237779337216
1335863257823907840
1335863273854545921
1335863283321085952
1335863313847242752
1335863329206775808
1335863337930924033
1335863345233219584
1335863352816492544
1335863392628862978
1335863410370732034
1335863422391562241
1335863458894655488
1335863468860338176
1335863471049756672
1335863475160178688
1335863476846284802
1335863485662720001
1335863497591287808
1335863511130501120
1335863518437003265
1335863520903225344
1335863529702879233
1335863531971993601
1335863532282400768
1335863536833228801
1335863539093868546
1335863549659410433
1335863552645754880
1335863553157459969
1335863561097261057
1335863565836840961
1335863573386584066
1335863588490256384
1335863603799404544
1335863608220274688
1335863610090942465
1335863615568621569
1335863616285896705
1335863653879439360
1335863665552224256
1335863702625587200
1335863706853515265
1335863726075998208
1335863726688309248
1335863765464707072
1335863773874311168
1335863778320257024
1335863788604678145
1335863789988679686
1335863808552742915
1335863811815903233
1335863827183919107
1335863829528530944
1335863838550478849
1335863841784270848
1335863862390886400
1335863879965011969
1335863893885857792
1335863899565006854
1335863902714859524
1335863943814909952
1335863949213003777
1335863981177769984
1335863983165861888
1335863991931985920
1335864002723733505
1335864006972567554
1335864031417147397
1335864049586868224
1335864082054918150
1335864120734838784
1335864121573711872
1335864123041566722
1335864123469467648
1335864144323547137
1335864301148643330
1335864308849381376
1335864375756853249
1335864687204790272
1335864864233893892
1335864949634109440
1335865017095294977
1335865036691091457
1335865055074791431
1335865266656440320
1335865296637321216
1335865343437369346
1335865344498544640
1335865388341587971
1335865388681359364
1335866548548988930
1335866557474492416
1335867289330216961
1335868294180573186
1335869000610410496
1335870230107713539
1335870915566034947
1335871349898752002
1335871712014053377
1335871759220944897
1335871903890878464
1335872246737477633
1335872595590311938
1335872952760479749
1335873201507885057
1335874187194486784
1335874285370478593
1335875394331926529
1335875437042524160
1335876140532191233
1335876144634032130
1335876740279898112
1335876989090205696
1335877585876754433
1335878421327601664
1335879210427183104
1335879699910766595
1335879769947299840
1335880680190980099
1335881765752336385
1335882528130011136
1335883393624641539
1335885356735062016
1335886165610811393
1335886719531552773
1335886778067279874
1335886782274088960
1335886867686952960
1335887457196314624
1335887529900380160
1335887918708092935
1335887936613715973
1335888375191117829
1335889219689066505
1335889581636546563
1335890602878230529
1335891250860449792
1335892177436745729
1335892254104449025
1335893113601200129
1335893300813901826
1335893441604165638
1335893729756983298
1335895479712948227
1335896263615795204
1335898974784524288
1335899649400516610
1335899842833494016
1335899894566039556
1335900089907367936
1335900611267624960
1335901003158351872
1335901407996686336
1335901704735383553
1335901871685455874
1335901874084605953
1335901960856276992
1335901963356164096
1335902368433631234
1335902763247611905
1335903131671138307
1335903131801161734
1335903132325466112
1335903133034274816
1335903133407571968
1335903133432688640
1335903133453725696
1335903257521229824
1335903263124754432
1335903633536389120
1335905439834378241
1335906033907212288
1335906821974990848
1335907484129767430
1335907657794797570
1335909306873614338
1335909443465342978
1335909662416367616
1335909671681613825
1335909707555500032
1335910254442385409
1335910371782234113
1335910416027807744
1335910422604615682
1335910613592272896
1335910666859896833
1335910893763391488
1335911080422481922
1335911085694705665
1335911092866994177
1335911337709498368
1335911423495581699
1335911528902647809
1335911579607572480
1335911587614486530
1335911743852335106
1335912111810207744
1335912302009344000
1335912413825290244
1335912768235589632
1335912880546443264
1335913202375245824
1335914383696928769
1335914462998630400
1335914465129336834
1335914726086369280
1335914801004949511
1335915032941637632
1335915570794016769
1335916121724235777
1335916125935296512
1335916139034144768
1335916527040819203
1335916564219105281
1335916969053196291
1335916972135960576
1335917035646283778
1335917434126135296
1335917485158240258
1335917564627705859
1335917744341082116
1335917898561433602
1335918424128704512
1335918791809769476
1335918806611398659
1335919259835396096
1335919629429043201
1335919714036539392
1335920306612002817
1335920353835687938
1335920609927327753
1335920744325402624
1335921045841334273
1335921083338403840
1335921730129424385
1335922095042273282
1335922260331335680
1335922360227155972
1335922533317677056
1335922682093768704
1335922777006731265
1335922945659703296
1335923213893775361
1335923232109694976
1335923279723368449
1335923441984286720
1335923525392211970
1335923798768553985
1335923847388868610
1335924326915321856
1335925033449959426
1335925531997515776
1335925601652387841
1335925796926582786
1335925991542284288
1335926062111453186
1335926316286287874
1335926636668198915
1335926704695631874
1335926725872660480
1335926761666863111
1335926865903538177
1335927006333120512
1335927214815256577
1335927555917012992
1335927641875116032
1335927988869865475
1335928139244064770
1335928184081158144
1335928233989206019
1335928565544722437
1335928657152446464
1335928982999543810
1335929504649318400
1335929553215238146
1335929614569517056
1335929652490199040
1335929686338236419
1335929688796106752
1335929883118219265
1335930214032023556
1335930694564974594
1335931960884125696
1335931969700569088
1335932096007860225
1335932504390373377
1335932969375162372
1335933033883504640
1335933223684214791
1335933836417437701
1335934150449172483
1335934309094608897
1335934325494312960
1335934690604277765
1335934997136633862
1335935661740847104
1335936139732062209
1335936287661035520
1335936593178337280
1335936732886429702
1335936955582980098
1335937623072894980
1335939252815859714
1335939988047978501
1335940426537295873
1335941360025825286
1335941392363905027
1335941892085846018
1335943393373900801
1335943584927846400
1335943705484812288
1335943933982109697
1335944370202304514
1335944746024525838
1335944751317651457
1335945942927892481
1335945948317495298
1335946582953517063
1335946935266652160
1335947068360290306
1335947169245827075
1335947169434497031
1335947328398761986
1335947378948497410
1335947679860477955
1335948913988263940
1335951612066623495
1335951821400141826
1335951909761462272
1335952071946874885
1335953194934013955
1335953737362395138
1335954719873765379
1335956716903608320
1335957059368439808
1335960175430209538
1335960798884192256
1335961654044057600
1335962270434652160
1335962336763457538
1335963953764118528
1335970144913338368
1335970176702042118
1335971378709884930
1335972873584992265
1335973432870244352
1335973505704349700
1335973533223153665
1335974223207133187
1335974999140806657
1335975740848959489
1335981343562469378
1335986662455861248
1335987247083040772
1335988283843735553
1335988914134388739
1335989741775450114
1335989779540955136
1335989875741495300
1335990510876581888
1335992106356117505
1335993250868588544
1335993577957101571
1335994183648210948
1335994323498897410
1335994667935145995
1335996436249530368
1335996565677338630
1335996670270693388
1335997910094327808
1335999655579168770
1336000017040093186
1336000579060043777
1336001241302884352
1336003119558389760
1336003812847398913
1336005231327539202
1336005444586917888
1336005740058832896
1336006623324672001
1336006687891869699
1336007203451498497
1336007208358858752
1336008856892268547
1336010263951241217
1336010531711414275
1336011018598801408
1336011662386745344
1336011794628960259
1336015116219764736
1336015197891420161
1336016300318072842
1336016795367567360
1336017385292242944
1336019406401499143
1336020174735085577
1336022782036103168
1336022926202712066
1336023719559524356
1336023823913775108
1336024531677351936
1336024586513772545
1336025652684840960
1336028060974534659
1336028165022560265
1336031795821875207
1336031853720047620
1336032347574198274
1336034749551349768
1336034872150941697
1336036314999877636
1336036335195475968
1336037017520644096
1336037842947076097
1336037874504962053
1336038647624310787
1336039094900682760
1336041373741568003
1336045398901862401
1336046524204191746
1336048189934284802
1336049397935837184
1336049415778394116
1336050259571695617
1336051040186232832
1336051909921271810
1336052228558368769
1336052548596363264
1336053110591152131
1336053219445891073
1336054169220878339
1336055493387751427
1336055509623988225
1336055812574339073
1336056977424834561
1336057686157381633
1336058070963789832
1336058232079593473
1336058598359699464
1336059328315453441
1336061811603492869
1336062931134398464
1336065582651887616
1336065586405765124
1336066029387194369
1336066064111767553
1336066427401490434
1336071697233895426
1336074601542131712
1336074980694634497
1336075011904385024
1336075215063932929
1336075321725120512
1336075352221814787
1336075424259051524
1336075514860036096
1336075650608848903
1336075741843365889
1336075902376177669
1336076112544272390
1336076657430581262
1336076662161731584
1336076670785216512
1336077243630690307
1336077274710413313
1336077513001463809
1336077513651412992
1336077513982959619
1336077519909478402
1336077540079841281
1336077728039268352
1336077765980905472
1336077911351287813
1336077927369367556
1336077983493316609
1336078018440257537
1336078021573431296
1336078146123296770
1336078166931148802
1336078294433869829
1336078307746570243
1336078364143136768
1336078551989280769
1336078754502877186
1336078794717851650
1336078800883486726
1336078814376566794
1336078895582425090
1336078905506193410
1336078908639375364
1336079148406607872
1336079220116770816
1336079465936547840
1336079808065904643
1336079974164553729
1336080049699741704
1336080305879461890
1336080320874033157
1336080593105408002
1336080664286859268
1336080772654977024
1336081207252168704
1336081230748639235
1336081531459276801
1336081642553741314
1336081798510555139
1336081916395712512
1336081943612493824
1336081945780949000
1336082021362360321
1336082055382364160
1336082496845438976
1336082794217402368
1336082796520075266
1336083018260287494
1336083067941736449
1336083068424232960
1336083253422329857
1336083320992624643
1336083580502626305
1336083716863647757
1336083826972364800
1336083913203134464
1336084578335920134
1336084870842511360
1336085192562380804
1336085195917815814
1336086700435660801
1336086880128000000
1336086921181712384
1336087028077797376
1336087108595953665
1336087573656186903
1336087687246172160
1336087745643630597
1336087771291799553
1336087845757448203
1336087859372171266
1336087865428746247
1336087900618895361
1336087910022569990
1336087960220028929
1336087979681599494
1336088096673247235
1336088096731885569
1336088096765427713
1336088106672525312
1336088124640911361
1336088147545960450
1336088153057320967
1336088195650490369
1336088245227163649
1336088327406170114
1336088484382183431
1336088542200664069
1336088566888271877
1336088572504502273
1336088644977893379
1336088687994671104
1336088704578965512
1336088735977443328
1336088769309663236
1336088828315099139
1336088892538314753
1336089005482512390
1336089023664828417
1336089038005080065
1336089052404207623
1336089068896215047
1336089079293890560
1336089097228652551
1336089142925660161
1336089147677749250
1336089169685340171
1336089172331925504
1336089235389100035
1336089240841711616
1336089278812655620
1336089309141721098
1336089329492488194
1336089350971547651
1336089401055711232
1336089453849403393
1336089523055300608
1336089536456220674
1336089555913543682
1336089574335016963
1336089585739321344
1336089625887174656
1336089643075465216
1336089655423406081
1336089683458199560
1336089689946722306
1336089752832008193
1336089790727540736
1336089832318230530
1336089873242009600
1336089912240726017
1336089943085641728
1336089956230590464
1336089965772595206
1336089976472276996
1336089976996564993
1336089995925450755
1336090008256737281
1336090114120945667
1336090116276809734
1336090124166307847
1336090134882758660
1336090140574429185
1336090157741727744
1336090160275091456
1336090173499727882
1336090309718134784
1336090310221451264
1336090366060212224
1336090370556514310
1336090441616384001
1336090455470174212
1336090472306135041
1336090515067064322
1336090523766034432
1336090553180704771
1336090565650378755
1336090568468914177
1336090574579961858
1336090590434521089
1336090598072324096
1336090613457055744
1336090613561794560
1336090647795806212
