1352768007160922113
1352768009064960000
1352768015046238208
1352768018095484929
1352768115042619392
1352768180855451655
1352768231367438336
1352768936316706819
1352768969975996416
1352768979065049088
1352769008420990977
1352769715026997248
1352769871784902657
1352770197938176000
1352770357640523781
1352770503543558147
1352770522132541440
1352770532803026945
1352770678655692800
1352770741159292930
1352770774671761411
1352770876081627137
1352770901717221377
1352770941298814977
1352771267573796865
1352771385555214337
1352771440194547712
1352771741152661504
1352771756600258561
1352771989103144960
1352772113019645957
1352772156120313856
1352772209132138496
1352772314870521858
1352772723257335809
1352772754358099968
1352772907085279241
1352773015868743680
1352773016221057024
1352773155153174529
1352773449949831170
1352773619538145286
1352773656691273729
1352773714442653702
1352773829081391105
1352773841001603072
1352774303708815362
1352774392661606401
1352774595544281088
1352774627475468290
1352774667124224000
1352774705627979776
1352774751639506944
1352774804340924418
1352775090014973953
1352775410086522880
1352775509319544835
1352775555754692609
1352775728740360193
1352775855949434881
1352776217452281859
1352776609674252288
1352777336614096896
1352777392012619782
1352777564096507904
1352777635462602752
1352777805826830339
1352778007522537473
1352778252251787264
1352779050960494593
1352779374026756096
1352779583473541122
1352779604696641538
1352779794447011841
1352780204616384512
1352780209142046720
1352780448959762439
1352780602043363329
1352780629843320837
1352780636969459713
1352780734457655296
1352780870952890369
1352780874417373187
1352780915722874881
1352780924233113602
1352781263179026435
1352781552875413506
1352781784581345282
1352781846111727616
1352782059975155712
1352782212006088705
1352782861640806400
1352782978523541506
1352783108903297025
1352783130994892801
1352783147600117763
1352783225689673728
1352783226499174400
1352783432804397056
1352783474890059776
1352783528673439744
1352783643320741890
1352784014147522567
1352784016127234049
1352784081575170049
1352784144774922243
1352784250161008640
1352784259820515334
1352784923925602304
1352785038962659328
1352785620872126465
1352785980336582656
1352786074611953664
1352786406683406336
1352786454871764997
1352787238728429568
1352787507881127937
1352787650902695938
1352787737905139713
1352787917303898113
1352788126234763271
1352788175324729344
1352788232375840768
1352788328177823744
1352788521040404480
1352789940929765376
1352790027722489858
1352790166159511552
1352790363170369538
1352790606737776646
1352790666397573126
1352790689852104704
1352790702728638466
1352790826913570817
1352790854235258881
1352790876775440386
1352791156975874048
1352791214807011328
1352791235669405697
1352791452754075648
1352791658446938115
1352791891075616768
1352792110018285568
1352792163956961280
1352792266973319170
1352792328189014016
1352792448234377217
1352792642149609472
1352792695912210433
1352793027706814465
1352793366077919232
1352793439994339329
1352793631086829569
1352793646970642432
1352793695972679680
1352793825710895105
1352793865439358978
1352793892299681792
1352794090971287553
1352794271448002560
1352794330969366528
1352794348346368002
1352794428923142144
1352794529183764483
1352794688668000257
1352794948337348608
1352795321986928641
1352795446901579776
1352796090962219010
1352796727779201026
1352796945459286020
1352796984818724867
1352798083617349633
1352798203725266944
1352798205747064835
1352798208309817344
1352798223002464258
1352798231210692608
1352798622585409537
1352798724116803584
1352799288313712643
1352800224893349891
1352800379587731458
1352800396721479681
1352800534315626497
1352800588879327232
1352800702192640007
1352800720475611141
1352800753975521281
1352800877367730178
1352800934993096704
1352802011083907073
1352802344426201089
1352802818009272320
1352802985290698753
1352803108250771456
1352804413740617729
1352804713457213440
1352804778066239488
1352804848085987329
1352805608848838656
1352805753489387520
1352805754198138880
1352805754252615680
1352805768131731456
1352806339374886912
1352806779693002754
1352807078390358016
1352807358121070593
1352807968211955713
1352808001170767872
1352808034934919169
1352808293106929664
1352808423729950722
1352808654957928449
1352808687270813696
1352808739238240256
1352808989000687616
1352809321416060928
1352809409878126597
1352809528480288768
1352809635338743809
1352810473327095811
1352810621868396544
1352810641225117702
1352810786691932167
1352810786784239616
1352810994016333825
1352811505113313280
1352811755672662017
1352812467685117952
1352812469899714560
1352812910351970307
1352813091424235520
1352813151276961793
1352813192779595777
1352813303857205248
1352813307644678144
1352813325118279680
1352813326699548673
1352813374187446273
1352813425970335746
1352813453061320707
1352813459411529734
1352813773611012096
1352814292203134976
1352814474156273664
1352814561997545473
1352814597783355392
1352815477437902848
1352816242307047431
1352816323328319489
1352816565482352640
1352816994433847297
1352817034921463809
1352817078185684992
1352818167643598848
1352818344567701508
1352818513690419201
1352818542572433409
1352818913638232066
1352818962703257600
1352819179863367681
1352819464337809408
1352819599289561088
1352819902688727045
1352820143164956673
1352820197162426368
1352820853214474241
1352820865667366912
1352821168579997696
1352821285525606402
1352821361417342977
1352822332956569601
1352822436765560834
1352822456319430656
1352822552306061314
1352822909794807808
1352822955366092801
1352823141979058176
1352823191899660288
1352823574617329667
1352823634214211584
1352823681463046145
1352823979279609861
1352824165120630785
1352824323401252864
1352824340694372359
1352824500413485056
1352825582439063560
1352825733563953153
1352826036740886530
1352826145901846528
1352826209281957889
1352826703333224459
1352826844299603968
1352826969134653440
1352826972041326592
1352827089301417984
1352827157052076033
1352827231068946432
1352827490306240513
1352827595453292549
1352827909736722432
1352828189714898945
1352828402667982850
1352828402693070849
1352828404362596353
1352828404807004161
1352828495085367296
1352828799872884741
1352828906282352641
1352828913236455424
1352829266124267522
1352829552842727426
1352829610585690112
1352829630366019588
1352830115789602816
1352830181157834752
1352830188015517697
1352830340835008512
1352831909383057411
1352832177717862406
1352832177759633408
1352832192754417666
1352832236870119425
1352832345552936960
1352832361642266626
1352832391757373441
1352832923532197890
1352833064204959744
1352833110132613120
1352833192630358016
1352833273626583042
1352833443424595969
1352833473875222528
1352833506586611713
1352833891418206208
1352834139876192262
1352834198629986305
1352834208834613248
1352834218594770947
1352834221887287297
1352834322382909440
1352834450304851969
1352834457317777413
1352834537047339008
1352835241031954432
1352835877895069696
1352835946237087744
1352835953132376064
1352836102101544963
1352836470483070977
1352836734875295745
1352836736943058950
1352836767876083712
1352837148223959041
1352837149192826885
1352837294101819392
1352837404609175554
1352837532225052674
1352838207193407489
1352838243625168897
1352838281310965762
1352838566464913409
1352838571166732288
1352838573020635137
1352838825563852800
1352838920598409218
1352839211473362944
1352839292335304706
1352839435205931009
1352839680421752832
1352839727490064385
1352839912333193217
1352839942356033539
1352840126771163142
1352840230743769090
1352840522738630656
1352841041322369025
1352841203079913472
1352841333833146368
1352841430130163712
1352841498103066624
1352841627744792577
1352841705523961857
1352841925951426560
1352842010126921728
1352842232374718464
1352842233578467328
1352842561308815363
1352842901307465733
1352842915823947777
1352843047390867459
1352843121059573760
1352843271530303489
1352843376362721280
1352843470113804288
1352843489810264064
1352843495027970050
1352843504183988225
1352843504779743232
1352843555644076033
1352843599684247553
1352843630923427856
1352843644588466176
1352844426826100741
1352844514218672128
1352845513922666496
1352845641467252736
1352845652292759552
1352846018820198400
1352846054115340294
1352846133501030401
1352846240925577216
1352846438842183681
1352846605091799041
1352846646535663616
1352846932968955906
1352846994067361793
1352847293771259904
1352847428391735297
1352847460918579200
1352848983463518208
1352849038723457028
1352849038865887239
1352849080817430540
1352849086874054657
1352849822244601857
1352849863717883906
1352850028507713538
1352850045440155653
1352850548614180869
1352850660212006912
1352850800301666305
1352851051884535808
1352851052442185728
1352851102291664896
1352851611878621184
1352851816472522752
1352851959850668034
1352851971720536065
1352851986027311105
1352852040192569347
1352852325275230208
1352852479629787136
1352852860283846656
1352853327504093184
1352853328116523008
1352853813623984128
1352854044071620608
1352854575250698241
1352854995880845312
1352855225468678145
1352855343403986944
1352855845072207872
1352856177227538432
1352856268566913024
1352857090134581249
1352857100511285248
1352857271106207744
1352857506398294018
1352857943276998656
1352858012264914944
1352858602306867200
1352858605410803717
1352858668505698304
1352858713024057344
1352858815524450305
1352858824210845696
1352859020525240322
1352859424185069569
1352859624374988800
1352859893863211009
1352860037115498497
1352860047680958465
1352860577459294208
1352860747211169792
1352860913158778880
1352861164758327298
1352861165169336320
1352861486566297601
1352861606598868993
1352861724387504129
1352862013911949312
1352862089157746688
1352862216047841280
1352862417068453888
1352863138237075456
1352863196965699586
1352863252422799360
1352863323721752577
1352863601044955136
1352863634951524354
1352864893171621888
1352865049006714880
1352865145735802881
1352865415534440448
1352866162917441536
1352866793023537153
1352866912682831873
1352867514770980864
1352867567531122689
1352867807533412353
1352868667961143296
1352868694532235264
1352869205352321025
1352869328455163906
1352869926353182721
1352870384207601664
1352870552650838016
1352871339691008003
1352871859012960256
1352872167302684673
1352872440674840576
1352872764437311489
1352872908918558721
1352873304361742336
1352873702434594817
1352873702442995712
1352873777571520512
1352873997579526145
1352874038268465153
1352874183726952448
1352874766290575360
1352875289785856002
1352876046929043456
1352876144262000640
1352876150465421312
1352876158866649088
1352876163950145542
1352876513662701568
1352876546277699584
1352877288417857536
1352877737069916160
1352878137508589569
1352878256693915650
1352878577981804546
1352878707707441153
1352878754666831872
1352878820072763393
1352878841589596160
1352879015653212162
1352879182582263809
1352879289369305089
1352879459473494017
1352879857118695424
1352880050560000001
1352880272656769024
1352880524377923584
1352880561799520258
1352880750341853184
1352881390396837889
1352881478242349056
1352881992065576965
1352882241853124609
1352882264506568706
1352882427174252544
1352882458698674176
1352882838417387521
1352883060489003008
1352883092588011520
1352883458922655745
1352883473648939009
1352883680361013248
1352883767472312320
1352883926105206785
1352884096280752128
1352885480912809992
1352886183743905792
1352886365797675015
1352886579740758018
1352887388117327872
1352887533605179392
1352887744117104643
1352888121327833088
1352888573469589509
1352888587604393985
1352888612107513856
1352888798384947200
1352888804244213760
1352888826180608001
1352888916232331264
1352888955490852864
1352888956401160192
1352888986205892610
1352889201180762113
1352889290913685504
1352889367933689857
1352889546300653570
1352889742459883522
1352889996966035459
1352890038330253312
1352890051240321026
1352890186343002112
1352890786908676096
1352890945839255553
1352891011165519872
1352891066660347906
1352891142409498625
1352891170221920256
1352891396047446017
1352891399176417280
1352892284375756800
1352892323936530433
1352892489259220997
1352892605269499905
1352892698395611137
1352892909675155457
1352892977434288129
1352893676155002882
1352893834175381504
1352894040900067330
1352894408186884096
1352894439224713216
1352894521118482443
1352894602852900864
1352894719102222336
1352895057444151296
1352895182497337345
1352895286486724608
1352895691815870464
1352895895227002881
1352895975396962304
1352896282080268289
1352896344759873536
1352896382844112896
1352896394760171521
1352896661421494272
1352896717339971595
1352896848818790400
1352897172900114437
1352897422687657984
1352897459610116097
1352897672039051264
1352897884363108352
1352898257505185793
1352898424119693313
1352898867247730689
1352898951561826304
1352899041957453825
1352899095954923526
1352899295930953729
1352899467620601856
1352899790061891587
1352899904427974659
1352900034044567552
1352900614393618432
1352901383566065664
1352901650969669632
1352901795836784640
1352902680117719041
1352902983709814784
1352903547780812800
1352903905533976580
1352903906578341891
1352903907501088770
1352903932973080576
1352903934604693504
1352904851945107456
1352904911642570752
1352904937693458432
1352905067536510976
1352905218434998272
1352905280774922240
1352905286164557824
1352905288505044993
1352905296084148225
1352905322084630528
1352905341042892800
1352905345665011712
1352905349116915712
1352905383539601409
1352905390581817344
1352905404813082624
1352905423477747713
1352905423901364225
1352905425734266880
1352905451453743104
1352905452200341511
1352905454373003265
1352905458458255360
1352905463482998785
1352905473964593153
1352905480960663552
1352905489064067072
1352905503681224704
1352905510085926913
1352905522547200000
1352905532819038209
1352905564175572992
1352905602960416768
1352905606773022722
1352905671222517766
1352905675597369344
1352905680777306112
1352905721076133888
1352905753493954561
1352905771080699904
1352905821018075137
1352905853221928960
1352905867012653058
1352905870171103233
1352905884477878274
1352905896381308934
1352905919923965952
1352905923191300098
1352905965255929856
1352905975414616064
1352905982024830977
1352906011749867520
1352906013033299968
1352906016611045378
1352906042083069952
1352906047992770562
1352906072965656577
1352906108432744448
1352906117995782149
1352906133372071936
1352906145363537921
1352906220441624576
1352906277324804098
1352906278159396864
1352906301584494594
1352906302532382720
1352906307544616960
1352906316218396672
1352906319708123136
1352906322396766210
1352906332425363458
1352906336489635847
1352906375693795328
1352906395792928769
1352906469436436481
1352906473026822146
1352906485110599687
1352906487979536384
1352906505918537728
1352906515380908033
1352906536964812801
1352906559752445954
1352906582733037569
1352906592702898177
1352906596142239744
1352906598352564224
1352906598361030657
1352906608070815744
1352906649586061313
1352906680137347073
1352906683513769985
1352906765109768193
1352906786576224256
1352906792838328320
1352906794264371200
1352906814917136384
1352906836278714368
1352906858789527552
1352906889567285254
1352906900426297346
1352906907036614656
1352906931082588162
1352906959788384256
1352906966717366272
1352906992956928000
1352907000263405571
1352907017804017665
1352907044945350656
1352907070488588289
1352907075626668032
1352907127560536064
1352907131465445376
1352907135450046464
1352907204253396992
1352907221869490176
1352907242224439296
1352907247341477888
1352907258141802498
1352907345517555712
1352907354036121600
1352907357286772736
1352907388710498304
1352907406238429184
1352907460676358144
1352907464862294017
1352907469668937735
1352907483333931008
1352907483552092161
1352907484806189057
1352907514967453696
1352907564946771969
1352907574178410496
1352907581359067136
1352907585586946050
1352907614678634498
1352907655954780160
1352907669875601408
1352907672383873024
1352907689463046144
1352907742495834113
1352907749382885376
1352907782459191298
1352907801807515649
1352907803132887040
1352907816806322178
1352907877414023168
1352907937417670656
1352907958284414979
1352907976349261824
1352907996569985024
1352908063565623297
1352908078979670016
1352908116019605505
1352908125968470016
1352908166246379521
1352908214141149185
1352908214686412800
1352908215730765824
1352908218511613952
1352908240057757696
1352908245694873600
1352908326787547136
1352908338716172288
1352908347092185088
1352908369451954178
1352908482454970368
1352908498070335488
1352908518546960385
1352908530039345153
1352908537068990464
1352908564751380480
1352908597970276353
1352908614034468867
1352908692912447489
1352908711916929025
1352908743273549824
1352908780267335680
1352908833560125440
1352908850173796352
1352908874316193792
1352908916498329600
1352908918314381312
1352908933468479493
1352908933501841408
1352908933531267072
1352908937025236992
1352908939571171328
1352908942398074881
1352909006495477761
1352909010618429441
1352909013772627970
1352909017388085249
1352909099571228672
1352909116365266944
1352909219784249345
1352909228629962757
1352909233747091456
1352909252877283329
1352909254412402690
1352909269293817856
1352909291703963648
1352909309001281537
1352909316559425536
1352909318849519617
1352909394904817667
1352909401426960384
1352909467042635777
1352909517210742784
1352909598525706240
1352909606507454464
1352909611351896064
1352909625184690182
1352909660467163142
1352909699511939074
1352909708185788416
1352909764259418113
1352909832404291584
1352909849575759874
1352909853371625472
1352909906928660480
1352909909361373186
1352909916927877122
1352909982455492609
1352909987119583233
1352910009823322112
1352910013518458880
1352910015980568577
1352910026986426369
1352910051011424256
1352910075460022273
1352910080904146944
1352910085329219584
1352910122230624256
1352910134767280128
1352910136235405312
1352910148050817024
1352910159056613378
1352910163150319618
1352910184411262976
1352910190048387073
1352910191776436224
1352910191784652800
1352910274102243330
1352910274962071554
1352910289646346241
1352910293756731392
1352910331425808385
1352910359477235712
1352910360689446912
1352910409284653059
1352910461436616704
1352910470643134465
1352910480537509888
1352910501014097921
1352910502696001537
1352910504222715906
1352910540201484290
1352910546585186305
1352910578478702592
1352910596283506690
1352910613345951744
1352910616491655177
1352910660041138181
1352910673433518081
1352910695629795329
1352910712826437633
1352910741834260480
1352910755180535808
1352910777116721152
1352910779998212100
1352910783135571969
1352910810830536704
1352910814483804161
1352910829251780610
1352910830820610049
1352910845374820352
1352910854870728704
1352910862567305216
1352910873988358145
1352910876517535744
1352910903616929792
1352910912370388994
1352910918158610432
1352910951599771648
1352911047460577280
1352911051000578049
1352911069006749696
1352911083326087168
1352911175114240000
1352911222363058177
1352911257070956545
1352911262213173249
1352911318450368512
1352911318588780545
1352911327291994112
1352911377699106816
1352911383348838400
1352911383927644161
1352911390370111489
1352911450218450945
1352911450734358529
1352911451283812353
1352911451971842048
1352911459517411334
1352911467184599041
1352911502240608258
1352911510436196353
1352911525271502848
1352911585283608579
1352911612089348097
1352911615797178368
1352911618787704832
1352911645102714880
1352911663452753920
1352911682541117441
1352911698722762754
1352911717936803841
1352911798895321088
1352911829782171649
1352911859318464513
1352911862329962499
1352911868130697216
1352911875894341632
1352911903807430657
1352911919380901888
1352911953413369857
1352911956324327424
1352911962842263552
1352911973604872192
1352911976209522689
1352911981565640705
1352912056769536002
1352912061995614208
1352912062599585797
1352912066760343553
1352912067456495617
1352912077355151360
1352912102017609728
1352912106417512449
1352912108846018562
1352912122905317377
1352912134674526208
1352912151107788801
1352912196909625344
1352912239548887040
1352912263670353920
1352912300244660224
1352912303277170688
1352912314354315264
1352912315730034688
1352912323812458497
1352912347023765505
1352912360797851651
1352912361129181184
1352912363750625281
1352912398538170368
1352912418830221312
1352912493358755840
1352912529815719937
1352912552041263105
1352912588556918784
1352912593732702208
1352912699324329992
1352912702470041600
1352912710732820480
1352912716147601408
1352912726763446272
1352912732954103808
1352912760389177344
1352912762889007104
1352912783726227457
1352912823249154050
1352912829209321472
1352912844623204353
1352912853511106560
1352912859156590592
1352912868254085121
1352912872897212416
1352912961858318336
1352912973082357760
1352913001385512960
1352913032645492737
1352913043810889729
1352913054741262337
1352913056439926784
1352913198442229761
1352913211683692545
1352913259440070662
1352913350817153025
1352913373948739584
1352913387236302850
1352913440470396928
1352913471810240512
1352913474611867648
1352913490965639169
1352913501640130560
1352913534565412865
1352913544254255104
1352913550692515841
1352913570476904449
1352913584964182016
1352913596620152833
1352913604417302528
1352913628521967617
1352913668275642368
1352913714933063681
1352913717470617601
1352913729432784896
1352913733425762305
1352913746633617408
1352913753440976896
1352913769404444672
1352913801138548737
1352913833287888897
1352913873943359488
1352913877047062528
1352913898375163904
1352913901042741248
1352913952959827968
1352913958550827008
1352913965895049218
1352913966595362816
1352913966654173184
1352913971565768707
1352913980361240577
1352913997117468673
1352913997641744389
1352914031879847937
1352914058614366209
1352914163547467776
1352914173601214464
1352914181146759169
1352914192249057280
1352914194476265472
1352914195579359232
1352914205708574721
1352914251791347714
1352914309895086080
1352914333852950528
1352914339037143041
1352914360356773888
1352914411762176001
1352914422449266689
1352914432335212545
1352914449884176387
1352914478812246023
1352914521426427906
1352914534068064256
1352914536618188800
1352914606361075713
1352914630553821185
1352914636832731137
1352914643170287616
1352914654830489601
1352914658651463680
1352914663500079104
1352914665567903746
1352914702356148224
1352914714452500480
1352914717405274114
1352914721729507331
1352914731804151809
1352914748342489089
1352914754763976705
1352914771629240321
1352914828038467584
1352914849546825728
1352914870157651969
1352914875127885826
1352914887987572736
1352914892131594241
1352914893536710657
1352914902298583040
1352914927250513920
1352914968031727616
1352914972704178176
1352914985517797377
1352914996834000896
1352914999400947713
1352915014341033984
1352915027704033280
1352915181865750528
1352915184076124161
1352915192217219072
1352915192292773889
1352915198701666304
1352915199070793729
1352915207870443520
1352915216229662720
1352915236517339136
1352915239470309377
1352915267647647745
1352915280570298374
1352915300191260674
1352915309963796485
1352915340204896257
1352915399759843330
1352915409616449536
1352915419112361985
1352915439916081152
1352915446173990912
1352915459843248128
1352915482802860033
1352915499638812672
1352915512116842496
1352915528688533505
1352915538381590530
1352915544895336449
1352915588683857921
1352915664458174465
1352915715364446211
1352915725745352704
1352915738386968582
1352915750252670981
1352915791163891712
1352915809279111169
1352915810533126149
1352915826945490945
1352915876975157250
1352915924656001024
1352915989357342720
1352916030344069120
1352916060987682816
1352916086736486401
1352916095657799680
1352916105686355968
1352916111742922753
1352916115442176002
1352916143527370754
1352916179053113344
1352916179334164481
1352916182991597568
1352916190025363457
1352916191950594048
1352916202671239169
1352916231834263552
1352916243712380928
1352916252604456961
1352916274389651457
1352916275073331200
1352916275283046401
1352916300721479680
1352916310603272192
1352916327820906496
1352916339044855808
1352916349828395008
1352916353628438528
1352916366542700544
1352916374142808064
1352916376885874688
1352916395990908929
1352916415104299008
1352916422587011074
1352916435572551681
1352916441771757569
1352916477951815682
1352916483337162753
1352916492212445187
1352916495161036801
1352916550026731521
1352916561363951618
1352916564652261376
1352916579961491458
1352916593748140032
1352916628841902080
1352916699046141953
1352916706071556096
1352916723457011712
1352916741077282816
1352916777529966593
1352916793791303680
1352916794353332224
1352916795829714944
1352916797369016320
1352916800846131201
1352916814980853761
1352916842688499713
1352916845410529281
1352916879690649600
1352916967708098561
1352917016320094208
1352917020220776454
1352917038327615493
1352917045629878273
1352917056300134401
1352917068857933824
1352917076055355395
1352917090785751041
1352917099233075201
1352917110150856707
1352917115817381888
1352917118057140226
1352917119839727616
1352917121374838786
1352917125166465025
1352917129755045888
1352917176869662722
1352917181227544577
1352917185342140416
1352917205378347010
1352917236458127364
1352917251637305345
1352917316711952384
1352917328695087106
1352917331022917632
1352917347753988096
1352917354112540675
1352917363763638272
1352917384378667009
1352917390833704961
1352917401990520832
1352917422018334722
1352917444843745280
1352917487072006144
1352917489362100224
1352917490733617154
1352917503069089792
1352917551215472640
1352917553111326723
1352917585617162240
1352917610791370753
1352917647516704768
1352917650586918912
1352917651954266113
1352917664218427392
1352917670920921090
1352917720556306433
1352917770275610625
1352917773052219393
1352917799736397826
1352917849879306241
1352917853306023936
1352917869781078016
1352917918263214082
1352917942464348166
1352917958985719808
1352918001096536065
1352918023770923010
1352918045195427847
1352918102376407040
1352918169883717639
1352918170219261953
1352918175692668929
1352918177433464834
1352918208878141440
1352918211025580032
1352918215513563137
1352918236510228480
1352918250699550721
1352918259033636864
1352918311961571330
1352918314478149632
1352918328055103489
1352918362104463360
1352918362666508290
1352918396606754818
1352918397210787841
1352918432837230595
1352918437018931202
1352918461547229184
1352918461710819330
1352918461937233922
1352918478081163264
1352918488512393216
1352918500277424128
1352918503033081856
1352918519927746560
1352918524524691456
1352918529805348864
1352918531965390856
1352918538940526592
1352918587883855874
1352918635275296769
1352918636088815616
1352918695010562048
1352918748190056448
1352918762488532992
1352918775872573442
1352918780398219264
1352918792511377410
1352918798391795712
1352918810702049280
1352918832101416960
1352918843858034688
1352918857518874624
1352918883116707841
1352918890142195713
1352918893027860482
1352918917879050240
1352918940960387072
1352918954763833349
1352918961487294466
1352918987542323200
1352918996300013568
1352919000511082496
1352919000796323840
1352919001609854977
1352919001651798016
1352919003216437248
1352919004705411075
1352919011961532416
1352919016986316802
1352919017212817408
1352919028726165504
1352919029032357890
1352919033767735297
1352919055838162946
1352919064696512513
1352919065392779269
1352919065501822976
1352919078105718784
1352919082585247749
1352919089551970304
1352919094551576576
1352919099022725122
1352919109852418049
1352919146984517633
1352919207806119937
1352919216723271680
1352919233504694273
1352919322549743616
1352919337179500545
1352919347824652289
1352919360847929346
1352919366522834944
1352919383266324481
1352919392351346689
1352919396709257216
1352919450769649666
1352919467957870595
1352919471309127681
1352919476308746241
1352919485284552704
1352919506868457472
1352919511444422658
1352919511616393216
1352919515949109250
1352919518339883008
1352919541270065154
1352919559616028672
1352919571670462464
1352919571817226241
1352919578532315136
1352919587763982336
1352919588556697600
1352919610857824256
1352919649076310016
1352919692046983168
1352919701010190337
1352919701068918784
1352919702016819205
1352919704881475584
1352919720534700035
1352919736649199616
1352919754584039424
1352919784749465600
1352919797995024386
1352919821747425280
1352919863531081728
1352919883391111168
1352919913585897472
1352919930048540673
1352919934205104129
1352919957353467906
1352919999145533440
1352919999573340160
1352920019663917066
1352920025011789824
1352920038936866817
1352920046792794114
1352920049057734656
1352920054392881154
1352920064555692033
1352920066858356739
1352920068003426304
1352920071753101312
1352920073564991488
1352920093789978624
1352920106645540864
1352920119312175104
1352920131039612928
1352920145916735488
1352920180511354880
1352920181165723648
1352920202359529472
1352920203584221185
1352920206818103296
1352920221263278081
1352920229215670272
1352920244285747201
1352920266058444801
1352920276217049088
1352920292486750208
1352920335973306370
1352920340008202242
1352920359268442112
1352920380751671296
1352920382270033921
1352920398313050112
1352920398980112385
1352920489799409666
1352920513144877056
1352920515812454406
1352920531750817794
1352920553426923520
1352920572884353024
1352920603414691842
1352920604668784642
1352920608812789762
1352920617612423169
1352920628765057025
1352920638663630853
1352920652924256257
1352920693244092416
1352920731261267969
1352920740182503424
1352920743697391616
1352920752123686912
1352920758251638786
1352920760042586112
1352920768204713984
1352920778375884801
1352920823225585665
1352920831932903424
1352920840564826112
1352920848219430913
1352920861146279936
1352920884005240832
1352920902506340352
1352920961486610433
1352920965664169984
1352920992356700162
1352921013454045185
1352921020227842048
1352921023960649730
1352921064607780865
1352921073675866118
1352921137664176129
1352921142118539264
1352921162012110849
1352921164633567233
1352921164730032129
1352921185131098112
1352921193846874114
1352921199123292163
1352921232656707585
1352921251786993664
1352921274297815040
1352921284955541505
1352921298377310213
1352921363686838272
1352921366719324161
1352921368871006208
1352921378568208384
1352921398403076097
1352921436843814913
1352921476236718080
1352921499754233856
1352921516430786561
1352921520348270592
1352921528468459520
1352921533338050560
1352921547019857921
1352921561171431425
1352921580058378241
1352921585297010688
1352921588421844992
1352921630239051776
1352921640372490242
1352921654977028096
1352921660752596992
1352921668797292544
1352921669938139136
1352921671712313344
1352921676066021377
1352921678859431936
1352921682609139713
1352921692906127361
1352921749462122496
1352921775508779009
1352921780302737408
1352921802587185155
1352921810308911104
1352921814670970880
1352921828130492419
1352921835260813313
1352921837068574720
1352921838792355841
1352921840906358785
1352921843724939264
1352921852180623361
1352921857163481091
1352921877598101504
1352921941204725760
1352921952906846208
1352921982145277952
1352921989724446720
1352922050067898370
1352922076311642112
1352922117189328896
1352922127016591360
1352922147732262914
1352922150076882945
1352922168422768640
1352922186722533376
1352922238614462465
1352922256503140352
1352922277604712448
1352922291093393408
1352922310857158656
1352922319589683200
1352922332122259458
1352922334064242693
1352922354217791488
1352922408928346123
1352922415635062784
1352922420521410561
1352922432210919424
1352922437143457792
1352922437600636929
1352922455573229569
1352922462950989824
1352922474028163072
1352922515430133760
1352922577799421953
1352922593704226817
1352922594324983808
1352922629125132289
1352922644665032705
1352922647752015872
1352922670724218883
1352922693314748417
1352922745357676547
1352922777712533504
1352922789389463553
1352922824760057857
1352922825628262401
1352922839561736192
1352922849439346688
1352922864345899008
1352922866736574464
1352922882947559425
1352922903235407873
1352922909426274304
1352922931932913666
1352922980322566145
1352923020269133825
1352923026338287616
1352923040087224320
1352923054377234433
1352923080918773761
1352923082743296001
1352923102070640642
1352923111067426816
1352923136904327168
1352923137646731266
1352923139601289216
1352923147897507840
1352923158936956929
1352923161654910977
1352923171234729984
1352923174896357377
1352923176473399296
1352923185860247553
1352923202893312000
1352923222015172610
1352923239085993984
1352923252939759618
1352923266357358593
1352923296036249601
1352923313207726082
1352923319809548289
1352923325757009920
1352923330995757056
1352923337610186752
1352923338646167552
1352923361303789570
1352923366701854720
1352923382728306689
1352923414978170882
1352923421286391808
1352923439837958146
1352923444208410626
1352923450856366080
1352923473283342337
1352923479688040449
1352923496112922627
1352923496947572737
1352923552975118336
1352923568586305539
1352923585741008896
1352923595182366721
1352923599108268033
1352923605231955971
1352923635569328129
1352923649934811138
1352923651528658944
1352923677311037440
1352923687796830208
1352923696797724673
1352923741647499265
1352923744126308356
1352923774623100933
1352923779727581185
1352923832244428800
1352923838426787840
1352923853899628546
1352923859247374336
1352923869385003008
1352923871104655361
1352923871398273024
1352923880176939008
1352923889802883072
1352923906663919616
1352923912619888650
1352923920291127296
1352923921901887488
1352923922849787905
1352923927761268736
1352923934946189313
1352923951345905669
1352923957142429696
1352923993934856192
1352924000536698881
1352924022422568960
1352924041464709121
1352924049253552133
1352924050134339585
1352924052403474437
1352924055482097664
1352924064243998722
1352924080295571456
1352924092257726465
1352924123819859968
1352924135878520837
1352924155193290753
1352924158162653185
1352924164949213184
1352924187250339841
1352924197144694784
1352924206724489217
1352924215696101376
1352924233018568705
1352924237263237121
1352924284105207809
1352924294922305536
1352924361355890689
1352924366586195970
1352924377285857281
1352924379273949189
1352924383464083457
1352924396625735681
1352924415357546497
1352924426145300486
1352924435951603717
1352924468444803075
1352924510639550465
1352924522882752515
1352924530596073473
1352924539802542081
1352924544063954944
1352924549835329537
1352924556957249536
1352924593346981889
1352924607288922113
1352924608807251968
1352924631959822337
1352924646224633862
1352924661252837376
1352924679539986432
1352924721281687552
1352924756417388547
1352924775727947777
1352924794258411520
1352924798104563713
1352924803443912705
1352924814940512258
1352924834523709440
1352924871697833984
1352924895785725952
1352924897501175808
1352924912982384641
1352924942300491776
1352924942556409856
1352924944003457025
1352924947346239489
1352924957454585856
1352924967864832000
1352924991000621056
1352924995123556352
1352925075381612546
1352925076035928064
1352925083925422081
1352925102409711616
1352925106192977920
1352925141177675776
1352925150916845569
1352925163105492992
1352925176288178176
1352925186031575040
1352925210375237632
1352925221192400901
1352925223264399362
1352925244328177664
1352925270269960193
1352925280508256256
1352925285570772992
1352925300766744578
1352925327517954049
1352925363140231168
1352925416303030272
1352925417154490368
1352925467909775361
1352925470346661889
1352925478923993089
1352925560515801089
1352925582137446400
1352925590693810176
1352925607550722048
1352925627633049600
1352925657114832897
1352925691327733760
1352925756297531393
1352925756733718531
1352925763989864448
1352925803747618816
1352925807258296320
1352925833749536770
1352925838874980352
1352925861641662464
1352925872517480449
1352925881321349122
1352925881342316545
1352925928867958785
1352925975953219585
1352925985398788097
1352925988011835395
1352925990004076544
1352926015761371138
1352926016256274433
1352926016537325569
1352926055015841793
1352926102256312322
1352926108375769093
1352926117783605248
1352926119138361345
1352926135856881665
1352926146837549056
1352926168635338752
1352926179838328832
1352926224679632898
1352926252605313024
1352926262076067840
1352926263875350528
1352926287816499200
1352926314664251393
1352926368443617280
1352926372235272192
1352926375250980869
1352926461016092674
1352926472030228487
1352926479886254081
1352926483237515266
1352926522273914880
1352926534747697152
1352926541152399360
1352926541395730432
1352926550040203265
1352926550551896064
1352926565500248067
1352926590066446338
1352926594017460225
1352926600229253120
1352926606789107712
1352926641232748544
1352926645179432967
1352926655224934400
1352926659071119360
1352926659607977984
1352926692763987968
1352926697604214784
1352926717854289922
1352926721713041409
1352926723759894528
1352926724061876226
1352926731011809280
1352926741296246785
1352926762045497345
1352926804122742784
1352926806865809408
1352926818387587072
1352926822716088320
1352926843658268674
1352926864940146688
1352926907172610049
1352926952034807808
1352926988537917441
1352926991096426496
1352926993776603137
1352927020636770307
1352927027687526401
1352927031437250561
1352927039372861440
1352927059551670277
1352927087867400194
1352927103814135808
1352927114878713856
1352927128225017856
1352927129235824640
1352927138320707584
1352927157203439616
1352927203433062403
1352927204976504833
1352927207107268608
1352927224077438976
1352927224505241603
1352927234537959424
1352927274648141826
1352927295644831744
1352927297737793537
1352927311394451456
1352927323167879171
1352927328523984896
1352927332345012228
1352927333993172992
1352927360727851015
1352927364485947393
1352927394424893440
1352927417782964225
1352927480018055168
1352927505527795714
1352927507654258690
1352927511060078593
1352927521021571074
1352927534686601222
1352927543024877568
1352927546694889476
1352927548418772992
1352927555247026181
1352927598632988673
1352927598863650817
1352927611916333056
1352927624893444097
1352927638453702658
1352927648478060545
1352927651909033986
1352927652554956803
1352927654274605056
1352927670674345984
1352927698306412544
1352927761501986816
1352927762915450882
1352927772021313538
1352927775754215424
1352927787968061440
1352927804585869318
1352927816128454656
1352927816690655232
1352927818469027840
1352927818775060484
1352927819949514753
1352927820490526720
1352927826362568706
1352927828875075589
1352927829990600704
1352927833241264129
1352927836194000896
1352927845228666882
1352927869148819458
1352927874710450176
1352927895539351553
1352927903659552768
1352928015068573696
1352928019405541376
1352928020034686976
1352928024866516993
1352928042046410752
1352928056772538369
1352928069422469121
1352928072480272385
1352928072861851649
1352928080990527488
1352928109578899457
1352928120840577026
1352928138364334085
1352928139392016385
1352928186800238599
1352928194966466560
1352928206089822208
1352928215518629889
1352928236758593536
1352928256983502849
1352928266735259648
1352928267381178368
1352928267469205510
1352928276226961409
1352928297034919937
1352928317838487552
1352928363917299714
1352928372242964481
1352928391494828033
1352928409148645376
1352928414337032193
1352928425296728065
1352928449430757376
1352928478778298368
1352928497405198336
1352928501561774080
1352928511649067008
1352928536462557185
1352928554384846849
1352928561729036289
1352928574832054273
1352928587167490051
1352928612324958210
1352928629899096064
1352928656914575362
1352928683862990849
1352928685901410304
1352928698895392770
1352928699507728385
1352928702288568321
1352928712094863360
1352928721431367680
1352928722140229632
1352928730453258240
1352928733544509442
1352928741215891458
1352928776179605504
1352928818735017990
1352928821952049153
1352928828373544960
1352928865157599233
1352928879539793920
1352928880957542401
1352928893582381056
1352928915514396672
1352929041381257216
1352929041767137281
1352929051577622529
1352929066131709952
1352929066131722240
1352929080467927040
1352929085912010752
1352929102135750656
1352929198957060097
1352929202572550144
1352929210042638337
1352929213750390789
1352929227256049665
1352929260638511104
1352929284999020549
1352929296042622977
1352929300656353282
1352929304968093697
1352929310559117314
1352929322659667968
1352929365428940806
1352929384211087361
1352929403186114562
1352929422899355648
1352929431048876032
1352929434031030272
1352929457200312323
1352929459201044480
1352929470034927618
1352929490557657089
1352929510937796610
1352929513555034112
1352929572619169793
1352929575261581313
1352929577333616645
1352929583876587520
1352929617280167936
1352929625027051521
1352929626180481025
1352929626587344896
1352929645503664128
1352929646845841408
1352929702017703936
1352929703145992193
1352929704425218053
1352929709022191617
1352929754060632064
1352929798042083329
1352929798364999680
1352929861740847104
1352929896981475328
1352929899049324545
1352929913838436353
1352929913922314240
1352929914807345152
1352929927528665089
1352929951834644482
1352929955445944322
1352929955471097856
1352929964803424256
1352929986559279104
1352930007639855104
1352930021543981056
1352930037348114433
1352930101017640961
1352930125654990849
1352930140309872642
1352930158336823296
1352930176586416129
1352930187533545473
1352930234128101376
1352930268999524354
1352930274481475585
1352930309969489920
1352930324381110272
1352930340189450241
1352930346132770816
1352930359726505986
1352930367662157824
1352930404005720064
1352930407663210496
1352930465561399296
1352930466379259906
1352930492409147394
1352930505449218049
1352930511430299650
1352930525221187584
1352930554971357184
1352930585799520256
1352930587770826754
1352930624340942848
1352930624932294656
1352930625171415042
1352930696403234816
1352930719564242945
1352930732314939392
1352930787679588353
1352930809259450370
1352930831585697795
1352930859431686144
1352930865844727809
1352930868822736896
1352930881296588800
1352930891853664256
1352930894630301698
1352930901706088448
1352930938607513603
1352930985004953602
1352930992479215619
1352931004604968960
1352931007499038720
1352931034178990080
1352931047126818817
1352931082430275585
1352931092614017024
1352931101434662912
1352931111232565253
1352931176613355526
1352931195483529216
1352931198780243969
1352931201896558593
1352931208628494337
1352931274818801666
1352931275573784576
1352931287435239424
1352931314962411520
1352931333555826688
1352931335908827138
1352931335980068865
1352931341747113987
1352931357685665793
1352931369219977216
1352931383484817408
1352931385665843200
1352931449910001664
1352931462320955392
1352931471154155520
1352931472232099841
1352931503550947331
1352931509938900992
1352931519254421505
1352931523473924096
1352931526263132165
1352931535700303872
1352931559125512194
1352931574807986176
1352931582647152640
1352931582730854403
1352931585763528704
1352931598635659265
1352931633461153795
1352931745306447877
1352931747227381760
1352931795298353156
1352931808359362561
1352931834464763904
1352931843604004867
1352931859588673536
1352931862889586688
1352931890173534208
1352931898029314048
1352931920355667969
1352931928920485888
1352931930887565312
1352931937313320960
1352931956326019072
1352931986394984448
1352932070394310656
1352932086353694721
1352932102703079424
1352932109858574336
1352932126417694721
1352932160165081088
1352932181090258945
1352932203039232000
1352932203668393990
1352932235767328769
1352932254000013313
1352932282525487110
1352932284710735872
1352932345037250562
1352932354864664577
1352932410145595392
1352932435240095745
1352932436687122438
1352932485231947776
1352932489203953664
1352932491607343105
1352932504043458563
1352932543549550592
1352932571982794754
1352932602865479680
1352932622985523201
1352932629549641728
1352932638286348289
1352932655805980672
1352932685119950849
1352932688953565185
1352932689368772613
1352932696473935873
1352932701687394306
1352932712756215808
1352932730565226497
1352932752966955015
1352932770142687232
1352932770226573314
1352932821682282496
1352932864883646469
1352932870835343360
1352932879349796865
1352932889202188288
1352932927991128064
1352932941295398912
1352933019963817984
1352933028004294656
1352933053946073088
1352933076104589317
1352933089505370123
1352933129544204288
1352933133583347714
1352933194023235587
1352933259450183682
1352933269638148096
1352933271290732545
1352933276319674368
1352933303612006400
1352933305537212416
1352933349581606913
1352933352848896002
1352933359656132608
1352933384947982337
1352933390333468672
1352933405651054592
1352933454007197696
1352933468305547264
1352933513964773377
1352933528858742791
1352933578347327491
1352933618012839938
1352933638074195968
1352933638078345217
1352933638296494080
1352933653022707712
1352933667933478913
1352933674896023552
1352933675181236224
1352933675558645761
1352933696987394048
1352933699327766528
1352933704511885313
1352933739362443264
1352933748329897984
1352933788523892737
1352933818567692288
1352933823898660867
1352933827614830592
1352933895646416896
1352933910196477953
1352933915485470721
1352933956065374208
1352933970787389441
1352933990303465472
1352933990970355713
1352934017402871813
1352934028329021440
1352934030048714753
1352934078400634880
1352934091340046337
1352934099175014401
1352934100101816321
1352934104317177856
1352934105344860160
1352934135665471490
1352934142422474753
1352934147665362944
1352934178237673474
1352934194326941701
1352934215260786691
1352934237557714945
1352934268985634816
1352934289009221632
1352934289961324544
1352934294482776065
1352934295845928961
1352934313134862336
1352934313759809536
1352934350724227073
1352934351638568961
1352934393770373127
1352934399231324160
1352934401395617795
1352934414901239810
1352934420609720320
1352934426590781441
1352934437986709505
1352934463819415552
1352934468869210112
1352934490067226626
1352934505624035328
1352934515891720193
1352934541674110976
1352934546577219589
1352934574398046208
1352934578760069120
1352934586750271489
1352934588042121219
1352934601849757696
1352934603040976896
1352934611823824896
1352934616701825025
1352934617582628865
1352934640185712640
1352934655377498113
1352934669831045123
1352934683047321600
1352934705688178688
1352934716794613761
1352934764110610434
1352934872248180736
1352934872403337217
1352934875997872129
1352934876631216131
1352934879713964032
1352934881584676864
1352934927038353409
1352934928057561092
1352934951562473472
1352934953588293637
1352934960647335936
1352934982143139851
1352934983699148800
1352935012644106240
1352935027999461377
1352935055363088384
1352935057292455936
1352935090100297734
1352935097767518208
1352935126091628551
1352935136648695808
1352935176570105857
1352935178096816129
1352935183394213896
1352935186699325440
1352935205074558984
1352935253711708160
1352935292530012161
1352935310838145024
1352935315430895616
1352935341834051585
1352935370602786817
1352935397769281536
1352935433408294914
1352935444401545216
1352935449799626754
1352935458297290755
1352935465486340096
1352935481852502022
1352935485241483264
1352935542015602688
1352935547283640320
1352935549737304064
1352935574412406786
1352935576916389888
1352935613255843842
1352935623464689665
1352935667278479361
1352935696978341888
1352935711486390272
1352935715726905344
1352935719610834944
1352935721435344896
1352935722261614595
1352935722303557633
1352935729735880706
1352935751432998912
1352935786962935809
1352935795410284544
1352935799814238209
1352935818994872323
1352935851806883840
1352935861264896000
1352935870643515394
1352935960531640321
1352936024318439424
1352936065905123329
1352936098486484992
1352936107453911041
1352936111757254656
1352936129213952001
1352936153230565378
1352936167222730752
1352936178878734338
1352936199183331328
1352936209408995329
1352936222583357440
1352936259732303879
1352936356549447680
1352936372009644032
1352936385066332161
1352936427936505856
1352936428519493633
1352936445330288641
1352936460278784000
1352936528805294080
1352936551005769731
1352936552356261888
1352936585361321984
1352936596757209092
1352936608673259522
1352936616059277312
1352936666609160193
1352936672145637376
1352936703749722112
1352936729708257280
1352936737102852096
1352936746103824385
1352936804794691585
1352936822163333124
1352936844661575686
1352936856707604480
1352936860314710018
1352936862650953728
1352936866941706240
1352936868611031040
1352936906233933824
1352936912231821312
1352936957278621696
1352936963473612801
1352936980192124931
1352936981559390208
1352937007362822144
1352937011263500290
1352937027348684801
1352937109859037184
1352937124916584448
1352937142197104640
1352937146831802368
1352937153177726977
1352937158903013377
1352937171058098176
1352937171209121792
1352937182537928704
1352937192025370625
1352937196366520325
1352937218600480769
1352937259201396736
1352937300280410113
1352937301987495936
1352937303652642817
1352937315358928896
1352937318680834048
1352937330684932096
1352937331095961601
1352937344320593920
1352937365816233984
1352937380093767680
1352937428265349120
1352937430878445569
1352937433516679168
1352937443754962946
1352937444342173696
1352937496062078977
1352937501019791360
1352937509127380992
1352937517033644033
1352937518136745985
1352937521144082432
1352937528232443904
1352937531915071488
1352937543172558849
1352937572197158912
1352937581562966017
1352937619282341888
1352937634818093058
1352937663255486469
1352937681660108801
1352937685371990017
1352937685908914177
1352937685921517568
1352937695899693075
1352937709380243457
1352937716292399105
1352937732067229696
1352937750555717633
1352937755114934272
1352937771011371009
1352937796370124801
1352937796625965056
1352937801302614018
1352937814275584001
1352937816272101376
1352937817249374214
1352937823633108992
1352937841605697537
1352937874098774016
1352937874363011072
1352937874442788867
1352937920081104896
1352937932152299523
1352937940985536512
1352937942017306624
1352937947738337282
1352937949609013248
1352937970345639936
1352938001047945216
1352938007486230529
1352938021440647171
1352938021491007491
1352938022740885505
1352938028961046528
1352938049722867715
1352938109424570368
1352938130496757761
1352938133353017344
1352938133801861120
1352938156220362754
1352938157269012482
1352938188029964289
1352938224986054656
1352938231013240837
1352938273098915841
1352938296700231680
1352938333559787520
1352938354585776133
1352938359623184385
1352938361477074944
1352938408109195265
1352938416976097280
1352938448013897760
1352938514996977665
1352938520957120525
1352938523347857408
1352938530759180291
1352938554306011144
1352938629405044736
1352938634824060929
1352938638762508288
1352938650984701953
1352938671868157953
1352938687160606721
1352938696585175043
1352938699407974403
1352938716768182272
1352938736963776512
1352938740977709059
1352938760170823680
1352938762142179328
1352938792144015360
1352938805339303938
1352938810250768384
1352938838478508034
1352938890139754496
1352938892781998080
1352938896968065024
1352938897475571713
1352938901867032576
1352938918136717312
1352938956128714752
1352938964408217601
1352938977528049665
1352939000521236480
1352939013389357056
1352939015213899776
1352939018271428608
1352939021471604736
1352939024764137473
1352939052081827842
1352939060189417474
1352939063205048327
1352939093420879872
1352939112186183680
1352939113863909377
1352939132499222531
1352939132557946880
1352939135896612865
1352939177244053504
1352939195610886145
1352939211645706241
1352939214594330626
1352939216808906757
1352939222399918081
1352939234580172806
1352939269074120705
1352939325084880896
1352939339802693632
1352939361768243201
1352939405711986688
1352939450817536000
1352939453103403010
1352939491447726083
1352939502193569792
1352939509596479488
1352939525094387713
1352939551929602048
1352939564785139712
1352939581314899968
1352939582048890881
1352939601132969989
1352939689460830208
1352939691427979264
1352939703054557185
1352939725603090432
1352939726555197440
1352939763150544896
1352939799737479168
1352939804326031360
1352939841454006272
1352939844985643015
1352939847812591621
1352939854611537922
1352939868586958849
1352939887503273984
1352939895971602433
1352939921644924929
1352939933208608775
1352939940104065024
1352939965076926464
1352940004260147200
1352940006336323584
1352940031757922304
1352940047159451655
1352940055053168645
1352940068537827329
1352940112242483201
1352940121960669186
1352940130223448066
1352940153271103488
1352940162548961285
1352940193171574784
1352940215703400449
1352940244795056128
1352940253468909570
1352940278890557441
1352940311744536578
1352940314198208514
1352940341373120517
1352940355877031943
1352940367272955904
1352940373807685637
1352940376269746177
1352940404891660288
1352940410562338816
1352940432389378048
1352940438433505280
1352940454984249344
1352940487326490625
1352940539734331392
1352940546105499649
1352940563788668928
1352940600740474887
1352940643048423424
1352940650979872768
1352940655182536710
1352940670181322752
1352940670323994624
1352940683728982017
1352940696727134215
1352940701303103489
1352940703429619712
1352940770320375809
1352940849903054849
1352940850645504000
1352940868341276673
1352940879674273793
1352940922623946752
1352940957050806274
1352940959177314305
1352940982271176706
1352940993084092417
1352941006958845953
1352941017079705600
1352941035819855873
1352941042488774656
1352941126433599489
1352941126840422400
1352941143886082050
1352941154707365888
1352941277227208704
1352941280708489217
1352941286978949121
1352941290640519169
1352941295346606080
1352941318713073664
1352941322714415104
1352941334206832641
1352941339642572802
1352941420756271104
1352941420923990018
1352941426594746368
1352941461772394496
1352941471247327233
1352941474577592320
1352941490566270976
1352941496761245696
1352941510795399168
1352941524363964418
1352941525567733760
1352941543603261441
1352941572434911233
1352941575198945281
1352941583365263361
1352941648909660161
1352941650461552641
1352941650847232002
1352941651069607938
1352941668799033344
1352941678370447360
1352941683839799298
1352941691565731841
1352941703288778752
1352941708221284353
1352941709169192960
1352941735073243141
1352941746813067264
1352941750071996416
1352941789360107521
1352941792296136710
1352941852694032384
1352941861539819526
1352941863444115456
1352941873627848706
1352941879424376832
1352941886022021120
1352941900765028355
1352941903248023552
1352941926425776128
1352941959791472640
1352941961024581632
1352941963641815041
1352941966892425217
1352942045736931328
1352942052342951936
1352942054922399749
1352942056746999809
1352942064963620864
1352942077412331521
1352942086920826883
1352942093115731968
1352942098228637696
1352942102683000832
1352942104524283904
1352942107892310017
1352942125869101056
1352942152410681345
1352942161147420674
1352942161357115392
1352942168390983681
1352942177425436673
1352942208996040705
1352942211722338304
1352942237420761089
1352942371097489409
1352942374255734785
1352942381021204480
1352942388558389248
1352942393469898752
1352942407638265861
1352942413187325952
1352942429406638080
1352942441461149696
1352942445777080320
1352942492832980992
1352942510222487554
1352942518225297408
1352942538085306369
1352942555374243844
1352942556678660096
1352942581794148354
1352942592917438466
1352942615231135744
1352942631001579522
1352942632843010048
1352942643525857281
1352942647648915456
1352942657903988736
1352942674874134529
1352942727835561984
1352942734194180096
1352942768033845251
1352942786002247680
1352942793321279488
1352942830449270786
1352942832554815492
1352942854897881090
1352942885767962629
1352942907423129600
1352942952432226304
1352942970228666368
1352942973831565313
1352942973877678080
1352942975819644928
1352943014549856258
1352943021923463169
1352943032719593472
1352943044971163648
1352943046124392449
1352943059558944769
1352943070149537792
1352943092119302147
1352943099169959936
1352943099241238528
1352943104312152064
1352943113678049280
1352943133861044224
1352943140085366784
1352943162499756032
1352943163191791616
1352943185518096384
1352943188567355393
1352943188886114310
1352943233731596289
1352943256909320193
1352943265172123648
1352943272533110785
1352943334017429504
1352943344570281992
1352943399947669504
1352943408097218560
1352943438765969408
1352943440984760321
1352943451470503937
1352943458495983616
1352943461314519041
1352943530302459904
1352943535037804545
1352943542444949505
1352943542478450692
1352943614809288704
1352943621583081472
1352943629430611968
1352943639480184832
1352943649055764481
1352943661361803266
1352943664096571394
1352943668840124416
1352943677639979008
1352943681112862721
1352943701778194432
1352943705125232641
1352943708598104064
1352943730970554369
1352943741678596097
1352943741955416064
1352943773618155521
1352943789531402240
1352943796863041536
1352943804320460802
1352943811115294721
1352943846037086209
1352943846859153413
1352943869755850753
1352943881504096259
1352943913904951297
1352943913997393922
1352943919869390848
1352943920519507970
1352943923732295681
1352943926454448128
1352943932964040706
1352943953222524930
1352943954845642752
1352943981353717760
1352944030884225024
1352944036689154053
1352944043441983488
1352944069740273668
1352944070772060160
1352944165487849474
1352944165533884416
1352944182692876289
1352944224216506369
1352944230990282753
1352944236472184834
1352944244340744192
1352944244412067840
1352944264297275393
1352944282714447872
1352944284920590339
1352944299395211264
1352944323738951681
1352944340881059841
1352944344064471041
1352944387584630784
1352944428646805504
1352944437652049928
1352944457524588544
1352944474054402054
1352944476910710784
1352944483747438593
1352944496212930561
1352944505968857088
1352944512428109825
1352944542639681536
1352944547010142208
1352944549920972803
1352944557135163394
1352944557311324161
1352944593059389440
1352944600319668224
1352944615586992128
1352944636533370880
1352944638307528706
1352944676010131462
1352944677985669120
1352944687909367808
1352944690832822272
1352944691419996160
1352944697954725888
1352944724643110912
1352944725863641089
1352944741806206978
1352944770033864706
1352944774488141824
1352944801176563712
1352944805102415873
1352944822097747974
1352944824312340480
1352944826237530113
1352944832398954499
1352944837088194560
1352944848005902338
1352944863143202822
1352944889722523649
1352944901516906496
1352944969171021829
1352944999227338753
1352945004977774599
1352945024472899584
1352945029120221185
1352945031200583681
1352945034518286341
1352945047696764935
1352945062146158601
1352945127971553285
1352945148821430274
1352945152596258818
1352945178387091458
1352945190248579072
1352945198481944577
1352945210326724614
1352945222548860930
1352945226164424705
1352945243155550208
1352945264575840257
1352945266379419648
1352945295966031874
1352945320582410240
1352945346129891329
1352945346893262848
1352945372730175488
1352945377352310784
1352945387745767426
1352945424009723905
1352945424097824769
1352945428115968000
1352945430024376321
1352945444264013825
1352945453894135808
1352945459665530880
1352945501902151680
1352945502908780546
1352945533850169350
1352945545984290816
1352945568537079809
1352945573574414336
1352945633720676352
1352945633934630912
1352945639429206018
1352945687047106561
1352945698346573825
1352945740616773637
1352945741430456320
1352945744647499778
1352945783264468997
1352945795138465793
1352945795285311490
1352945803191529472
1352945815321333761
1352945834963464194
1352945839656767489
1352945846963286016
1352945863497232384
1352945899887071234
1352945920959197187
1352945961006411776
1352946013309427712
1352946021295337473
1352946059442585600
1352946073258622976
1352946080149876736
1352946081953406977
1352946120033497088
1352946135388844032
1352946140350701569
1352946159355097098
1352946185498218496
1352946191009538048
1352946222840078341
1352946223817379840
1352946225381834752
1352946230784122880
1352946244222644224
1352946271150071809
1352946276858535937
1352946304633237504
1352946337583607808
1352946343422152705
1352946344856584192
1352946361461780480
1352946385616842754
1352946422228901888
1352946435457744897
1352946437831745536
1352946443355615233
1352946467070210051
1352946481314095107
1352946498665906177
1352946528554463232
1352946540680249345
1352946542165053440
1352946544815824897
1352946548603289611
1352946549253427202
1352946560896741376
1352946567163031560
1352946577179107333
1352946582212255744
1352946606002343936
1352946612306386944
1352946615905099776
1352946626999054336
1352946634079031297
1352946643079884800
1352946656334008320
1352946658850598918
1352946659551010817
1352946664936525824
1352946682233688065
1352946686981763072
1352946690219769857
1352946698776174595
1352946711220662272
1352946731487539202
1352946738190016513
1352946752509382659
1352946754543620096
1352946756896624640
1352946757190250496
1352946773942177793
1352946788760752128
1352946793798103041
1352946819047845889
1352946839826399232
1352946853243973632
1352946853424328706
1352946877830987778
1352946897124732928
1352946905437896710
1352946913004433410
1352946917572022272
1352946938656813057
1352946943396253697
1352946944826613761
1352946957879308288
1352946983128993793
1352946993702776832
1352946995837677568
1352947007959293952
1352947009607651329
1352947057296896000
1352947064435593216
1352947106668011524
1352947110686187521
1352947117975855104
1352947131221495809
1352947144597135360
1352947174947086336
1352947194417082368
1352947200255549440
1352947249358270474
1352947261588860928
1352947263237222401
1352947307461955585
1352947311006121985
1352947318774001665
1352947323836510209
1352947345764343808
1352947349774065667
1352947364684816384
1352947366303854592
1352947366484176900
1352947385203359745
1352947396788056064
1352947444867239937
1352947446398246912
1352947449237696512
1352947467722121216
1352947476442079232
1352947513653927939
1352947562450481153
1352947577256337408
1352947586605469696
1352947611054043136
1352947670684413954
1352947702573760512
1352947707736944641
1352947729350221825
1352947752339173378
1352947816499449858
1352947818747617280
1352947850972377091
1352947885067919360
1352947909092909060
1352947909566865409
1352947912532234242
1352947940554272768
1352947950268391425
1352948003208888321
1352948036536832002
1352948038768189442
1352948058317869057
1352948075531280391
1352948094829211648
1352948105931599872
1352948129197387776
1352948161023766530
1352948175397679109
1352948192011292674
1352948210134876161
1352948214039773185
1352948229239934978
1352948261359931392
1352948263620636673
1352948265625526273
1352948268494442499
1352948278145540097
1352948278577553408
1352948301826547712
1352948306847133696
1352948310840119296
1352948365336731649
1352948376296415235
1352948420135288833
1352948420156284930
1352948420743487488
1352948447196946437
1352948454666940419
1352948455002484736
1352948456143392768
1352948457149968384
1352948463093374976
1352948476900995072
1352948485704843266
1352948502909886467
1352948505032196097
1352948527031332867
1352948601056600065
1352948602629402624
1352948639836954625
1352948652411662336
1352948676067545089
1352948679909498880
1352948684233781249
1352948694820261889
1352948704374829056
1352948712969003008
1352948756442992640
1352948774642049025
1352948799375814656
1352948809538678786
1352948824185176064
1352948833488138242
1352948837359431682
1352948852945539072
1352948879575162880
1352948892711661569
1352948902148923394
1352948908813651970
1352948917680410624
1352948938555465728
1352948949179576320
1352948954082766848
1352948963645779968
1352948989847621636
1352949004087267328
1352949057141039104
1352949078397759488
1352949125378138112
1352949129689919488
1352949162879418368
1352949165127589891
1352949197973159938
1352949198707191815
1352949199571193856
1352949199805931521
1352949200619638784
1352949200804311041
1352949201873760258
1352949202083598336
1352949202532380672
1352949202708381698
1352949202800803840
1352949228411219968
1352949233196933120
1352949252230705152
1352949262460579840
1352949267388837900
1352949269347627009
1352949304802086912
1352949324469198849
1352949325551333376
1352949326692163584
1352949341640675330
1352949386419044353
1352949402835558400
1352949403246538752
1352949404014174211
1352949440345219073
1352949443235033089
1352949533098061824
1352949554556133382
1352949555566882816
1352949559530582023
1352949573589807104
1352949575217197056
1352949608440332288
1352949609841229826
1352949614484324357
1352949618175332353
1352949620754837505
1352949623023923200
1352949635845914625
1352949636122685440
1352949649355767815
1352949651587149826
1352949662572019718
1352949704364085248
1352949707149029376
1352949741693378562
1352949749998120966
1352949760215437314
1352949777110020097
1352949789864898560
1352949822425362432
1352949836346224641
1352949838137204736
1352949838443241475
1352949843841470471
1352949859708530688
1352949874300485632
1352949896249282560
1352949910052732929
1352949916033757184
1352949926787952643
1352949940088143873
1352949941673619457
1352949944437665792
1352949955317690368
1352949960942243842
1352949965904097280
1352949990109437954
1352950001824104448
1352950028411817984
1352950033499484162
1352950044564070401
1352950055137923075
1352950058946342912
1352950061785886720
1352950064201801728
1352950091158581249
1352950101103271936
1352950105142341632
1352950107013083136
1352950115967840259
1352950117574324228
1352950129842659330
1352950136058556417
1352950149404831744
1352950157059489792
1352950158493966337
1352950168744820736
1352950171689213955
1352950175673819136
1352950176453943296
1352950193210142720
1352950196297211905
1352950199434371072
1352950202693521412
1352950232347258882
1352950249485185025
1352950262630125575
1352950269340954624
1352950270913818626
1352950272071503873
1352950281760366592
1352950299498053632
1352950314731761665
1352950332939251712
1352950352119812099
1352950355278049285
1352950361867350017
1352950404926074882
1352950443912163328
1352950458273423367
1352950465705766913
1352950472966103040
1352950484244561921
1352950487071518721
1352950491156770816
1352950516230320128
1352950521355710465
1352950540498399232
1352950564682932224
1352950574229168128
1352950577211256832
1352950584995938310
1352950610207920128
1352950621746450433
1352950627056427009
1352950631087144960
1352950650057986049
1352950661135134720
1352950679720095745
1352950699856957440
1352950751048380416
1352950764738588674
1352950781566210048
1352950783340400641
1352950788746694657
1352950796325892098
1352950826613018624
1352950828005470209
1352950839174963207
1352950848826048512
1352950910838779905
1352950920615776257
1352950925569228803
1352950933844594688
1352950936331841536
1352950937753673728
1352950946960183300
1352950953725612035
1352950960583188480
1352950972050415617
1352950984239165441
1352951002014621696
1352951040325398529
1352951042422534145
1352951048412012546
1352951057568178176
1352951065331851266
1352951067273809920
1352951080137666560
1352951113155227648
1352951121841688576
1352951127701131265
1352951158780932097
1352951177781116928
1352951180008288256
1352951199536918528
1352951207464202240
1352951214238015495
1352951216184184832
1352951216901414912
1352951229962452992
1352951233217257472
1352951269665681408
1352951287244075010
1352951305598341121
1352951327140274176
1352951350733271040
1352951363714637824
1352951365262319616
1352951476814024704
1352951479053783041
1352951493826113536
1352951521848274944
1352951547274129411
1352951586381815809
1352951592799117312
1352951632351420417
1352951675493998592
1352951688890560514
1352951707932700674
1352951722021425152
1352951724894547968
1352951748265193473
1352951788211757056
1352951801599959045
1352951816422641664
1352951823670382594
1352951873830055936
1352951891332911104
1352951897683070976
1352951912367353856
1352951913151688704
1352951920219074563
1352951944135012352
1352951944604737536
1352951944625717249
1352951974078148608
1352951998191173632
1352952019754110976
1352952024061644801
1352952052490637312
1352952062603100168
1352952079145459712
1352952086707761152
1352952113928802305
1352952117812731912
1352952119557574657
1352952143540580352
1352952154416418816
1352952158057078786
1352952159093084160
1352952169432051713
1352952231369314306
1352952240332529665
1352952243251777537
1352952251833319424
1352952335425822722
1352952348587552768
1352952405088993282
1352952406225641473
1352952455932346368
1352952463960264704
1352952480062124033
1352952492133392384
1352952516670009345
1352952556587274241
1352952578464763905
1352952584605216768
1352952619979984896
1352952641777754113
1352952666545123328
1352952706869170180
1352952714427322368
1352952723348598784
1352952740939489285
1352952778390458369
1352952782911922176
1352952783419260929
1352952869138345990
1352952870425997312
1352952885630394374
1352952891036807168
1352952927292436482
1352952945353105408
1352952959076851712
1352952973622730759
1352952973660360705
1352953038575710209
1352953049657053186
1352953052282687488
1352953103449006081
1352953108821909504
1352953114924560384
1352953140434395142
1352953179684659200
1352953202241654784
1352953234307096585
1352953236601401352
1352953257048616963
1352953257711329280
1352953259628126209
1352953264866787328
1352953265168797696
1352953275465793544
1352953307065671680
1352953313071943681
1352953330339876865
1352953351294562304
1352953351428861954
1352953367786639360
1352953384563847168
1352953415115141121
1352953432303415296
1352953433263923202
1352953434249564160
1352953459536965632
1352953459612536832
1352953461508288513
1352953468970037248
1352953543175634944
1352953547818721280
1352953550511497216
1352953553065828353
1352953559348879360
1352953575727636481
1352953575941550081
1352953579649298436
1352953612679278593
1352953623907618817
1352953625727873024
1352953635118964741
1352953644182863872
1352953688067858432
1352953775766568961
1352953785300230147
1352953790010421248
1352953792455651328
1352953798923325441
1352953803688050688
1352953811619471360
1352953833845043200
1352953870603988992
1352953894146629632
1352953943513583616
1352953953907068933
1352953975558074368
1352953990024146946
1352953993023148036
1352954001592098816
1352954058068402176
1352954074493308928
1352954075881611265
1352954077618044929
1352954085486587904
1352954115219992576
1352954125248589824
1352954131653263360
1352954139739906050
1352954145733566464
1352954148287877121
1352954148812181504
1352954164335271936
1352954169137758209
1352954171935363072
1352954185860472834
1352954190738432000
1352954191141076992
1352954201672998913
1352954201912049667
1352954217636519936
1352954232060604416
1352954239375577089
1352954241762131973
1352954243360190464
1352954244001882113
1352954277606674432
1352954279372402691
1352954296577482754
1352954300520140801
1352954307046481920
1352954334116503553
1352954346657505287
1352954351971663875
1352954354249117696
1352954361857662976
1352954411237208064
1352954417058893825
1352954449568931842
1352954470662086657
1352954471983288321
1352954520565911562
1352954525544550400
1352954527683641344
1352954537305374722
1352954541713588225
1352954558906036225
1352954567307177985
1352954570142605312
1352954581626580992
1352954591680360450
1352954593542627329
1352954623162769408
1352954665990762498
1352954683841785857
1352954724954345472
1352954734290808832
1352954747783946240
1352954763873296384
1352954840545189890
1352954923156201473
1352954933964926978
1352954945427935232
1352954953510346753
1352954975991853057
1352954980915957760
1352954987006074881
1352954992710332416
1352954997026279424
1352955012092198912
1352955024926793728
1352955039476838400
1352955059605221382
1352955088944431105
1352955103708409858
1352955128853245954
1352955138558849026
1352955169428959233
1352955181865070593
1352955206644936704
1352955249850523648
1352955267860762624
1352955270515798016
1352955335993151490
1352955339788922881
1352955349943386113
1352955378787610624
1352955383128715264
1352955386786099201
1352955388828790785
1352955398177890305
1352955422957850626
1352955423159169024
1352955423830249473
1352955434626396160
1352955446873755654
1352955450610872321
1352955467195162624
1352955482655354880
1352955490133815296
1352955490301583361
1352955492017074176
1352955494063878144
1352955498408988673
1352955499809914882
1352955500535586817
1352955528553648128
1352955534899601414
1352955562129022978
1352955580797886465
1352955590243397633
1352955612938829824
1352955615442857984
1352955628138995712
1352955630722682880
1352955644186341383
1352955660724482050
1352955679720566786
1352955683428298753
1352955706949963778
1352955740487618561
1352955776680288256
1352955794917117952
1352955804576608257
1352955815078969344
1352955822448529409
1352955825095114753
1352955868476796928
1352955947405160448
1352955952564232192
1352955958914387968
1352955961825239040
1352955971828641793
1352955993911603201
1352956004472942593
1352956008289730561
1352956012966383616
1352956017282314242
1352956023536033792
1352956099054477314
1352956101126459392
1352956132294348800
1352956139911184385
1352956169002868746
1352956169661382659
1352956173847244800
1352956175009140736
1352956189496246273
1352956192092467200
1352956204679618560
1352956245213237249
1352956270085603328
1352956284098600960
1352956330051514369
1352956341648809986
1352956369696149509
1352956415149793280
1352956442970640386
1352956446426746880
1352956465070354432
1352956466978811905
1352956470443257856
1352956483097432066
1352956512193425409
1352956522289111044
1352956525602594816
1352956526382755841
1352956549912801280
1352956560885084161
1352956567197540352
1352956572234883072
1352956576756359169
1352956600110243842
1352956602060595202
1352956625045381121
1352956639457009664
1352956674508795904
1352956678321405952
1352956685233647617
1352956692758196225
1352956702224748550
1352956704762294272
1352956727071797248
1352956748555051014
1352956748592631809
1352956749733498881
1352956750471655424
1352956761263763456
1352956761523826688
1352956780263993344
1352956819489124352
1352956823968620545
1352956827470856193
1352956846533988353
1352956849285435392
1352956859414671361
1352956877370511362
1352956888183431168
1352956899621265408
1352956948988256256
1352956968672108544
1352956974061727745
1352956999659565056
1352957034875015169
1352957038607933442
1352957048594554880
1352957089669386242
1352957099173699584
1352957116030611456
1352957151585693697
1352957156505620483
1352957170300694528
1352957202827517953
1352957204744335360
1352957222834360321
1352957224998625281
1352957239515078661
1352957298533142528
1352957302362546176
1352957361393172480
1352957390065287168
1352957436966162439
1352957468041764864
1352957503823175680
1352957507241713665
1352957511960326147
1352957516636954626
1352957544138989568
1352957547649634306
1352957559272058881
1352957596911722496
1352957602477584386
1352957613147910147
1352957616994050048
1352957633976803328
1352957642122145792
1352957644823273473
1352957645859282944
1352957646337400832
1352957653648101377
1352957656160464896
1352957665933205504
1352957675181645827
1352957680302878720
1352957681838026753
1352957686304956417
1352957688867672064
1352957706022383617
1352957710300573696
1352957713731481600
1352957723978178561
1352957730189959171
1352957732014403584
1352957732068974592
1352957732240949251
1352957736925995009
1352957737508995073
1352957767192096769
1352957775903653890
1352957779275874304
1352957798435475459
1352957825794912259
1352957829687214081
1352957831704682496
1352957846036602881
1352957847403978752
1352957857566765056
1352957863891755008
1352957867108806659
1352957869575041024
1352957872733384705
1352957891544707074
1352957892715024384
1352957893558083585
1352957910670864384
1352957911564242944
1352957912268873729
1352957916031184896
1352957919105581057
1352957919126564865
1352957926776967168
1352957943176699905
1352957943394791424
1352957945194164226
1352957961161871360
1352957965637189632
1352957969625985024
1352957987585986561
1352958006871248898
1352958357720727552
1352958638986571777
1352959932316971008
1352960378322485249
1352960683042877445
1352962140727087104
1352962779133706241
1352962918011314176
1352964300101414914
1352964449905291264
1352964676175458304
1352964881797029890
1352967244997910530
1352967497033641984
1352968088417931265
1352968096642904064
1352968106356969475
1352968241841393664
1352968375836823553
1352968428802502656
1352968455713140737
1352968880499658752
1352969046321471489
1352970213994672129
1352970342566920193
1352970889038606336
1352970996400218113
1352971305105182721
1352971589474791429
1352971632579633153
1352971810975973378
1352971848678592512
1352971977422753793
1352971989284245515
1352972453958590464
1352972778442551296
1352972900593184768
1352973003504672768
1352973122857816064
1352973193821220864
1352973583174279168
1352973649846935552
1352973694654623746
1352973807913480192
1352973875861139457
1352974151556993024
1352974213192298497
1352974432906706947
1352974467006402562
1352974513412186115
1352974788529160193
1352974835274698754
1352975087251677184
1352975252465324032
1352975657135976448
1352975775499227138
1352976175811989504
1352976284440268802
1352976367797854209
1352976374898843656
1352976397225103360
1352976591727550464
1352976654784753667
1352976959182139398
1352977669160378371
1352978236049920000
1352978383962075136
1352979025858355200
1352979236072681475
1352979298093834240
1352979401479217152
1352980172518076416
1352982263848435712
1352982699628253185
1352982871674408960
1352983019238338560
1352983524312309763
1352983694571671552
1352983750267777025
1352984392814252032
1352984564231237632
1352984843156664320
1352985897646628864
1352986384278106112
1352986684351246338
1352986689845817344
1352987012220018689
1352987244978692096
1352987488814510081
1352988648971632641
1352989288359669760
1352989464180576256
1352989702555643909
1352989741545889793
1352990766646358016
1352991785874817034
1352992254906884096
1352992991095480320
1352993467358736387
1352993488523177984
1352994472129388545
1352994501988507648
1352994853769113600
1352995128491859968
1352995357182013440
1352995464396894209
1352996027284992001
1352996648029474818
1352996850543042561
1352997801542766592
1352998471603810304
1352998515778187264
1352998624272277506
1352998994423803907
1352999514450374657
1352999561032294400
1352999632822005761
1353000438384177153
1353000442909888514
1353000938324324354
1353002133369610241
1353002271869706240
1353002498404003845
1353004171461611520
1353004493303144449
1353005015326191622
1353005273741455361
1353005567959326720
1353005755520135168
1353006551863324672
1353007276085415942
1353008696981417985
1353009598505103362
1353009625147330561
1353009669908926464
1353009788909662208
1353010048335810560
1353010428142628865
1353010668409126912
1353011156110237701
1353011802783838208
1353012113292357633
1353012379471245314
1353013168042348544
1353013214813028355
1353013471546380290
1353013758382239745
1353013912900395009
1353014017305014272
1353014086225825792
1353014629887320066
1353015284114853889
1353016139907887107
1353016502962810882
1353016514346151938
1353016715085570049
1353017014860836864
1353017150827589632
1353017511613227014
1353017531079000073
1353017944947765248
1353017968440070144
1353019508848529408
1353019663219908610
1353019670568333314
1353019734208503810
1353019882225496065
1353019954648510464
1353020197536493569
1353020290914246658
1353020735820869632
1353020876053221376
1353021355973861377
1353021589944676353
1353021796627439616
1353021901350842370
1353022123019800577
1353022457561575424
1353022667641810950
1353022952560865280
1353023219633106946
1353023435912454145
1353023438445813762
1353024699643531265
1353024704987033602
1353025012790341632
1353025066347454464
1353025393251536897
1353026204283121667
1353026760582062080
1353026920968040449
1353027205442494466
1353027212883210242
1353027733304074245
1353027930214047744
1353027994588237824
1353028208359313408
1353028661205729280
1353030125105852416
1353030917523124224
1353031140077146122
1353032163072110594
1353032615918493698
1353032650102099970
1353032766393348102
1353032890209218560
1353032892935450624
1353033082060894208
1353034763083382787
1353035522348896257
1353035609875611650
1353035768604872705
1353036226698371072
1353036702382759938
1353037107732897797
1353037125973921792
1353037541197414400
1353037658457583616
1353037811587444737
1353038151812526080
1353038173098692611
1353038513109934080
1353038852538167296
1353039007081517067
1353039453351239682
1353039641616801793
1353039755815112704
1353039799091826688
1353039799888867330
1353039846181367809
1353039985860104194
1353040184816889859
1353040827984052226
1353041174085459971
1353041287461691393
1353041593020911617
1353042231389802499
1353042627415986176
1353043040722694146
1353043109211463680
1353043356159528960
1353043858943340544
1353043920050155520
1353044410154553350
1353044512579452934
1353044791152545792
1353044828901302272
1353045029028311042
1353045423183822849
1353045775052378112
1353045948860133379
1353046087171403779
1353046226388676609
1353046250325733382
1353046275671928832
1353046676127293447
1353047221629935618
1353047704465797121
1353047730122321922
1353048135799607296
1353048397654200321
1353048525320425472
1353048841214435329
1353049800762142720
1353049889496817664
1353049902612406272
1353050228610498561
1353050391756369977
1353050442620678145
1353050451101556737
1353050544345128966
1353050715183341572
1353050745055162368
1353050788378021888
1353051005101944832
1353051061104177154
1353051195183607809
1353051422263275520
1353051496514916352
1353051692649107456
1353051823909777410
1353052103191769089
1353052260738211840
1353052307227815936
1353052378728079366
1353052407995854855
1353052462865911808
1353052676058017792
1353052982397399045
1353053396471865344
1353053636956463104
1353053925595869186
1353054035612495872
1353054247294820353
1353054659095756802
1353054902134599681
1353055082191978497
1353055086843473920
1353055383213002755
1353055411360780288
1353055433347518464
1353055554147500032
1353055590612930560
1353055901670891520
1353056228583346176
1353056300775555072
1353056422318239744
1353056452995293185
1353056524873076737
1353056673666052097
1353056767853395968
1353056813072134144
1353056936879558657
1353056976998068227
1353057115619778560
1353057319743942659
1353057411767152641
1353057543753371650
1353057716747423745
1353057748880027652
1353057946247172096
1353058052342042630
1353058143182364674
1353058181090398217
1353058407985471490
1353058654832873472
1353058784453611533
1353058955535159305
1353058956617207808
1353058976854728705
1353059159067881481
1353059178080657408
1353059289275928584
1353059609997545479
1353059738666188804
1353059928382992384
1353059928462692352
1353060031776792576
1353060156666351619
1353060187888701441
1353060381627797506
1353060525228220419
1353060720460460032
1353060984772935681
1353061058252992520
1353061486826987521
1353061514568036355
1353061599091679234
1353061665097412609
1353061727424761856
1353061986418888705
1353062014277455873
1353062056887390211
1353062445170925569
1353062520513208320
1353062834704244739
1353063470367838208
1353064112356429825
1353064122733142020
1353064466611539971
1353064713718910981
1353065143513489414
1353065230008344577
1353065328415100929
1353065669818949632
1353065729277390849
1353065733362651138
1353066015194681351
1353066021100298240
1353066278747955207
1353066284934545413
1353066285261709318
1353066286847119364
1353066298733785088
1353066438571880453
1353066539231006720
1353066552958959616
1353066679262044166
1353066795226210306
1353067000835108865
1353067210864877569
1353067301986201600
1353067401059786752
1353067478247755776
1353067572057444357
1353067779851608066
1353067782942846976
1353067999574388749
1353068162896457731
1353068210900221952
1353068270601953281
1353068287303639040
1353068676115664896
1353068679777247233
1353068857443852290
1353068889450573828
1353069192338006018
1353069201506766848
1353069723324301312
1353069765053431815
1353069862520721410
1353069880870727680
1353069948512288780
1353069996570800128
1353069999124963329
1353070080381227010
1353070111792324614
1353070278629183494
1353070458485100544
1353070961562578944
1353071014658248705
1353071130832035854
1353071221357780992
1353071241343590402
1353071259064520707
1353071297379504128
1353071302467174401
1353071360474378246
1353071546869321728
1353072233023819777
1353072347612278784
1353072470471757830
1353072511689232388
1353072574754811912
1353072604542717954
1353072774252621830
1353073014787633153
1353073047960391682
1353073112389046277
1353073243381370882
1353073336083877890
1353073403788283904
1353073446796750850
1353073539738341379
1353073769556963328
1353073911320113152
1353073948011884544
1353074305190354946
1353074387818221574
1353074453383532544
1353074484517851141
1353074485037993987
1353074625085726720
1353074844829585408
1353075002539565057
1353075013381832706
1353075027885735937
1353075041416536066
1353075290289758211
1353075522293559305
1353075549388697600
1353075775704952832
1353075934031564808
1353076396893978626
1353076615056486404
1353076680336629760
1353076722434887684
1353076901636661248
1353076933513379840
1353077264657702912
1353077304671543296
1353077448368394241
1353077460644970497
1353077483776704514
1353077544757702657
1353077640572194816
1353077745484349440
1353077828594651136
1353078078961025024
1353078299447144449
1353078360390426624
1353078437846593538
1353078485468786689
1353078611792842753
1353078696916242433
1353078713441779715
1353078903028510725
1353078928332779520
1353079141747273728
1353079149259325443
1353079344135077889
1353079403006181378
1353079484686114816
1353079494349705217
1353079539585462273
1353079583575318528
1353079592802779139
1353079595227090944
1353079604211286018
1353079809220481024
1353079956452990976
1353080086715539456
1353080232002138112
1353080501666459649
1353080667626737664
1353080695908917248
1353081197434265600
1353081319392071681
1353081319543209988
1353081410043711491
1353081724717166592
1353081854304387077
1353081862936293377
1353081873988284417
1353081920998035457
1353082198023430145
1353082749993807872
1353082800681984000
1353082844462067715
1353082936883634182
1353083053158113280
1353083407283200000
1353084107232690177
1353084114228809728
1353084120738369537
1353084257007259648
1353084408069283840
1353084496854327296
1353084542484148224
1353084670540460033
1353084808881176579
1353084840044863499
1353084951244242945
1353085095587049473
1353085098015531008
1353085106169257984
1353085254354014209
1353085265678622721
1353085271231913984
1353085298750664704
1353085429273137153
1353085809935720451
1353085834841485326
1353085966106419201
1353086081965715456
1353086139121467393
1353086415874224131
1353086458932899847
1353086772000002054
1353086983913041920
1353087144814899201
1353087438827229186
1353087503935397889
1353087632184631296
1353087639965073416
1353087768101060619
1353087808777412613
1353087819502280712
1353087902595624961
1353087945822138368
1353087951895465986
1353088057596063747
1353088197639745536
1353088395975811075
1353088479463403531
1353088556860903425
1353088612338950145
1353088639006351361
1353088869021974535
1353088879277060098
1353088888206741504
1353088903780175874
1353088968523452419
1353089075750842373
1353089094843314178
1353089254977626119
1353089406735945729
1353089445852049419
1353089637053566978
1353089682867974145
1353089779936583685
1353089858533777410
1353089890863505408
1353090000322224128
1353090135403819009
1353090292526813186
1353090380544307200
1353090384575016962
1353090451792924677
1353090574790914050
1353090575914905601
1353090603102298112
1353090613936332802
1353090630616969216
1353090696585105409
1353091073892118528
1353091172227538947
1353091631596113925
1353091632837627904
1353091773921447943
1353091791080329220
1353091809279434755
1353091976229507094
1353092089643458560
1353092440098545665
1353092496017002497
1353092509539426306
1353092572214931456
1353092590997037058
1353092594914521097
1353092828558196744
1353092908396797953
1353092957604343810
1353093099023708167
1353093124919341058
1353093172717621252
1353093175519440900
1353093242456256513
1353093439622180866
1353093668299808769
1353093772570218496
1353093881286561793
1353093881697595392
1353093902396510210
1353094174686515204
1353094294106587137
1353094315245973504
1353094359047143426
1353094725264400394
1353094746139451392
1353094867816222721
1353095021638152199
1353095264396062721
1353095293022175233
1353095320004161536
1353095356003848195
1353095489906991104
1353095491865567233
1353095557359792129
1353095939800526849
1353096054535815169
1353096156184784896
1353096417854836737
1353096455821680640
1353096462163275776
1353096730934435840
1353096793182121984
1353097215770824705
1353097266161188876
1353097437968216064
1353097444125454342
1353097649826787328
1353097816634253314
1353097956652703744
1353097996972515329
1353098021375012864
1353098169379393539
1353098464570306561
1353098506911830017
1353098611454783495
1353098639816712192
1353098957174542337
1353099014997225472
1353099070454292481
1353099307495391233
1353099311261868034
1353099637767495680
1353099705669005312
1353099921931513857
1353099941955006466
1353100022452248576
1353100113120518146
1353100195303575553
1353100260378357765
1353100287402246152
1353100289734270978
1353100357568765954
1353100596577005568
1353100640491339778
1353100689040429061
1353100819055443971
1353100827938975745
1353101064782946304
1353101302356705281
1353101594754220033
1353101680481591296
1353101682733944833
1353101781279121411
1353101884324646913
1353102314505179137
1353102439147298822
1353102593665318912
1353102643082752001
1353102738096332800
1353102784309190660
1353102952295235586
1353103043303272448
1353103181740449793
1353103831794659329
1353104217754529792
1353104288491384832
1353104298243219457
1353104313644703744
1353104378434117632
1353104565927890945
1353104627319906306
1353104686052757504
1353104746400382978
1353104982657130498
1353104993352638469
1353105081965694980
1353105096322777088
1353105186093473793
1353105226899877891
1353105237620494338
1353105240346808325
1353105243236683784
1353105327760289792
1353105351718170624
1353105356478689280
1353105489454899202
1353105531041411073
1353105539186774016
1353105785711177731
1353106179816366082
1353106527557742593
1353106557639208961
1353106576765296641
1353106615772323840
1353106640615170049
1353106679760637957
1353106704058249218
1353106720076259330
1353106812762025985
1353107221064855553
1353107294737854465
1353107323695337473
1353107381664755713
1353107505568747520
1353107506290163714
1353107555791347714
1353107602419363847
1353107626448584704
1353107677191294976
1353107707646115840
1353107744623009792
1353107744686039040
1353107744862007296
1353107942644609024
1353108000202960902
1353108090154004491
1353108213995102208
1353108588273786881
1353108643718303752
1353108814409703425
1353109008429838339
1353109090646577159
1353109169835036677
1353109173844795392
1353109496189636608
1353109530029260800
1353109590230106120
1353109690796937216
1353109792491900928
1353110108226654214
1353110260035149824
1353110361898184706
1353110558296453122
1353110616660209668
1353110621030637569
1353110663737057288
1353110700697264129
1353110702530179083
1353110760835178497
1353110825934979072
1353110882260316167
1353111023843160074
1353111088162877446
1353111359483998208
1353111518351601664
1353111964730478592
1353112195207462917
1353112197396910083
1353112405333708802
1353112438284103691
1353112503014850562
1353112602315010050
1353112721802358784
1353112750139068421
1353112769592238081
1353112998378876930
1353113152842567680
1353113263651909632
1353113342362210304
1353113593097682944
1353113908639391744
1353113954197897216
1353114017355751424
1353114262080794630
1353114281806491648
1353114360449740801
1353114428745654273
1353114542683942914
1353114558190247937
1353114855935520772
1353115000618016768
1353115005261139968
1353115157434691588
1353115183221243904
1353115201730715650
1353115295204827137
1353115295473430528
1353115295745884161
1353115298316996608
1353115305778819072
1353115545004982272
1353115553041440769
1353115720276717568
1353115765436784640
1353115806012502018
1353115850061062149
1353115962875252737
1353116003232788480
1353116255813820416
1353116371949916163
1353116413402230788
1353116564908892168
1353116631547990016
1353116640163082240
1353116945357430786
1353116978433716225
1353117062932127750
1353117391107072003
1353117467435012098
1353117536804548613
1353117611110920193
1353117655524323329
1353118110866432001
1353118339825102849
1353118484209823744
1353118520079507457
1353118637364817923
1353118647951224839
1353118767119798272
1353118847486857216
1353118917120716803
1353118968773570562
1353118976084226048
1353119030748606467
1353119058535837697
1353119079096332288
1353119107990880260
1353119108666175489
1353119128127737861
1353119158507098113
1353119303000858624
1353119305228046336
1353119312878456834
1353119363176529922
1353119388812120065
1353119411062910976
1353119421494132740
1353119444780912643
1353119462757691392
1353119478817591297
1353119538074824705
1353119568940642304
1353119649223868416
1353119747278315520
1353119839192309760
1353119929902518272
1353119953206050817
1353119981001707522
1353120028888096770
1353120066469056514
1353120074823946240
1353120075482599429
1353120206478970880
1353120241665114114
1353120253040078849
1353120268051509249
1353120326348120070
1353120332362772480
1353120347747348480
1353120350528278528
1353120397747740679
1353120450260340737
1353120486901874689
1353120570389504001
1353120618074566656
1353120625909518337
1353120655332564993
1353120736974663681
1353120827445665792
1353120847461019653
1353120847477805057
1353120881699147777
1353120938821373958
1353120951181959170
1353120968730963969
1353120982291148806
1353120997063454722
1353121027245682688
1353121038205399041
1353121158464499712
1353121281101737991
1353121325209030657
1353121334113480709
1353121465906962432
1353121550564777986
1353121609280794625
1353121644278128641
1353121667330019331
1353121667900465157
1353121670597402627
1353121696203456515
1353121713760952327
1353121721826553861
1353121796984360960
1353121820489224193
1353122059015114752
1353122071845478401
1353122087347621889
1353122168150904832
1353122267182596096
1353122282894462976
1353122296333033474
1353122302955827200
1353122348635983878
1353122358547120129
1353122366931558403
1353122462045794305
1353122480316162048
1353122555998183427
1353122694582202371
1353122716837163008
1353122733253677056
1353122806255538177
1353122843580502016
1353122843874062336
1353122944306839553
1353123060740726784
