1385020524976386048
1385020526742020099
1385020535566966792
1385020561336721412
1385020589363146757
1385020591116324868
1385020663115681794
1385020665351315461
1385020699241234438
1385020718874828804
1385020721743777797
1385020734792245254
1385020751003017219
1385020763695104004
1385020777523646467
1385020792044507137
1385020803868106752
1385020823052984329
1385020836344647682
1385020838387359744
1385020851674877952
1385020856804560896
1385020857152675842
1385020868439511043
1385020885816549377
1385020899313717248
1385020905814953984
1385020911447941120
1385020917013753865
1385020919207301126
1385020920574611456
1385020927327473664
1385020940975738882
1385020967504674816
1385020996000776195
1385021048182214662
1385021127546884100
1385021189458907136
1385021197893750786
1385021206953332737
1385021208018702346
1385021210023677953
1385021229669695496
1385021239115276292
1385021244735688704
1385021260481040385
1385021275354157057
1385021315229306881
1385021319390109696
1385021323592847360
1385021336951664645
1385021378655555584
1385021412264620037
1385021418241331200
1385021419868852225
1385021447551213568
1385021448843141124
1385021483047657474
1385021534549549058
1385021553683927042
1385021563037175808
1385021575456608264
1385021594385399815
1385021627302387713
1385021628099219456
1385021659497779202
1385021659850100737
1385021687251492869
1385021688606306307
1385021704704040961
1385021745179070466
1385021768272949248
1385021779224272901
1385021779475931136
1385021792562126850
1385021808991248384
1385021842575007744
1385021850200199169
1385021870974636040
1385021905674117121
1385021924753952771
1385021960208490500
1385022040097361925
1385022099803234304
1385022119361368070
1385022148578881538
1385022162789191680
1385022168862498820
1385022218556555274
1385022293378752515
1385022294867824640
1385022296759410691
1385022309237497861
1385022319416983554
1385022320071303173
1385022328686448643
1385022328749363202
1385022375213817856
1385022394964787206
1385022403827412995
1385022432407298051
1385022447922163714
1385022450342182913
1385022456751140866
1385022487780593664
1385022521985191942
1385022536006750209
1385022544001048577
1385022603413315584
1385022614171754496
1385022706194731016
1385022767947567107
1385022777653071880
1385022809919873025
1385022859181838341
1385022888500252673
1385022916933390338
1385022919269617666
1385022950320058374
1385022955927769088
1385022968498212867
1385022971203489798
1385022973594251264
1385022984490995712
1385022996298047494
1385023060277878794
1385023097028456455
1385023124463407107
1385023137700589575
1385023154981117954
1385023173780021251
1385023180675428362
1385023183347138560
1385023192285290496
1385023226607251456
1385023280826916866
1385023295800631296
1385023301970497536
1385023303010590724
1385023305380474885
1385023309155295236
1385023331896758274
1385023339148808194
1385023341027864587
1385023380345163777
1385023380798201856
1385023391569174530
1385023404550627328
1385023405074829312
1385023409285959683
1385023412419153921
1385023425484259328
1385023435835904001
1385023485848653829
1385023498922438656
1385023509747863552
1385023563959308289
1385023624445321218
1385023625737158656
1385023662420598787
1385023696167837696
1385023747489337344
1385023748294811649
1385023750052188161
1385023791063965698
1385023814396952578
1385023825906130949
1385023826992398339
1385023830188601346
1385023857359163398
1385023886786383873
1385023903618244621
1385023972194996225
1385023991526612997
1385024007867568128
1385024008144437251
1385024011000852481
1385024023734755331
1385024050557292547
1385024087341338624
1385024107805356037
1385024110326173697
1385024117569515522
1385024121843634180
1385024127006818304
1385024181792817163
1385024191385190401
1385024201862623232
1385024234133594112
1385024245214945286
1385024261354659848
1385024279465627657
1385024281533419522
1385024299703152641
1385024310369206274
1385024328438370305
1385024336206172162
1385024344330485760
1385024349191786496
1385024385648668672
1385024387217252353
1385024399179403279
1385024489079992321
1385024498957791233
1385024513780367368
1385024530096197632
1385024556725903364
1385024635041890305
1385024662397149184
1385024699718148107
1385024718332383233
1385024729120186371
1385024756773183498
1385024761047179270
1385024791120334855
1385024812347797506
1385024827757633536
1385024831150858242
1385024833805864961
1385024836741828609
1385024846380208130
1385024881570553857
1385024892907790338
1385024922100150277
1385024932061528064
1385024932804014082
1385024962554171393
1385025003222179842
1385025021500874752
1385025087502495747
1385025100513165320
1385025143437680642
1385025194595598340
1385025198076964864
1385025199381393408
1385025247431340034
1385025256130232324
1385025284257296387
1385025291597357071
1385025354734182403
1385025371670814721
1385025407578263554
1385025413211205634
1385025438104313858
1385025439899475968
1385025444207071233
1385025449265352707
1385025473000923137
1385025498380709891
1385025580400320513
1385025590890221570
1385025592404361221
1385025617918320644
1385025623307997185
1385025641406414850
1385025644447379461
1385025650449387527
1385025653045665796
1385025665687302147
1385025670410014720
1385025674981879815
1385025676034596864
1385025693415845896
1385025699648520198
1385025715666620424
1385025786600726530
1385025852291825664
1385025895359029250
1385025900220194817
1385025971171045382
1385025984525647872
1385026028762976256
1385026095045545984
1385026102670807043
1385026157985337347
1385026178436800517
1385026194190618625
1385026200565919744
1385026210745442305
1385026252302651396
1385026266647207947
1385026266965872642
1385026319180877829
1385026331616976897
1385026332048990210
1385026379704635395
1385026388076503041
1385026436705173514
1385026446406660096
1385026458867929088
1385026459815788545
1385026484142755846
1385026534260551683
1385026534621290496
1385026549896912901
1385026550010159112
1385026554477035523
1385026558323265538
1385026571426205698
1385026573062086659
1385026600803217416
1385026601507770368
1385026644738457602
1385026652359598082
1385026673981206536
1385026697586696192
1385026702615539719
1385026714770804741
1385026737524940802
1385026755220680706
1385026793724329984
1385026839731752964
1385026841740722181
1385026852658503681
1385026884468097026
1385026896270958596
1385026979393572864
1385026991058001923
1385027045890170888
1385027175448031236
1385027211091193863
1385027233325015044
1385027245551595522
1385027247183126533
1385027258595774469
1385027264031698945
1385027268205060096
1385027281605779457
1385027284885676035
1385027310982676484
1385027315583815680
1385027324387733511
1385027330750521350
1385027351772205058
1385027362480398338
1385027371640795157
1385027395858620420
1385027449914748931
1385027470441820167
1385027487931977729
1385027491140542468
1385027500263321601
1385027508479959047
1385027523470405632
1385027532794302465
1385027545477918721
1385027554201985029
1385027558069129218
1385027562573910017
1385027571310600193
1385027588444225538
1385027605364150280
1385027612427362308
1385027664881364994
1385027686066688002
1385027701975797765
1385027704047783936
1385027730815782919
1385027732275335172
1385027738365530113
1385027747467177985
1385027753586659331
1385027778869874688
1385027799308767238
1385027814999699461
1385027822146789380
1385027848772149248
1385027887623966728
1385027887741427715
1385027963570331650
1385028075633664002
1385028085981061122
1385028086878593024
1385028119824932868
1385028120596549634
1385028122362458112
1385028124983926785
1385028138451746817
1385028167426060293
1385028177265836034
1385028235327647744
1385028238322372614
1385028248397139969
1385028249349206019
1385028250443952132
1385028254659072000
1385028276649963523
1385028303896158211
1385028316298629124
1385028348632616962
1385028350452789254
1385028353112092673
1385028357021224960
1385028406816002050
1385028449073516545
1385028465968259072
1385028472221929473
1385028485408776194
1385028489062068227
1385028502248906753
1385028525682532353
1385028562865041410
1385028563557048320
1385028584054661121
1385028616917065733
1385028650555351041
1385028658201612296
1385028677847719937
1385028704670261248
1385028706901630976
1385028714623344640
1385028770726391809
1385028831166275587
1385028845850480647
1385028865127505922
1385028867207966721
1385028889261625346
1385028909004214274
1385028912774893568
1385028915119497219
1385028928243384320
1385028932085248002
1385028936221011974
1385028953820303361
1385029083420053505
1385029096103686144
1385029107679780868
1385029180040093696
1385029187430400002
1385029199946260482
1385029206074175495
1385029211518296071
1385029260470067209
1385029263863259139
1385029285589753858
1385029290765570051
1385029292678123523
1385029303331696642
1385029332054249478
1385029349137690626
1385029357199151104
1385029363637313537
1385029383014998028
1385029436354015244
1385029453277978626
1385029473083473922
1385029476434812928
1385029518927216649
1385029519896100866
1385029547037442055
1385029589035016198
1385029597557837836
1385029627446501377
1385029630818758656
1385029639983280129
1385029655544090629
1385029677547495424
1385029717250777090
1385029758472368137
1385029771600486406
1385029780781871106
1385029787358539779
1385029845101465601
1385029850738708481
1385029912579411973
1385029968829325312
1385029976148303874
1385030005445517322
1385030015214047233
1385030052111339520
1385030079969996802
1385030087398109186
1385030098844332032
1385030110110158850
1385030147481513984
1385030160890667008
1385030184085164033
1385030267354628097
1385030293858529281
1385030321368969221
1385030324841762816
1385030338334896128
1385030375924187136
1385030390453313536
1385030397365530628
1385030415111577601
1385030418437713920
1385030460376551424
1385030472518995976
1385030489074028544
1385030516991217665
1385030542542921730
1385030580153331716
1385030580199383046
1385030605092659200
1385030631709724675
1385030659039797254
1385030667776446471
1385030717978161153
1385030727868329985
1385030776702619652
1385030809288073217
1385030849142444032
1385030872974385157
1385030884680667145
1385030891051917319
1385030900812062723
1385030908160266246
1385030951479267331
1385030952091627521
1385030977223811073
1385031051588870144
1385031052381523974
1385031056789753857
1385031107956154369
1385031133348483075
1385031156274540553
1385031182157598720
1385031194295869444
1385031208984367110
1385031230131998723
1385031255033585666
1385031294158098433
1385031370574077958
1385031402719174656
1385031427016757251
1385031442644750343
1385031453277306882
1385031472265023489
1385031523225772035
1385031523926265864
1385031573834244096
1385031591051812866
1385031613340397568
1385031632135065604
1385031647301709827
1385031696496607235
1385031712703385602
1385031731464519680
1385031733498761220
1385031764423413760
1385031789916344322
1385031849806688257
1385031861840252930
1385031941594959873
1385031969591922688
1385032001070194691
1385032023602040832
1385032041335508996
1385032097123995651
1385032115448958978
1385032229320110081
1385032246592167948
1385032250782269440
1385032262501257222
1385032294747021316
1385032335654072322
1385032380235272195
1385032381757902850
1385032469951492096
1385032489903734786
1385032496899928067
1385032538079604737
1385032545411158019
1385032578361667588
1385032586070798343
1385032591670190082
1385032677103968256
1385032723673329665
1385032728089878528
1385032742581198852
1385032752127516672
1385032800257118215
1385032805982294018
1385032812970061826
1385032842661572612
1385032855068319746
1385032855101792257
1385032910470795270
1385032974136188930
1385032989701201920
1385033010165256200
1385033081510313985
1385033083733299205
1385033102351798273
1385033107779227653
1385033114372673538
1385033201522024451
1385033213991690242
1385033233876889614
1385033260623876096
1385033267209023497
1385033290810372096
1385033307230986242
1385033317783834631
1385033337685827588
1385033342127681537
1385033379922554887
1385033394724212739
1385033410817765376
1385033429654417412
1385033465486323712
1385033472398569474
1385033538374967298
1385033547099037699
1385033547191398402
1385033562571816963
1385033587884449795
1385033608755359745
1385033640288063491
1385033648186011651
1385033664312926210
1385033686526070788
1385033742855688192
1385033759377006595
1385033759972634628
1385033762153566210
1385033784152760321
1385033800414121986
1385033821691813893
1385033822778142721
1385033838490013700
1385033854197641216
1385033856663830529
1385033859708903426
1385033899869417476
1385033917330247683
1385033935030206468
1385033949072789506
1385033950507249666
1385033962251243527
1385033978957160456
1385033982912438277
1385034022456369155
1385034076227317761
1385034130254176257
1385034150428741632
1385034188219355137
1385034278405394437
1385034279231627266
1385034319148765185
1385034322390966272
1385034327612928003
1385034335342968833
1385034380079472646
1385034389315330052
1385034390477148160
1385034404452569092
1385034419484909569
1385034424547516417
1385034448584982534
1385034489412341763
1385034561432739840
1385034563974569989
1385034609805647876
1385034627350413312
1385034628021506054
1385034643506860035
1385034645356662786
1385034682178416642
1385034688943767556
1385034730014392320
1385034736788131842
1385034778626428933
1385034795592323075
1385034804345950208
1385034831214612484
1385034893466472449
1385034896591163395
1385034921840979973
1385034922646196224
1385034926144294912
1385034959715454976
1385034986890407936
1385034987280474115
1385035015646482432
1385035016120438792
1385035031442337796
1385035033854058505
1385035061574217728
1385035126564851719
1385035153832022019
1385035155425873923
1385035157468557312
1385035160295510022
1385035180373598208
1385035199688347648
1385035224053071872
1385035230537568256
1385035239895019521
1385035263940902912
1385035287659753473
1385035299655389185
1385035314872324097
1385035329724424194
1385035330731008009
1385035333708959746
1385035347952816131
1385035378646790147
1385035414667399168
1385035425203597312
1385035449371185155
1385035460058222592
1385035471412203523
1385035471932338179
1385035513363566595
1385035557315678212
1385035558276063232
1385035602047930371
1385035615553605635
1385035629038239747
1385035630128680961
1385035638441906181
1385035660092862465
1385035677356679168
1385035689251717122
1385035732583129088
1385035733191335936
1385035737918287872
1385035793874493443
1385035810798452749
1385035843526606857
1385035863801929729
1385035873167810560
1385035895816994817
1385035933788082177
1385036012469035010
1385036041757896705
1385036043729133569
1385036119184707585
1385036128194080768
1385036208032690177
1385036227422924800
1385036262915158021
1385036318556794888
1385036444054458368
1385036475742441473
1385036477613199362
1385036540989038598
1385036563378315264
1385036584869847040
1385036652628914176
1385036686997041161
1385036728348692481
1385036736296783874
1385036736779202562
1385036748036710405
1385036757155164162
1385036807356784640
1385036822330363909
1385036827447463938
1385036846539870216
1385036888654897154
1385036894371815424
1385036904006094853
1385036935794659331
1385036970120855554
1385037027998113799
1385037048847994882
1385037088433836040
1385037126228746243
1385037126375510028
1385037131047911426
1385037148148088834
1385037149540687873
1385037155584647168
1385037191110406146
1385037195501875211
1385037201143214080
1385037230230618114
1385037245552467968
1385037255182520326
1385037271976628231
1385037272563732481
1385037278825832451
1385037291324854274
1385037293510135812
1385037349952819200
1385037372463755265
1385037431964119041
1385037443334873090
1385037473303117824
1385037475328974860
1385037577728806913
1385037645827514371
1385037651292606465
1385037725234077698
1385037760378114049
1385037938099212289
1385037949763571712
1385037955803275264
1385037968696651778
1385037982508494852
1385037993052884998
1385038047671201794
1385038048811962370
1385038054218469380
1385038068890095619
1385038089798647808
1385038093246517250
1385038094706020353
1385038095922442242
1385038140994293767
1385038157272559621
1385038161689124866
1385038193607593990
1385038203481165826
1385038243805212672
1385038270590029833
1385038274067042306
1385038303032926215
1385038311882887168
1385038319499763712
1385038326470696960
1385038330526674950
1385038344640516099
1385038345949089796
1385038360553607168
1385038364588527622
1385038381969727489
1385038398914715649
1385038411862528001
1385038442325757955
1385038454661210117
1385038454988447744
1385038479252496387
1385038497891954691
1385038546747146241
1385038652682670083
1385038686539194369
1385038691723366403
1385038868894867457
1385038871059214340
1385038942102241286
1385038961534513154
1385038977829322755
1385038983671988225
1385038990869401600
1385039038265053184
1385039049530953729
1385039064089378817
1385039100139515905
1385039152207568904
1385039165893582855
1385039170276577294
1385039205601095687
1385039254598922240
1385039275893395457
1385039283757715462
1385039371108237317
1385039399314935809
1385039412040507399
1385039415035187204
1385039420676583429
1385039422425427969
1385039434870054917
1385039445393555457
1385039469359902720
1385039476041342980
1385039530013696001
1385039622942642180
1385039633113882625
1385039636888571910
1385039640923713536
1385039672296894464
1385039673077141512
1385039704316420097
1385039720443432967
1385039765662228483
1385039766891204612
1385039802857316358
1385039829931634688
1385039889473933312
1385039911087136769
1385039949632770055
1385040020676005892
1385040028393422858
1385040098388029447
1385040100082561024
1385040103429623809
1385040173554151430
1385040177631055876
1385040186204213250
1385040198371844096
1385040290747142151
1385040298687012866
1385040346414002176
1385040351866540036
1385040378106191872
1385040429326815232
1385040463309180930
1385040463921549312
1385040474067677188
1385040484800815106
1385040490794520576
1385040561099390976
1385040572335939585
1385040618766880769
1385040657543172098
1385040657664905224
1385040661402071040
1385040670268690435
1385040700434173953
1385040704381018113
1385040718775869441
1385040747783757825
1385040867547918344
1385040879417765888
1385040893548417025
1385040896215994370
1385040899135180801
1385040918819053568
1385040919964098561
1385040921394352134
1385040934765727748
1385040979183423490
1385040979393142792
1385040994349969414
1385041002466000898
1385041013455134720
1385041048024539155
1385041074964553732
1385041106757373961
1385041107470491648
1385041108800098305
1385041127502499848
1385041142178320389
1385041152190070787
1385041155730067460
1385041175317516294
1385041178387787776
1385041191469789185
1385041207848493056
1385041292258942977
1385041311284203531
1385041327595917315
1385041340707258372
1385041350719115275
1385041368360366087
1385041369073324033
1385041417370836992
1385041446571544580
1385041448299634688
1385041475415773198
1385041476736978944
1385041484433461249
1385041551437533184
1385041572237094916
1385041582718607361
1385041593812537344
1385041604046643208
1385041621197238272
1385041633310384129
1385041634384035849
1385041640994263040
1385041657595375618
1385041764004864002
1385041805314564102
1385041844925517824
1385041849971314689
1385041869676105728
1385041923149271047
1385041961246248960
1385042021677678595
1385042035686641664
1385042097607266305
1385042100828442632
1385042103542165513
1385042111989489665
1385042115651149825
1385042153416630273
1385042166116982785
1385042191765147651
1385042332819546113
1385042346396553225
1385042368496349185
1385042427598327808
1385042512960761857
1385042541607886850
1385042544246018051
1385042582460375042
1385042607944998912
1385042612042801160
1385042699359764487
1385042732075335684
1385042734566752264
1385042763171893250
1385042801679867906
1385042803412058117
1385042807266627584
1385042810542428160
1385042830712840194
1385042837767602176
1385042841605484545
1385042868964925440
1385042896773074948
1385042982416617473
1385042985038004228
1385042992319303686
1385042994785660934
1385043024267382791
1385043042848190465
1385043044274159617
1385043055741489159
1385043062959878148
1385043098523287556
1385043125366841345
1385043139648389122
1385043146728517640
1385043174452772867
1385043174964486147
1385043186867920896
1385043187018997762
1385043218836897792
1385043241528139787
1385043259886641158
1385043334415192067
1385043409447043074
1385043410843750404
1385043421874774019
1385043432117264386
1385043444591169538
1385043460932182018
1385043496076206084
1385043549994070019
1385043555530547200
1385043562761498624
1385043584106344449
1385043629199269888
1385043666507534344
1385043677588987908
1385043677878394880
1385043716415623168
1385043769830121473
1385043812255477760
1385043883457921036
1385043892094095365
1385043960284975106
1385043966333181956
1385043983601184775
1385043988189679619
1385044014785830916
1385044092665610243
1385044098504175621
1385044151851421697
1385044151893430273
1385044187758878721
1385044239583780864
1385044246684708867
1385044250262482948
1385044269241667586
1385044313881600006
1385044379505729543
1385044402465345536
1385044418038796289
1385044421893361669
1385044449873498114
1385044464423604229
1385044500423262208
1385044524620255235
1385044531515727880
1385044597894692864
1385044604039335936
1385044610716741632
1385044616454496258
1385044657718112256
1385044664848375812
1385044683085303808
1385044717717569539
1385044736482947072
1385044754489090049
1385044768397348869
1385044793059942400
1385044819404279811
1385044878367805442
1385044882167717892
1385044939642482692
1385045116910546945
1385045153061261316
1385045183444758529
1385045226839068677
1385045227472310272
1385045243427491841
1385045257096556545
1385045279980797955
1385045285089517577
1385045292718989314
1385045308082642947
1385045311127687179
1385045365431447554
1385045367058731009
1385045393264754691
1385045408485888002
1385045424789151748
1385045427590938628
1385045431055486976
1385045460637847555
1385045519718813699
1385045552036040705
1385045557224382465
1385045567517204481
1385045592917827588
1385045617186050053
1385045637897637888
1385045660492251138
1385045663415783430
1385045667232485380
1385045682537607171
1385045690800394245
1385045719417978882
1385045791283240960
1385045795582488576
1385045796224212999
1385045805233487874
1385045837571674113
1385045845243043842
1385045897629872132
1385045899458629633
1385045926830559232
1385045948582318083
1385045961479757830
1385045974029058059
1385045999345885189
1385046009676500992
1385046010917969920
1385046053452460033
1385046066769367040
1385046073199181829
1385046083840192513
1385046098180517895
1385046119110090755
1385046137028100097
1385046242904920066
1385046257480130560
1385046336869916673
1385046341282320386
1385046403458682882
1385046422056275972
1385046423411077123
1385046451349344257
1385046482072526850
1385046510044426241
1385046576083750912
1385046582819639296
1385046599441817603
1385046603581493251
1385046610921492484
1385046638843023376
1385046643410616323
1385046715338616835
1385046716915671040
1385046722271875074
1385046774042308610
1385046793533145092
1385046804027293700
1385046818392793094
1385046827012087812
1385046870628708354
1385046883790430209
1385046895878361091
1385046907299508226
1385046936802234370
1385046939033653248
1385046973724639233
1385046999402176516
1385047029647396865
1385047052799852544
1385047064690704389
1385047084471042052
1385047085783912452
1385047118746947585
1385047121607512076
1385047132726497288
1385047183884435458
1385047195204866050
1385047227186532357
1385047229396881412
1385047236791443456
1385047248912932864
1385047259394580486
1385047264444436481
1385047280936493059
1385047389401088005
1385047402114134020
1385047410112704512
1385047456115798024
1385047462340186112
1385047475367596032
1385047505906409475
1385047531445538817
1385047533395791874
1385047655982813188
1385047663494811653
1385047789093146626
1385047836346159104
1385047853714841600
1385047859322626050
1385047883917967363
1385047962758287364
1385047969460854784
1385047983356579844
1385048013798846465
1385048020169936901
1385048051232948226
1385048075954237443
1385048125979697153
1385048173580804102
1385048206703218688
1385048219550425088
1385048221249064961
1385048266484719618
1385048269622063109
1385048370448900096
1385048382138429440
1385048389805543430
1385048451654823940
1385048614293151745
1385048626058104832
1385048667992768517
1385048734309003264
1385048739149012992
1385048765527121925
1385048785190064131
1385048815435194372
1385048825820336130
1385048870988750848
1385048873090027523
1385048886046253062
1385048906766045188
1385048944422449152
1385048955768217600
1385048969517142018
1385048970930577409
1385048974629949440
1385048991147114500
1385049044586745858
1385049098437505028
1385049209674608640
1385049211729813507
1385049224417615875
1385049240590770176
1385049260429807616
1385049263143596040
1385049263646904321
1385049297838907392
1385049373139210242
1385049385478803458
1385049396685967366
1385049404315422721
1385049415505924107
1385049445331611648
1385049478583947265
1385049482484649985
1385049491259240448
1385049598042034177
1385049640421179392
1385049712630325250
1385049791709732867
1385049795555991557
1385049811490050049
1385049813050343426
1385049829341073413
1385049890057818114
1385049916553273344
1385049917140488206
1385049973989986320
1385049982424784898
1385050047453220866
1385050059776172033
1385050080634363904
1385050088138018821
1385050130055942147
1385050146237566982
1385050351439597584
1385050366690070530
1385050377385648131
1385050394141896704
1385050401544749058
1385050457878548482
1385050472193593346
1385050544214007810
1385050620177047557
1385050646626328581
1385050715916222464
1385050723688329223
1385050728272580609
1385050797487034375
1385050830118834178
1385050831490363393
1385050841682481159
1385050849072853002
1385050851019001860
1385050870186979329
1385050873664086020
1385050873764753409
1385050901107314691
1385050904207011841
1385050960892882946
1385050967306121221
1385050982124597250
1385051041599721472
1385051066765660162
1385051078471847938
1385051133375307777
1385051136596627456
1385051223401828360
1385051224630829059
1385051364594753539
1385051385545302017
1385051398681792512
1385051400875429890
1385051415475859458
1385051446320771072
1385051467351003139
1385051506357932032
1385051515388321795
1385051602265022469
1385051679888924676
1385051689690992642
1385051723648094211
1385051749380149248
1385051779830779911
1385051832062459906
1385051881320456195
1385051919157235715
1385052031321247747
1385052061834809348
1385052076544122881
1385052093216657409
1385052122853543943
1385052167594287107
1385052181720616972
1385052199659659266
1385052229875417090
1385052257683533825
1385052283038273543
1385052306928963588
1385052323727171586
1385052379012341761
1385052401774772225
1385052418677776384
1385052431281758210
1385052433529851911
1385052468674011137
1385052505709633539
1385052509392281603
1385052535791230976
1385052609489289219
1385052630859329542
1385052636710309895
1385052642209042437
1385052711033393153
1385052755262197763
1385052789500416018
1385052799294218242
1385052808928538628
1385052860254236675
1385052864024875009
1385052915044335617
1385052943305617409
1385052982459387911
1385052990176890880
1385053027216740353
1385053037123837956
1385053104647847940
1385053156133019648
1385053192602390540
1385053206586265604
1385053211933954048
1385053247589830656
1385053261896593412
1385053267139436545
1385053271585329155
1385053304443576321
1385053315512381440
1385053375276879875
1385053386135904256
1385053405027184643
1385053411813564416
1385053492721721346
1385053519275827201
1385053531061866501
1385053554453458952
1385053600829906955
1385053646732341248
1385053665178882054
1385053671013163011
1385053726218588164
1385053744459550721
1385053744732282881
1385053749916340225
1385053794686361601
1385053851275993094
1385053855281471488
1385053861103214592
1385053873530937344
1385053941424181249
1385053951582744578
1385053971132338178
1385053972575174659
1385053985602785282
1385054001356582916
1385054017718571009
1385054019119468546
1385054036584538112
1385054051369472006
1385054068230459393
1385054083317440520
1385054097397649409
1385054137377775616
1385054172169441280
1385054183322234882
1385054202855055360
1385054247943872512
1385054293108133889
1385054316705329152
1385054327123873802
1385054371164131331
1385054378483142657
1385054388050345984
1385054517264277506
1385054524512083969
1385054526185611264
1385054537535328256
1385054549824651268
1385054590689763332
1385054694188453888
1385054721598271491
1385054760173252610
1385054819346485252
1385054826950807553
1385054828989231105
1385054830645874690
1385054835150569479
1385054843912458243
1385054897431879680
1385054921347715076
1385054922253770761
1385054956806451201
1385054965958389760
1385054982098018308
1385055009113509889
1385055010820608001
1385055060548272129
1385055070157426689
1385055081209466885
1385055119251808258
1385055189074317313
1385055208812732416
1385055224277213188
1385055280703098881
1385055340232941575
1385055409245917188
1385055410365911040
1385055477499895810
1385055539370074119
1385055546445815809
1385055562778529792
1385055590658060288
1385055707721043971
1385055757205266436
1385055772170727424
1385055814713413639
1385055842089701376
1385055864789381121
1385055874633375745
1385055940207124482
1385055947530309634
1385055966434054148
1385055969516965895
1385055981298716674
1385056056628416515
1385056060264824836
1385056111557021698
1385056129684844545
1385056214120288260
1385056220835459073
1385056265513078785
1385056284865609730
1385056318952706050
1385056363932487681
1385056397969268738
1385056398334205953
1385056401135919104
1385056426234630152
1385056472548188165
1385056486825598976
1385056503728590848
1385056609089503234
1385056642878803976
1385056655939969028
1385056658691432452
1385056665255436292
1385056670175449090
1385056794653995011
1385056812181901312
1385057001793802248
1385057002624372736
1385057055682273283
1385057076334968833
1385057114998067200
1385057216101818370
1385057245457694725
1385057326378459139
1385057330245607427
1385057346842419201
1385057354719313921
1385057360369135619
1385057385383927808
1385057393709563911
1385057410654552065
1385057418292469763
1385057478841442305
1385057547296641027
1385057580746264577
1385057591156486144
1385057635729350658
1385057710828367873
1385057734626877445
1385057793569345536
1385057804487172096
1385057839455027201
1385057847797555211
1385057862825791490
1385057894115287041
1385057924347793410
1385057938029617157
1385057967037353988
1385058092006653953
1385058115868037127
1385058168569536516
1385058176333230081
1385058199196291079
1385058253135024130
1385058256834514947
1385058274718863360
1385058306155294722
1385058412371841024
1385058429652422663
1385058434345799682
1385058445099945992
1385058468466462722
1385058475974303779
1385058482777464836
1385058512326348807
1385058529489395715
1385058536707735557
1385058548950970374
1385058588691943424
1385058621403377666
1385058725166260232
1385058792644169728
1385058819575791617
1385058841361063939
1385058973062139906
1385058975025143810
1385059018138345483
1385059029664374786
1385059057933901834
1385059066632970242
1385059124648493059
1385059153853534213
1385059264130125826
1385059343062687753
1385059348301455361
1385059390626148353
1385059394040311808
1385059394610769923
1385059404899311623
1385059471928532994
1385059495865356288
1385059552371040257
1385059568758239233
1385059668544958465
1385059675167674375
1385059701130502145
1385059749692051462
1385059763654909952
1385059770839732224
1385059777643008005
1385059847075504129
1385059852599312384
1385059909222477832
1385059935633948674
1385060016118435840
1385060061312167938
1385060065015746570
1385060088948342784
1385060096825307138
1385060134704013313
1385060158641000448
1385060169420185604
1385060188693094406
1385060215192752130
1385060293764583429
1385060322759823363
1385060325167411200
1385060474782248962
1385060504264134660
1385060524640063488
1385060543560667138
1385060548430241792
1385060635164258307
1385060659088568323
1385060721126428675
1385060731763281920
1385060753032503297
1385060759705726986
1385060773127467011
1385060813938077700
1385060814290362368
1385060856657059840
1385060859727204356
1385060891230707715
1385060897467547652
1385061012202721281
1385061031320432641
1385061042254983169
1385061060978298880
1385061098366410758
1385061261377949696
1385061288976527361
1385061425060720642
1385061442924261385
1385061448016179201
1385061481067208704
1385061501061509120
1385061611933687808
1385061667634040834
1385061705370247168
1385061717378539522
1385061731614003202
1385061742351462400
1385061792456617985
1385061799515590658
1385061803672080385
1385061820793245703
1385061830641475590
1385061857443131395
1385061864531443716
1385061868876845059
1385061875961012226
1385061897125437440
1385061918193328128
1385061920647036929
1385061946861527041
1385061953350029312
1385061968902504450
1385062014192586754
1385062017548099585
1385062025102045184
1385062048531247114
1385062073214939137
1385062156434092038
1385062236696322049
1385062271207026688
1385062324931858432
1385062338085244935
1385062356040945669
1385062360784805888
1385062415285559300
1385062438291263495
1385062483010916354
1385062483384274944
1385062484621635584
1385062539810295811
1385062556667101186
1385062568667099140
1385062596487811072
1385062606122242052
1385062655992508420
1385062688968122368
1385062698753404936
1385062720848936961
1385062849857429510
1385062955012825091
1385062994837606403
1385063085749280777
1385063091579363328
1385063174949376001
1385063180125175816
1385063188715212802
1385063196973752327
1385063214946394112
1385063260488146945
1385063351722643456
1385063386732445698
1385063464142508033
1385063464763367427
1385063493875994632
1385063534837522436
1385063535080783872
1385063619759591431
1385063689611526147
1385063736210231297
1385063749011361793
1385063777763274752
1385063837997613060
1385063841206255618
1385063911167246340
1385063920424177670
1385063966616006656
1385063975860129795
1385063984966029312
1385063987587555330
1385064015358042112
1385064070064267265
1385064176134021120
1385064231930896388
1385064282220544014
1385064291485818881
1385064307759751171
1385064311912079364
1385064313501650946
1385064386444906507
1385064404094488576
1385064441453203456
1385064519152570368
1385064526312263682
1385064535069954054
1385064552480522241
1385064619283255298
1385064631094370310
1385064676417998851
1385064685754531840
1385064697498636288
1385064791744598018
1385064801563549701
1385064806353408003
1385064832647393289
1385064847063191555
1385064879799873538
1385065052064129025
1385065150751907844
1385065167180943360
1385065172100857862
1385065232431783937
1385065294587121668
1385065294763282432
1385065313969057792
1385065381224751113
1385065386509471750
1385065400594018310
1385065432483303428
1385065469728669698
1385065490112868352
1385065498698829824
1385065615753420808
1385065675501314049
1385065798939590657
1385065818292166657
1385065824264900608
1385065824315183107
1385065825023922177
1385065826517094403
1385065828526137345
1385065841616633856
1385065859966775305
1385065867181010945
1385065911141425153
1385065982486622210
1385065985615532032
1385066043996000257
1385066077181382656
1385066085226008576
1385066087264493577
1385066121401937923
1385066142339903488
1385066172471775232
1385066257918177280
1385066280084979714
1385066328365621249
1385066348166975488
1385066368823926785
1385066419923177472
1385066479373242368
1385066491012423687
1385066507894464513
1385066513238044673
1385066607131648002
1385066659413733380
1385066696592011264
1385066771766521856
1385066961453867009
1385066984405143557
1385067086859415557
1385067093817704448
1385067102302834688
1385067105314349057
1385067129247043588
1385067205549756422
1385067228777811968
1385067251934666755
1385067368691519490
1385067437259988994
1385067441353416704
1385067475872763905
1385067493576912898
1385067493832679429
1385067558500540421
1385067560857739266
1385067596651896833
1385067617946423296
1385067620056158208
1385067649453936647
1385067721809858560
1385067730097819648
1385067797399707652
1385067942497370114
1385067952890949634
1385068002656276484
1385068157577138178
1385068178217254913
1385068237751259138
1385068245527535617
1385068280457711617
1385068280742916098
1385068283280465922
1385068313487753220
1385068341828665344
1385068343451922434
1385068434380185602
1385068506417442821
1385068509894483977
1385068513237348355
1385068543344054275
1385068551367712769
1385068673057103875
1385068693319782402
1385068787452497920
1385068799951523841
1385068802652753923
1385068835301216264
1385068869765718017
1385068895640424450
1385068959104479232
1385068987982118914
1385069055397318656
1385069066507984902
1385069082802888709
1385069179406008320
1385069236121481220
1385069259953512451
1385069318325555201
1385069415411109889
1385069423510310912
1385069438580531202
1385069474169110530
1385069499318161409
1385069614527172614
1385069658827632644
1385069678616354816
1385069828147384322
1385069856874172417
1385069877652860932
1385069938617032708
1385069944631660545
1385069947798306819
1385070041050324993
1385070100210929668
1385070100970188802
1385070115402694656
1385070130628071425
1385070184067633160
1385070196747116545
1385070216271613956
1385070235716362242
1385070247795908608
1385070258386612227
1385070287029407746
1385070356298452993
1385070392629465088
1385070412405563394
1385070445138006018
1385070455762133004
1385070586368430083
1385070622665973760
1385070744544026624
1385070757139595265
1385070758414725121
1385070885631979523
1385070929936592897
1385070948509011969
1385070967806996481
1385070970151518210
1385070992360460288
1385071002405638144
1385071038120271872
1385071067400708101
1385071115412905984
1385071190042087426
1385071271449403396
1385071343927009280
1385071350252019715
1385071365859024896
1385071440769265664
1385071514588942337
1385071539226357760
1385071645795274752
1385071670310940675
1385071673037271040
1385071852507353089
1385071889186529282
1385071969293512710
1385071979691139073
1385072017695727617
1385072026650566665
1385072112747089920
1385072123711008770
1385072217164324872
1385072223694827523
1385072229554266112
1385072359569195016
1385072406558085125
1385072468285607936
1385072471204933634
1385072731251675139
1385072740055621632
1385072752319664128
1385072755951943684
1385072760834174979
1385072788562747396
1385072821496340480
1385072838277750789
1385072869701468161
1385072877624512518
1385072878039801866
1385072883832135682
1385072895156658180
1385072911673925632
1385072934318968839
1385072976085798913
1385072984898121731
1385072992129011712
1385072992565268487
1385073003185180673
1385073095476719616
1385073113440923650
1385073195947016194
1385073342366027777
1385073374150291459
1385073374330859520
1385073374351724549
1385073393456713732
1385073402881380354
1385073442047803394
1385073502596870145
1385073576601169922
1385073616560218112
1385073650257252353
1385073684721938434
1385073780154933252
1385073868826628100
1385073889546539010
1385074033234956294
1385074118370922500
1385074128512716803
1385074198024949761
1385074251124838400
1385074331819012096
1385074340308287492
1385074346528477187
1385074448034942976
1385074583280267264
1385074620252966912
1385074657263509504
1385074676142051331
1385074717913137162
1385074726540877824
1385074748929953793
1385074750687432706
1385074761743622145
1385074778273239046
1385074980904476672
1385075020142161926
1385075113922531333
1385075262325407745
1385075330218594307
1385075372669214721
1385075387462569985
1385075539308949504
1385075560578158592
1385075634603544578
1385075641209470978
1385075763066585091
1385075826253836289
1385075845233057795
1385075938996719618
1385076038435229697
1385076080227274753
1385076119133691904
1385076120194850816
1385076133515776003
1385076151803076609
1385076245382279169
1385076313078308865
1385076353704288257
1385076367751094273
1385076436457771015
1385076600258052098
1385076606897623043
1385076755963252737
1385076762292412416
1385076780441210881
1385076794777243648
1385076816306659331
1385076827824263175
1385076851324952576
1385076916353486848
1385076977552461826
1385077043826679809
1385077105889796097
1385077121819811843
1385077142384488450
1385077148176715783
1385077212517384194
1385077214325133314
1385077255441895424
1385077272810606592
1385077319832834050
1385077386073493504
1385077407133184005
1385077435692105729
1385077477316378634
1385077483792441347
1385077505237954561
1385077661500837888
1385077702600892416
1385077801628409856
1385077896453267456
1385077923649044480
1385078057879343105
1385078072261611521
1385078107200233474
1385078151299178497
1385078207825780742
1385078257578659841
1385078321189371904
1385078406233030662
1385078451443539969
1385078546943647744
1385078575938904067
1385078673989152770
1385078823272726531
1385078840981131264
1385078949412102144
1385079039594016768
1385079115989069825
1385079141867872257
1385079188856709127
1385079213892505600
1385079270742052865
1385079293055840256
1385079296448946176
1385079350647742464
1385079505878913024
1385079739547783169
1385079827238096903
1385079841226170368
1385079844787081216
1385079853897207809
1385079867583213569
1385079943520993281
1385079984897904641
1385079990681849856
1385079992477011969
1385080076350361605
1385080077336076289
1385080212275154944
1385080335755526144
1385080362049605633
1385080437534494722
1385080439514222592
1385080442425016321
1385080463497306114
1385080486666584066
1385080489288032256
1385080536981454848
1385080547031097344
1385080598532956162
1385080717286252544
1385080738782060545
1385080750341599237
1385080777164169216
1385080783501676546
1385080801868529671
1385080812937392128
1385080830003920896
1385080839680184320
1385080923595493376
1385080949969408001
1385080951294894080
1385080973545644035
1385081085638369287
1385081094555545600
1385081101362814977
1385081130421002242
1385081138897584130
1385081206849556481
1385081213929537537
1385081221567467524
1385081232183201794
1385081268635844611
1385081333706276864
1385081404233551873
1385081431471316997
1385081463050313737
1385081477893873667
1385081507535011840
1385081546542100483
1385081680940183556
1385081697604079616
1385081745079472128
1385081768202706948
1385081808883273730
1385081825165459456
1385081859051302917
1385081861819469832
1385081876591882241
1385082038378696705
1385082047006314496
1385082098239819777
1385082104619352066
1385082122608775169
1385082132285042691
1385082180079128577
1385082195379896320
1385082196919205893
1385082288241848321
1385082388678647814
1385082453585432576
1385082470622797828
1385082472023707648
1385082478956793861
1385082493947236354
1385082566588391424
1385082570321416194
1385082604983132160
1385082689846452224
1385082721614053377
1385082910886318081
1385082959628222466
1385082969736482817
1385083011922808832
1385083115488649219
1385083188419104770
1385083223961751552
1385083319642112000
1385083369982148613
1385083378249175046
1385083381583581185
1385083406321606658
1385083427574140928
1385083495266103296
1385083533761384450
1385083536080883712
1385083699184771072
1385083782538010627
1385083863756591104
1385083866411585537
1385083871256064000
1385083905494093826
1385083943641354245
1385083986448424961
1385084004798500871
1385084171882745856
1385084225544728576
1385084275066814465
1385084283451232258
1385084315378225152
1385084366468960258
1385084417404702722
1385084446160953347
1385084485562142721
1385084643272269826
1385084653460197386
1385084697701720065
1385084755994193920
1385084834779906049
1385084946344251392
1385084955760472067
1385084982960566273
1385084992800370689
1385085014602395649
1385085188326178818
1385085293733240836
1385085372124831745
1385085406044172290
1385085432476672000
1385085942231412737
1385085962099859458
1385086147441963011
1385086316895952898
1385086425666818049
1385086626922172417
1385086718882291713
1385086746577149955
1385086750163447808
1385086762624512008
1385086980556533760
1385086994682949634
1385087049104084993
1385087054913081345
1385087090250166275
1385087114161819651
1385087208567177217
1385087219904434180
1385087281128685568
1385087355476799488
1385087437932797952
1385087465850032133
1385087501770149888
1385087585043849217
1385087610318643201
1385087641436098561
1385087657106055168
1385087746662879237
1385087799184052224
1385087847674286081
1385087874622754821
1385088013982703617
1385088035348439041
1385088155209007108
1385088188897705985
1385088227606925313
1385088227963514883
1385088308791894017
1385088333567741952
1385088430267318272
1385088452396466183
1385088512198860806
1385088522772746242
1385088537524121600
1385088576053026816
1385088587843112960
1385088687923400706
1385088810195750912
1385088931897782272
1385089027691491328
1385089050424619009
1385089130745323521
1385089195971121153
1385089218536513539
1385089309443862529
1385089323968647168
1385089365718667269
1385089367044132864
1385089368361115650
1385089373713047554
1385089482156920835
1385089517313564672
1385089554466676739
1385089600276807682
1385089625224515587
1385089651011096581
1385089675010920462
1385089734125539329
1385089808561803266
1385089834612580354
1385089878120075264
1385089928820936705
1385090007988330496
1385090009997266947
1385090061230743557
1385090116536967168
1385090284841750531
1385090358774837248
1385090450953052160
1385090577683910659
1385090636924268553
1385090685137793026
1385090693295710210
1385090770089168898
1385090790981046273
1385090886242082823
1385090907209445378
1385091418184691714
1385091492415516672
1385091848709054464
1385091934033678338
1385092127412080640
1385092144369704961
1385092161910214657
1385092205862342657
1385092240607956994
1385092246924562436
1385092262829375495
1385092278436388865
1385092376759312385
1385092548100829185
1385092667114233856
1385092748303380485
1385092929287507968
1385093480251265026
1385093505635295234
1385093565253095428
1385093933722656769
1385094068573724672
1385094133308661760
1385094134495596546
1385094247536373760
1385094483390390274
1385094917001711616
1385094975805816833
1385095364794064907
1385095713697173504
1385096022292983808
1385096024465805313
1385096024977444867
1385096040454541312
1385096423914491908
1385096525936832512
1385096718249758720
1385096886202286086
1385097527075262464
1385097567395057666
1385097609145200640
1385097658033913858
1385098035504599040
1385098206305046528
1385098604063432706
1385098731066990597
1385099326335209472
1385099377656561673
1385099559592886278
1385099576965619718
1385099595126960129
1385099596280467467
1385099785624039426
1385100041786994688
1385100050217455616
1385100077555982338
1385100512966713346
1385100612359147533
1385100636916785152
1385100681401573378
1385100812267962369
1385100914797776898
1385100988319768576
1385101022377484288
1385101052513488897
1385101066040225792
1385101390775820289
1385101725015724032
1385101854783180802
1385101983053492224
1385102061998596098
1385102101404082177
1385102196463882242
1385102588773871616
1385102674643886081
1385102813601087488
1385102960703819777
1385103090823610371
1385103271782649856
1385103352141340672
1385103497167843333
1385103572430381058
1385103573369778177
1385103980494217217
1385104129446629377
1385104327124021251
1385104437442715650
1385104501611253764
1385104623233556481
1385104730020515842
1385105002868445186
1385105167364677639
1385105195705802752
1385105276374822913
1385105407178330113
1385105520730820613
1385105550850105349
1385105732023066624
1385105974898298881
1385106323411505155
1385106339861512194
1385106617289555975
1385107100204945409
1385107351083143173
1385107788549038082
1385107819809103875
1385108368432500738
1385108578210566144
1385108605226000386
1385108686494846979
1385108780640309252
1385108952669724676
1385109071536312322
1385109471689682947
1385109689797599233
1385109744222973952
1385110130308550658
1385110184012308482
1385110583352209409
1385110653510328322
1385110788667428864
1385110860495007744
1385111024689287169
1385111122177667073
1385111123251376129
1385111124018962434
1385111124731961344
1385111217816186881
1385111323663609856
1385111381100437506
1385111446875430914
1385111530786541571
1385111655898652674
1385111920869584900
1385111962930106368
1385112064989954051
1385112182715781120
1385112286289928192
1385112380456284163
1385112459183280133
1385112552410058753
1385112646605737985
1385112779045101568
1385112780756463618
1385113144599748609
1385113386829111297
1385113430844116995
1385113472254595074
1385113587786604546
1385113617847230467
1385113638403559425
1385113644778856449
1385113828774584321
1385113850094276610
1385114111403560963
1385114168056033281
1385114471320989697
1385114625113526274
1385114821025308673
1385114896816345088
1385114897021816832
1385114903107674116
1385114906903695361
1385114947902976001
1385115291248599044
1385115296801988609
1385115335976787975
1385115903457587202
1385115911921807360
1385116025281253377
1385116309277618183
1385116388994555906
1385116529348460544
1385116603424067585
1385116879627464710
1385117058287943680
1385117710904807424
1385117772791828481
1385117818715131907
1385118009073745929
1385118038631108609
1385118073296932865
1385118198215942144
1385118202296946688
1385118205182676994
1385118221750132736
1385118253878550528
1385118292399038466
1385118309410959362
1385118313785798658
1385118330722398212
1385118363664490499
1385118383058956289
1385118442425098245
1385118461114916864
1385118918197620737
1385118965282791424
1385119018626002945
1385119525511876612
1385119713064259584
1385119858527031301
1385119891401883648
1385119929922371586
1385120016446672897
1385120047031521280
1385120071559913475
1385120118221545472
1385120191449899010
1385120246823010305
1385120350988550144
1385120863872327682
1385120878896181249
1385120936379170817
1385121156596965379
1385121204030382081
1385121217343016960
1385121291632619523
1385121405637959680
1385121418120138753
1385121603021910019
1385121725147492357
1385122208826150916
1385122311099936773
1385122446345261057
1385122448895512577
1385122460119490567
1385122497369100288
1385122508714749952
1385122514393784321
1385122523059310593
1385122698041438210
1385122736004009989
1385122847564222464
1385122880837586948
1385122928543604737
1385123042297274372
1385123156478906368
1385123189844586497
1385123236468379651
1385123375333347328
1385123473148760068
1385123513699295233
1385123889450307587
1385124093486379008
1385124144719798273
1385124376702595075
1385124475541368835
1385124630298570759
1385124659369283584
1385124751924924423
1385124782514049024
1385124882367893504
1385124932749758464
1385125466332401668
1385125886740008961
1385126102750961665
1385126222938660872
1385126224259960833
1385126224419180545
1385126224482164737
1385126224528232450
1385126254526013443
1385126257080348673
1385126281734328326
1385126478531137536
1385126538631434243
1385126625612689417
1385126649759424513
1385126818479493121
1385126896552267776
1385126992878751745
1385127004610207747
1385127055323541504
1385127157316431873
1385127160331964423
1385127480109924352
1385127697341366274
1385127722691842057
1385127766799097858
1385127804375810049
1385127813397757953
1385128026191679491
1385128052414427136
1385128053450461184
1385128095464796160
1385128138821283843
1385128164742123520
1385128300490772480
1385128414970105858
1385128479092531203
1385128494955442178
1385128596046585856
1385128661712576512
1385128804159561729
1385128875458506754
1385129031587278850
1385129109567774721
1385129195563532295
1385129273103634432
1385129287368560640
1385129323108184065
1385129361171488769
1385129489445830656
1385129569179553792
1385129802454212610
1385129811027369986
1385129868657049600
1385129944364244995
1385129985913114624
1385129996176474113
1385130041189806080
1385130246471553024
1385130643982520323
1385130759820759041
1385131111525896192
1385131330246123526
1385131364887023616
1385131423594598401
1385131472579932161
1385131559221665792
1385131567987691521
1385131631359320067
1385131770333569024
1385131819364913157
1385132008691703812
1385132257493520386
1385132258269581315
1385132340402442243
1385132355074076672
1385132443712229377
1385132512779792389
1385132562302087168
1385132589028200451
1385132604861599744
1385132769257340928
1385132833698684928
1385132891043213312
1385132927017750529
1385133024451469314
1385133043053105153
1385133293767696391
1385133383903240195
1385133426882359302
1385133555853008896
1385133771188486144
1385133772660781058
1385133833574621184
1385133840289738754
1385133878113972226
1385133894748577792
1385134062705299456
1385134216497750017
1385134274194690049
1385134356398759945
1385134639120011267
1385134662801051651
1385134691972440065
1385134854291984385
1385134895631060992
1385134969924857857
1385134976690278400
1385135056549732354
1385135113160339456
1385135167350706176
1385135325899632640
1385135340457975808
1385135545169416194
1385135546679414786
1385135717219815425
1385135783762345987
1385136151825195011
1385136164349390849
1385136242980007936
1385136364262502404
1385136367550844931
1385136521154646016
1385136661198147587
1385136668508819457
1385136870808596481
1385136925946822656
1385137031249072128
1385137163692564481
1385137175268839424
1385137194201976842
1385137225097228289
1385137250887995393
1385137356878094343
1385137502521110532
1385137546175205379
1385137729391009797
1385137922815401987
1385137987168702464
1385138087899107330
1385138100360388608
1385138149635072002
1385138240462667779
1385138249534951425
1385138369777262595
1385138400525758466
1385138449510961154
1385138498865336320
1385138667434434561
1385138689471401986
1385138713299144706
1385138841217085443
1385138996716650501
1385139092464275456
1385139172776816640
1385139354436308993
1385139505284407297
1385139527753375746
1385139561760706560
1385139666517639169
1385139708024565767
1385139744170983425
1385139811053342721
1385139846088429571
1385139865021526017
1385140054214025216
1385140062476668932
1385140246573195264
1385140317981224961
1385140512097775616
1385140575603724288
1385140612857540608
1385140663931621382
1385140685343449089
1385140722639282177
1385140817476689920
1385140819104043009
1385140918672662528
1385141015984680963
1385141126986874880
1385141137011269632
1385141320868630530
1385141324463099907
1385141325360730113
1385141327365509120
1385141382080258051
1385141416679165953
1385141446672535554
1385141741229989889
1385141768878891009
1385141789049425920
1385142103039045633
1385142150648713217
1385142235260403713
1385142265266454530
1385142299336876033
1385142338767532032
1385142373118844930
1385142409567297536
1385142453355778050
1385142552798576640
1385142783413915648
1385142900661555200
1385143121630175234
1385143269680627712
1385143416368009219
1385143499419443200
1385143541106716674
1385143557451915264
1385143678763683840
1385143779506769921
1385143781838757889
1385143910431920129
1385143934771470337
1385143976873938944
1385143980925538304
1385144037024411653
1385144143630979072
1385144150258032643
1385144340838686720
1385144345762930690
1385144517221883905
1385144653641625610
1385144755181563913
1385144821912940545
1385144875109203970
1385144914019823617
1385145244744708096
1385145273329065984
1385145276055306240
1385145495241125890
1385145614871191556
1385145693266870276
1385145957172621317
1385146091352600578
1385146196843540492
1385146384916090881
1385146415882686468
1385146527207858182
1385146546765930498
1385147112485277696
1385147134354333703
1385147183805075457
1385147221654573057
1385147223189622785
1385147308099129347
1385147397479731200
1385147421915766792
1385147568443715585
1385147596759568385
1385147773851521025
1385147827177857025
1385147869083148291
1385148043427725313
1385148108867346432
1385148158544683009
1385148192937975810
1385148320427954176
1385148348928184323
1385148402665730051
1385148510358720513
1385148653799677953
1385148674926206977
1385148763568750592
1385148793688137728
1385148844804087808
1385148870485848065
1385148870791991296
1385148912797839361
1385148917730402307
1385149007677300738
1385149047527415812
1385149189022158849
1385149227064602624
1385149240637263878
1385149270362402816
1385149298413916164
1385149307456823297
1385149325525897218
1385149358820188164
1385149380039151618
1385149467721076738
1385149523878719489
1385149575976136706
1385149586700972035
1385149677289549827
1385149782944006144
1385149791861157888
1385149814900412417
1385149944672174080
1385150317545803778
1385150388572233730
1385150392544202754
1385150474899255298
1385150499360542721
1385150545938288645
1385150560299540483
1385150717296513024
1385150787291164674
1385150806983327746
1385150828508553216
1385150909345325056
1385150952664092673
1385151154758164482
1385151200870420482
1385151235737665536
1385151387202310151
1385151387214831621
1385151387365896198
1385151391463878657
1385151415002320898
1385151437274030082
1385151458895597569
1385151523924054019
1385151525601873921
1385151655528833027
1385151656577232900
1385151666090123266
1385151735690301442
1385151763385290753
1385151792888098819
1385151820738306050
1385151923775545352
1385151936488411140
1385152039437623296
1385152039743799300
1385152087852466177
1385152154785222658
1385152253271711746
1385152309685018624
1385152316836302849
1385152374944174083
1385152558830915584
1385152908824567808
1385153013640269837
1385153057395298304
1385153216208384003
1385153261615857666
1385153381631676416
1385153414821072905
1385153477857447936
1385153570492895232
1385153571616919555
1385153641288511490
1385153662419353601
1385153740542468096
1385153791352258562
1385153906825703428
1385153978313461764
1385153981266239488
1385154096559230976
1385154178075533312
1385154308849688576
1385154363887398912
1385154482296786945
1385154505415827456
1385154577004118017
1385154601008209925
1385154675067039744
1385154869229666304
1385154960111853569
1385154964004249600
1385154968328581121
1385154975899213826
1385154995297849344
1385155027984162817
1385155071067951105
1385155110179852289
1385155130622980097
1385155183802470402
1385155249892204544
1385155272197476355
1385155336856813569
1385155467412918274
1385155488464216067
1385155546957897735
1385155574493552641
1385155665832955906
1385155771084779521
1385155780341608448
1385155787849453573
1385155852148039680
1385155937774747648
1385156033752993795
1385156164422406147
1385156181933449219
1385156353979736064
1385156385751535617
1385156394165407746
1385156422632034304
1385156425404538880
1385156427006636035
1385156474293395461
1385156488793055240
1385156524511797248
1385156602685280256
1385156765197668354
1385156868495093762
1385157008421265408
1385157015157231617
1385157032509063173
1385157147386945542
1385157313728634882
1385157322675216385
1385157332796121090
1385157344317804546
1385157367759843328
1385157398319583235
1385157427415470082
1385157428090650626
1385157520046632960
1385157571695288321
1385157719036993537
1385157795419353093
1385157899450789888
1385157909940740096
1385157958540009474
1385158066979545088
1385158068363677700
1385158074864914435
1385158085128380416
1385158184210415616
1385158202740944907
1385158332198043648
1385158382890401794
1385158507046084611
1385158509440995330
1385158594761531400
1385158714844401665
1385158776408399875
1385158881370906626
1385158937293443072
1385158953772933126
1385158987033763843
1385159044780810242
1385159090763190272
1385159117661249537
1385159286700052481
1385159609359470597
1385159703483850753
1385159810870616064
1385159832362225664
1385159887752138752
1385160042266124288
1385160074918825986
1385160102362091520
1385160240283492354
1385160322596679680
1385160421313859586
1385160422081376267
1385160478150864900
1385160492432257024
1385160704399970304
1385160819198078977
1385160846083506177
1385160857626292225
1385160972093034499
1385161123645861890
1385161173125980164
1385161232018255873
1385161262275956738
1385161268819120129
1385161281653649409
1385161325811093508
1385161367553036290
1385161427539877889
1385161453439700996
1385161453519269895
1385161457155809281
1385161467838803968
1385161493184909312
1385161519562989568
1385161655420690436
1385161720864333825
1385161956898877440
1385161992483311618
1385162106455183361
1385162174402813956
1385162281747730434
1385162352291614721
1385162510555308033
1385162571884417024
1385162650955493376
1385162682970554370
1385162906564706306
1385162980724117505
1385163146281750535
1385163185204998145
1385163317761740800
1385163413723271169
1385163432576622592
1385163454215081984
1385163465191567367
1385163635757096966
1385163826866368516
1385163971271938048
1385163972588961794
1385164245965361152
1385164320485617666
1385164408146571264
1385164487712518144
1385164499804692481
1385164522651070465
1385164788448342016
1385164806798336000
1385164928131207169
1385164934137450497
1385164965137506310
1385164967675039744
1385165175221850118
1385165228518764544
1385165377567662080
1385165441040015361
1385165454105251851
1385165479711584256
1385165575723249666
1385165637065052165
1385165684800425990
1385165685295362049
1385165797123895297
1385165933644337153
1385165936215404547
1385165947133206528
1385165957996457984
1385165993610293249
1385166008751640579
1385166016708235264
1385166100694974465
1385166140436062208
1385166160379981832
1385166177635291139
1385166180239937540
1385166218265600001
1385166292215373825
1385166364336349186
1385166417113276423
1385166486680051712
1385166486818500608
1385166664480743427
1385166779627020288
1385166818478903297
1385166840180117506
1385167008279506944
1385167124386168833
1385167226366484480
1385167278417797120
1385167313465446403
1385167348630528002
1385167368238870529
1385167430683594757
1385167526750003203
1385167658228801542
1385167667628216323
1385167744992120834
1385167745021476868
1385167785874149377
1385167896868007936
1385167947493150720
1385167968208887808
1385168012127375360
1385168013129920514
1385168141475532804
1385168145481142272
1385168226015907841
1385168254566555655
1385168320496799744
1385168333281038336
1385168353703116802
1385168425790722048
1385168500042330116
1385168514919579648
1385168518023372802
1385168607437627394
1385168633702322179
1385168644229971971
1385168700660019201
1385168730729164801
1385168790946820098
1385168800870506499
1385168816993406979
1385168821028278272
1385168860622557188
1385168921683185664
1385168941782347776
1385168943011225602
1385168979791122437
1385169072091017217
1385169154022457345
1385169233047400453
1385169273258131457
1385169308179914753
1385169420306116612
1385169449620320262
1385169566339371009
1385169669720510464
1385169746887385092
1385169769691852802
1385169787215613953
1385169797630119936
1385169800851296260
1385170086051385355
1385170150454878211
1385170193303941120
1385170209951072256
1385170211586854912
1385170229811159042
1385170256382025728
1385170261478019075
1385170346190458880
1385170367229022209
1385170382660018177
1385170399323951106
1385170406651346945
1385170416210092033
1385170422270988288
1385170442214854656
1385170447545798659
1385170448401506306
1385170489849622540
1385170539879313408
1385170624566472704
1385170625933815808
1385170636717400069
1385170639141576706
1385170641003888641
1385170678802960384
1385170719185776649
1385170765192974338
1385170768238088192
1385170823259041792
1385170887465385985
1385170958462431233
1385170977521348608
1385170982244130816
1385171000959160321
1385171017576943616
1385171099214884864
1385171110417870849
1385171154885914626
1385171274863980546
1385171312566493185
1385171331189202946
1385171361069473793
1385171389443977219
1385171394716123136
1385171416665006080
1385171423900098564
1385171434926915585
1385171455428734976
1385171492770652160
1385171508583088128
1385171514937552896
1385171519991652354
1385171522126434304
1385171527809699850
1385171529839747072
1385171538463371266
1385171580758626306
1385171602665582592
1385171608680255490
1385171669057220608
1385171727693537282
1385171735054532611
1385171763546529793
1385171787525222403
1385171791887454208
1385171803455246336
1385171865719742464
1385171879317671943
1385171893033082880
1385171991674621953
1385171992794521605
1385172027284328449
1385172084524032000
1385172094883823621
1385172109484306432
1385172127838507012
1385172152626958344
1385172173829050369
1385172215281369088
1385172228854124545
1385172278418288640
1385172279131353090
1385172293274546178
1385172310576050179
1385172314636095491
1385172402246721539
1385172405065338880
1385172432529539075
1385172526897238020
1385172590042492928
1385172608673587206
1385172624234459142
1385172634728599553
1385172708271460354
1385172794577666049
1385172797719257088
1385172799157903361
1385172807257141248
1385172814785826816
1385172817587720192
1385172826018172930
1385172952010956803
1385173020906557442
1385173071695319041
1385173121355984897
1385173131338334212
1385173219863322624
1385173260455849986
1385173376919015424
1385173419671625728
1385173424616652801
1385173491880714242
1385173558893101056
1385173583534624768
1385173619920211970
1385173621321224193
1385173817069293568
1385173822639419396
1385173854788653061
1385173880059351040
1385173880470392833
1385174075778244610
1385174118069329923
1385174180648398854
1385174208603430912
1385174443035615235
1385174508412227586
1385174593715965954
1385174643624103937
1385174727254290432
1385174787899764737
1385174806123925504
1385174946922573825
1385174952635211776
1385174992095256576
1385174993609318401
1385175252691456003
1385175262308995074
1385175269460283392
1385175310111412228
1385175350737620995
1385175458984054786
1385175464147292163
1385175499190718466
1385175500759474177
1385175631697174529
1385175663628406793
1385175684063059969
1385175911281070081
1385176078524760065
1385176248201121792
1385176402060877826
1385176465302507522
1385176520965206018
1385176546604994560
1385176552980111363
1385176553030516738
1385176573616214016
1385176673398710272
1385176726402109442
1385176858661117954
1385176895633989632
1385176914814545923
1385176958498189316
1385176991545036802
1385177021303574531
1385177066111442945
1385177073271152642
1385177075238248451
1385177092791414784
1385177185644843012
1385177292943597573
1385177312044453889
1385177412426682369
1385177651543953410
1385177800261308422
1385177929697607682
1385177979865731079
1385178066822078468
1385178135579303936
1385178189652275204
1385178235852439553
1385178320564801538
1385178385287102465
1385178429818118145
1385178501985177601
1385178523745259520
1385178545031372800
1385178618817613827
1385178873038528512
1385178922023886848
1385178936569643008
1385179012515999744
1385179070233673728
1385179070581809152
1385179088155992072
1385179165905858566
1385179170444095491
1385179170905407488
1385179366510968840
1385179376317313024
1385179378447966214
1385179466289319937
1385179556743614466
1385179685374644224
1385179695998595074
1385179708661374979
1385179715397472266
1385179716840165379
1385179726994714626
1385179784687230976
1385179836856029184
1385179995660865537
1385180014648471552
1385180060987138048
1385180170722623491
1385180190825873408
1385180328004816901
1385180356782006275
1385180477955379205
1385180563829628933
1385180587493892099
1385180663431716867
1385180818633547777
1385180829685538820
1385180880130478080
1385180991686430721
1385181029833617409
1385181046677950465
1385181065510273024
1385181076604207105
1385181097470873601
1385181101178642436
1385181223060971524
1385181350039261186
1385181386206814209
1385181500648431619
1385181514598596613
1385181516024668161
1385181572706586626
1385181586249830400
1385181607812861953
1385181666088427521
1385181863216549888
1385181883449884678
1385182005667696643
1385182026546958336
1385182062215372801
1385182093852950538
1385182095882997760
1385182169891545088
1385182176896077839
1385182198261768193
1385182371306164225
1385182396920832000
1385182420685709314
1385182498615873539
1385182563430449155
1385182588210401281
1385182665456893952
1385182668233576448
1385182704577167365
1385182732951736321
1385182815210323971
1385182844528496640
1385182911029198850
1385183004759412750
1385183009016631296
1385183014687322113
1385183037063897088
1385183155477532677
1385183156135817217
1385183172468617223
1385183429671759872
1385183476178198532
1385183485837651975
1385183670475055104
1385183826733846530
1385183963128508417
1385184025258627072
1385184026709856259
1385184041348042752
1385184238706769926
1385184674117472263
1385185221130194944
1385185349077450756
1385185391041564672
1385185410364710915
1385185424939814913
1385185536944574464
1385185603269111808
1385185823616757780
1385185892260847616
1385186015590158336
1385186078118879235
1385186385410371584
1385186866845081607
1385187234022895622
1385187255929683971
1385187299244322818
1385187446388891650
1385187540378980358
1385187588764573698
1385187877617811456
1385187994118893573
1385188050007887875
1385188221559218178
1385188275967692808
1385188281453842433
1385188329830985733
1385188359123910656
1385188585725378568
1385188632714174466
1385188643027968001
1385188842479759367
1385188851623288832
1385188862163656705
1385189003402563588
1385189057882320896
1385189122059345928
1385189129080692738
1385189135988760584
1385189163822206976
1385189190661459969
1385189254108700678
1385189325999124488
1385189340083597317
1385189459038195714
1385189608036651009
1385189618551820289
1385189718783143943
1385190098208280588
1385190322544779269
1385190394514788354
1385190394791567364
1385190622563295238
1385190966915633158
1385191010142236672
1385191130137047042
1385191177515933708
1385191261167144965
1385191656509427718
1385191995468042240
1385192155807817739
1385192550592663552
1385193137438613506
1385193834502660097
1385194170084564993
1385194690811777024
1385194708725649411
1385194728417865728
1385194756179906566
1385195686099095554
1385195823856820229
1385196062525247493
1385197076343054336
1385197216596430856
1385197312411066369
1385197457609531392
1385197609837531143
1385197702791802886
1385197903199703040
1385198149212459011
1385198179814199296
1385198311922147337
1385198705540730881
1385198720644386823
1385199202372706310
1385199210878881795
1385199916276977667
1385200070153363462
1385200577068609544
1385200621687492613
1385200660753301504
1385200987875332098
1385200992405245952
1385201091256758274
1385201252724772866
1385201591565885444
1385201963432923139
1385202229326536712
1385202331776585730
1385202528359440391
1385202595095097369
1385202671435583488
1385202685016686593
1385202800234217472
1385202953255010304
1385203057630322691
1385203145807179777
1385203168502558723
1385203878044524550
1385204115257663490
1385204279745683472
1385204292521537542
1385204737755201541
1385204756570902535
1385204766037446658
1385205494101385223
1385205544231788563
1385205701639917573
1385205774830473218
1385205848293756933
1385206125876977668
1385206590438006792
1385206694066720768
1385206718695628808
1385206793685684226
1385207213791252482
1385207255512096772
1385207507044421634
1385207572618174464
1385207975825092609
1385208157375320068
1385208296940916736
1385208341182431241
1385208664575856641
1385209032466706432
1385209038200348672
1385209336473997315
1385209338214637570
1385209368258310154
1385209589302403076
1385209772203552770
1385210072964419584
1385210121526120451
1385210527173935109
1385210528516038659
1385210693587247108
1385210736528474112
1385210975423434752
1385211205862690818
1385211270765367299
1385211436192862208
1385211538622095361
1385212342984654849
1385212620492378117
1385212794832818176
1385212891440295944
1385212923446956034
1385213036353490944
1385213043953516544
1385213075435966465
1385213114778521603
1385213154465128448
1385213196286500867
1385213248216129541
1385213399978610690
1385213408883224576
1385213456014577665
1385213630942269444
1385213675351560197
1385213709082107904
1385213795489009670
1385213838484807682
1385213923985608710
1385213949633863684
1385214719611523078
1385214732441948160
1385214784661037062
1385214805233999872
1385214966748286981
1385215054384144384
1385215127251824640
1385215283485421568
1385215339361968128
1385215526734073856
1385215678249119748
1385216083871870980
1385216099248230405
1385216122069389312
1385216165018955783
1385216346275913731
1385216457554874372
1385216566384545794
1385216566862680064
1385216749642133511
1385216778222161925
1385216819523330050
1385216921407262730
1385217024264048640
1385217029372882948
1385217114055790598
1385217177696055297
1385217635571355649
1385217704504799232
1385217769390546949
1385217877385621504
1385218077185486848
1385218139659583498
1385218756318748677
1385218766720667651
1385219054890364932
1385219152995028996
1385219205637844992
1385219377386119168
1385219494818324482
1385219830555439107
1385219999237697539
1385220167509159937
1385220336048803842
1385221054088482835
1385221142181515266
1385221254437867525
1385221399850229765
1385221422566592514
1385221587696332805
1385221910057848839
1385221920199675913
1385222190803587073
1385222240480862208
1385222267966271496
1385222274152898561
1385222404998377472
1385222538310082565
1385222559730442252
1385222599052087300
1385222599479762949
1385222629410414601
1385222723530592258
1385222800655405067
1385222887146205185
1385223101194059777
1385223591168520193
1385223921801236484
1385224005951631361
1385224039703138307
1385224184314449921
1385224225598976000
1385224327319232514
1385224328862646273
1385224368305836036
1385224369102856206
1385224371313074177
1385224667737231362
1385224704655601669
1385224767893037057
1385224866014564354
1385225269452156938
1385225361911287812
1385225544678129675
1385225700764962819
1385226221466882051
1385226630801543170
1385227851411169281
1385228392354631685
1385228487204777992
1385228587553394688
1385228603491864581
1385228647662039042
1385228795263823874
1385228938482528259
1385229086327549956
1385229126487924741
1385229298647326722
1385229380268568580
1385229537659736066
1385230078070644739
1385230291892162563
1385230454744358915
1385230507789721602
1385230622059290628
1385231877422948352
1385232015566462981
1385232240855195651
1385232399185891332
1385232572297486347
1385232940485992448
1385233018114224131
1385233281365520385
1385233462991413252
1385233464115568643
1385233489226838017
1385233505089634304
1385233834313199616
1385233974637826052
1385234472002637832
1385234499395592196
1385234567091662850
1385234758037393411
1385234761334104067
1385235113005359113
1385235940701085698
1385236878400622595
1385236913167208455
1385236993249103876
1385237026522505218
1385237277232844802
1385237582229999621
1385237681207222273
1385237936648642575
1385238003342364673
1385238366938189825
1385238437779976198
1385238759160037378
1385239082410852357
1385239423722430467
1385239470631436288
1385239764513734661
1385240140034060294
1385240152096788482
1385240335111004162
1385240388496199684
1385240477759418371
1385240749592260610
1385240894635454464
1385241227738685445
1385241242901098497
1385241253504245763
1385241467061420032
1385242116725616641
1385242483337093123
1385242602539294723
1385242631027011586
1385243005150535685
1385243326434140168
1385243621209821186
1385244390113808387
1385244702329425921
1385245367680348160
1385245476509954051
1385246655675609092
1385246734130061314
1385246799494008834
1385246881782059009
1385246887414992903
1385246953546649605
1385247152591577090
1385247430329966595
1385247607509954570
1385247746614042628
1385247965066014723
1385247969453219843
1385248270574923776
1385248525156560904
1385248610116382721
1385248744359272448
1385248849321676805
1385248899259056129
1385248959229222916
1385248994633273347
1385249088346771461
1385249321793249285
1385249584121880579
1385249591331901444
1385249603864469506
1385249815651504136
1385250099639500809
1385250267659182087
1385250328963129348
1385250333404897282
1385250559490408448
1385250586916950020
1385250691074170880
1385250726830612484
1385250792807059460
1385250983668817923
1385251127717990403
1385251164216770561
1385252776087756805
1385253356956962817
1385253682908909573
1385253738886139911
1385253894675222535
1385253976753455106
1385254012417724421
1385254030943862786
1385254466681655303
1385254568972402690
1385255317618008065
1385255960072146952
1385256044272787459
1385256344056385536
1385256453213151232
1385256719639621632
1385256785666363397
1385257155448774656
1385257395732074497
1385257460814991360
1385257526774702083
1385257707939172353
1385257725471375364
1385257808887697410
1385257967801536513
1385258184076582918
1385258342545645570
1385258781374828551
1385259118793957381
1385259242794401797
1385259429705158661
1385259689055817743
1385260294402871296
1385260498170548227
1385260609520943107
1385260814475661317
1385260902879047689
1385260904359645191
1385261184379674629
1385261527117271044
1385262121752043525
1385262125426167811
1385262227045953540
1385262320037810176
1385262432201887746
1385262474971254786
1385262727409639429
1385262972373712899
1385263073397772292
1385263240645578759
1385263297621016577
1385263592765890562
1385264542582808578
1385265618862104580
1385265892234203138
1385265892318187522
1385266190931660803
1385266193938984967
1385266753698213896
1385267015116537867
1385267149971808259
1385268026061336580
1385268300779823107
1385268311391363072
1385268405306109956
1385268489942970369
1385268559694213121
1385268623841890308
1385268971604226058
1385269167218114563
1385269524002484229
1385269668504612869
1385270140732940293
1385270141538037763
1385270187893698571
1385270220869283840
1385270476394598403
1385271098607013888
1385271099932434432
1385271393126948875
1385271411489529860
1385271449443766280
1385271479412068358
1385271929448419333
1385272403132026885
1385272461621596162
1385272903940325377
1385272982541570051
1385273744315330560
1385274587101990914
1385274817654534147
1385275182974214153
1385275741001199616
1385276161907961869
1385277198702202884
1385277686373888002
1385277784357052419
1385277832021037064
1385277997587042306
1385278418774892547
1385278848779051008
1385278937551491072
1385279284441452545
1385280092079800322
1385280178759290880
1385280857842323456
1385280991292313603
1385281420961136646
1385281947853721601
1385282298795417607
1385282355091308546
1385282868251922433
1385283389285142529
1385283468985257984
1385283508080365573
1385283801400717318
1385284363080830976
1385284464927035393
1385284765977223169
1385284865952829441
1385285096123486209
1385285488651681793
1385285619769921540
1385285818760192009
1385286181861175299
1385286206221602816
1385286432776982530
1385287452030611456
1385288540846764039
1385288576053694467
1385288802227396608
1385289223541039106
1385289268038443014
1385289367103713281
1385289817798422528
1385289954054615051
1385290403478392833
1385290613302648838
1385291492537864192
1385291887205097473
1385291941051572227
1385292329045614593
1385292448675545088
1385292562706042881
1385293305311899654
1385293391219593222
1385293489387282432
1385294353871081473
1385294961671872514
1385295562287812618
1385295600879652864
1385295903821549570
1385295986910695428
1385296091139166209
1385296608548462592
1385296840971665412
1385297441633800195
1385298182918311943
1385298387688382467
1385298500297105415
1385298574846611458
1385298719034253313
1385298949964279809
1385299178671202306
1385299349907951617
1385299827739828226
1385300014424076289
1385300342720634886
1385301180214038540
1385301383050665985
1385301529096228866
1385301896248938504
1385302242253697028
1385302331084918784
1385303499924287490
1385303587996282880
1385303861737443336
1385303887624683525
1385303956499353604
1385304114649833478
1385304188494745600
1385304525817278465
1385304526027173892
1385304707024015362
1385304828591497219
1385304852331438081
1385304898925998082
1385305179612975105
1385305628458065923
1385305628990660608
1385306070801911809
1385306262519259139
1385306338549456896
1385306578547523588
1385306763650609160
1385306769308717060
1385306774803304451
1385307186927132679
1385307289448558595
1385307417479634948
1385307454221688832
1385307516175896576
1385307583687237633
1385307727614910465
1385308446736752652
1385308500537090048
1385308640622653441
1385308722893819908
1385308761313718285
1385308810554785793
1385308870147461123
1385309101241077763
1385309425892687872
1385309862209409026
1385309902319521797
1385310064060284931
1385310495301844995
1385310703549038595
1385310782326407169
1385310815360794633
1385310837779357706
1385311111885561858
1385311294908207108
1385312021189644293
1385312028986851331
1385312503182237702
1385312514544709633
1385312649471213572
1385312744262541316
1385312748754591752
1385313031660490757
1385313166729613323
1385313366235881474
1385313850686427138
1385313943443415044
1385314106509611008
1385314364648050696
1385314591132065798
1385314655606816774
1385314728101269509
1385314966505459713
1385315213105270784
1385315227512676353
1385315661425954816
1385315662222999557
1385315864740773900
1385315992834805773
1385316499838078980
1385317126022565894
1385317244591353862
1385317352191844353
1385317358777012226
1385317416666812423
1385317872004706316
1385318075549978625
1385318157926162443
1385318338222596099
1385318554212442112
1385318567558664194
1385319410534174720
1385319461721460738
1385319512204091393
1385319841985404931
1385320138124283914
1385320273860251653
1385320343322116099
1385320454190243845
1385320771036368905
1385320886518026241
1385320975559012355
1385320990817804290
1385321003992051712
1385321305076011012
1385321570604929030
1385321590812983299
1385322317367160832
1385322676185567235
1385322903600865283
1385323194601680897
1385323535074271240
1385323667215761413
1385323785734266882
1385323808840732679
1385324158909812739
1385324197824581635
1385324297904865282
1385324382424342531
1385324943961993216
1385325204516261889
1385325257851129860
1385325354131234817
1385326112981540866
1385326159827816449
1385326444423876610
1385326526426755073
1385327143563972616
1385327260727746560
1385327520757731330
1385328120950005760
1385328196460191745
1385328281134698496
1385328578146021378
1385329250144763908
1385329255559712770
1385329516801843201
1385330092805603328
1385330253791481858
1385330254068207616
1385330264658808834
1385330300067229698
1385330302818689028
1385330402722816009
1385330493239988229
1385330524277854209
1385330536806240256
1385330550332919813
1385330601012645889
1385330608033914887
1385330680893161472
1385330703844450305
1385330716230225921
1385330801571684360
1385330920014729229
1385330990487416833
1385331034108174338
1385331172520206337
1385331258285334534
1385331278162145282
1385331317819297793
1385331329026375689
1385331344725712896
1385331368960331780
1385331426237759491
1385331443728064519
1385331446643007488
1385331450883551240
1385331522580979719
1385331547558064129
1385331557246849025
1385331608920678406
1385331641565028354
1385331652356886535
1385331654605033473
1385331672556711944
1385331701786816512
1385331807533637641
1385331808531791872
1385331854182690821
1385331858909585408
1385331910528864259
1385331948877455360
1385331983606325248
1385332019404558337
1385332050144727041
1385332056805216268
1385332065822969858
1385332103080988673
1385332146924052482
1385332494740885507
1385332727931625474
1385332730716725251
1385332923042238466
1385332926812938242
1385332937042894848
1385333094035623941
1385333140743405583
1385333330338631681
1385333529177886723
1385333765866668039
1385333766852386818
1385333781066878983
1385333789770063874
1385333898364719106
1385334075964153859
1385334124324474880
1385334221435199490
1385334260035428359
1385334388569907211
1385334406517301250
1385334622117109765
1385334675229618185
1385334753793019908
1385334880276463626
1385334888115707909
1385334900979638273
1385334955425796101
1385335097914712065
1385335264181096454
1385335294778658818
1385335313233584137
1385335335920488448
1385335460516540422
1385335518326628353
1385335559577559044
1385335672484024321
1385335758312124416
1385335800376827905
1385335843230031877
1385335863434006537
1385336008393232388
1385336188106596352
1385336202757345283
1385336260722577413
1385336357908893699
1385336671294660618
1385336981731823616
1385337099323334662
1385337470838091788
1385337551314112514
1385337614178217986
1385337640187142144
1385337690581835777
1385337716305506314
1385337782827163654
1385338222872604678
1385338280904953860
1385338371627786244
1385338487545778177
1385338604700901385
1385338638070910981
1385338828588716037
1385338876575748101
1385338919231819776
1385339098450255873
1385339378638245892
1385339483395067907
1385339616073601031
1385339649980239880
1385339921725022209
1385340139296145408
1385340274667364355
1385340299149561856
1385340374902874112
1385340501637976064
1385340631430705153
1385340697205743616
1385340719569809411
1385340744764903426
1385341004195274762
1385341049304985604
1385341397268668417
1385341425232060430
1385341535416377348
1385341725997162499
1385341844024868866
1385341963424178179
1385342052347654146
1385342081829412874
1385342097046347784
1385342323467472900
1385342446876364812
1385342529923653632
1385342761101053956
1385342820219822086
1385342906731536384
1385342966370340866
1385343097845030913
1385343172759461889
1385343205215031296
1385343545104605185
1385343556135567367
1385343677913079810
1385344085775556609
1385344833376727042
1385345059361632260
1385345164835794948
1385345191763005441
1385345265218039819
1385345404389240834
1385345466485944323
1385345471380553733
1385345914081005573
1385345958762844161
1385346093328764930
1385346130029027329
1385346174253768711
1385346348510334981
1385346383310381057
1385346517788209154
1385346550109458435
1385346609437986816
1385346862874497026
1385347376047693824
1385347393458221062
1385347470092349441
1385347557346451459
1385347625780719617
1385347851362971653
1385348019160330240
1385348205202788360
1385348696511074306
1385348957568741378
1385349032013410318
1385349091484438529
1385349661951733763
1385349778385645570
1385350013648359432
1385350396797935616
1385350655078981638
1385350709617512453
1385350846607609858
1385350951993741312
1385351314222292993
1385351455419375616
1385351845225418759
1385351876049350659
1385351950917586947
1385352042147893249
1385352151401222145
1385352154358091777
1385352640545103881
1385352695842803713
1385352711902748673
1385352715656699904
1385352795231072262
1385353113528328194
1385353144675274755
1385353394488025091
1385353429229490180
1385353540475002882
1385353627800375297
1385353672033554438
1385353876971347968
1385354100481613827
1385354309349609475
1385354311601905673
1385354356321660932
1385354558193426434
1385354635897147395
1385354655333552130
1385354685792595968
1385354851257929728
1385355063581941761
1385355249838403591
1385355548024004613
1385355952937910274
1385356134048047105
1385356240281288706
1385356634302697472
1385356634734665732
1385356844399476737
1385357048301473793
1385357309514293255
1385357403412123653
1385357575672193024
1385357746892009474
1385358473878192132
1385358493641756678
1385358706716651520
1385358836337365002
1385358904415170564
1385359067623960577
1385359329293910017
1385359514266968066
1385359590854909953
1385359850620821509
1385359894702866435
1385359918476283904
1385359954131959808
1385359978739949570
1385360011958890498
1385360137431523328
1385360264464244736
1385360285528166400
1385360324644282372
1385360445758902272
1385360462758481922
1385360540718047235
1385360594115629063
1385360644078284802
1385360676978298893
1385360821543395330
1385360949515784192
1385361006772342786
1385361008001175553
1385361103312539649
1385361116595986432
1385361149848395777
1385361386176487427
1385361462739210244
1385361672529920000
1385361742100848648
1385361793518800896
1385361806403637250
1385361865316896768
1385361933260533762
1385362071525765130
1385362199389028356
1385362210600505345
1385362249376751616
1385362291554652163
1385362375331753984
1385362380675235847
1385362389701332992
1385362436883197956
1385362595654291458
1385362666076741633
1385362729289011203
1385362778651774976
1385362797408751616
1385362920046014464
1385362936043130886
1385363031576784899
1385363266789072905
1385363381184516101
1385363428680863746
1385363442509520902
1385363462151364609
1385363551108358148
1385363592032178178
1385363597254090754
1385363655139680257
1385363663801004036
1385363768973139970
1385363803295080452
1385363838661505027
1385363845347217421
1385363877140041730
1385363881091026944
1385363956131323904
1385364004378451971
1385364038964551683
1385364113325428744
1385364209807069191
1385364261841612802
1385364380146192387
1385364435385167875
1385364479895080962
1385364554344017921
1385364614217670657
1385364658262056963
1385364665249812481
1385364771432697857
1385364813694611458
1385364852730966016
1385364865745829889
1385364942853902337
1385364952404353039
1385364994217365509
1385365016522674179
1385365133329850372
1385365158172708865
1385365223788396546
1385365248711008257
1385365438901760000
1385365506748821518
1385365533252472833
1385365564823117826
1385365587396861961
1385365652580491265
1385365706645118976
1385365710524882950
1385365821786976257
1385365850283298819
1385365952888549377
1385366030533410816
1385366207394689024
1385366276873326595
1385366284142055424
1385366291083677696
1385366324797485060
1385366462345404420
1385366558017470465
1385366586542985217
1385366856719114242
1385366944719720448
1385366956941922304
1385366995563159554
1385367185065926659
1385367191940386816
1385367216330362881
1385367299604074498
1385367308059783169
1385367337256239110
1385367552159797257
1385367599534514181
1385367710444539904
1385367736642064392
1385367740387663877
1385367817797742594
1385367817944543232
1385367831659917314
1385367877843361797
1385367993652285446
1385368059377070081
1385368094147813387
1385368100602847241
1385368110639820800
1385368147612643329
1385368153669181446
1385368155401424897
1385368202373382144
1385368224070578180
1385368242210869252
1385368300427825152
1385368330425483267
1385368346888228866
1385368457676533761
1385368568556974081
1385368605114699777
1385368695174803466
1385368837042868228
1385368962939203586
1385368979364098051
1385368982853664775
1385369089858748417
1385369099874746373
1385369134888886272
1385369331438080003
1385369349108731906
1385369377919410181
1385369435213606913
1385369456352837632
1385369542482857985
1385369569737551875
1385369600603398144
1385369615111442433
1385369655427092485
1385369669230645255
1385369674758725636
1385369780035756036
1385369818023571459
1385369910721847301
1385369916908445697
1385369930158145537
1385369949397528578
1385370001448783874
1385370017076858883
1385370032247656453
1385370072940691457
1385370090724634629
1385370115680751621
1385370200703447041
1385370303656759298
1385370314591424516
1385370319221772290
1385370334837235716
1385370351769694208
1385370362972618753
1385370563980443654
1385370668330635268
1385370679088975882
1385370765613281280
1385370786991648768
1385370798341464065
1385370803227828227
1385370863223050240
1385370873520087043
1385370908647464960
1385370922094370819
1385370952956092420
1385371016441077762
1385371018290778117
1385371213862785025
1385371251259187202
1385371256460091398
1385371448588570632
1385371487243317251
1385371732668784642
1385371872855044109
1385371975795761161
1385372008792342529
1385372084155600899
1385372169597865984
1385372269833334785
1385372325034532869
1385372341102915590
1385372345423077378
1385372373470302212
1385372389912064004
1385372452486893569
1385372468609757191
1385372516609363970
1385372529653596164
1385372555511484416
1385372616018571265
1385372670301179905
1385372723740827649
1385372737208737795
1385372795274768386
1385372858189291523
1385372993514311681
1385373198057984001
1385373247861051395
1385373258283950081
1385373278211018760
1385373311517999110
1385373342308392969
1385373364697583630
1385373399485140993
1385373522302734339
1385373527067578369
1385373560898793472
1385373664158310401
1385373711360999428
1385373738657538051
1385373741769662468
1385373769775128576
1385373771142402048
1385373783956013059
1385373784077705222
1385373790717325316
1385373799433048065
1385373800255139844
1385373837903253504
1385373865707130880
1385373872791375882
1385373888507490307
1385373916806455301
1385373923559321602
1385373941666140160
1385373957348528130
1385373967956029442
1385373986981285889
1385374000315047937
1385374012373602307
1385374020766474247
1385374030493102088
1385374081030234115
1385374081097285635
1385374083395858432
1385374088642846726
1385374095307689984
1385374117189365764
1385374119290671107
1385374128660750337
1385374136445411328
1385374177243324416
1385374204816723969
1385374216388759552
1385374221300338690
1385374253281906690
1385374275876663301
1385374289327755264
1385374321225392128
1385374329538441217
1385374332583620617
1385374413114249221
1385374425726423040
1385374440192716801
1385374447272697857
1385374449646587906
1385374453597626369
1385374463995305984
1385374496979361795
1385374545289388036
1385374556349767684
1385374576666947587
1385374588339634176
1385374622355501061
1385374656518135814
1385374659563110403
1385374677032476678
1385374747215769603
1385374758678695939
1385374794535813121
1385374832439738373
1385374848139005954
1385374854615113740
1385374860386476032
1385374888836358145
1385374895056384000
1385374902841118721
1385374952937959431
1385374969698430977
1385374982532960258
1385375034013847553
1385375035368615936
1385375037218242561
1385375068411342849
1385375096555118593
1385375111386173449
1385375122249461762
1385375126150127616
1385375129786621952
1385375130990284806
1385375132273811456
1385375148358914052
1385375149986353152
1385375167384334340
1385375182005669890
1385375224686915585
1385375226788188160
1385375230445637633
1385375260518883330
1385375286447980555
1385375287966380033
1385375289618964483
1385375318119264257
1385375335164882949
1385375351078113284
1385375360972435456
1385375361094062080
1385375388440924160
1385375450738868227
1385375499485057026
1385375517700993025
1385375572226973697
