1373061725952606212
1373061727747768320
1373061727823269892
1373061730574688262
1373061730595639299
1373061732051124226
1373061795406082058
1373061797922680836
1373061809335369731
1373061878369386499
1373061883524222986
1373061961588572160
1373062014269030407
1373062023768985602
1373062024058535942
1373062075401056258
1373062083655372801
1373062107483226112
1373062213066444800
1373062336936820745
1373062428586602496
1373062435515609089
1373062538154364936
1373062642332487681
1373062647868964864
1373062660045045762
1373062715502120960
1373062782237675528
1373062862336364545
1373062967361671169
1373062989008359427
1373062998764453889
1373063007673192459
1373063023083057154
1373063026778210307
1373063058281672705
1373063081220247554
1373063112706781184
1373063141962215430
1373063158802350088
1373063198744707085
1373063199986216964
1373063216801144843
1373063287840116738
1373063330651369476
1373063405272231937
1373063408111747073
1373063417284718592
1373063432988205059
1373063471278002177
1373063477825245186
1373063478345338885
1373063494497619972
1373063655839965190
1373063693404143618
1373063695534817280
1373063706268028934
1373063821066133505
1373063844067692546
1373063895666003971
1373063928738160646
1373063957716549635
1373063965828390913
1373063987621924871
1373063990125862914
1373064026129797123
1373064072799907840
1373064115598544897
1373064124167503873
1373064152596512771
1373064185588908032
1373064241956130830
1373064260658601989
1373064283009978369
1373064477915152389
1373064556021440519
1373064568449216515
1373064634584948739
1373064667489316871
1373064728692592641
1373064840563068929
1373064921580244997
1373065012609175553
1373065036462186496
1373065065398697988
1373065172730982407
1373065261142663172
1373065261176131585
1373065282697183234
1373065290288934915
1373065292251852805
1373065294323843073
1373065297591173121
1373065300204195845
1373065366499377154
1373065370383360005
1373065500184489993
1373065505385422848
1373065509168676865
1373065538117722113
1373065545055080450
1373065548414746625
1373065552000921602
1373065662281752577
1373065690366763008
1373065784533000194
1373065828132872196
1373065850631168006
1373065895027871747
1373065926665498626
1373065995703742465
1373066023813976065
1373066052322607104
1373066062145720325
1373066105346985985
1373066125249015813
1373066205314084869
1373066209000837120
1373066224842706945
1373066257860296705
1373066376525574149
1373066395597082624
1373066457156845568
1373066476370989057
1373066483731947525
1373066518309785600
1373066660719001600
1373066663176847366
1373066753857761285
1373066790583013381
1373066801261768705
1373066802884964359
1373066816470278151
1373066847772364802
1373066866739003395
1373066977019842560
1373067008279990276
1373067026919477249
1373067068334080002
1373067089544634368
1373067271640322050
1373067299662479361
1373067311112945667
1373067415672791049
1373067470668492801
1373067507263766529
1373067621877362691
1373067638092533760
1373067657302380552
1373067838114689032
1373067890484723721
1373067909686296582
1373068011633000449
1373068045808189440
1373068182483767301
1373068248208572417
1373068376747220995
1373068437665288197
1373068448926867457
1373068555671994376
1373068568233975811
1373068630880100353
1373068650777874434
1373068762010816515
1373068790641135617
1373068829002244096
1373068861260578824
1373068974947188743
1373068992756211717
1373069027707342855
1373069037152915457
1373069059097571334
1373069109911547907
1373069156388630529
1373069166463307785
1373069166782070787
1373069212625858561
1373069275804659712
1373069275812876290
1373069312500580356
1373069429739716609
1373069436425535489
1373069508160671752
1373069577563803649
1373069578104934403
1373069661806473221
1373069797672554496
1373069861933477889
1373069896788160518
1373069910134423557
1373069956758274051
1373069992405651458
1373070008591413250
1373070057748725765
1373070132654792709
1373070171573731328
1373070177315741698
1373070206998827010
1373070234052100097
1373070234165317634
1373070241375326209
1373070268948754435
1373070307867643904
1373070316122046466
1373070349693243393
1373070378818494465
1373070387471396866
1373070417510821891
1373070417833848834
1373070488340209669
1373070533441384457
1373071036753711106
1373071072967413760
1373071092051537922
1373071102830899203
1373071140835495939
1373071167075008513
1373071172456345607
1373071188663140356
1373071243465875464
1373071272381407237
1373071278257676294
1373071373665460229
1373071382276411395
1373071414656372736
1373071421904191490
1373071483665326086
1373071509527347200
1373071532122112006
1373071562308472835
1373071584286621696
1373071605669240833
1373071616662441987
1373071651982688262
1373071662913032192
1373071791602724866
1373071825907949575
1373071893868199936
1373071947991543809
1373072026794090499
1373072028895428608
1373072069433376770
1373072249595568129
1373072261935140869
1373072313642590218
1373072331761975302
1373072415140483073
1373072415501258761
1373072498477170697
1373072548959825924
1373072692723728386
1373072708947283969
1373072797493264390
1373072806766903297
1373072921334284288
1373073062724300800
1373073088817082370
1373073233579290627
1373073327649124354
1373073424101351426
1373073467545894917
1373073511225393155
1373073600832491522
1373073674467749892
1373073682407550984
1373073738120495105
1373073774728388609
1373073775906934786
1373073789517455365
1373073833264087046
1373073942211100681
1373073964658987019
1373073975081852930
1373074202366984198
1373074235803963394
1373074302174650368
1373074320629641216
1373074402498256903
1373074456176910348
1373074506877702144
1373074534119702530
1373074597499834371
1373074612356005889
1373074632803282947
1373074650733891586
1373074659831382019
1373074690483367938
1373074692806955009
1373074757495750658
1373074784666447873
1373074796414701580
1373074818552233986
1373074896444612608
1373074901351956491
1373074945769664513
1373075038891618307
1373075065277927431
1373075166700404741
1373075174589927430
1373075223432531971
1373075227710750723
1373075245884706817
1373075268114468865
1373075290923098117
1373075375249616897
1373075496242704388
1373075512113819650
1373075592195698692
1373075595509239810
1373075689151299585
1373075794872926209
1373075889056059392
1373075998984527872
1373076007612256259
1373076055154696193
1373076057398640641
1373076069872504832
1373076091351498756
1373076226890424321
1373076239469137921
1373076495380398081
1373076589366411270
1373076693741604867
1373076694077149188
1373076745776168961
1373076829049778179
1373076830773727236
1373076835211358209
1373076856094736384
1373076947228577792
1373076963078893569
1373077003797196801
1373077025699860482
1373077074714431489
1373077118595252232
1373077127776591874
1373077137670963207
1373077193291665411
1373077212254121993
1373077259016404995
1373077306709848066
1373077331779141638
1373077398330224642
1373077589523238914
1373077619999186954
1373077685992316936
1373077716866633732
1373077729533435904
1373077746331582469
1373077757526208512
1373077795409133568
1373077801868406785
1373077805710376964
1373078049080668161
1373078064763183108
1373078083490750469
1373078120861945859
1373078183025721345
1373078186418966532
1373078265615806470
1373078323669131264
1373078328660353026
1373078329499254785
1373078444859330566
1373078562568294401
1373078662141083651
1373078787492093962
1373078801496870912
1373078806341300225
1373078866659528705
1373078899421294595
1373078915821019138
1373079028291280897
1373079034293272580
1373079064420962304
1373079069529628672
1373079084327178241
1373079139901706247
1373079175066755073
1373079242355970049
1373079245627527168
1373079338699083777
1373079341492531203
1373079342826323972
1373079350669676544
1373079380814086149
1373079441774088194
1373079458454896640
1373079517615505408
1373079593188388865
1373079607004512257
1373079655633276930
1373079676780998656
1373079693226872833
1373079735954251787
1373079876325019648
1373079900761026562
1373079933153579013
1373079935628218370
1373079989176967178
1373080013608775680
1373080026225184768
1373080030297882624
1373080055555969026
1373080065219698690
1373080208438398982
1373080243649544198
1373080298758537217
1373080385974894593
1373080403876143104
1373080406396899335
1373080436411412483
1373080438567223305
1373080459316432900
1373080529352978437
1373080558931169284
1373080564228558850
1373080616284004356
1373080623875772418
1373080653315645442
1373080676560465920
1373080727466733572
1373080741811257356
1373080743153430529
1373080750157889538
1373080793564778499
1373080794219094025
1373080831707742214
1373080837852438535
1373080854252158978
1373081071848407041
1373081128635146247
1373081240685973505
1373081479195066372
1373081484018528256
1373081659755618304
1373081704936640513
1373081754492411906
1373081779704303617
1373081813288112131
1373081820703653888
1373081825644515334
1373081853121429504
1373081910210072577
1373081963209318400
1373081966384398340
1373081991730626562
1373082098836340739
1373082151076384770
1373082213831557121
1373082228264173574
1373082254642188289
1373082261000708101
1373082289597517826
1373082325911793664
1373082341950816266
1373082362024706048
1373082367926042626
1373082374389514240
1373082454068756480
1373082455889080320
1373082515326566402
1373082516144451585
1373082524512104455
1373082527590678528
1373082580778676226
1373082626655936514
1373082646545379329
1373082648986390530
1373082786979049474
1373082876573585409
1373082905149325312
1373082939014189056
1373082983968731136
1373083022845706241
1373083022858260483
1373083028147339265
1373083047722151944
1373083060145635330
1373083067095601153
1373083188839481345
1373083209832017921
1373083214676434957
1373083302609915908
1373083324583964672
1373083345916207108
1373083411569606656
1373083439700844544
1373083498551128065
1373083706202656768
1373083716168396807
1373083749911519234
1373083751106932741
1373083756815335427
1373083778596343809
1373083801094647808
1373083894547947522
1373084015650037765
1373084049909161989
1373084059275001858
1373084221242236936
1373084374439186432
1373084386183294984
1373084414968745985
1373084480488026118
1373084496359260162
1373084525736161280
1373084676538167303
1373084745832275971
1373084751603630080
1373084876908412932
1373084905651986438
1373084910244757507
1373084928691294208
1373084980172222464
1373085110774460417
1373085155309580291
1373085174238429190
1373085178416017408
1373085186599088129
1373085299425824775
1373085302613553159
1373085408272203777
1373085409891262467
1373085783138185216
1373085784060932097
1373085879389020162
1373085916869365762
1373086014311444480
1373086122121789443
1373086191214600197
1373086360182132736
1373086387809918976
1373086426577973251
1373086428075294725
1373086470404243460
1373086599819493378
1373086664638222336
1373086690143830016
1373086853029584896
1373086863720919040
1373087070428741637
1373087128335347714
1373087161797447681
1373087173612875780
1373087198451531780
1373087213534208000
1373087260288159744
1373087288444485634
1373087587846529026
1373087723184082951
1373087729140039680
1373087783296794626
1373087858802765824
1373087863340990465
1373087886682247168
1373087922090573825
1373087948468539392
1373088044039962637
1373088126160232451
1373088239972663299
1373088286445539332
1373088361297149953
1373088374412689408
1373088387977076739
1373088471255019520
1373088691527294976
1373088795613147143
1373088814307086336
1373088818182635521
1373088827804368897
1373088874575114243
1373088888953126912
1373088898050621442
1373088923078000648
1373089094515982337
1373089132650622983
1373089166838353922
1373089272148979712
1373089288242479107
1373089362703958018
1373089456480223232
1373089476159868930
1373089490688954368
1373089491120967681
1373089549421850624
1373089571051872258
1373089581134835716
1373089588613382148
1373089701750509568
1373089871007465475
1373089964989243392
1373090072699019264
1373090074204770306
1373090097780908032
1373090109818568704
1373090115631857668
1373090176898060288
1373090184380698624
1373090217163374593
1373090224612511744
1373090288693084164
1373090309962407936
1373090321958047744
1373090396910288899
1373090408444608512
1373090453738913793
1373090527026032640
1373090738687381514
1373090802956705796
1373090834028113925
1373090849161150468
1373090852051030018
1373090910821609487
1373090964714229765
1373091026752188419
1373091029633662977
1373091121249796097
1373091160806285312
1373091169278697475
1373091236752527364
1373091355388477440
1373091361772208130
1373091440490872839
1373091537920389122
1373091576898064390
1373091644111794181
1373091716895543296
1373091741432213507
1373091756443627523
1373091881832357891
1373091908461985795
1373091926484733953
1373091927512473605
1373091944855973889
1373091975432450048
1373092001302917122
1373092003475554310
1373092053719072768
1373092079518224388
1373092147226943496
1373092185852276743
1373092192047218689
1373092237366722561
1373092307788914689
1373092345932025857
1373092449703362560
1373092499988869125
1373092777366597637
1373092802314317825
1373092887534129152
1373092960670253056
1373093074985959424
1373093119986692098
1373093136260460549
1373093156653301769
1373093158716907525
1373093184197304321
1373093184767676421
1373093226366779393
1373093249548705793
1373093310731018240
1373093339000627202
1373093350501457932
1373093383518978052
1373093571759386625
1373093634950770690
1373093697978466305
1373093801108107267
1373093816849301504
1373093848902160385
1373093873212346370
1373093902467674112
1373093954300821504
1373094038291804160
1373094074115182594
1373094083946811394
1373094094642278402
1373094121674510338
1373094200368070658
1373094217019457545
1373094255732867073
1373094261332271105
1373094272384262149
1373094280055640070
1373094326130073608
1373094440919822339
1373094467192905730
1373094567696871424
1373094660583882752
1373094673644990464
1373094839269662723
1373094866851336201
1373094867002359808
1373094960795357184
1373094965321039874
1373094972182962185
1373095163719979008
1373095164168790018
1373095207898644481
1373095262252625921
1373095283387727872
1373095318389145601
1373095388656320515
1373095699131346951
1373095699194216448
1373095853389398016
1373096081718923264
1373096195682353160
1373096399068336133
1373096735069863936
1373096864308953088
1373096948710932484
1373097008391712768
1373097085386551297
1373097119201030144
1373097129019867136
1373097224901701635
1373097366560112645
1373097431135571969
1373097617643737090
1373097676540157958
1373097829045002240
1373097953326424064
1373097955993993216
1373098044837728256
1373098111934074890
1373098242259423235
1373098464238796803
1373098478671433731
1373098540403134466
1373098549328687106
1373098691993731073
1373098720598892545
1373098738051379202
1373098763317874693
1373098826572181504
1373098831894736898
1373098941147975680
1373099037801467906
1373099038451568640
1373099091362725890
1373099132345278468
1373099222480822272
1373099330488446979
1373099348721041410
1373099484910080003
1373099490631163904
1373099698756591621
1373099715517030402
1373099719422009346
1373099721980575746
1373099956475691008
1373099959495626752
1373100100340350979
1373100106950574081
1373100150021890048
1373100340938223617
1373100343844814848
1373100573759791108
1373100836931440641
1373100851867291654
1373100880111755264
1373101004732895234
1373101012102316032
1373101048232095747
1373101179576680452
1373101226322190337
1373101271679389696
1373101320622768132
1373101345524305923
1373101355326390274
1373101390395015169
1373101422200360962
1373101518300319745
1373101535022944260
1373101621815676930
1373101625879969794
1373101626723033094
1373101733677780995
1373101743068827649
1373101748664033281
1373101804741922816
1373101818054647808
1373101923545538560
1373101949256622080
1373101973122117635
1373102028252184587
1373102042164645890
1373102239334694913
1373102328551763971
1373102334532784130
1373102348487249929
1373102437754605571
1373102465453789185
1373102581984137222
1373102700410372098
1373102710791274507
1373102754990751745
1373102779657551872
1373102822145789954
1373102845390692359
1373102870246084611
1373102880840814595
1373103006296768513
1373103023942201345
1373103092103806979
1373103138010464256
1373103152933830660
1373103172894474240
1373103210576146432
1373103235804884992
1373103248308109312
1373103248920432641
1373103249054699523
1373103278226079749
1373103299537342467
1373103330155769859
1373103351798333440
1373103362590261249
1373103362997096452
1373103368764338179
1373103379996631045
1373103442365931520
1373103447164252162
1373103460086910980
1373103469712740353
1373103479405867009
1373103507704852486
1373103527199932417
1373103653356191745
1373103681982320640
1373103708452626433
1373103756812898306
1373103801390002179
1373103803566862339
1373103940657672194
1373103959741718531
1373104090562068485
1373104141925515268
1373104191565148164
1373104272720723971
1373104308636504068
1373104310557499395
1373104466417876999
1373104747306188800
1373104843070537730
1373104872313196551
1373104966987055110
1373105045370208259
1373105139150651397
1373105150852788226
1373105173841784832
1373105265088806913
1373105289512284161
1373105307661049858
1373105357946511366
1373105438380732419
1373105476234264577
1373105576671125505
1373105616844169218
1373105645520568323
1373105669327446017
1373105732766273536
1373105801796087811
1373106125634158592
1373106226200993793
1373106282731859968
1373106293112721409
1373106373899214849
1373106396967886855
1373106507559137286
1373106706348138497
1373106772165062662
1373106800040493057
1373106803882483716
1373106804595568644
1373106817627267073
1373106889773441031
1373106900796071936
1373107015086714883
1373107031217963011
1373107034237894657
1373107042097975298
1373107212239970308
1373107259056779266
1373107282058342411
1373107356175896579
1373107413742727170
1373107420784918530
1373107433535590405
1373107460563730434
1373107490158735363
1373107545796141061
1373107548405051394
1373107634174316544
1373107674724843523
1373107749576409092
1373107977616523273
1373108018083205120
1373108036026445826
1373108057371197441
1373108084030246913
1373108109925879808
1373108142666620931
1373108163550052353
1373108171166846976
1373108195976228864
1373108206239674370
1373108270664192003
1373108512558055426
1373108825239269376
1373108877689040901
1373108888837439498
1373108897637093376
1373108908462649346
1373108981007331331
1373109019703971843
1373109185152442368
1373109187455156228
1373109336931721225
1373109344456339458
1373109465654960129
1373109489780592643
1373109500274692107
1373109540464386050
1373109608659755011
1373109745372917764
1373109771012861952
1373110013938524162
1373110033131667456
1373110037602783235
1373110081919856644
1373110368155930628
1373110489161592835
1373110510627995649
1373110523613548545
1373110535215058944
1373110611052269577
1373110633982476292
1373110707676385280
1373110774714007552
1373110785472335874
1373110808784351233
1373110901335846912
1373111014808563716
1373111093808267264
1373111104545652736
1373111197306908676
1373111370145759233
1373111398713147393
1373111407475093504
1373111528971452419
1373111652879630336
1373111748891451394
1373111822992162821
1373111845272354818
1373111884178669573
1373111898011545601
1373111923739406336
1373111950280855554
1373112027221262336
1373112057051090944
1373112072691716096
1373112138642948100
1373112140253499392
1373112166690267139
1373112221413302272
1373112351008903169
1373112380243185665
1373112588792397824
1373112653435039746
1373112678739292166
1373112680811261956
1373112755184570374
1373112838487744512
1373112850084982788
1373112875393376261
1373112986609520643
1373113059003228169
1373113248178913284
1373113295637479425
1373113338398441472
1373113462755299332
1373113501376471049
1373113502953570307
1373113549137051649
1373113603839123461
1373113901840207873
1373113981330677763
1373114001111023617
1373114073102102528
1373114270796414979
1373114313993453571
1373114334692397059
1373114354556661760
1373114423708123136
1373114500291948554
1373114573499232259
1373114573780217856
1373114574044594176
1373114575298588677
1373114575395024897
1373114608333033473
1373114619217203203
1373114636560633862
1373114660011057157
1373114667745353729
1373114700632821760
1373114710145515521
1373114766441463811
1373114796078424064
1373114986340478977
1373115053503832064
1373115134835589120
1373115179559452673
1373115183191760897
1373115187956432897
1373115214409822215
1373115219199684609
1373115242578841600
1373115260773744641
1373115264271839232
1373115266046046210
1373115400762851330
1373115438738071553
1373115460959502339
1373115503896637444
1373115559743750145
1373115674156015618
1373115768007753728
1373115908026159106
1373115929396142080
1373115973356638210
1373115987675987968
1373116083473952770
1373116085076115461
1373116089564037120
1373116097512226816
1373116205901438979
1373116326844203010
1373116404472426497
1373116421069279232
1373116461552709634
1373116517500456961
1373116528669954052
1373116535489900545
1373116539990335490
1373116582889725953
1373116702649692165
1373116800708325376
1373116930916286466
1373116946250616832
1373116994384445442
1373117012755505153
1373117097178505216
1373117131336921092
1373117268301905925
1373117315684958218
1373117345485496320
1373117422153121794
1373117477748666370
1373117508153184258
1373117569503277062
1373117616060043265
1373117717335711746
1373117719080493058
1373117905567633412
1373117911771058177
1373118017500975105
1373118035515469824
1373118070139523074
1373118097163485184
1373118140629008386
1373118205179392000
1373118207842717701
1373118230252904456
1373118241556602880
1373118376864837633
1373118412768096257
1373118456061689857
1373118650610298882
1373118695204139010
1373118705157160969
1373118790716829696
1373119005226115075
1373119027904659458
1373119036754628610
1373119046389010434
1373119103523774465
1373119268599050241
1373119324249001988
1373119376832991234
1373119404628701187
1373119463982239746
1373119507288428544
1373119576154722304
1373119790563393539
1373119880489230340
1373119949108097024
1373120053223124998
1373120090691014657
1373120145284009988
1373120199826804736
1373120239735607297
1373120256441454593
1373120318374621184
1373120381905686532
1373120463552049157
1373120502600974340
1373120504647782400
1373120533307535361
1373120562562789376
1373121084673957895
1373121137966780421
1373121141536137217
1373121206233280514
1373121350425006080
1373121452556312576
1373121459309187076
1373121460408090626
1373121496667758594
1373121600015495169
1373121639785902082
1373121641476161537
1373121689752629248
1373121754172887052
1373121767816978433
1373121851371761667
1373122024428740617
1373122109803790336
1373122123443539969
1373122123804200960
1373122124601167874
1373122125255438338
1373122125695881220
1373122126757031936
1373122168897351686
1373122185326436354
1373122203428982787
1373122270466600960
1373122336375894016
1373122374715998215
1373122408186585090
1373122409751007234
1373122412112453636
1373122527782916099
1373122585060335618
1373122609169186817
1373122718103650311
1373122775955693568
1373122832192962561
1373122861183946755
1373123016155090949
1373123028339539968
1373123051085250560
1373123119607648256
1373123205964177409
1373123230244950022
1373123272770981889
1373123332804112386
1373123343025631233
1373123377410539522
1373123384394055684
1373123479462158336
1373123555190206471
1373123569392177152
1373123611968434177
1373123668570693633
1373123773642203136
1373123898636693504
1373123903799844868
1373123988256403458
1373124117503873025
1373124149049225216
1373124318620700673
1373124335112708098
1373124469519171590
1373124517002846208
1373124601866240000
1373124680853377024
1373124736524419073
1373124762029920257
1373124891784929283
1373125005056356354
1373125007556153347
1373125074098786304
1373125087054987264
1373125353233903616
1373125408917426179
1373125514370691080
1373125619802902528
1373125645295890434
1373125969049837574
1373125978600407041
1373126031893225476
1373126091624304640
1373126093453017091
1373126133269561345
1373126230573203456
1373126243743334401
1373126245056188417
1373126321442852868
1373126466658050050
1373126474329333761
1373126528133910529
1373126533578170373
1373126554713198596
1373126605569208321
1373126614565933059
1373126642630070272
1373126724544761857
1373126735563218945
1373126793331404805
1373127034365415426
1373127061427138562
1373127106423627778
1373127144612724737
1373127233460637699
1373127293607026689
1373127298912763905
1373127378961104896
1373127451757404163
1373127473483952130
1373127478965891076
1373127496779104259
1373127499685724163
1373127532954935296
1373127680309264385
1373127806662668292
1373127941996085251
1373127999621566465
1373128211098394625
1373128381898833921
1373128488153198592
1373128488161570819
1373128591605645318
1373128616435875842
1373128671263916032
1373128677165314048
1373128692524797952
1373128749718327296
1373128819117322240
1373128965733355522
1373128980279275521
1373129127688085506
1373129275931435014
1373129368420151300
1373129400380690433
1373129406827397123
1373129445083602952
1373129472627638272
1373129477941780483
1373129647362297859
1373129779797458949
1373129935179550727
1373129988069859330
1373130034425294856
1373130142395076609
1373130149462487043
1373130191174795264
1373130225656074240
1373130299039739904
1373130453570424834
1373130608587763713
1373130716213604353
1373130758437679104
1373130831942811657
1373130930261491715
1373131002214776834
1373131012075585538
1373131026201993218
1373131066026905603
1373131097068945413
1373131103976972288
1373131115658104840
1373131249238355968
1373131307786588162
1373131343077457923
1373131367211470848
1373131416146444288
1373131544576077829
1373131565228818436
1373131584400986113
1373131628298575872
1373131703783280641
1373131897279283203
1373131949095669761
1373131995480530947
1373132011578261506
1373132057463947264
1373132067668643841
1373132363660726272
1373132410733395968
1373132441322409987
1373132451548078084
1373132458519105539
1373132512352948224
1373132581739360257
1373132610331901955
1373132621618774020
1373132875277688833
1373132944613634049
1373132989127872518
1373133181059264517
1373133201107980290
1373133232271671301
1373133256485396483
1373133446990663681
1373133740541612032
1373133795860316161
1373133899547676673
1373133953431900160
1373133998852075523
1373134246169169924
1373134316226633728
1373134330617270272
1373134369263607815
1373134413626810371
1373134431658082306
1373134494434217984
1373134567897505792
1373134587149348864
1373134782985596929
1373134933057806339
1373134988929986561
1373135120979390465
1373135267691827204
1373135329633394688
1373135388764745730
1373135406942859268
1373135506041679872
1373135537486368770
1373135676632395782
1373135727379238914
1373135752234696704
1373135838142472198
1373135937467731968
1373135964336484355
1373135975279378434
1373136021794254849
1373136044401553408
1373136065695862784
1373136106854711297
1373136126395973632
1373136203789303808
1373136293400567811
1373136402192404480
1373136509520515072
1373136561236275200
1373136570325291008
1373136770754347008
1373136863796547584
1373136889482469380
1373136924920197126
1373137001826910208
1373137131028221954
1373137172589596673
1373137183821955075
1373137222594129920
1373137224443781120
1373137225261576196
1373137484205412352
1373137510319206403
1373137570016681990
1373137891409412096
1373137964360949762
1373137975983345664
1373137995793113088
1373138071257030659
1373138116815507456
1373138120925982722
1373138137162133506
1373138191759343616
1373138485486436352
1373138550280048650
1373138564058394632
1373138596476116994
1373138618160660482
1373138762654449665
1373138803817381888
1373138862873141254
1373138970507423748
1373139036206927876
1373139041215000578
1373139068595359744
1373139124480176129
1373139192172150785
1373139312619966465
1373139494468210688
1373139556170612740
1373139627113115648
1373139636487401472
1373139655491739650
1373139713482186752
1373139721145180160
1373139917665091586
1373139998657155072
1373140015098777602
1373140056215539712
1373140086670364672
1373140095277150212
1373140113564311553
1373140195802030081
1373140320502874112
1373140357978976258
1373140397946441728
1373140453806194689
1373140467211251712
1373140480704319488
1373140869432320000
1373140875543449605
1373140918518304771
1373141045064646658
1373141072789049350
1373141160970043392
1373141185166991361
1373141243790778371
1373141261121650688
1373141265018159106
1373141286027460608
1373141300728492032
1373141312283742208
1373141325319651329
1373141335834771457
1373141581092507650
1373141611031453698
1373141656032190467
1373141669684637696
1373141737019949057
1373141845031665664
1373141868792397824
1373141871380344833
1373141929626583041
1373141939806167042
1373141986912444421
1373142154332233728
1373142173470879744
1373142182291464192
1373142328945299456
1373142359333027841
1373142381860581379
1373142459929219072
1373142484738531329
1373142500723060738
1373142533434396672
1373142555039309825
1373142602619482112
1373142846887362564
1373143102261755904
1373143292133711872
1373143461361119233
1373143467757604864
1373143492868857857
1373143531158708225
1373143564180410368
1373143649089957888
1373143706631557120
1373143711769620481
1373143764122877954
1373143945379713029
1373144097372962816
1373144124300398592
1373144212695363585
1373144318114885638
1373144334284029952
1373144448427778053
1373144469856514050
1373144541847379972
1373144553914564608
1373144578954514434
1373144595349999621
1373144717203013632
1373144785335255041
1373144863848472576
1373144890058678272
1373144903740428289
1373145024318169088
1373145029213106177
1373145035529588736
1373145051191214080
1373145171991363586
1373145204992147457
1373145211313008643
1373145215985463296
1373145255013388291
1373145268863045632
1373145269886464001
1373145311150014464
1373145380964216832
1373145455496982530
1373145467572326407
1373145526963728389
1373145527475433474
1373145586283732992
1373145595922243585
1373145614909906949
1373145618290507777
1373145620286992385
1373145808971964418
1373145854014554115
1373145894263136256
1373145923258355716
1373145963003572225
1373146209234395137
1373146236862218246
1373146273004535808
1373146307859189762
1373146313026637824
1373146407088099332
1373146433969328130
1373146450713001985
1373146588760178688
1373146659086086144
1373146660558286848
1373146791277907968
1373146834030432256
1373146912434569225
1373147060359299074
1373147074116648961
1373147127497494529
1373147137425473536
1373147153120559104
1373147226252394497
1373147526275080195
1373147602020143105
1373147616817598464
1373147622505115649
1373147668176900098
1373147731905089537
1373147820765679616
1373147947056173056
1373148032766738432
1373148198462709761
1373148242658099200
1373148275252072449
1373148321947262979
1373148392084373504
1373148415446683650
1373148472216592387
1373148630949974016
1373148643113459713
1373148702194425861
1373148710201360390
1373148718220861442
1373148756946911237
1373148824370360320
1373148925436309505
1373148936354082818
1373149019191533577
1373149025101357057
1373149091245522945
1373149092902227974
1373149113240420354
1373149237794455561
1373149251719606274
1373149253829234688
1373149317830172674
1373149337384058882
1373149370581913603
1373149387833151488
1373149395261218816
1373149444259086336
1373149446410735621
1373149547308933120
1373149636559519748
1373149680469692417
1373149694214430720
1373149728729395201
1373149783469268995
1373149908031660033
1373149953917325313
1373150004748156930
1373150010016157697
1373150087090741249
1373150252212101121
1373150315831250947
1373150411473977344
1373150435704512513
1373150444340588545
1373150514897108992
1373150555384733697
1373150566558355456
1373150596828696577
1373150797765210112
1373150817017069572
1373150822943580161
1373150832938647552
1373150883769430018
1373151002468159488
1373151006784114690
1373151015290163201
1373151116125429762
1373151139387084800
1373151153798647810
1373151255426662404
1373151283591397377
1373151396124626947
1373151447773233153
1373151456807780353
1373151544636551169
1373151584478183424
1373151664799150081
1373151700685586435
1373151728313450496
1373151835578585091
1373151846630559746
1373151956752011266
1373152004768468995
1373152054919761920
1373152300118728705
1373152309736308738
1373152322486816771
1373152323611025408
1373152324965728258
1373152325020262400
1373152326760927232
1373152337636818947
1373152348646805505
1373152419153113090
1373152527944912899
1373152548920692736
1373152584668753920
1373152632030830593
1373152663697784834
1373152742454263811
1373152765342584834
1373152783185104897
1373152864307191808
1373152870892179460
1373152963548614657
1373152964127436801
1373152964471189505
1373153060286038016
1373153153869287424
1373153164682215426
1373153171275612160
1373153263177101315
1373153341451071490
1373153469947899909
1373153593721774081
1373153608380862464
1373153623333560322
1373153650567168000
1373153728300212224
1373153778417946626
1373153810894483463
1373153840187457537
1373153840573386754
1373153891005689856
1373153918419623946
1373153927080906753
1373153929501016065
1373153939672170499
1373153982646874112
1373154023700844544
1373154038158614528
1373154057095761921
1373154085411651585
1373154133541273602
1373154152335994890
1373154166646964229
1373154243104890880
1373154290353717250
1373154327028719618
1373154377867919361
1373154485858619392
1373154643589672960
1373154654540955651
1373154748518576129
1373154782823735296
1373154838805049347
1373154848263172100
1373154914432643073
1373154963933818886
1373155064001540096
1373155069571571712
1373155088747888640
1373155108293328896
1373155110524747777
1373155132960018432
1373155159736471552
1373155260118745089
1373155280561836034
1373155335934984195
1373155381258649602
1373155396072914944
1373155429870678019
1373155466818199554
1373155488649601025
1373155493468901377
1373155500746027010
1373155548548321281
1373155600310398976
1373155606757048322
1373155609567191041
1373155629917999104
1373155642811187205
1373155673182236677
1373155690999656450
1373155696120827904
1373155717755117570
1373155809497075712
1373155810361159680
1373155821509574660
1373155839230550016
1373155883568525312
1373155958659153920
1373155988686131200
1373156072710672385
1373156097041776644
1373156098866315264
1373156102297243649
1373156111684096000
1373156169615806469
1373156303657435136
1373156312394174464
1373156327225167874
1373156334162546688
1373156358867070976
1373156359701663744
1373156476072640512
1373156502308069376
1373156504921120772
1373156505785151490
1373156570775830529
1373156609363341313
1373156614933479425
1373156713910702080
1373156738229174272
1373156740678651904
1373156752460505088
1373156762136756224
1373156763936161792
1373156841232986113
1373156844953337856
1373156879317209091
1373156943272030209
1373156954953113600
1373156955540361216
1373156976729931776
1373156987882631169
1373157019352436736
1373157037039882241
1373157056677576710
1373157121609633792
1373157187107835904
1373157221056516097
1373157223971627008
1373157241034002433
1373157257203056640
1373157315902312448
1373157355446181890
1373157364946378757
1373157385963978752
1373157387440390148
1373157413067628546
1373157516163579907
1373157520563388422
1373157542931619841
1373157613005848576
1373157619544756224
1373157676889350144
1373157701283422209
1373157710259179522
1373157749421400066
1373157758246223875
1373157873782566913
1373157898122104838
1373157995576619011
1373158042590707714
1373158054473183233
1373158068255666176
1373158164909207557
1373158196395802625
1373158198425890818
1373158315920883717
1373158324947013635
1373158340117852162
1373158347592044550
1373158431020957698
1373158431478185984
1373158439199895554
1373158499849531392
1373158553104625666
1373158564391489538
1373158634214076416
1373158693768945664
1373158739465867265
1373158817056362496
1373158838157914114
1373158860777721859
1373158865290805249
1373158882969784323
1373159046128238592
1373159088754987008
1373159159814848513
1373159181251973120
1373159198553440258
1373159210528219137
1373159303314608128
1373159333803012097
1373159362697498625
1373159375121027073
1373159459292319745
1373159489113821187
1373159507929468930
1373159524769599488
1373159555887157248
1373159560689639424
1373159624413700096
1373159634240954369
1373159700880093186
1373159710027841537
1373159767682785280
1373159788746510338
1373159871936356354
1373159917314539522
1373159953033277440
1373159981659398146
1373160048520749056
1373160118662103040
1373160174861611014
1373160245837586439
1373160271364161537
1373160275042521090
1373160281279504389
1373160346341552131
1373160403069468672
1373160431498448896
1373160446937735170
1373160493741961217
1373160526415552512
1373160543570264069
1373160560120979458
1373160600285687811
1373160645634486273
1373160772063346688
1373160793777274882
1373160825830174720
1373160838589263873
1373160862144430081
1373160889914961920
1373160900220362752
1373160955320864768
1373161047310340097
1373161048170188802
1373161051571810306
1373161083658178561
1373161090733985793
1373161140776239104
1373161154273501185
1373161196048777217
1373161273861476352
1373161279473467392
1373161296909242369
1373161303393587200
1373161349795217408
1373161391784349698
1373161413125017600
1373161624887042048
1373161641781690368
1373161643056668675
1373161655941619713
1373161657707429890
1373161666255454209
1373161851530440704
1373161947454115840
1373162012608503812
1373162013518598147
1373162049744863233
1373162081806118919
1373162094548385795
1373162096867864577
1373162183325057029
1373162239797104641
1373162363231293441
1373162367664672770
1373162388560646149
1373162403366543362
1373162412459884544
1373162509457362947
1373162559306657792
1373162641087205376
1373162677355302913
1373162730518110209
1373162749136678912
1373162754723377153
1373162757026164737
1373162903252131843
1373162909744910337
1373163086732013569
1373163295654445057
1373163320786759681
1373163344706875392
1373163443663028224
1373163537602916355
1373163646902231043
1373163703345025026
1373163775759634432
1373163862632042505
1373163874480971779
1373163881753894914
1373163948246196225
1373164051530977282
1373164169965543429
1373164181369786369
1373164228157304834
1373164262173126656
1373164365331959808
1373164369090076681
1373164568411770883
1373164642642632704
1373164670845132801
1373164686942871552
1373164693280452611
1373164728068009986
1373164764340293637
1373164779909570561
1373164806803501057
1373164819122126848
1373165015004553218
1373165017999245314
1373165043676708871
1373165051956367360
1373165089591865346
1373165293757997057
1373165416474886149
1373165534804606978
1373165558879903744
1373165576412147712
1373165643621617668
1373165651372675076
1373165717093281795
1373165753743024132
1373165780951572482
1373165836626710532
1373165895946752000
1373165990473764864
1373166032215498752
1373166060812312577
1373166093079089152
1373166112578342914
1373166193163522048
1373166224041971713
1373166266475761665
1373166270162567170
1373166275510337536
1373166290517516289
1373166328463437824
1373166330820575233
1373166392195883013
1373166407958077442
1373166437989240833
1373166448529522688
1373166457232760835
1373166497145708545
1373166637562626053
1373166646320324611
1373166742428643330
1373166758912262146
1373166768290676737
1373166799206952960
1373166841837805568
1373166939514802177
1373167109975515139
1373167121228824576
1373167129936072707
1373167140321247235
1373167164962836487
1373167215256731649
1373167266154610690
1373167395133607936
1373167421868056582
1373167422455308289
1373167423348740096
1373167423541501953
1373167424405712896
1373167425492037634
1373167426112692224
1373167426410483712
1373167431791808512
1373167443896635392
1373167509789151233
1373167630018826240
1373167636633255941
1373167664718299137
1373167684536373258
1373167710608224257
1373167727804833795
1373167729503567876
1373167881530249216
1373167906209607682
1373167921485258759
1373167961075253250
1373167968176238593
1373168018025549825
1373168095683096576
1373168101777408000
1373168213215875072
1373168228923543554
1373168302122471425
1373168314483101698
1373168320803971074
1373168325598048257
1373168353787977731
1373168355306266627
1373168359139905537
1373168394955001860
1373168405742772227
1373168422952046594
1373168427230232577
1373168450802188289
1373168474726543361
1373168486848024578
1373168492938207233
1373168649570242566
1373168667614015491
1373168677399461888
1373168680343724034
1373168686400409600
1373168805904547840
1373168816881082371
1373168826460860417
1373168833377181696
1373168847109390336
1373168857830002689
1373168884178636802
1373168903526957056
1373168932203421697
1373168937148506113
1373169040424906754
1373169054039613440
1373169057520881667
1373169180766257152
1373169183341547521
1373169189448466432
1373169194527817731
1373169199682617346
1373169264794943491
1373169266724372481
1373169269215756290
1373169380595499009
1373169443312918530
1373169512011476992
1373169548321554433
1373169553254010880
1373169597222899713
1373169611110297601
1373169629175152646
1373169645499342848
1373169663711006722
1373169686054060036
1373169698733395972
1373169720321568768
1373169752005341185
1373169762298122246
1373169800281780228
1373169813330268163
1373169816626995201
1373169856544174081
1373169896830423041
1373169896905924610
1373169906766774272
1373169918032629760
1373169925821448194
1373169928971243520
1373169938362298371
1373169945039810561
1373169945584967681
1373169959753428993
1373169963465371651
1373169968049762304
1373169992418664448
1373170008864477185
1373170012333170688
1373170022806392832
1373170047821213700
1373170098622586880
1373170127617855488
1373170128997777415
1373170129614307329
1373170161642041344
1373170206579773442
1373170222488752128
1373170231535923200
1373170245100261377
1373170275504816131
1373170333906305027
1373170353460162561
1373170494711726081
1373170501481283591
1373170528421314560
1373170555646586883
1373170559425593344
1373170575099723777
1373170657953996800
1373170665424044034
1373170692351533056
1373170697883779073
1373170711229952005
1373170714509930502
1373170718901424135
1373170751822573568
1373170770566905856
1373170780561870848
1373170806461726723
1373170820240060416
1373170907343097856
1373170945041465347
1373171029963632640
1373171058040246273
1373171065615233024
1373171076763619329
1373171080781762562
1373171170074374144
1373171182216839171
1373171196544618496
1373171196750143488
1373171196913713154
1373171202034954241
1373171219948789760
1373171234670837762
1373171274957131782
1373171312634568705
1373171335837458434
1373171481660776448
1373171541073129472
1373171563697221633
1373171624741105666
1373171635105202177
1373171662355632129
1373171682135916547
1373171757327192065
1373171768576389121
1373171828496142339
1373171828693291009
1373171879159160835
1373171887057076225
1373171895865118720
1373171973476528129
1373171977658241026
1373171979881222146
1373172022814126081
1373172023002812419
1373172056880189440
1373172094767357952
1373172095081930752
1373172117802520578
1373172212866322442
1373172256499716101
1373172287390814211
1373172332760506372
1373172356470951938
1373172378277195777
1373172389987631104
1373172393427005442
1373172473970241538
1373172509047160833
1373172509273653249
1373172520732491776
1373172548503011329
1373172611249766402
1373172621836218369
1373172665381425157
1373172675573645315
1373172690031419393
1373172773841993736
1373172819811520513
1373172844478218241
1373172924748722176
1373173025646993409
1373173066893824000
1373173091757649921
1373173093708013568
1373173153770442760
1373173169834635266
1373173197504397314
1373173206438268930
1373173228714213377
1373173234452078599
1373173299497340935
1373173318858203136
1373173321819377664
1373173367872831489
1373173541370220546
1373173552057360387
1373173565026078720
1373173577801994245
1373173601483026436
1373173602858717186
1373173661436362752
1373173677118922753
1373173698824404992
1373173711814201346
1373173712439152643
1373173713252782082
1373173717514256385
1373173736900284417
1373173767179018240
1373173795146637318
1373173801916248069
1373173804873228290
1373173855943020545
1373173887941414917
1373173898309697541
1373173913111441409
1373173934145822722
1373174024839254016
1373174165029720070
1373174229185740802
1373174246453698567
1373174252439023617
1373174286446436354
1373174337348505600
1373174362094854144
1373174410899767296
1373174438276034560
1373174445985136641
1373174460950450177
1373174497835163650
1373174498787201024
1373174506177634305
1373174534501765123
1373174544727478272
1373174559881461767
1373174577443057668
1373174620799561729
1373174628982591488
1373174630794559488
1373174633684471812
1373174656178515972
1373174731793383425
1373174733731151874
1373174778341773320
1373174803692204033
1373174816514187265
1373174827738132484
1373174850274082818
1373174851364589570
1373174898403774465
1373174904841994240
1373174935707918336
1373174957363109888
1373174968075366400
1373174999855501313
1373175044323573760
1373175068512067590
1373175085972951047
1373175130692673539
1373175156391165954
1373175218349486080
1373175251031449602
1373175261957660674
1373175294132109312
1373175413950779393
1373175446712561665
1373175473522495489
1373175506959499265
1373175622973919232
1373175731166064642
1373175886653034498
1373175962158895109
1373175994341801988
1373175994866016257
1373176075623227393
1373176205189468162
1373176212017840130
1373176230875443201
1373176263502929920
1373176281362272256
1373176350626955272
1373176372076675074
1373176408793616384
1373176435897032706
1373176526238330881
1373176643913662465
1373176693804965892
1373176703640539136
1373176721655144449
1373176747282333697
1373176749870129158
1373176759407898624
1373176764000739328
1373176821865406472
1373176823081807875
1373176830824439809
1373176914651848708
1373176941956763650
1373176990543515653
1373177021887623169
1373177039205842944
1373177044956241922
1373177054712172544
1373177056847101953
1373177064887574530
1373177068142407680
1373177088434388992
1373177109338845188
1373177127164592129
1373177128624214016
1373177134055895042
1373177193338142720
1373177195246596098
1373177204562137089
1373177236350722049
1373177247805407232
1373177257749966848
1373177269611548672
1373177282081259521
1373177295280693248
1373177296111157254
1373177321872588803
1373177341002780673
1373177344395984898
1373177359965286400
1373177375517782017
1373177472292954113
1373177473874206724
1373177488105467904
1373177496653475840
1373177551485595649
1373177560591388672
1373177577045639169
1373177578857586689
1373177582288576514
1373177584708677635
1373177588877824002
1373177589242732546
1373177590907801602
1373177603029356546
1373177640924893188
1373177674978430976
1373177710550335491
1373177735699382272
1373177758730305537
1373177776669405187
1373177814246170625
1373177843597869057
1373177940750516227
1373177955258662913
1373177991312855041
1373178062662205440
1373178070065156096
1373178136209158145
1373178140680404993
1373178140932071428
1373178150969036801
1373178156501364739
1373178243528921091
1373178262227148800
1373178262776655872
1373178275682471936
1373178384587587586
1373178485959704577
1373178497070473217
1373178528263442432
1373178577492049920
1373178613055561728
1373178613324001282
1373178615538540544
1373178616750747649
1373178624615006209
1373178648568721409
1373178667694690309
1373178695020646401
1373178746413281280
1373178791607070721
1373178796719886337
1373178802600284165
1373178907470483457
1373178916379168768
1373178919780761605
1373178992350658560
1373179038106288128
1373179072734490627
1373179113603731456
1373179140984176640
1373179148525535234
1373179164853997569
1373179174547030023
1373179220168302593
1373179235729244164
1373179270453944320
1373179277848547328
1373179289378680836
1373179290745982976
1373179302339022848
1373179304864006144
1373179340645621762
1373179404323581953
1373179415694344193
1373179531478056961
1373179533541662720
1373179566194368517
1373179592756711426
1373179639464615937
1373179640806785028
1373179661224706048
1373179670242463744
1373179672482177029
1373179674310938629
1373179706535727104
1373179726983004163
1373179739561734146
1373179757114888193
1373179760252174337
1373179762752040960
1373179764350013441
1373179765046325249
1373179767227305991
1373179769316114432
1373179773476823042
1373179775620149250
1373179797220757505
1373179816187412481
1373179839411277825
1373179879873769473
1373179896718053379
1373179897808625666
1373179901600264193
1373179935314092032
1373179954884702208
1373179975793311747
1373179989974204416
1373180004616519681
1373180009096024064
1373180050942660609
1373180085256269824
1373180086883647488
1373180087252705280
1373180107926409216
1373180108534648834
1373180115727884289
1373180139173990402
1373180158358736896
1373180231691890693
1373180258220920835
1373180259915415556
1373180303351644164
1373180320284033024
1373180379872559104
1373180490434351106
1373180507958226944
1373180574186287104
1373180672219746308
1373180683376545792
1373180717790822401
1373180746182057984
1373180749180985344
1373180758509117443
1373180765962260483
1373180770278285321
1373180786392891393
1373180803304337410
1373180806647185408
1373180815052574721
1373180835839508480
1373180836246401024
1373180899383250950
1373180899995553794
1373180946711781377
1373180947101798401
1373180985425166339
1373180995739000833
1373181015607418880
1373181031260549120
1373181051451899905
1373181064760410112
1373181125288411137
1373181127695945730
1373181132339081220
1373181140819972096
1373181177532719104
1373181184092606466
1373181233342078977
1373181250102558723
1373181255123079171
1373181256851144710
1373181287888994311
1373181295266783232
1373181296298627073
1373181343346081796
1373181350824587264
1373181414598967300
1373181441920630784
1373181464423116801
1373181467262603264
1373181479488999425
1373181505409847300
1373181520219926529
1373181533331329024
1373181556085374977
1373181600242966533
1373181612523929606
1373181630848905216
1373181632388202496
1373181633277333504
1373181675400728576
1373181678370365445
1373181686196879364
1373181722771255297
1373181724520280064
1373181732690796544
1373181781638320128
1373181787992588290
1373181790765072387
1373181815809314818
1373181822608285697
1373181829193273344
1373181842719973376
1373181899607261185
1373181946101129222
1373181987981246466
1373181991550660608
1373182042419134464
1373182083892449280
1373182132798029824
1373182143648690177
1373182158584623106
1373182184375394307
1373182195750346759
1373182212229713921
1373182234119843841
1373182243200507905
1373182249663918081
1373182280189931533
1373182284975775747
1373182315875209217
1373182326461632514
1373182354450173954
1373182367267979269
1373182395545948161
1373182396087025666
1373182423656230915
1373182433521250306
1373182437086392320
1373182443759538178
1373182502370738176
1373182519143755780
1373182521173803013
1373182521412837376
1373182522910076928
1373182523216293891
1373182523828752385
1373182524525002752
1373182525758128130
1373182526190149632
1373182526236160006
1373182526345211913
1373182526555000834
1373182526555062272
1373182527536390147
1373182551527976960
1373182570322657281
1373182594737668096
1373182622235508739
1373182653214654466
1373182684638416896
1373182699247128581
1373182729190313984
1373182746298888193
1373182789739286530
1373182794038456322
1373182794336206848
1373182831434854400
1373182848199446529
1373182882122960898
1373182884035620865
1373182908517777408
1373182941048672256
1373182952591527936
1373182973617577987
1373183001530675202
1373183033130487808
1373183038520225793
1373183082128408576
1373183103372513280
1373183184020586496
1373183193927585795
1373183227200999426
1373183313574293505
1373183326253682689
1373183334587727872
1373183364149170178
1373183396172664836
1373183430784073731
1373183448697954306
1373183528108707840
1373183541513752577
1373183580185186305
1373183721688432642
1373183735839997954
1373183748510990337
1373183766357770243
1373183776554151936
1373183791909462017
1373183820745297924
1373183923212128260
1373183924218761221
1373183947643965442
1373183986273550338
1373184019383341059
1373184040099008514
1373184043500584967
1373184081261948930
1373184088539074560
1373184091521220608
1373184098089459713
1373184107446947844
1373184114195566593
1373184229887070212
1373184266159415296
1373184282886344704
1373184282928283648
1373184302809243650
1373184331401805824
1373184356898967555
1373184386598846464
1373184425849196545
1373184456668942338
1373184458250158081
1373184480853245953
1373184523102531587
1373184527296835585
1373184532669681664
1373184546498297858
1373184639507046400
1373184641990074375
1373184670939160577
1373184674827239425
1373184746948329476
1373184776484573185
1373184844549779457
1373184864460140546
1373184973835010048
1373185037886050307
1373185037944905732
1373185081871904768
1373185084442996738
1373185095171969025
1373185109403262979
1373185110246318082
1373185120153272330
1373185182757498881
1373185198616088577
1373185216030912515
1373185308091691008
1373185334394163200
1373185340249366528
1373185355508289536
1373185398785126402
1373185432553357315
1373185467273912321
1373185470423781384
1373185487242952705
1373185494469767168
1373185537402662917
1373185564502073346
1373185566272057345
1373185584374616064
1373185634639167488
1373185670416588801
1373185736715997184
1373185799198552065
1373185803103444994
1373185808119791618
1373185821537353728
1373185887517999110
1373185905947729924
1373185950226993155
1373185977276043266
1373185996976574467
1373185998809538561
1373186017621069824
1373186023186911234
1373186023396683777
1373186030627475459
1373186080246267904
1373186100655689729
1373186137855000577
1373186183400882177
1373186197070217218
1373186259066175492
1373186293199429632
1373186309351743490
1373186319782924290
1373186339286450178
1373186356776738819
1373186417036247041
1373186434828435456
1373186435965194240
1373186446966804481
1373186470484312067
1373186473835573248
1373186474066255876
1373186509550067716
1373186518370639872
1373186523164766209
1373186558916984832
1373186579271970816
1373186589589921796
1373186619050758146
1373186641024671746
1373186723690217474
1373186726538137604
1373186733999800323
1373186773967368192
1373186841092972546
1373186844746252295
1373186846335832067
1373186922798067715
1373186928934318083
1373186940409905152
1373186948471390208
1373186983154040833
1373186989978222593
1373187003756507136
1373187014032556036
1373187018998616067
1373187028762951680
1373187052611768329
1373187070705930245
1373187100229656576
1373187115832508417
1373187116063133700
1373187129308811264
1373187136275550209
1373187160300474370
1373187187794190339
1373187217259163649
1373187218043469826
1373187218664218625
1373187223487713280
1373187228302770177
1373187261056094209
1373187265774620672
1373187272280002560
1373187273701916672
1373187285047504896
1373187320602591232
1373187325451198465
1373187334305312773
1373187369906671617
1373187378291077121
1373187392660725763
1373187446024855554
1373187509333680129
1373187510797545473
1373187532087820290
1373187541931851777
1373187554397188101
1373187554468593666
1373187554523062272
1373187660945092608
1373187672605392896
1373187697813118978
1373187723721375748
1373187730444812291
1373187762489266176
1373187780004679682
1373187842961248259
1373187864910004226
1373187876205264896
1373187879673991171
1373187922070020097
1373187935965696002
1373187950931030017
1373187958472331265
1373187983839531010
1373187998423121921
1373188006899818499
1373188065724747781
1373188077896790016
1373188114257227776
1373188120745668613
1373188159102722049
1373188172851597312
1373188173656887297
1373188176114765828
1373188180594323458
1373188201121206272
1373188213624479746
1373188215130234883
1373188247879303169
1373188260395151360
1373188279990939648
1373188290241789952
1373188294297718784
1373188301671301120
1373188334525239299
1373188337813573633
1373188347263397888
1373188401818656768
1373188500225462272
1373188527895277573
1373188540188745729
1373188546442444801
1373188576524042242
1373188622296494080
1373188638754885638
1373188705293328384
1373188714717929472
1373188719554007043
1373188751330017283
1373188766781878272
1373188812633821188
1373188842707156996
1373188883110887426
1373188892657061888
1373188895731503105
1373188896121573381
1373188896184537091
1373188937825587202
1373188945735868423
1373188953671659521
1373188954904788996
1373188963775746050
1373188964425797634
1373188968829837312
1373188969643581445
1373188982528479235
1373189013046226948
1373189041542299648
1373189069358911489
1373189079815323648
1373189099683741697
1373189100384174080
1373189117886992387
1373189120416178179
1373189135133970432
1373189140511080455
1373189161436471298
1373189179073515520
1373189184458985474
1373189185444663298
1373189197339766789
1373189199533342721
1373189202557472768
1373189204805582851
1373189208966369282
1373189220257386496
1373189235788935173
1373189237722525697
1373189252373213185
1373189269410492416
1373189288016412674
1373189322321629188
1373189324565577728
1373189326180343808
1373189328860553217
1373189334392737797
1373189342026362882
1373189354785542147
1373189363744509953
1373189364386254849
1373189383872987136
1373189415598764033
1373189445101494272
1373189490567696386
1373189501519028224
1373189527968346119
1373189554673491968
1373189574218878978
1373189589133840384
1373189637200482312
1373189686307520513
1373189693370683392
1373189704506605569
1373189716833677315
1373189717060165637
1373189740619501568
1373189747473068034
1373189760542461952
1373189777311285249
1373189786433949699
1373189797871816705
1373189802586218498
1373189802825293825
1373189803462815746
1373189806600167425
1373189814472871940
1373189838149722112
1373189839705800709
1373189858894708738
1373189878263996421
1373189921121431555
1373189922207711234
1373190005561102340
1373190027279175682
1373190042898825216
1373190068429524992
1373190071290109957
1373190071814262788
1373190072984567810
1373190082820210688
1373190094874669059
1373190099974942722
1373190106471878660
1373190113920946176
1373190125765718016
1373190144392626178
1373190174872645633
1373190176428716034
1373190210926825472
1373190237023825926
1373190251640930309
1373190289653952517
1373190292317298688
1373190295576281089
1373190303973277697
1373190309048430598
1373190322717593601
1373190326035349504
1373190331626369025
1373190346201575427
1373190348445474817
1373190380188012549
1373190394016534532
1373190405777461249
1373190432612569088
1373190440078442496
1373190451407286272
1373190455043764226
1373190460257222657
1373190485733474304
1373190522911780867
1373190522995630084
1373190524811755520
1373190559054110720
1373190598878969856
1373190630848004096
1373190663773229058
1373190705359765508
1373190730584371203
1373190761303400449
1373190883206696964
1373190903301570560
1373190903658074118
1373190943537516545
1373190957441638400
1373190957798154241
1373190967679803394
1373190975972114434
1373190981571522563
1373191003352535043
1373191019404128256
1373191039754907649
1373191068066402305
1373191171154055168
1373191177684594689
1373191217563992064
1373191229211574275
1373191304088260612
1373191319955333120
1373191329451282435
1373191354805800964
1373191379132633091
1373191419784015872
1373191453908869121
1373191456249221121
1373191467741675523
1373191501979734019
1373191517729386496
1373191532707250179
1373191535991398402
1373191550323265537
1373191568430149632
1373191568459497473
1373191576462180357
1373191579410780161
1373191584775290880
1373191607957217283
1373191661195571203
1373191691314855939
1373191743357788164
1373191749032583169
1373191752186757121
1373191760659251200
1373191794494742533
1373191829626228737
1373191842842476544
1373191848945184768
1373191857212129280
1373191883401351171
1373191914997047296
1373191941047848964
1373191970470965256
1373191987889848320
1373192029430292480
1373192046698184707
1373192080730824708
1373192135835594755
1373192152692457477
1373192175060717572
1373192178483261444
1373192219998453760
1373192241712394241
1373192272616042496
1373192318187110401
1373192363267530753
1373192384276799488
1373192390375317507
1373192398403174402
1373192416497389572
1373192429298360320
1373192437116592128
1373192454682202113
1373192476886847493
1373192489532788737
1373192490870829057
1373192510412107776
1373192528514719744
1373192550786478087
1373192566766718976
1373192574069006339
1373192583640453120
1373192587448872962
1373192616267907072
1373192680180703233
1373192714565521413
1373192735147065348
1373192751051907075
1373192807846924288
1373192839383937025
1373192856895119367
1373192861794066436
1373192865342320648
1373192918836645890
1373192925270704129
1373192936905715716
1373192937853624326
1373192954920177666
1373192969835122690
1373192982770241537
1373192991288954882
1373193081672056835
1373193091050442755
1373193113091604481
1373193128090406914
1373193146008547331
1373193194528256004
1373193215235518466
1373193242569740293
1373193271367901185
1373193271858581506
1373193295216644098
1373193351017721858
1373193373679554568
1373193376628146177
1373193388229550081
1373193410010550273
1373193430315241473
1373193437185445891
1373193442004758528
1373193473986285573
1373193483431903234
1373193512678694915
1373193542575779841
1373193570732023813
1373193585827459076
1373193593519804416
1373193607348359170
1373193609613303810
1373193616739418112
1373193647567556608
1373193656958615552
1373193657474514946
1373193657814237186
1373193661207490560
1373193661807259649
1373193669621190657
1373193679213584384
1373193707881693185
1373193722645540864
1373193734398038016
1373193763468771328
1373193765645598724
1373193833979252738
1373193835858255874
1373193837141708801
1373193845912002566
1373193846054645761
1373193876543057922
1373193918171467776
1373193923477311489
1373193951402987524
1373193966783500288
1373194012543361029
1373194042729697281
1373194048345927684
1373194094382551040
1373194144013815809
1373194157532020738
1373194174393106432
1373194230915600384
1373194257201250305
1373194261542416386
1373194273504567298
1373194279871463426
1373194292462764033
1373194353536073728
1373194358007156744
1373194434016317440
1373194454308429824
1373194454987857920
1373194495999811585
1373194537653448704
1373194542883684352
1373194552169861120
1373194557890949123
1373194571136569346
1373194580435337216
1373194598370193409
1373194602266640384
1373194603470422019
1373194609053077504
1373194609682083843
1373194647581900801
1373194662048071681
1373194672663900167
1373194677009182720
1373194765798367234
1373194842734522368
1373194854449217536
1373194863139753985
1373194904738934785
1373194956093976577
1373194971134705667
1373194977199669251
1373195020963053568
1373195104169627649
1373195104211537921
1373195104416976901
1373195112067502082
1373195114957389826
1373195115968274439
1373195123589267456
1373195130748944386
1373195139083079683
1373195181172854784
1373195181483298816
1373195223459856385
1373195227616448513
1373195230254665729
1373195244095868928
1373195284013064195
1373195300463075329
1373195305164935169
1373195442943574022
1373195455170015235
1373195462656864256
1373195472135929857
1373195473935339522
1373195493715611648
1373195496815087621
1373195505841364993
1373195505971437569
1373195507175149572
1373195509586919428
1373195510396432385
1373195542059175938
1373195547503378432
1373195548333854720
1373195568890187778
1373195590973161475
1373195598120300544
1373195605741342723
1373195611353321472
1373195623814553609
1373195663584935938
1373195687119179778
1373195699127484416
1373195758124609537
1373195807588024324
1373195846255280128
1373195853226123267
1373195888835837952
1373195945941348352
1373195959342075905
1373195984751239168
1373195994926608384
1373196029080834049
1373196095287914496
1373196100497182720
1373196104477605890
1373196104502812674
1373196106650288137
1373196111750516736
1373196118054551552
1373196123817529348
1373196130851426305
1373196135687421952
1373196176162488322
1373196191308128258
1373196193963065346
1373196212321591296
1373196250019954688
1373196298422259712
1373196299806273543
1373196346820284419
1373196349768863747
1373196407843225605
1373196408690475009
1373196414008893441
1373196451229147138
1373196451719880704
1373196458623700993
1373196655709814787
1373196681102131200
1373196799381536769
1373196892495024129
1373196999550504960
1373197044374982658
1373197089178521601
1373197102344507393
1373197459166527489
1373197510345379841
1373197621699940352
1373197625298681857
1373197637151821825
1373197642801500162
1373197655271161860
1373197709117652995
1373197719595024388
1373197998008721411
1373198244021473282
1373198427434196994
1373198701276106757
1373198762248712194
1373198812651651073
1373198877294272512
1373198937557975041
1373198962702876674
1373199227615072262
1373199307571130370
1373199314554646535
1373199370879971330
1373199382456176642
1373199404253995012
1373199414949478405
1373199504678207493
1373199539511906312
1373199559023820801
1373199583891894273
1373199782966099969
1373199824854650880
1373199994484850689
1373200036167835649
1373200137321738241
1373200230368305152
1373200308831096835
1373200312895430662
1373200313159716866
1373200359083155457
1373200428083650568
1373200505367891973
1373200659143487493
1373200908268548098
1373200920268435459
1373201116066934786
1373201205434941443
1373201289753022467
1373201391435534338
1373201418417537025
1373201433764450304
1373201509454872576
1373201850837651456
1373201899235643396
1373202008623173632
1373202077367771141
1373202276605702146
1373202447271878658
1373202609776029697
1373202675584667650
1373202729531740160
1373202812734160897
1373202871630622722
1373202895898865668
1373202905537392644
1373202994339139584
1373203042401673216
1373203234739863556
1373203274845843457
1373203285843267585
1373203475014750209
1373203555276967937
1373203568593932288
1373203712534020098
1373203806746513410
1373204190391103489
1373204190990852104
1373204192395923459
1373204217960226818
1373204273102721025
1373204354648436736
1373204453264855040
1373204654327263233
1373204805515161603
1373204863815933955
1373204882853871616
1373204896657342467
1373204912130113537
1373205028245278722
1373205444282486787
1373205445515546624
1373205488528191490
1373205501245284352
1373205507608023041
1373205519419211782
1373205538662649856
1373205554357809156
1373205650981945344
1373205664760270854
1373205727376982017
1373206016578482179
1373206252248043522
1373206277812224003
1373206292718829568
1373206368644173827
1373206508406767621
1373206909415735297
1373206910435004419
1373206992794357761
1373207100445233153
1373207150395285506
1373207334336495620
1373207337398329344
1373207352468443147
1373207363868446729
1373207373142196227
1373207392737972224
1373207407158001664
1373207543774912513
1373207646145249280
1373207668500926466
1373207745843884033
1373207756107317251
1373207789129043968
1373207839343280128
1373207949854846978
1373207958058889216
1373207960550268930
1373208003478970368
1373208023775207432
1373208025402650625
1373208031140413443
1373208054775308289
1373208131875000320
1373208182357692417
1373208210606276609
1373208219204661248
1373208259566448641
1373208310682357760
1373208364981829632
1373208395407364098
1373208472410554368
1373208534633099265
1373208553054474243
1373208553478045697
1373208611778928640
1373208614966542336
1373208641134792705
1373208725125791744
1373208943581933575
1373208945435701263
1373208947260329988
1373208981229932545
1373209001417187328
1373209003522674688
1373209064163962883
1373209087429709825
1373209217289568258
1373209232636583937
1373209258037239809
1373209356163031041
1373209362974572546
1373209388299718657
1373209491198648323
1373209506033860609
1373209560970825730
1373209737836310529
1373209749156691972
1373209751312592896
1373209751484563457
1373209772208558081
1373209782170042369
1373209879314378754
1373209885249302530
1373209893780480000
1373209925292294152
1373209984339734528
1373210046016929806
1373210118414798850
1373210120297979908
1373210173364391937
1373210190745591811
1373210203685072900
1373210319485558789
1373210328511737858
1373210424049602563
1373210449991364612
1373210473571741699
1373210478638473216
1373210510854922241
1373210541594923010
1373210563065565184
1373210629947985921
1373210664639074306
1373210747602362368
1373210778317246468
1373210789557964800
1373210820696506370
1373211026259378176
1373211048182956032
1373211182086164483
1373211413691392002
1373211462005530627
1373211538329370626
1373211641471451136
1373211698614702080
1373211740087943172
1373211854374322184
1373211856324730880
1373211908032069636
1373211910108295169
1373212120737808385
1373212540281384966
1373212720493830148
1373212723312398342
1373212837070438402
1373212906419019776
1373213251710881794
1373214248579514376
1373215141429444609
1373215226863230977
1373215437832527873
1373215490626162688
1373215606409986048
1373215703558414340
1373215999059693575
1373216073961644036
1373216264840228865
1373216703241412609
1373217002924433414
1373217006665797638
1373217080758128643
1373217488217903107
1373217816300650502
1373217859506212865
1373218235949146115
1373218312377806848
1373218372935155715
1373218410931351554
1373218521778380804
1373218645497815045
1373218927707365377
1373218931524132867
1373219032040620032
1373219226576580616
1373219303949017093
1373219524942647296
1373219700625268738
1373219941646745600
1373219981610061827
1373219987444359169
1373220175693090817
1373220370686312457
1373220612882235393
1373220693895172098
1373221274311348225
1373221380121108482
1373221417429393410
1373221765019803652
1373221804089696256
1373221816450289664
1373221832837464065
1373222009073774592
1373222210438107138
1373222324573507586
1373222333704458245
1373222574574997504
1373222618829062145
1373222669282344961
1373223017376022528
1373223260750553089
1373223304346152965
1373223356909154309
1373223645129158656
1373224334295191555
1373224494362460167
1373224590533623810
1373224600948064256
1373224804027891715
1373224986920501253
1373225082290638849
1373225170123522049
1373225209172480002
1373225314579546114
1373225737772228610
1373226033651007492
1373226323833937920
1373226387859980289
1373226759253032960
1373227176045207552
1373227349748158467
1373228091091324931
1373228150876999682
1373228370297810946
1373229095773990912
1373229447789359104
1373229544333787141
1373229585245089795
1373229636029710338
1373229893216002048
1373230374843678720
1373230393785192449
1373231310643326979
1373231659991072768
1373232773247463424
1373232894601269248
1373233435960041475
1373233516046090240
1373234215978995712
1373234819178635265
1373235031049650183
1373235342669676545
1373235733314613250
1373235826969174025
1373236118053908480
1373236307049209859
1373236695240470529
1373236832671043585
1373237189786619906
1373237725944541187
1373237733775306759
1373237924096053248
1373238681553801217
1373239175294636034
1373239525800022017
1373239599422656513
1373239969691668481
1373240205239590916
1373240210562105345
1373240413801357318
1373240659541385218
1373240760817029124
1373240876797992963
1373241101033865216
1373241243229114368
1373241243413721091
1373241294550630400
1373241412049850370
1373241518098636803
1373241518509674500
1373241657953546242
1373241660914728962
1373241960681648128
1373242215569457156
1373242299933720581
1373242570730524680
1373242603798474753
1373242646894895104
1373242657359720452
1373242769368551424
1373242922100011009
1373243016274702341
1373243459193212928
1373243801502953477
1373243801553276928
1373243810524893184
1373244027974340612
1373244363225063434
1373244541017464835
1373244798589616129
1373244809872293890
1373244910921474049
1373245401109725186
1373245589765361667
1373245629376430084
1373245865192796162
1373245991848132610
1373246096386891778
1373246301845008385
1373246697090994176
1373246697632108547
1373246827433226244
1373247035403608065
1373247242467958784
1373247438027423748
1373247645741940739
1373247651945254913
1373248816925786113
1373248822671970309
1373248991060705290
1373249301913165826
1373249346498613248
1373249450538364936
1373249780781088770
1373250211313770499
1373250442717765633
1373250561726935041
1373250658011320326
1373250732057579521
1373250745919799299
1373250772213846020
1373250859975516161
1373250911389282305
1373251411371290624
1373251460037754886
1373251474407444487
1373251727412097024
1373251727504343046
1373251851920015363
1373251882752311299
1373252054697787396
1373252056983687172
1373252215943655424
1373252448723349504
1373252543816597505
1373252648766468096
1373252790659731462
1373252791343398912
1373252800403144706
1373252910151307267
1373253132206145542
1373253225097392135
1373253321968992260
1373253336066064384
1373253358308495364
1373253416613519370
1373253421340430337
1373253423752183820
1373253486805200901
1373253640866119685
1373253647702880257
1373253672575111170
1373254184049504258
1373254481345908737
1373254497712144389
1373254513612718080
1373254677333221377
1373255157576658947
1373255820620800003
1373255828476661771
1373256114415009793
1373256217867456515
1373256381696987141
1373256931926769667
1373256956920619009
1373257092673511426
1373257349289410563
1373257676155547651
1373257706035904515
1373257954871410689
1373258023754469390
1373258043228573701
1373258048425365504
1373258058860744715
1373258682797076480
1373258733548081160
1373259708224712711
1373260186463375362
1373260310598070273
1373260392575729668
1373260929937313796
1373261296448208897
1373261397161836546
1373261477164023810
1373261875773906951
1373261880916054021
1373261899543027714
1373261918891282438
1373261987501707268
1373262144813301761
1373262151427710978
1373262162936934405
1373262234676297728
1373262473168621571
1373262548804333575
1373262593251536899
1373263035989626885
1373263082584223751
1373263295726125059
1373263404715098123
1373263420573761541
1373263461011054596
1373263612979126278
1373263671988785153
1373263823633780736
1373264040877826057
1373264220184223747
1373264319635460098
1373264646564642821
1373264825736921092
1373264840593178625
1373264898768113678
1373265220764889089
1373265342693261318
1373265381968769029
1373265461148852229
1373265569005268992
1373265569663889410
1373265665390485504
1373266113232998401
1373266162474188800
1373266186457264130
1373266242740572164
1373266250298691589
1373266810196393992
1373266854291116035
1373266865078857729
1373266989804838918
1373267566064504833
1373267929593229313
1373267992851664898
1373268235404070915
1373268291913977861
1373268331923406848
1373268788779622401
1373268866395176962
1373269034599378948
1373269142724304898
1373269218246991875
1373269276199694336
1373269359053918210
1373269505552621573
1373269511101681666
1373269915654840322
1373270260133076992
1373270708378296321
1373270754226278407
1373270800707551233
1373270825336442881
1373271338777972741
1373271422429245446
1373271530625499140
1373272186732036096
1373272387467247619
1373272587225141252
1373272622650245122
1373272790716006402
1373273125941485572
1373273127313154051
1373273482570661889
1373273864910876674
1373273928110641157
1373273951535775744
1373274054128513026
1373274119588999168
1373274453170401287
1373274912966709249
1373275201656475650
1373275259152035847
1373275665173245958
1373275835566850048
1373275997164961794
1373276326128361477
1373276334810599431
1373276361838714886
1373276412854087680
1373276492290011140
1373276722154643464
1373276874844073988
1373277411069079553
1373277411425538052
1373277528081764355
1373277595299684353
1373278151795695617
1373278248017268737
1373278978220425217
1373278987426861057
1373279075335307279
1373279326867759111
1373279760600666115
1373280250302455812
1373280436206641156
1373280706667941892
1373280745251278848
1373280897148063744
1373281278309597186
1373281992565985283
1373282022995681284
1373282861676171276
1373282884807712768
1373283379890810883
1373283434429304838
1373283445628149765
1373284335424528390
1373284578555789313
1373284749893107712
1373284911017299970
1373285246825824257
1373285729435054082
1373285923719372800
1373286325160411139
1373286908864905222
1373287486533693447
1373288190757462020
1373288223875686404
1373288540667281408
1373288884386283527
1373288997313773569
1373289052271734787
1373289469407850499
1373289512416198657
1373289759301369858
1373290148197191684
1373290205856288776
1373290237112299520
1373290350035492869
1373290787753058310
1373290943101632512
1373291125797163010
1373291724727013376
1373291813512036360
1373292074041245698
1373292444981280772
1373293554827730950
1373293726479626243
1373293856830197768
1373293905266020357
1373294383794171914
1373294435488894980
1373294566799998978
1373294788259295232
1373294871759437830
1373294903262916609
1373295514964353026
1373295566927622148
1373295606148513792
1373295670157840394
1373296332841103363
1373296335156359173
1373296754679017478
1373297307211431944
1373298559215357959
1373299021834559489
1373299145478447105
1373299242861727748
1373299561037447168
1373299572177567750
1373299902827147264
1373300376540172295
1373300705134514188
1373301696210817025
1373302409590624266
1373302629414146054
1373302813929975813
1373302949108154374
1373303312779448326
1373303396007096321
1373303601691566081
1373303611892043782
1373303761855205376
1373303866217926657
1373303948908593155
1373303991132688386
1373304040273162248
1373304067343155200
1373304112788426753
1373304118748577800
1373304143620767745
1373304147701813253
1373304159475265536
1373304186763362306
1373304220158398472
1373304237048881159
1373304239091544065
1373304279759519754
1373304288479416327
1373304317227249669
1373304379034509315
1373304401339760645
1373304457195307009
1373304748233912324
1373304757897596928
1373304771659104257
1373304822649212932
1373304844438634496
1373304887199604736
1373305008037433353
1373305021266337798
1373305044561453058
1373305079193812994
1373305108923084809
1373305124819513352
1373305163524538371
1373305167337115655
1373305202460217355
1373305224564244490
1373305372430241796
1373305381867360259
1373305419117043713
1373305446128304133
1373305569453486080
1373305601774780417
1373305651523371013
1373305699686625282
1373305763624583171
1373306572068245510
1373306599184478214
1373306665949347843
1373306751114612740
1373306907209961476
1373306917465026565
1373306977443532805
1373307006631735297
1373307048620883969
1373307092195373057
1373307225276620807
1373307489534492677
1373307598708019200
1373307746674741249
1373307927625408523
1373308037054730241
1373308053014056961
1373308172627288064
1373308206420787204
1373308411522207748
1373308443965149186
1373308621216493573
1373308626081882119
1373308676526780421
1373308707027746823
1373308752028446730
1373309111731896322
1373309132749553666
1373309300098142208
1373309344817766400
1373309446710038531
1373309447574011905
1373309861589614595
1373309863200194560
1373310012412559360
1373310110466969601
1373310251353702403
1373310348489588741
1373310356819488776
1373310520019849220
1373310550973808642
1373310740245979139
1373310740841500672
1373310849918590979
1373310882923618308
1373310918784909319
1373311171726606353
1373311272440193024
1373311376857387015
1373311428413816834
1373311452052910085
1373311478242144260
1373311511318429698
1373311654327418890
1373311734572793861
1373312854510739459
1373312880041414665
1373313181448335362
1373313272653307905
1373313536030543878
1373313628699508738
1373313741765406723
1373313758131597320
1373313899404136453
1373314262932799488
1373314750696845315
1373314910810210308
1373315216516259844
1373315622738726914
1373315764476907521
1373316205654720513
1373316324957564929
1373316835282714629
1373316854601674756
1373317054439260163
1373317238544039936
1373317317652840453
1373317340327251968
1373317673006870531
1373317738148597762
1373318328459083776
1373318551872880645
1373318595753676804
1373318749474934790
1373318946523394050
1373319144230297605
1373319212333199360
1373319298777817089
1373319431967944709
1373319441337966592
1373319799191781387
1373320033515016197
1373320140717232128
1373320197474504707
1373320294820016129
1373320733665992711
1373320838443892744
1373320978663665668
1373321083064029191
1373321087044481026
1373321091293319168
1373321096032817154
1373321110876516359
1373321436601884676
1373321852182011905
1373321957807128579
1373321966611005444
1373322083917238279
1373322119162003467
1373322262359724036
1373322362519748610
1373322707308314624
1373322959205642240
1373323230841290753
1373323429445795840
1373323499616546819
1373323507216617480
1373323746895917058
1373323801988108293
1373324249956560896
1373324419855159300
1373324503288266755
1373324531515932674
1373324590492028929
1373324850459242502
1373325041660784643
1373325116747186178
1373325135638323201
1373325389079195651
1373325427595481088
1373325784023240705
1373325794894884870
1373325984942931972
1373326015561338880
1373326246151618563
1373326432852709380
1373326468219027459
1373326521746722823
1373326672750129152
1373326721961824261
1373326806229602307
1373326996248403972
1373327022232064006
1373327088107802626
1373327184237060099
1373327503394279427
1373327693803044867
1373327701336031234
1373327971902230535
1373328040663584771
1373328084997439490
1373328095550308353
1373328245005848576
1373328254224990214
1373328409955295236
1373328454683394052
1373328726746931207
1373328815800385540
1373328890337366020
1373328897882918917
1373329223390269442
1373329253652070401
1373329399274168322
1373329431519973384
1373329659690106882
1373329879740022784
1373329882504040449
1373329930465988612
1373329945372590094
1373329954096701442
1373329998707298309
1373330062423040004
1373330310176382983
1373330544851886088
1373330576774680578
1373330601848279040
1373330627701973000
1373330908053446672
1373331075271888905
1373331304020910084
1373331306038321155
1373331395699949568
1373331527342432260
1373331766707163139
1373332039898914817
1373332133268357136
1373332190424137732
1373332497719775240
1373332685469409285
1373333200265691142
1373333495838294019
1373333518084890626
1373333519036997633
1373333528549720070
1373333721257013255
1373334134152630274
1373334187130884097
1373334487271104513
1373334503876349953
1373334899663454213
1373334965761544203
1373335177137635329
1373335206824923145
1373335325146279937
1373335359883333632
1373335368754339841
1373335381677121537
1373335560828387328
1373335615408893958
1373336226963525640
1373336260379602946
1373336375211270150
1373336408031645697
1373336434120200192
1373336787700101120
1373336952603303938
1373337016834883594
1373337018533613569
1373337068919779328
1373337291008081923
1373337349539524608
1373337494108786688
1373337712896450561
1373337781364273157
1373338040987435016
1373338221652893699
1373338232532926475
1373338300489068546
1373338438255190020
1373338549630685193
1373338572519002115
1373338577627582464
1373338748549791744
1373338987113410563
1373339145347665928
1373339486214574089
1373339545274580992
1373339721699618818
1373339726623690761
1373339858278756356
1373339946749136898
1373340160063070211
1373340181554663426
1373340467551727618
1373340541195259908
1373340894397489155
1373341113310924811
1373341199424221188
1373341321147060228
1373341499765764100
1373341790640746498
1373341836773851139
1373342463612616704
1373342536736051203
1373342681766764545
1373342851455713289
1373343126581092356
1373343161712529413
1373343308118945801
1373343311784775680
1373343573308014599
1373343582711595015
1373343599899897857
1373343724995014658
1373343888837074949
1373344127371333633
1373344132433842179
1373344221445431297
1373344439985442817
1373344487032905738
1373344605257732103
1373344686459457538
1373344809482661888
1373344840948269059
1373345062155878405
1373345218200797189
1373345328838144010
1373345450711994371
1373345456533688325
1373345521004380160
1373345656685875201
1373345688449335299
1373345803440422912
1373345806405799937
1373346007656849414
1373346053181870085
1373346066599399426
1373346097335242758
1373346099247734785
1373346602367156226
1373346983335895045
1373347205101289474
1373347247383932930
1373347656626544648
1373347670140542977
1373347855847460865
1373347920221716486
1373348157094948867
1373348309914562564
1373348462738210822
1373348618116075522
1373348620863467522
1373348707031203840
1373348798496440326
1373348829140025347
1373349119348015106
1373349208917483520
1373349224365051908
1373349229364715520
1373349329356914690
1373349817737437192
1373350084889485314
1373350211167391744
1373350257107603467
1373350281023533056
1373350369766608896
1373350377349865472
1373350675011272706
1373350771530534915
1373350922118660103
1373350987059068933
1373350991790215171
1373351104604479494
1373351518481514501
1373351680906035215
1373351842348945408
1373352223577681921
1373352277197651969
1373352289654743041
1373352330402336771
1373352478868115470
1373352675283243015
1373352761056751616
1373352779545251850
1373352845488095241
1373352856661671940
1373352993526059013
1373353157279973379
1373353208005939202
1373353498075672579
1373353522574602242
1373353845020053509
1373354007482220547
1373354168639963136
1373354275712155649
1373354366808305668
1373354448538509323
1373354468557881348
1373354976517496844
1373355265278550018
1373355333884727305
1373355610838798338
1373355708792639494
1373355740761522177
1373356165548154880
1373356238445088770
1373356264621809665
1373356417311141891
1373356468792135681
1373356624056885248
1373356931931340802
1373356955662712842
1373357015272144896
1373357525677006858
1373357578479144961
1373357666907648006
1373357849057841154
1373358005748707333
1373358178646196225
1373358507613949952
1373358656507510786
1373358692976967681
1373358755568615427
1373358866285654016
1373358871989911558
1373358912120971273
1373358960644915206
1373358968853180416
1373359023655948296
1373359061215891456
1373359065468956673
1373359175758192648
1373359244381020160
1373359655875919874
1373359674951630851
1373359817859948550
1373360034348929035
1373360254763814912
1373360398271938564
1373360443583033344
1373360633442361349
1373360740007034880
1373360927182098434
1373360960400990212
1373361014369042434
1373361055490056202
1373361091317751812
1373361122317844482
1373361186549415940
1373361332091781121
1373361734732427267
1373361843532615687
1373361858384695297
1373361934301548544
1373361953712840711
1373362009786482694
1373362062798241796
1373362211301822470
1373362304641798148
1373362374594473989
1373362805001367554
1373362870273118219
1373362947985117184
1373363131007827971
1373363145268400128
1373363199500808194
1373363379700649987
1373363716138369024
1373363739307687944
1373363770358169605
1373363821079842818
1373363929523585027
1373364071286910981
1373364200131735559
1373364276006633480
1373364332826931204
1373364939839049729
1373365077638799371
1373365476785545216
1373365481403473927
1373365608599986182
1373365662316388355
1373365836388401158
1373365868726521858
1373365917489500161
1373365949781438470
1373365980122976265
1373365998389235715
1373365998687035398
1373366108259037186
1373366243542114312
1373366252324937730
1373366517237170176
1373366561600278529
1373366650595082241
1373366682450857984
1373366689715384321
1373366931214983172
1373367045392379906
1373367128775139334
1373367153445978120
1373367175608684553
1373367386758385669
1373367539087081475
1373367741743267845
1373367834626117634
1373367856709128193
1373367955384369152
1373367959360524290
1373368262621327368
1373368396977467403
1373368704898101251
1373368748300660736
1373368773583982592
1373368873471344647
1373368990626631680
1373369002626531335
1373369092917313546
1373369131152592909
1373369138886885382
1373369353022898177
1373369400183623685
1373369482400382976
1373369492944879619
1373369553711947777
1373369583579594755
1373369611983454215
1373369827570688001
1373370346695503878
1373370431076438028
1373370603550429191
1373370699109306383
1373370791325274113
1373371411620847617
1373371577404944392
1373371685399838722
1373371878975361032
1373372004557062152
1373372032172371972
1373372054783860743
1373372185868431363
1373372220974710784
1373372331389779969
1373372352579391490
1373372441397956609
1373372478781845506
1373372577343758337
1373372618896777217
1373372849868701699
1373373047772696585
1373373098469306373
1373373108367851522
1373373278270619648
1373373285296173057
1373373287791783940
1373373300349534218
1373373462346010625
1373373493807550472
1373373541043867651
1373373787580809218
1373374204763078661
1373374548628930565
1373374658888753174
1373374749645099030
1373374862287368194
1373374937285660673
1373374975487410178
1373375079002832900
1373375415054692360
1373375426022813700
1373375442988756997
1373375445660491779
1373375492695461890
1373375529177513987
1373375612824485894
1373375684140277764
1373375774561087494
1373375888922918912
1373375997333110786
1373376192598970372
1373376272710176770
1373376320797818880
1373376389676666890
1373376427249315848
1373376469422940163
1373376724805824516
1373376835942223877
1373376845702397952
1373376879806271491
1373376967215570944
1373376971288281095
1373377007862620165
1373377247726436354
1373377757112102919
1373377944408707077
1373377968920260609
1373378050558205952
1373378357610577921
1373378672699314184
1373378684082618369
1373378816551305218
1373378818170359815
1373378849917050883
1373379010537865218
1373379188170821637
1373379249286094848
1373379277585014789
1373379338419236864
1373379408627650562
1373379423911743495
1373379535169855490
1373379606594646019
1373379745732296706
1373379773490167813
1373379794042290176
1373379831488995341
1373379920332722177
1373380010598412288
1373380064293888007
1373380223580962817
1373380438102802436
1373380509137580042
1373380538178883591
1373380556776468492
1373380560031191042
1373380620437557254
1373380629858037768
1373380675307511814
1373380803690962946
1373380811534262276
1373380828357668872
1373380861895139330
1373380984658391041
1373381317069520899
1373381331258851330
1373381406919954435
1373381410359246852
1373381454600794114
1373381550679674880
1373381664383102986
1373381713401942017
1373381917509365760
1373381932378112008
1373382261274476561
1373382532658520064
1373382589474480130
1373382591605215232
1373382854764339200
1373382885978308618
1373382990407999491
1373383756363526147
1373383764680835076
1373383928208310283
1373383991278104588
1373384126364008454
1373384138451996674
1373384231037067268
1373384256655884291
1373384368446652416
1373384393767727107
1373384452555018244
1373384542472577029
1373384553889415171
1373384636127178759
1373384643538468872
1373384665831182339
1373384705899368452
1373384854583271427
1373384858936995848
1373384863479443456
1373384979338702854
1373385124436447234
1373385207726931968
1373385244519325701
1373385260256346117
1373385485582794760
1373385523872608257
1373385741816971269
1373386019823833095
1373386209431552002
1373386215555276806
1373386364465471489
1373386365879078917
1373386438453170178
1373386502596612099
1373386532908859393
1373386558095695873
1373386591570427912
1373386593495568396
1373386653352484865
1373386768255479817
1373386833346797569
1373386855874494467
1373386929564188675
1373387252328493063
1373387327947558916
1373387416619343874
1373387428300460032
1373387506562007041
1373387526308823047
1373387643422183427
1373387786632396801
1373387856828362756
1373387942278934529
1373388075347419140
1373388136399699974
1373388138677207041
1373388153617268740
1373388170432282625
1373388773669675009
1373388777155092482
1373388823309193218
1373388868469321731
1373388966305656832
1373389060702490627
1373389183293796356
1373389384188190721
1373389764091654149
1373389995218718721
1373390017800892416
1373390139288911875
1373390395854438402
1373390515455066123
1373390981484183553
1373391066938871811
1373391270916329475
1373391541801209865
1373391838896349185
1373392004445569026
1373392010388901889
1373392500002545668
1373392540150464520
1373393060722319366
1373393105244803073
1373393119526465538
1373393419352084490
1373393472779124736
1373393662487494657
1373393917757042697
1373394278978834440
1373394356309258246
1373394368313372678
1373394458578931713
1373394565080756228
1373394718789398534
1373394846086479875
1373395055814270976
1373395187142115331
1373395196428308482
1373395412783104002
1373395690542469120
1373395798323515392
1373395988812070913
1373396067019075584
1373396168030490629
1373396380274855946
1373396600777768964
1373396668247379972
1373396808261586945
1373396851928535044
1373397043444654084
1373397071504551938
1373397114772938756
1373397387822129155
1373397449834950657
1373397481510338567
1373397583540944898
1373397604642521090
1373397689170284545
1373397759412334602
1373397904963080194
1373398002098966537
1373398061574131717
1373398189022310403
1373398221247119363
1373398474327265287
1373398528697991172
1373398663893032960
1373399016382341122
1373399145403314179
1373399187170193409
1373399312906997760
1373399376559808521
1373399542742278146
1373399599986180098
1373399953926725637
1373400234366271488
1373400296383148033
1373400402935308290
1373400655671525377
1373400686201868291
1373401162393735168
1373401186930454531
1373401443043061765
1373401464576507905
1373401473720201226
1373401476601679885
1373401514232975364
1373401556222144513
1373401632440979462
1373401703274385414
1373401779782742018
1373401780135022593
1373401787248603141
1373401986247372808
1373402021525610496
1373402271061528576
1373402273234161668
1373402308449554434
1373402396097925121
1373402410702532611
1373402538389729284
1373402588310294532
1373402718014951425
1373402782204592133
1373402818825093121
1373402819869433856
1373402860621336580
1373402932641738761
1373402993991819264
1373402999515709447
1373403105669349377
1373403242554531841
1373403252486717440
1373403667928379392
1373403736987549698
1373403922937884675
1373403980647256068
1373404040269332480
1373404058816495618
1373404159156834317
1373404422777212930
1373404661236039685
1373404684963221516
1373404685298716675
1373404735902978054
1373404753540026368
1373404797404114944
1373405052438740998
1373405128649232385
1373405129009926146
1373405238036664323
1373405250359599105
1373405312552697861
1373405374909452290
1373405568245850117
1373405740304633858
1373405911763591175
1373406011311144971
1373406101308325889
1373406113736105987
1373406116441362433
1373406222762831873
1373406339087667201
1373406383396286467
1373406471141085186
1373406494683631617
1373406539072036871
1373406540028317696
1373406633171226625
1373406649717776385
1373406659406598146
1373406659750592514
1373406728100929546
1373406740448997379
1373406902785347587
1373406933747634183
1373407095031205889
1373407125163102213
1373407188341944327
1373407221112053768
1373407326930092036
1373407414331060224
1373407418944741381
1373407568232644612
1373407608695103494
1373407774214864898
1373408022693830659
1373408078968860674
1373408161563021320
1373408260540219392
1373408445467136008
1373408498487279618
1373408542020009984
1373408570625159168
1373408638627422212
1373408874464706562
1373408981339738113
1373409016110489600
1373409016177516544
1373409016546787330
1373409027430973447
1373409078400192513
1373409080795140096
1373409142212329472
1373409148621193218
1373409192665624578
1373409263138304001
1373409293937086472
1373409361599561733
1373409521889124361
1373410008562552832
1373410054041395207
1373410078661959686
1373410168956977154
1373410356970799111
1373410674701971464
1373411025492574209
1373411198792839168
1373411475751075845
1373411973300432905
1373412219661221888
1373412343166726145
1373412351165280262
1373412445541253126
1373412559114633220
1373412659375308802
1373412770771795968
1373412770885083139
1373412777080000512
1373412788652105728
1373412798680727561
1373412837150842885
1373412935041744897
1373412991559987207
1373412998937767943
1373413019062046720
1373413033033220104
1373413050104094723
1373413070731673600
1373413075114659841
1373413178676146183
1373413188356730884
1373413194392346625
1373413270170796035
1373413273773703171
1373413363074674689
1373413370230145034
1373413414102462464
1373413459161980928
1373413539591950340
1373413548332879874
1373413679677456387
1373413704004476928
1373413717543677954
1373413771968966656
1373413878684614660
1373413913040158721
1373413929397944320
1373413929762877455
1373413932468174854
1373413955817848832
1373413994376130562
1373414044720324611
1373414054375653378
1373414057890488320
1373414083182088202
1373414115385966597
1373414149649227777
1373414231882760203
1373414250845249547
1373414264581525513
1373414291035017217
1373414330587303938
1373414342323015680
1373414354088042499
1373414464859602948
1373414510715940872
1373414519352004611
1373414528084500481
1373414540491300872
1373414553267097601
1373414573173317639
1373414644841385987
1373414713795735553
1373414802891083777
1373414806347190275
1373414841117982725
1373414854837600265
1373414891483246595
1373414944213983241
1373414957107318784
1373415062015184896
1373415069904744451
1373415107351416834
1373415126414528515
1373415195083702275
1373415292928425985
1373415352282021889
1373415376848048129
1373415409349713921
1373415420296888321
1373415534138642434
1373415571493167106
1373415583270760449
1373415612093972484
1373415683908902914
1373415711423467521
1373415741286932480
1373415779442561024
1373415842214506497
1373415915820306434
1373415970493104136
1373415976184778759
1373415979628298240
1373415999752564737
1373416005012185089
1373416010607386632
1373416021621682178
1373416028554866700
1373416037450973190
1373416037719367682
1373416038990290957
1373416079607881728
1373416105885192196
1373416180422111232
1373416207429337102
1373416229482954752
1373416231647256583
1373416232691638276
1373416379903315969
1373416409645125638
1373416460886941699
1373416464363970563
1373416522392203275
1373416549424447490
1373416563269890055
1373416563382968321
