1370887399073476610
1370887399220383744
1370887399526461440
1370887402009530373
1370887402286247937
1370887402873622532
1370887408393273347
1370887412633772034
1370887425040465926
1370887426860793856
1370887429473861640
1370887450357284865
1370887491058860039
1370887528010637312
1370887543063986182
1370887559967080449
1370887560441032706
1370887603894022144
1370887658931638277
1370887859541000192
1370887864297345027
1370887916474490882
1370887961923977218
1370887968672595969
1370887973550571520
1370887975425478661
1370887981914071044
1370888011521609731
1370888063342247937
1370888073853079553
1370888107210510347
1370888152764837896
1370888153498804232
1370888268175319040
1370888295366983681
1370888314140684293
1370888323007401988
1370888414820712451
1370888487969378305
1370888488044879872
1370888599026171908
1370888611319676937
1370888633604001792
1370888675714797570
1370888734992908295
1370888758216777735
1370888931357696003
1370888949355401220
1370889017345118209
1370889020453097473
1370889022659248134
1370889065311002625
1370889068050010116
1370889146294796289
1370889197175848962
1370889264767107073
1370889272430039042
1370889284471906305
1370889315400683526
1370889331251019789
1370889351459172355
1370889455360487425
1370889557835649034
1370889584750555141
1370889590207361024
1370889672747053058
1370889677763448841
1370889770981859328
1370889781601787908
1370889805526151169
1370889814833303558
1370889864745484289
1370889893015031812
1370889958794350592
1370889960472117254
1370890006882091008
1370890008496865287
1370890104206688258
1370890105234284544
1370890109650927620
1370890155767238661
1370890250520829959
1370890286780583937
1370890324936175618
1370890436676554755
1370890633011994624
1370890644428820484
1370890652628758533
1370890687101698051
1370890716256350209
1370890747608715264
1370890925543673865
1370890948968910849
1370890974235348999
1370890992132440065
1370891015889039363
1370891172940484608
1370891186869784577
1370891200027312136
1370891224455000065
1370891274434314242
1370891283829563394
1370891295175086081
1370891342428082179
1370891417040658433
1370891471700779008
1370891477417615367
1370891576055103490
1370891692937732103
1370891784050597894
1370891815214276608
1370891816246083588
1370891834344505345
1370891840858243073
1370891844863864834
1370891969149419531
1370891990368460800
1370891990640955392
1370892019674013696
1370892076372623362
1370892217972367364
1370892277816643586
1370892300117803009
1370892412302807042
1370892433106604032
1370892450101927945
1370892584646799361
1370892591189921795
1370892629429325828
1370892653466894340
1370892670390898688
1370892689751879686
1370892746756620288
1370892852755054595
1370892977527218181
1370892998825938944
1370893097517916168
1370893226580787200
1370893261972369411
1370893348173713411
1370893402460585985
1370893411147001867
1370893421108465672
1370893444978249733
1370893570161451017
1370893610959437826
1370893642836107265
1370893659701383172
1370893736218099715
1370893825451945989
1370893918884233220
1370894175168782338
1370894310917439489
1370894418732023808
1370894437589655554
1370894456346529792
1370894475820736517
1370894552240902150
1370894555936096261
1370894571933216773
1370894608947949571
1370894683044515840
1370894692255141890
1370894703789498368
1370894729358020608
1370894745455632384
1370894807346855941
1370894913513136128
1370894947746910208
1370894947780464644
1370894947797270528
1370894999295029254
1370895052122288128
1370895219554721801
1370895223996432385
1370895357991911425
1370895391994998785
1370895416913453056
1370895469400952833
1370895490485735427
1370895769960611841
1370895826759917574
1370895869923495941
1370895870435135490
1370895963997487105
1370895985954713603
1370896028187103232
1370896154859343875
1370896214259081221
1370896227114618881
1370896243686277123
1370896312003141638
1370896421331800065
1370896603490422787
1370896610981470214
1370896631441285124
1370896717181255689
1370896730066128900
1370896742166769666
1370896769605832704
1370896770415345669
1370896799095996422
1370896854762799110
1370896877655355400
1370896883481214982
1370896898454863873
1370896920483405825
1370896967166001155
1370896975156109315
1370896981065924617
1370896982735212544
1370897153204350976
1370897212788469764
1370897271383068672
1370897307449892865
1370897321135902721
1370897387368108037
1370897464312557568
1370897470448939011
1370897474794233858
1370897501105106948
1370897547640848384
1370897755837698050
1370897797977927681
1370897853653082115
1370897868010164224
1370897877472575489
1370897901073920000
1370897947991404544
1370897993184935936
1370898046570139666
1370898048616906752
1370898157572395014
1370898165117902850
1370898196281622528
1370898222122688513
1370898231446671362
1370898243064897537
1370898305534812165
1370898313537593345
1370898332219011073
1370898434492874757
1370898445494591492
1370898465501409283
1370898481322266629
1370898518810972164
1370898575132135424
1370898590646874112
1370898605184286722
1370898605461102592
1370898689070350340
1370898722830356480
1370898748574986241
1370898771769430016
1370898824953233409
1370898849045315594
1370898851280916480
1370898901323112448
1370898908872900610
1370898944717373442
1370899042356576263
1370899053513412614
1370899085646041090
1370899185835388929
1370899227795206147
1370899230483701760
1370899286741942274
1370899332556328960
1370899333109923844
1370899357940207621
1370899369378119685
1370899405319122951
1370899406027956224
1370899453490696193
1370899472499232769
1370899564635521028
1370899631865991173
1370899689504186368
1370899737533161473
1370899866386194433
1370899882979041286
1370900098390110208
1370900111627272193
1370900199015583747
1370900240442724354
1370900277310672901
1370900280708059137
1370900380297596931
1370900444592099328
1370900503270395905
1370900651459411970
1370900896020848640
1370900956955697158
1370900984612929544
1370901040938242048
1370901082101194755
1370901230088753155
1370901237432999938
1370901296392327170
1370901356253433857
1370901439086788609
1370901464382631937
1370901467645808640
1370901524918980608
1370901543407484932
1370901606259118083
1370901618745618436
1370901678929629185
1370901745015087108
1370901861906182149
1370901945683111938
1370901958895239169
1370901961986478080
1370902115128860675
1370902179083616258
1370902245890490373
1370902329663311874
1370902357710680073
1370902371350552576
1370902459833540608
1370902498354036738
1370902500824522753
1370902502015651850
1370902539005276160
1370902583095726089
1370902643116232704
1370902651303559184
1370902689815670784
1370902698841759748
1370902710346780675
1370902885748371456
1370902920640798723
1370902926395330561
1370902938764390402
1370902952056131586
1370902972369108993
1370903112857358337
1370903198777638918
1370903264422678529
1370903304612540417
1370903428877197314
1370903459613003778
1370903504676618242
1370903541045415939
1370903603716706310
1370903701876047879
1370903751746260992
1370903764580851712
1370903833250033667
1370903889738928129
1370903892159004672
1370903991945736199
1370904180492222466
1370904195788910596
1370904235433398272
1370904381328068608
1370904415155130369
1370904460122333185
1370904477771952133
1370904508713275394
1370904620906651651
1370904791103242243
1370904813651816450
1370904895537229826
1370905197300563968
1370905210005164033
1370905227520569347
1370905231886802947
1370905275117473793
1370905395351392256
1370905445746028545
1370905703863480321
1370905922961342467
1370905957920817155
1370905969539088385
1370905974991642628
1370905977290113025
1370906010030899202
1370906032952721411
1370906048219992065
1370906177681362948
1370906259872944134
1370906266277662722
1370906272392912901
1370906272489381898
1370906272497692674
1370906272510439424
1370906284057313280
1370906288205537280
1370906316718231553
1370906344979640321
1370906401296556032
1370906432086872064
1370906479478370304
1370906482645028866
1370906565063098369
1370906786530754560
1370906797855404036
1370906869762564098
1370906935676043267
1370906950427348992
1370906963870109702
1370906986947174403
1370907071835742208
1370907200751820800
1370907241856036865
1370907242304843779
1370907263255388160
1370907310344790023
1370907434483613705
1370907471506771975
1370907693322489857
1370907708145082370
1370907949703557122
1370907960067682312
1370908028241903618
1370908157195718658
1370908162572877829
1370908258089713669
1370908323843862528
1370908372623560711
1370908495441190912
1370908496556883970
1370908618334298114
1370908698089025536
1370908768817586176
1370908784101617668
1370908856705019911
1370908892348157954
1370908983175884804
1370909088662626308
1370909284670840832
1370909327645671425
1370909329851834369
1370909418645295116
1370909432423456768
1370909559380971520
1370909572408442880
1370909682492182528
1370909795616747520
1370909821919244288
1370909833583591427
1370909914315554817
1370909967914532867
1370909974268940294
1370910015624773634
1370910047211950083
1370910047690223619
1370910055353180161
1370910086995046402
1370910137125384194
1370910216959713280
1370910232336068609
1370910247909519360
1370910304968843270
1370910336606437379
1370910340393922562
1370910348434366465
1370910410338078720
1370910415350300675
1370910459457646592
1370910572447887360
1370910636620853248
1370910688613437445
1370910708767064067
1370910709018730496
1370910721836347394
1370910739498725378
1370910775582322693
1370910784486834181
1370910845392277511
1370910892733390848
1370910916829675521
1370911112737210371
1370911113269903360
1370911141044613120
1370911234606952449
1370911252810244099
1370911262230581248
1370911296904966144
1370911496503459841
1370911524424806402
1370911527604264961
1370911546818371585
1370911663977852929
1370911719942410242
1370911733359984644
1370911758794244097
1370911867191898115
1370911946074116102
1370911953137328132
1370912115767263237
1370912169265655809
1370912280469254146
1370912382604742657
1370912428758814722
1370912548825001987
1370912573294575621
1370912673597100033
1370912701011038214
1370912742673162240
1370912795336843264
1370912892636131334
1370912970973327361
1370912997313552385
1370913012299751426
1370913030234636291
1370913067190657025
1370913091844706306
1370913249718374406
1370913260099272705
1370913430576771073
1370913532913590278
1370913566153396226
1370913590002192384
1370913673418522625
1370913677759688705
1370913679185735682
1370913739101331456
1370913785683271682
1370913803626504192
1370913836878925826
1370914315549732865
1370914336818991107
1370914343806758914
1370914359698935809
1370914483489669121
1370914620018458626
1370914680592605188
1370914764390604806
1370914862856044544
1370914957236301826
1370915059573141505
1370915164787249152
1370915332257374211
1370915340713144320
1370915365690163200
1370915390872752131
1370915391002845185
1370915419419074565
1370915452709396483
1370915486687502337
1370915568245731338
1370915707152633859
1370916123047292931
1370916127761694721
1370916309777666049
1370916397996466180
1370916449057959938
1370916547489763328
1370916580616511500
1370916655858118658
1370916684014489600
1370916694382804993
1370916738246840321
1370916775760703488
1370916776805072898
1370916808149118978
1370916912650145796
1370916985442287620
1370916989754093576
1370917116665339905
1370917200119365636
1370917266552983556
1370917299889303553
1370917345531629569
1370917506492334080
1370917520400596993
1370917562431721473
1370917597005238281
1370917599253434368
1370917599844855810
1370917601497522177
1370917654274445314
1370917725044887555
1370917739758546948
1370917771119374337
1370917858566283272
1370917860160200714
1370917870159417347
1370917900538773504
1370917940405665792
1370917998295408640
1370918027487805440
1370918086333849605
1370918124330045442
1370918146635366403
1370918318543110151
1370918378228084737
1370918388923514880
1370918434536570884
1370918609053216771
1370918642678951938
1370918661008076807
1370918720407797760
1370918797566181382
1370918809570320384
1370918826490146819
1370918855837581315
1370918879225114627
1370918889866080256
1370919037828538369
1370919104153026561
1370919114374529024
1370919163867373573
1370919315210444802
1370919378334679042
1370919395862667267
1370919429161299969
1370919470533910532
1370919539484024834
1370919541514063884
1370919554554200068
1370919714009010181
1370919742446432256
1370919748746178561
1370919999108419585
1370920113604423685
1370920113713639427
1370920134211166209
1370920249109843969
1370920300238536706
1370920379804479490
1370920409714016264
1370920465745768449
1370920531701198850
1370920576076906498
1370920580875173888
1370920604963049476
1370920607697747968
1370920816414703621
1370920909545074688
1370920956693258244
1370920974930079744
1370921023646883846
1370921054063968262
1370921223631335432
1370921309883006976
1370921371996459010
1370921377675493376
1370921385040748544
1370921406381355009
1370921418410631168
1370921647159574529
1370921674812579842
1370921676079308800
1370921677580828675
1370921777187196934
1370921815174942720
1370921818702372868
1370922099787841538
1370922127096963072
1370922167702056962
1370922349525139456
1370922443959902213
1370922582111887360
1370922696649940992
1370922893589286912
1370922919120007171
1370923083163447297
1370923151123709958
1370923186804654084
1370923295927902208
1370923373358895110
1370923432041451522
1370923625507909633
1370923751274119170
1370923961761038337
1370924039116632071
1370924119257194497
1370924125536010242
1370924148688613378
1370924178749149188
1370924186332491781
1370924202002370561
1370924381363449862
1370924431023992832
1370924433595113477
1370924466889486340
1370924573814841345
1370924590113943553
1370924666513145859
1370924763342848000
1370924771010039808
1370924774742970376
1370924776156463104
1370924781940396037
1370924917588439043
1370924918393737218
1370924925402353664
1370925056768012288
1370925146760904704
1370925147448700932
1370925147687845893
1370925147838844931
1370925157590654976
1370925238955950082
1370925321185267713
1370925340428746753
1370925392463282179
1370925450508304384
1370925483953680387
1370925560059297794
1370925727739215872
1370925740623990787
1370925754666598405
1370926057289871361
1370926100147269632
1370926110985322497
1370926405135962113
1370926456096886784
1370926459271966726
1370926488338452480
1370926529723691008
1370926628956741632
1370926663039651840
1370926681712701440
1370926692617846784
1370926708992393217
1370926985539649537
1370927032318767107
1370927177865293831
1370927187348520963
1370927214171152384
1370927216905875456
1370927218520645633
1370927236619116548
1370927292055179267
1370927677004201994
1370927699565350915
1370927809523294209
1370927884299288577
1370927921632776194
1370928050825728003
1370928075853025281
1370928105095839745
1370928247274401793
1370928327586938884
1370928507275083776
1370928529060335621
1370928618327707653
1370928697029574657
1370928917943574530
1370928937916891136
1370929000844034050
1370929129818886146
1370929301651132417
1370929635991695364
1370929638067830787
1370929710629289984
1370929750923960320
1370929766778425346
1370929861620011020
1370929924949827586
1370929962937630720
1370930253430976513
1370930256723509251
1370930341133844483
1370930402827833344
1370930442413748227
1370930488848826368
1370930510411743233
1370930555102109699
1370930618104709123
1370930785033850883
1370930829363384320
1370930893423050757
1370930909441036290
1370930944849350660
1370930970950561793
1370931059689406473
1370931271279464448
1370931359485734913
1370931473503690754
1370931502238769153
1370931568622063616
1370931577463701505
1370931592898752517
1370931637010190338
1370931686591057923
1370931695512399876
1370931762428252160
1370931785320837124
1370931987360444416
1370932107892113414
1370932173948223490
1370932237999427586
1370932458741370885
1370932463917219840
1370932522943676416
1370932616896131073
1370932654481281025
1370932676060794883
1370932677499584514
1370932697506271233
1370932697942593543
1370932698601156610
1370932699280535552
1370932700983533571
1370932780444565504
1370932783011487746
1370932870886400001
1370932926062460930
1370933113514295304
1370933217092644865
1370933350471495681
1370933381702283267
1370933391097524226
1370933450685972483
1370933536727961601
1370933626318303234
1370933649944805376
1370933683952160769
1370933917101010944
1370933966975434752
1370933967176753152
1370933992493621248
1370934111473446916
1370934122768596995
1370934293170679815
1370934308832215040
1370934352473960451
1370934399160623104
1370934469381787648
1370934510494355457
1370934531063230466
1370934540093562883
1370934596481744899
1370934750765006850
1370934798143918080
1370934855450644482
1370934888455667714
1370934974636032003
1370935004755341312
1370935083469840391
1370935120081862659
1370935265838182402
1370935392963330050
1370935478917140483
1370935600853962753
1370935674015211520
1370935708353970179
1370935933634236418
1370935977892536322
1370936013271527424
1370936013732917248
1370936022595465216
1370936022624825350
1370936132255543297
1370936185414168576
1370936217026580480
1370936289030193153
1370936390272303107
1370936395770994692
1370936398467989505
1370936465060945920
1370936470161170433
1370936471377616896
1370936480542167040
1370936512460824578
1370936723681730562
1370936739544584202
1370936808817762310
1370936840249806851
1370936847766016003
1370936898491973641
1370936934680436737
1370937007824891911
1370937022160986113
1370937220165668867
1370937306987823107
1370937330652098561
1370937506397630469
1370937536177135619
1370937564832620546
1370937700119896069
1370937723385708550
1370937883977203712
1370937957872504833
1370938022552858624
1370938090215333889
1370938098671058945
1370938158280499200
1370938207366475776
1370938209002258433
1370938233073197058
1370938237464756225
1370938310252695555
1370938382805794816
1370938730375155713
1370938756501549060
1370938838747602951
1370938900810756098
1370938972290048000
1370938988157149185
1370938994096271363
1370939036295106563
1370939230445318147
1370939257305595904
1370939287169024002
1370939303895969792
1370939382501359621
1370939479863783426
1370939600148041729
1370939607689351169
1370939779207069698
1370939827047309316
1370939829245071367
1370939853391679490
1370939909607993346
1370940040327618564
1370940066844061703
1370940160850952192
1370940239578079237
1370940246255362048
1370940246305640448
1370940246834176003
1370940246905393155
1370940247043940352
1370940248272769026
1370940260973125633
1370940358956359684
1370940484152090624
1370940569296457728
1370940734774386694
1370940776386019328
1370940985040048129
1370941032066658307
1370941132696395779
1370941214317551616
1370941223930855428
1370941244717854730
1370941300791459842
1370941333175730176
1370941513786650626
1370941515879620616
1370941583240101888
1370941778245869572
1370941823540158468
1370941841227591681
1370941851855884290
1370941888958717952
1370941940280262657
1370942020768915456
1370942028079587333
1370942204810821633
1370942251023671301
1370942254580371460
1370942356493627393
1370942413741686785
1370942459434385410
1370942482595393541
1370942607916986369
1370942615659671556
1370942708781621260
1370942729149149186
1370942740658274305
1370942751978688514
1370942935022325764
1370942966978727937
1370943009337057281
1370943060524343296
1370943089985081345
1370943140476170245
1370943146562048000
1370943174034784257
1370943221401055235
1370943233140883461
1370943376040812549
1370943376414101508
1370943386191024129
1370943462321889284
1370943581620465665
1370943660326584320
1370943669671460865
1370943675749040133
1370943699358777345
1370943771647602689
1370943792019279874
1370943801158696961
1370943897485074432
1370943973720797187
1370943999817756680
1370944010395783173
1370944021221183488
1370944021263220739
1370944023301656577
1370944034047414272
1370944132923981829
1370944310762483715
1370944376315207680
1370944390886260737
1370944447857430530
1370944653625819139
1370944657576890369
1370944697192026112
1370944892747272196
1370944906781470725
1370945013513867267
1370945090324197376
1370945092312260608
1370945143214383109
1370945265016958977
1370945425193234434
1370945444973584386
1370945460454764544
1370945469740806144
1370945500371955712
1370945513911160837
1370945531212673029
1370945555732389892
1370945567627608069
1370945656743858176
1370945754521554944
1370945952928960513
1370945992510603273
1370945996553920515
1370946064187031555
1370946134819098627
1370946142331142145
1370946143589429252
1370946155916492802
1370946171116650499
1370946196114669568
1370946197448499206
1370946238733025280
1370946247981465601
1370946457822498816
1370946488629661698
1370946498943406080
1370946508426727425
1370946517545189377
1370946615071096836
1370946636101341186
1370946708692144128
1370946768414859265
1370946798580334597
1370946837037846533
1370946918331908100
1370946966855819264
1370947013785829384
1370947019188097024
1370947021323042817
1370947178324234241
1370947197009850368
1370947204609945600
1370947266421387265
1370947415373721600
1370947427721752576
1370947459980099584
1370947489440935938
1370947604339687426
1370947703312687106
1370947795956477958
1370947796715638785
1370947796791037953
1370947799810928640
1370947800142258177
1370948020389416967
1370948035266633728
1370948054900170753
1370948075284484096
1370948086990831620
1370948120222261256
1370948134277414918
1370948187868049410
1370948190694952967
1370948207870611456
1370948364125274116
1370948400074612741
1370948440092418050
1370948598901452802
1370948615988994049
1370948655587426305
1370948671722901508
1370948775515160578
1370948797011013632
1370948872537792515
1370948879001206788
1370948886261563392
1370948902589976580
1370948911595159554
1370948919467859972
1370948973511467012
1370949051991097344
1370949052695728128
1370949055237459975
1370949234632065027
1370949360125640705
1370949479092871170
1370949502698467328
1370949652992815105
1370949719929815042
1370949740674887691
1370949790075342859
1370949832945307648
1370949851987505159
1370949877350420481
1370949998448406529
1370950021013774340
1370950078840590336
1370950110918672386
1370950216132747265
1370950312551321603
1370950312773574659
1370950367190605825
1370950405232992260
1370950458605457409
1370950514863702020
1370950537286389764
1370950579208523785
1370950589375467521
1370950628101488640
1370950643280703490
1370950655691591682
1370950709789794305
1370950720023883778
1370951033216765959
1370951113197895681
1370951214620368898
1370951276612177928
1370951291283865601
1370951433399504897
1370951486939795459
1370951540933062657
1370951717383237642
1370951736505081861
1370951777974169606
1370951944932450306
1370952039191183361
1370952083835346944
1370952388027293697
1370952503395819520
1370952524744814592
1370952593070030850
1370952601899008000
1370952623025688578
1370952643330383873
1370952666700914697
1370952676494696448
1370952717062000641
1370952831801434112
1370952899661078529
1370952933387476992
1370953084327825408
1370953309838802956
1370953338624282625
1370953348275343369
1370953382786109443
1370953406043553793
1370953568384073728
1370953572049768450
1370953636633796611
1370953732519788546
1370953809544028160
1370953846785183744
1370953863117824003
1370953886719172608
1370953916989444097
1370954349195767808
1370954368942551041
1370954510408024065
1370954565248499712
1370954602686910469
1370954636182630400
1370954684173852677
1370954734245396487
1370954738590748672
1370954764729597952
1370954814134366209
1370954913006690305
1370954915737141248
1370954931214110720
1370954995353284620
1370955000361349120
1370955050034532358
1370955097723797504
1370955104740851713
1370955167898726400
1370955180389363713
1370955315378814978
1370955345728659463
1370955374052962310
1370955472971386882
1370955604236308480
1370955608908836865
1370955622292676609
1370955671664009218
1370955730895900676
1370955794779361284
1370955827209773060
1370955988996620288
1370955992431755266
1370956022525886471
1370956067593654276
1370956078125617155
1370956114708332545
1370956189006188546
1370956231318331393
1370956290244145161
1370956450986610688
1370956568158728200
1370956623506735107
1370956744495656967
1370956800477044741
1370956879749378048
1370956907561779200
1370956913643548674
1370956936573763586
1370957112264777728
1370957176156659715
1370957204757561344
1370957302430306309
1370957302904291331
1370957347242184709
1370957355228233732
1370957383606865926
1370957396676382721
1370957451768557570
1370957623449767940
1370957700075560960
1370957715137249281
1370957736888918017
1370957767993917441
1370957770208477184
1370957844309274626
1370957944771252227
1370957988991623168
1370958005987115009
1370958018414841857
1370958045094760448
1370958123477913601
1370958136882921473
1370958138543853572
1370958277949919232
1370958391200387075
1370958410116702213
1370958574294286337
1370958648227282948
1370958711708123141
1370958907103977472
1370958958572228608
1370958989362671617
1370959003170136069
1370959013567991808
1370959068035170304
1370959101111455748
1370959140835762177
1370959187539267584
1370959344070762497
1370959379340595200
1370959412479864834
1370959565878099970
1370959668307169281
1370959725748228096
1370959752432336899
1370959778634104832
1370959819167916037
1370959843088076800
1370959862780268544
1370959882313211908
1370959882581639168
1370959920376520704
1370959940572041216
1370960020985278469
1370960048034308098
1370960050060165121
1370960116372152321
1370960157509881858
1370960163830644736
1370960194000330753
1370960292314816519
1370960295406018562
1370960332039000065
1370960432287072257
1370960484409688064
1370960521181200386
1370960541427113984
1370960594849906688
1370960646502764548
1370960780133289987
1370960831869980672
1370960831882670082
1370961013957402630
1370961032810790913
1370961054897995782
1370961057263550467
1370961144316313602
1370961225010581506
1370961225123831810
1370961322855268356
1370961442397110274
1370961468733198338
1370961606440538118
1370961623817535488
1370961637193175042
1370961647054024708
1370961716079587332
1370961740217868291
1370961751114661888
1370961751399890946
1370961761826918400
1370961788158808070
1370961789098332162
1370961832656171010
1370961886989127682
1370961942832148492
1370961973593116674
1370961991351869440
1370962061556080640
1370962072259981313
1370962113880076288
1370962139826036738
1370962151591063554
1370962159493079042
1370962162282336258
1370962193248845826
1370962209724063745
1370962215885475840
1370962238903832579
1370962293731758082
1370962315571519493
1370962336958275585
1370962366364590084
1370962440238809088
1370962462518996992
1370962526414856194
1370962533918576642
1370962630114951172
1370962682162085890
1370962682468270094
1370962700495388672
1370962765087653899
1370962781890043906
1370962837506564098
1370962858352201729
1370962896428138496
1370962898223308800
1370962898420342784
1370962898495938561
1370963013138841600
1370963040443764736
1370963136333946880
1370963147410927617
1370963154415534085
1370963165094285313
1370963205690851330
1370963406090567681
1370963434116947969
1370963453683363844
1370963469852409862
1370963506518953986
1370963521115144194
1370963639201452037
1370963646432608266
1370963649263714305
1370963682801356801
1370963710550937603
1370963747108487169
1370963756482768904
1370963885914796033
1370963907389620226
1370963949223608321
1370963953073987584
1370963995205775361
1370963995818070018
1370964021428510720
1370964054408364036
1370964072804593666
1370964154215845890
1370964214265737216
1370964225389117441
1370964273996910593
1370964315780616193
1370964327390449667
1370964332389994497
1370964386353983490
1370964402577489922
1370964460047892484
1370964492629258243
1370964514791952389
1370964536505819136
1370964555350876160
1370964570328694786
1370964669784072193
1370964673709940741
1370964876202479619
1370964917935861761
1370964965927100416
1370965001717026816
1370965009338093569
1370965014241275905
1370965198232821761
1370965407646019585
1370965412075159552
1370965436234358786
1370965489959247879
1370965638437539843
1370965665096548353
1370965713440096259
1370965830276689921
1370965906034147328
1370966016201781250
1370966029787090946
1370966128558800899
1370966153825243136
1370966288990879750
1370966292698689538
1370966494050418689
1370966498475409409
1370966504972386306
1370966586438381568
1370966620265447426
1370966657083052035
1370966670706151427
1370966672908165122
1370966678855630852
1370966742449672194
1370966775681191936
1370966786083020800
1370966815992655872
1370966885978750976
1370966894895886336
1370966907646578689
1370966914869166086
1370966917016600579
1370966955243536384
1370967004547588096
1370967049036500993
1370967057563533320
1370967072155561984
1370967099611492354
1370967150962356225
1370967173699543043
1370967328771485696
1370967357972168705
1370967382919897089
1370967424800022533
1370967505422913536
1370967543125569542
1370967551228923904
1370967618694361088
1370967640068521985
1370967677074743302
1370967681134948352
1370967698843242496
1370967831307808768
1370967836387119106
1370967845207691266
1370967928603086857
1370967928707940352
1370967928842170368
1370967940976111617
1370967992058658822
1370968019787206657
1370968036929376262
1370968116314918915
1370968183583219719
1370968215841554439
1370968236162961412
1370968303745830913
1370968304660180992
1370968315464671232
1370968345537867788
1370968352949157888
1370968375497740288
1370968470100320256
1370968504816566272
1370968560881831936
1370968646424608769
1370968703253291011
1370968722807128065
1370968734567895041
1370968760144777216
1370968769384878083
1370968990793797634
1370969000079921154
1370969002781110274
1370969128530546688
1370969141780307969
1370969168779083778
1370969187045154818
1370969187087093764
1370969242527535115
1370969252455415812
1370969297351229442
1370969307170082817
1370969333745250305
1370969363189276673
1370969366368509954
1370969384722776066
1370969411750858753
1370969467665195010
1370969473184858112
1370969544559362051
1370969571759362051
1370969609457766402
1370969679397851137
1370969724776030208
1370969735597281280
1370969755348312065
1370969791859728384
1370969795273887747
1370969857647255552
1370969969383632899
1370969989855899654
1370970001562349572
1370970023548882946
1370970027554406402
1370970128003829762
1370970134861512705
1370970185755201537
1370970251748380676
1370970288041689095
1370970318022533120
1370970337706455041
1370970388046475265
1370970391775166464
1370970423916134400
1370970426562711555
1370970446645010432
1370970449249771521
1370970470212845568
1370970528354295810
1370970559601897472
1370970570448338946
1370970607815393282
1370970640925270019
1370970708520574980
1370970757694652418
1370970768364826629
1370970804998000644
1370970809091682305
1370970900741435392
1370970911910821893
1370970913924132865
1370970951266017280
1370970955867111430
1370971108166500354
1370971130157277186
1370971134557089792
1370971137040060416
1370971158506536963
1370971259622805504
1370971281089253379
1370971285187133440
1370971383342202881
1370971397665787908
1370971436697972738
1370971465152131072
1370971468062994432
1370971554062958592
1370971556520857601
1370971636225163266
1370971640134270976
1370971701832470528
1370971711324176385
1370971720857874434
1370971759982342145
1370971841934757890
1370971970318315520
1370972049460621312
1370972049909293060
1370972092720680963
1370972158709620738
1370972185678987268
1370972186371051520
1370972271708413954
1370972343967825920
1370972380177268739
1370972484305043467
1370972511605825537
1370972557160161280
1370972621479813121
1370972673388470272
1370972682012012544
1370972729055268866
1370972752996413442
1370972848706228228
1370972850186764288
1370972903483772929
1370972907380293634
1370972992398843904
1370972999252316161
1370973010451181570
1370973024598507521
1370973036317450246
1370973109814181893
1370973130429247494
1370973131280633856
1370973211119206402
1370973220715761665
1370973264474992640
1370973296297177091
1370973325955104775
1370973381772853250
1370973417827143682
1370973420565958657
1370973424626106371
1370973443617910787
1370973556608135169
1370973593623007234
1370973703035621376
1370973706609074178
1370973741199593473
1370973766990360577
1370973881566064643
1370973883260674049
1370973916857040898
1370974019210649602
1370974086134910976
1370974092283813889
1370974144238657537
1370974152610418690
1370974211343327234
1370974229437497345
1370974261125521411
1370974286001889282
1370974310169415682
1370974336249692161
1370974346953523200
1370974403459227649
1370974443028287489
1370974443690934273
1370974513119252480
1370974619767877632
1370974693474373635
1370974786713698304
1370974787057631237
1370974788357910529
1370974791134556161
1370974794901037058
1370974961385476097
1370975049616855042
1370975065177784325
1370975138380967936
1370975274041479171
1370975347722878980
1370975383240204288
1370975395688947712
1370975412013137923
1370975434238726144
1370975456233730056
1370975478673252354
1370975503113392130
1370975511984410627
1370975547975733250
1370975694935752705
1370975717249454082
1370975750950649859
1370975751571447811
1370975753475649536
1370975773314723840
1370975864213606403
1370975888351895552
1370975920614440961
1370975949282480129
1370975993779822597
1370975993846976515
1370976073001865216
1370976080983687168
1370976144342794243
1370976160927125505
1370976163733061641
1370976246524309506
1370976247354949635
1370976257899253763
1370976394197532672
1370976396856717313
1370976403441790978
1370976457850249219
1370976485033512962
1370976587416539136
1370976591350788096
1370976612586426368
1370976637194534913
1370976650461085696
1370976684741103617
1370976809047719938
1370976849816354824
1370976872293527554
1370976888882139141
1370976912181489664
1370976954178936984
1370977008835047431
1370977015797579778
1370977038585200641
1370977050400587778
1370977083854364674
1370977174287683585
1370977295280787458
1370977336397598723
1370977371034157056
1370977371101216768
1370977533680754696
1370977546171510784
1370977560830562304
1370977600609390593
1370977615775948802
1370977650269949954
1370977665210052611
1370977710336405504
1370977718368669701
1370977721984159745
1370977755580489729
1370977755907592194
1370977774823993346
1370977818310479873
1370977856969392132
1370977857724420096
1370977877525684224
1370977897821913089
1370977910794899457
1370977971524222976
1370977983469649921
1370977995721035777
1370977996681719809
1370977996975181824
1370977997813997570
1370977998099382277
1370977998564900865
1370978011072331778
1370978066370027522
1370978073085157376
1370978080316141569
1370978106698256385
1370978107860127744
1370978121403486209
1370978145176797184
1370978146196021251
1370978149417283584
1370978247052304391
1370978275087032320
1370978300122791937
1370978315121594370
1370978349129031682
1370978402719703042
1370978517903638529
1370978524220260354
1370978526577459200
1370978623658852352
1370978664171593728
1370978669783568384
1370978698887892992
1370978700276211712
1370978754638536705
1370978789640052737
1370978792878014464
1370978798737448963
1370978831675367425
1370978882699005953
1370978897064554498
1370978914173124608
1370978936927191040
1370979015998197766
1370979167383121920
1370979180469489666
1370979296358072325
1370979307959562240
1370979333330849793
1370979421625200644
1370979484371972097
1370979490608865281
1370979493620424707
1370979547185872897
1370979581965053957
1370979622951735298
1370979644728438785
1370979678895407105
1370979687510474752
1370979691075678208
1370979745123475457
1370979757677023239
1370979758532661249
1370979762525499396
1370979788425363459
1370979801150992388
1370979817802371077
1370979902476926977
1370979960089935872
1370980002095828992
1370980104256491522
1370980122472427527
1370980134266810368
1370980163773739008
1370980192349347840
1370980264940351489
1370980277896511490
1370980292035481600
1370980293801304064
1370980300281544709
1370980359534485504
1370980364827639811
1370980414265905153
1370980441747038208
1370980458016735235
1370980498403684353
1370980508360962049
1370980538337615873
1370980636203352064
1370980643262369792
1370980646550650880
1370980650619084802
1370980664200339458
1370980691777892355
1370980714561294338
1370980766440681472
1370980814683529219
1370980834811985920
1370980885932224514
1370980888243228674
1370980908656910336
1370980912968699906
1370980915216707586
1370980933810196481
1370980973354094594
1370981002328301568
1370981048436264964
1370981061086359558
1370981084721217538
1370981088668028928
1370981130384515073
1370981134436343813
1370981134864105472
1370981263713181696
1370981403098222592
1370981450296795136
1370981457544499201
1370981501618286594
1370981520152879107
1370981551547244545
1370981564499255296
1370981571038175233
1370981590747254785
1370981593339289605
1370981599605587972
1370981668035645442
1370981693860020227
1370981776227774464
1370981812890112000
1370981898734989314
1370981909988265985
1370981929927970822
1370981947099463680
1370981953688723456
1370981965055295488
1370981993933119495
1370981995568840707
1370982014690660353
1370982017622507526
1370982019858055168
1370982049193025543
1370982055618740225
1370982056830853120
1370982139177631744
1370982139886505993
1370982150141513730
1370982173147299843
1370982173763854337
1370982199428841473
1370982204956884993
1370982255779270658
1370982443952570371
1370982504694419457
1370982528790765571
1370982529759600641
1370982573162295299
1370982598625923073
1370982618402070530
1370982636018098180
1370982680314179585
1370982684361641984
1370982687763267584
1370982692301443073
1370982696562917377
1370982771590635522
1370982800250314754
1370982801798012928
1370982868705501184
1370982902415130625
1370982921235017728
1370983026583293953
1370983028089053184
1370983034191810560
1370983041993121792
1370983047634501633
1370983115175387146
1370983142622904321
1370983201099939842
1370983203884969987
1370983208620285955
1370983314086105100
1370983330687160323
1370983387385716736
1370983439327985664
1370983445950763008
1370983451323727873
1370983505698689027
1370983515244879872
1370983553190756360
1370983610619166721
1370983798221967363
1370983813724135425
1370983839850450947
1370983939276423169
1370983998399336449
1370984004791451652
1370984011884064768
1370984043215478784
1370984071090814980
1370984101025566720
1370984129655930880
1370984136186474499
1370984175860342787
1370984177009524746
1370984202657804295
1370984207535706112
1370984239747887108
1370984269267492867
1370984284593516544
1370984287214968836
1370984304583577603
1370984311709663233
1370984326284840961
1370984337211068421
1370984389887336449
1370984408405045248
1370984522976788480
1370984545755992064
1370984578886815744
1370984606284050432
1370984643445555200
1370984692325957634
1370984697485004800
1370984697837326338
1370984791802314753
1370984837633413122
1370984841320226817
1370984894315294720
1370984921427275778
1370984922949824512
1370984956974010368
1370984976494292992
1370984986367684609
1370984993514782720
1370985023554400256
1370985028411351043
1370985037458460673
1370985048380485635
1370985065770008577
1370985116621737986
1370985189367812098
1370985220820844544
1370985238579585024
1370985260889047042
1370985281055293442
1370985352517812224
1370985414119526400
1370985434583547909
1370985440593973248
1370985443416756224
1370985455223721985
1370985497540104193
1370985529739739137
1370985531199344640
1370985544143020032
1370985544801423365
1370985545497677824
1370985624472330241
1370985627232133121
1370985635968905217
1370985641165590530
1370985644873428992
1370985705074270212
1370985749655470081
1370985790524813312
1370985792928153600
1370985795717332993
1370985797957124108
1370985805242634240
1370985841154260996
1370985880517816323
1370985892479926273
1370985911203328000
1370985912801320960
1370985952550719490
1370985974675689475
1370986102069231618
1370986141881667586
1370986144498868224
1370986179076763648
1370986187121381376
1370986242075197445
1370986255274680327
1370986257615048709
1370986259871637505
1370986279509299200
1370986297876168708
1370986330205880324
1370986420568010753
1370986422610563072
1370986474703880192
1370986499072741376
1370986511173365765
1370986523680677888
1370986526138634241
1370986528512561154
1370986552088727553
1370986568878526464
1370986641817493504
1370986662843580416
1370986805860909059
1370986806070669314
1370986818003468291
1370986820113162240
1370986834034098182
1370986872026099713
1370986892934660105
1370986906490667011
1370986938711281665
1370986949247401985
1370986965047336962
1370986974971101184
1370987044151955459
1370987059951849472
1370987068764078083
1370987082718527489
1370987109797007360
1370987116876984321
1370987124338659331
1370987140759367680
1370987154734784513
1370987171096756224
1370987205901086722
1370987291267772422
1370987319080202240
1370987329201049600
1370987352164810752
1370987358926032898
1370987379255808000
1370987387409600517
1370987437049151490
1370987453134336001
1370987523917365249
1370987559996784644
1370987632990240768
1370987659624071171
1370987750900531201
1370987756177006594
1370987761575071747
1370987824103690240
1370987889094500353
1370987891590107137
1370987897797611521
1370987916755886081
1370987944291471363
1370987948599087105
1370987950486474761
1370987967200825347
1370987981549494275
1370988047685259264
1370988050558414848
1370988061354422274
1370988061409038337
1370988075015364614
1370988102542630912
1370988103066865664
1370988120041259008
1370988121894973440
1370988129654607873
1370988157378912258
1370988177276686343
1370988201272352769
1370988215696506888
1370988258151313411
1370988300828352515
1370988304917803009
1370988313885208576
1370988388682240001
1370988395028230146
1370988422127554561
1370988428087660544
1370988432189763585
1370988443166248960
1370988459611938818
1370988562695479298
1370988607461294084
1370988662452805633
1370988716890685442
1370988732531273732
1370988757441208320
1370988784385417217
1370988789619949571
1370988918347329536
1370988919131619329
1370988968712503297
1370989032306532353
1370989081065267202
1370989211201978375
1370989213760520192
1370989247763742720
1370989267053375488
1370989275911704576
1370989284472283137
1370989331884736516
1370989334665498629
1370989411559739395
1370989418144747522
1370989426294292481
1370989441322524673
1370989454169567233
1370989493529022464
1370989566367252480
1370989581898817537
1370989587317846020
1370989598780821507
1370989605722460162
1370989642070306820
1370989651528388610
1370989653306802176
1370989654099566593
1370989674660044805
1370989700819914756
1370989762404880387
1370989773263933444
1370989778313875456
1370989779471511553
1370989819464142855
1370989839378739203
1370989885704830976
1370989906311458818
1370989925089255426
1370989925101883392
1370989967325990914
1370989974636617729
1370989984266784770
1370989999919874050
1370990005871648771
1370990010304970752
1370990045008629760
1370990048607412228
1370990083084537857
1370990124566245379
1370990181248024576
1370990188814610435
1370990211329589251
1370990273044561920
1370990282519482369
1370990287091273728
1370990311955169280
1370990346377834497
1370990357341736961
1370990367835881476
1370990396873003009
1370990408101105664
1370990415407644676
1370990487574876160
1370990528662212608
1370990594974220291
1370990630428684290
1370990705175371781
1370990719066906627
1370990812021002242
1370990851602714625
1370990899346432001
1370990911774162945
1370990919328088064
1370990932586336257
1370990972314738688
1370990978262241280
1370990983601610752
1370991053390684161
1370991062559363073
1370991062819471360
1370991082054549509
1370991089168039938
1370991119094444032
1370991147171123200
1370991147900878858
1370991159443603456
1370991259301597188
1370991291887157250
1370991302045794304
1370991382282833920
1370991399206858758
1370991435013574658
1370991491078877185
1370991505133944835
1370991519696576519
1370991543386050561
1370991546896687105
1370991575954771971
1370991580274909184
1370991621978927106
1370991629759361025
1370991698218733568
1370991705063821313
1370991713980932106
1370991743504646146
1370991774517313537
1370991797233713161
1370991805106429953
1370991815663497218
1370991836135780352
1370991836135882753
1370991857262600192
1370991858764107779
1370991885997735936
1370991916695846912
1370991949654659073
1370991954645901313
1370991959762989056
1370991976670060552
1370992006563045378
1370992008693682179
1370992024514613252
1370992112272089088
1370992131645583365
1370992180609703940
1370992180928638978
1370992241519517697
1370992267020931074
1370992295353446403
1370992314911457281
1370992323623067649
1370992392682287105
1370992418175250432
1370992436080738306
1370992450857279491
1370992638325850114
1370992650329919489
1370992659129626627
1370992661411332097
1370992681875353600
1370992684379279362
1370992707355676677
1370992735700848642
1370992738343223296
1370992815052820489
1370992857834749952
1370992890772611072
1370992891653459968
1370992904051826688
1370992911576358912
1370992915061821443
1370992916198526977
1370992969139040258
1370993021085421569
1370993094561206274
1370993094586298373
1370993094804529152
1370993094817062912
1370993095420960774
1370993095500832777
1370993096192794624
1370993096373141508
1370993096738148352
1370993096813551619
1370993097841201154
1370993122151432197
1370993168519421956
1370993175205150726
1370993215126581256
1370993265399463938
1370993279945342981
1370993283451736068
1370993289327960067
1370993291970408448
1370993328406282245
1370993332692918278
1370993354616492033
1370993386665213953
1370993401861136386
1370993408437846017
1370993424808153094
1370993430143369218
1370993438808739840
1370993468911333377
1370993483662626817
1370993522304815104
1370993536162750467
1370993556853293061
1370993598347546625
1370993614956924929
1370993657197834241
1370993658762264579
1370993670372098052
1370993675686252544
1370993703666470914
1370993723572547584
1370993747333427202
1370993750932123648
1370993756351180801
1370993769030545410
1370993814681321473
1370993825326452740
1370993851150835714
1370993950522183680
1370994003081068544
1370994010676924417
1370994029375188994
1370994040129339393
1370994052582227971
1370994054780059648
1370994101638807553
1370994113311436801
1370994128549515267
1370994131024101377
1370994137722466307
1370994155825070080
1370994177417351170
1370994186359615488
1370994209310773252
1370994216126533633
1370994227639910402
1370994242634579968
1370994255892783104
1370994323114823683
1370994323295236103
1370994324842946563
1370994350772129795
1370994353016033280
1370994367687753729
1370994406258532353
1370994415960006659
1370994417193127937
1370994420758233089
1370994422742183936
1370994436944101376
1370994447736000513
1370994461426212864
1370994466685915136
1370994470540427264
1370994482993315842
1370994489133764610
1370994492635901952
1370994521799061506
1370994532851011584
1370994553507942401
1370994571136602118
1370994581337219076
1370994597690667011
1370994734303432704
1370994736497098759
1370994786585473025
1370994833259700224
1370994852381536257
1370994867665580035
1370994869020295171
1370994912049594371
1370994917963599872
1370994934929633283
1370994958170214404
1370994994878767104
1370994997894451205
1370995006589263874
1370995017196711938
1370995018597552128
1370995045696962562
1370995046644916226
1370995107277778944
1370995117193068545
1370995141515837440
1370995179587522562
1370995186315182080
1370995186868838400
1370995245991788545
1370995276928925696
1370995279609073675
1370995286571675651
1370995293634842624
1370995342880149504
1370995428326522880
1370995433015803906
1370995452338921472
1370995469602725888
1370995470173110272
1370995475000745992
1370995484874133505
1370995489605308422
1370995550577954816
1370995587567484931
1370995604806066180
1370995611143602177
1370995640025554945
1370995659122294784
1370995681851281408
1370995685173170178
1370995703577772037
1370995716945022981
1370995720052998146
1370995720480714760
1370995765166882816
1370995900491956225
1370995904124231681
1370995943986827265
1370996016900628481
1370996078443696130
1370996124216086529
1370996174757490694
1370996268911239168
1370996279837392897
1370996283641581571
1370996345637584897
1370996348905009155
1370996351736164354
1370996369356382211
1370996376809701378
1370996381394026499
1370996390466306052
1370996435513139203
1370996466605514754
1370996483999285251
1370996500327698435
1370996506963087360
1370996569886052353
1370996582917697536
1370996583068807168
1370996611355176961
1370996617768099841
1370996618368053248
1370996635111714817
1370996647858216962
1370996688912015360
1370996693223759874
1370996694129778688
1370996724228100097
1370996758067736579
1370996795459973121
1370996818201489408
1370996821380636678
1370996846697545729
1370996855732105216
1370996869434904578
1370996869459931142
1370996883406135298
1370996920534065154
1370996970647515139
1370996980458078208
1370996981976461313
1370997019221889025
1370997044014370817
1370997056299528197
1370997070774087681
1370997125920788480
1370997137329295360
1370997180253794304
1370997263137439745
1370997283035185155
1370997287841828864
1370997372998811649
1370997378308661248
1370997396067467267
1370997402761625604
1370997432088207363
1370997515164729344
1370997530750750721
1370997547272183809
1370997557640454147
1370997561214038019
1370997579857682432
1370997580524576770
1370997596945330176
1370997616062914560
1370997627639201796
1370997634371031040
1370997790327771137
1370997806144577543
1370997809244041220
1370997818022842369
1370997822728892418
1370997829297131522
1370997844447002625
1370997868262199296
1370997952341217281
1370998011954933761
1370998031621971968
1370998036235751424
1370998038974578688
1370998054996873218
1370998073430847489
1370998073598574592
1370998087741800452
1370998126065094656
1370998127717543936
1370998140359299074
1370998148122939396
1370998159711866881
1370998183543910403
1370998201248051201
1370998214791458816
1370998218729869312
1370998288825135104
1370998298111315969
1370998311398817793
1370998329795039232
1370998356261142530
1370998382844653571
1370998383255650305
1370998400733343745
1370998406970286084
1370998427472048129
1370998430940684291
1370998437227995136
1370998460917415936
1370998475790426113
1370998527145435138
1370998527707451393
1370998547521372162
1370998570980098049
1370998570984345602
1370998595516776451
1370998613111934976
1370998631537459201
1370998639141605377
1370998655994449920
1370998771845316608
1370998775314055170
1370998837557538818
1370998862861762562
1370998887658491914
1370998895711551489
1370998923851091970
1370998943488835587
1370998943656640514
1370998954456985602
1370998988934164481
1370998995414302722
1370999059469770752
1370999063894712322
1370999077425532929
1370999083020775424
1370999126310187008
1370999148003143681
1370999154126766080
1370999214428262400
1370999215904686081
1370999257549901827
1370999257789038593
1370999292421406723
1370999300130545664
1370999332510515202
1370999386046566401
1370999440891338755
1370999461644754947
1370999485942411265
1370999523242311685
1370999529869348867
1370999554393391106
1370999627592388608
1370999639919497217
1370999645632143360
1370999662153457665
1370999793774948353
1370999835046854658
1370999862620217346
1370999884426448900
1370999889421684737
1370999891812614146
1370999899509116932
1370999917397700609
1370999931805212673
1371000003293028352
1371000109484347394
1371000125238079492
1371000174085017608
1371000185346744321
1371000198709841922
1371000211707998208
1371000234994769922
1371000246617178113
1371000253105766401
1371000259682390018
1371000282956566529
1371000291890323457
1371000336480149509
1371000352003256320
1371000355203510272
1371000372270137347
1371000414196228102
1371000415576285186
1371000417790885889
1371000450082877442
1371000466792976389
1371000475722596353
1371000501274345475
1371000506252996611
1371000508152942593
1371000513328775168
1371000539014688770
1371000569486311424
1371000645579313152
1371000645759627264
1371000662364930050
1371000702458327040
1371000731877179393
1371000757789589505
1371000793755713538
1371000797664845825
1371000893802475522
1371000896033857541
1371000909531086848
1371000916518834177
1371000947493765120
1371000970579181570
1371000979127218177
1371001001768026117
1371001028712275968
1371001046005280771
1371001120470994947
1371001121293144064
1371001139886489605
1371001166088261633
1371001194542477312
1371001201718874115
1371001207121121284
1371001219100073984
1371001261563187201
1371001263362605056
1371001264260124679
1371001288943665156
1371001307335700484
1371001321462116354
1371001398473670658
1371001451946868738
1371001514630782976
1371001540325089280
1371001557085458432
1371001573279682561
1371001647724380162
1371001694520107008
1371001709934354434
1371001725662937088
1371001768209944578
1371001859465416704
1371001882341171202
1371001902545072131
1371001908320698370
1371001941325676545
1371001985248473089
1371002023995445252
1371002045298323462
1371002080421351425
1371002102747643905
1371002127305302016
1371002147328856065
1371002150264918016
1371002180493320192
1371002195261464577
1371002223849660426
1371002234226548737
1371002237032525824
1371002268623966211
1371002288274354179
1371002357102809092
1371002362173792256
1371002408629846018
1371002411087765505
1371002416435404805
1371002442339528705
1371002468176384012
1371002489525403648
1371002549587865602
1371002600976490496
1371002641543749632
1371002730924359682
1371002750646026241
1371002760032878592
1371002779989385216
1371002786314326018
1371002798112964612
1371002798469488641
1371002817633206276
1371002839045001216
1371002842035728385
1371002876269592581
1371002878316441601
1371002916765503489
1371002922532749312
1371002954334023682
1371002954967289857
1371003032520036352
1371003039331549186
1371003048454131712
1371003085607350273
1371003123557412867
1371003123943231489
1371003131954348034
1371003160903421953
1371003166184071168
1371003182374129665
1371003196781572097
1371003204306096129
1371003217107165186
1371003221817327616
1371003237730500608
1371003267686227974
1371003288552898560
1371003289127505923
1371003306307371008
1371003314620530692
1371003316801568768
1371003372279578628
1371003392861032451
1371003413606117377
1371003418148548608
1371003447579934721
1371003461437952004
1371003530987896837
1371003567386021890
1371003577578192899
1371003601028517890
1371003604593733632
1371003616094523395
1371003672776302599
1371003685996785665
1371003704820838400
1371003722252312579
1371003729189699585
1371003742636666883
1371003792502718466
1371003812769579010
1371003881430380545
1371003909603491842
1371003961847787524
1371003978071351299
1371004012686934019
1371004015677468674
1371004061030481923
1371004099064381441
1371004127342379010
1371004142546735107
1371004167515467777
1371004202684661760
1371004211715051520
1371004237602242562
1371004242736115712
1371004247035236357
1371004257042903041
1371004271680978944
1371004338227789827
1371004371203452929
1371004372369440768
1371004411770716160
1371004419102314496
1371004419286835205
1371004419291029510
1371004430733221888
1371004431479750663
1371004482985857025
1371004483510136832
1371004516603211777
1371004531828518919
1371004533942464513
1371004557308887041
1371004566427275269
1371004583170998277
1371004604989718528
1371004626661695490
1371004643753492486
1371004660711100424
1371004660841070592
1371004667975630848
1371004723839516673
1371004746094501889
1371004788872200192
1371004799781588997
1371004833910689792
1371004855783976960
1371004860993261572
1371004883340562433
1371004947731468290
1371004979138465794
1371005019546390530
1371005038244605952
1371005040832475142
1371005056758255618
1371005069345353728
1371005083719192576
1371005098361561088
1371005114689974272
1371005116342530048
1371005132004077568
1371005140984070146
1371005143102197762
1371005149443948544
1371005170902040577
1371005174169370628
1371005189625380868
1371005214086594561
1371005214392778752
1371005279085690884
1371005287872729089
1371005317497118720
1371005329878712320
1371005415706800137
1371005422153441290
1371005425190117376
1371005435881357312
1371005491602657282
1371005494891057153
1371005511152336896
1371005553162526722
1371005566294757381
1371005580232564737
1371005615787667460
1371005617045917696
1371005621068300288
1371005677380993024
1371005680048603137
1371005683009781760
1371005684570075136
1371005724747255808
1371005732645171201
1371005733643358213
1371005734331293697
1371005764731613190
1371005767906643971
1371005794712424449
1371005798512476174
1371005826010333186
1371005827344171015
1371005829151883266
1371005860277805058
1371005919090327553
1371005930108817408
1371005991899295748
1371006019158089731
1371006069267427329
1371006071784026114
1371006079233093637
1371006111118163968
1371006120198823936
1371006123197796356
1371006125265543168
1371006158941605888
1371006175748231169
1371006187127373828
1371006190130454531
1371006198644936705
1371006199395680263
1371006312608366593
1371006326072037377
1371006339800035329
1371006352982745094
1371006414437679111
1371006426068434946
1371006444150124549
1371006496507592706
1371006496771870720
1371006503033917442
1371006511619641345
1371006522709401605
1371006567219404800
1371006660051755016
1371006674975268864
1371006696961810433
1371006713759985665
1371006729803169792
1371006745565405185
1371006752871829505
1371006760035753984
1371006812728745990
1371006847365357568
1371006869930672128
1371006883448958979
1371006889379631105
1371006913647935491
1371006914239336451
1371006922720227329
1371006935667933190
1371006971244085250
1371006991292891136
1371007000696524800
1371007027909160963
1371007046087282689
1371007128975065088
1371007137082642432
1371007197228974080
1371007203734392833
1371007218863243270
1371007231408361473
1371007241986400257
1371007250664284160
1371007257152983040
1371007274374823937
1371007289109385216
1371007298236190723
1371007306574524418
1371007323754274816
1371007334424674305
1371007405216174082
1371007429505380355
1371007442260275200
1371007457535926274
1371007476716474369
1371007481531482113
1371007501051789312
1371007512317661185
1371007534476189697
1371007548330020869
1371007550502678529
1371007556592750594
1371007580546433027
1371007607419310081
1371007634468388866
1371007646342512642
1371007655561596934
1371007672514977794
1371007679737556992
1371007686972674049
1371007721705771009
1371007735932801028
1371007746422755328
1371007751103582211
1371007808423006208
1371007848939937792
1371007881378680834
1371007895899414528
1371007908616548355
1371007942300930048
1371007965373730818
1371007977709260801
1371007979403755520
1371008004699602948
1371008018360451074
1371008024266084353
1371008032721801217
1371008034831499265
1371008038396649472
1371008049234780160
1371008105488781314
1371008115148267521
1371008154381783041
1371008180440989696
1371008195737624576
1371008195880050691
1371008196819701763
1371008197629259776
1371008200217141248
1371008240369209349
1371008260766113792
1371008267896434689
1371008280483532806
1371008293540405263
1371008306920222724
1371008316227391489
1371008320249720833
1371008330471194624
1371008331205251072
1371008339367358467
1371008342815092741
1371008344148877313
1371008375958409219
1371008404186148864
1371008424918593536
1371008430882848769
1371008434523541506
1371008449660747778
1371008505340116993
1371008531361579010
1371008534587015169
1371008562563063811
1371008566556028929
1371008574642601986
1371008579101151235
1371008580846026758
1371008583731703812
1371008604501913602
1371008606905237505
1371008623506305024
1371008653554245635
1371008697665777664
1371008701918773248
1371008728112193536
1371008735162871814
1371008755970768896
1371008762446802956
1371008762845224963
1371008777042993154
1371008840506957828
1371008873163800577
1371008890352119809
1371008909184471040
1371008926548905985
1371008929904402433
1371008949256908803
1371008949550452738
1371008976838553607
1371008997982138368
1371009020258095104
1371009023240245248
1371009028021747718
1371009032639631363
1371009046275309568
1371009052021493761
1371009055339204612
1371009067150376961
1371009084951035909
1371009105637355521
1371009116643164161
1371009165913653252
1371009175929692161
1371009189577904128
1371009207122731013
1371009214064291841
1371009258330976262
1371009283479986182
1371009396210290688
1371009468604030976
1371009470080294912
1371009514137382912
1371009533619933190
1371009535054385155
1371009565702160384
1371009596471570432
1371009640285278218
1371009695880773633
1371009700620345346
1371009718429310977
1371009721218519041
1371009723412197381
1371009775085965319
1371009839166414857
1371009841574129664
1371009867947900930
1371009887333982209
1371009933299351554
1371009955906588672
1371009977297612800
1371009978421628930
1371009997128269824
1371010022021423106
1371010054464360452
1371010055408091136
1371010106524057601
1371010116456169472
1371010127315279872
1371010142574157826
1371010206033936385
1371010214011543553
1371010245280010241
1371010261084221443
1371010274476580864
1371010288305192964
1371010291966828547
1371010292549873665
1371010293627752450
1371010323440893953
1371010333259747331
1371010416558682114
1371010473739554819
1371010514600480769
1371010520678010880
1371010581138960397
1371010588399243265
1371010592127979522
1371010638215053313
1371010639284609029
1371010646859468800
1371010665444487168
1371010683647713282
1371010707412692993
1371010749741555712
1371010785183469573
1371010794578665477
1371010802883395591
1371010804875722753
1371010806247219200
1371010851768053761
1371010864069943297
1371010902410067968
1371010908164591618
1371010916666458113
1371010949453340673
1371011021633171458
1371011034417352705
1371011037437251589
1371011038167015429
1371011062519234561
1371011081066414085
1371011092395212803
1371011116491538434
1371011130198478848
1371011141812510720
1371011156194787331
1371011237891440645
1371011243985764354
1371011245726371847
1371011256136663043
1371011263338266630
1371011283575799811
1371011298490744833
1371011298914406404
1371011328496766982
1371011335836798976
1371011349250240515
1371011351171248128
1371011363078873090
1371011382280384513
1371011425171296259
1371011486496256003
1371011492154376193
1371011518704271361
1371011553902874628
1371011617517928448
1371011633754091522
1371011638753689601
1371011692478533633
1371011712850272257
1371011748627628034
1371011762640842753
1371011782861582343
1371011789224349700
1371011810242011137
1371011811022143491
1371011835068047364
1371011841435000834
1371011875656306690
1371011963501821953
1371011968979632130
1371011969130582019
1371011970984386562
1371011979029139458
1371011997668626435
1371012015565733890
1371012058238582785
1371012065826107393
1371012069785473024
1371012085564510209
1371012098176729090
1371012176593453057
1371012180829683713
1371012194289221633
1371012219694092292
1371012233979953152
1371012245455527937
1371012248227999745
1371012306382024705
1371012313919188996
1371012330377601025
1371012346555076608
1371012365613928449
1371012388783325191
1371012402976854018
1371012412506304512
1371012417145085955
1371012417254199306
1371012426641113093
1371012475462770688
1371012482693664768
1371012494249099266
1371012578588131330
1371012653473263618
1371012661765406722
1371012665368313858
1371012687380021248
1371012692513857536
1371012693449056256
1371012726345043976
1371012740479913984
1371012761455579137
1371012860315369473
1371012861124866048
1371012866581483520
1371012873137307654
1371012879349075969
1371012897170669569
1371012949721157634
1371012975457361922
1371012978712121346
1371013071263653890
1371013089441820674
1371013131590328321
1371013148946395136
1371013152788377602
1371013209830928387
1371013227203600388
1371013227262447616
1371013227656663040
1371013248053547008
1371013258094784514
1371013268509134854
1371013289489104897
1371013316794052611
1371013342538702851
1371013345940279303
1371013353129324548
1371013362084089856
1371013362289610752
1371013400105529349
1371013409337176068
1371013422180098051
1371013452630745090
1371013477444227073
1371013511825010688
1371013533715021824
1371013535862562817
1371013720269279233
1371013902012719105
1371015405687431169
1371015705160790017
1371015715369680896
1371016157340311552
1371016481706807297
1371016642830991365
1371016665190780929
1371016721553879045
1371016890047463426
1371016974189350912
1371017200262340609
1371017251789373444
1371017321171578880
1371017343615311872
1371017463203295233
1371017588457738240
1371017907132641287
1371017939206467585
1371018159700987905
1371018260401909765
1371018754797285382
1371018911114797057
1371019321846214656
1371019356969263112
1371019388766281730
1371019483490443271
1371019533775859713
1371019818317533187
1371020249936637953
1371020393557987335
1371020402420486145
1371020442115440645
1371020739357335552
1371021003749535745
1371021280212774913
1371021299858997249
1371021542776315904
1371021755389739008
1371021786641526786
1371022252687437825
1371022474930839557
1371022555931418625
1371022656884121601
1371022682452529152
1371022739306389506
1371022902779338752
1371023287510306817
1371023295747854342
1371023296389644291
1371023298717437952
1371023301548470273
1371023336617168898
1371023339343466496
1371023668718010372
1371023714683387906
1371023972075245569
1371024208923361281
1371024238635855873
1371024568933093378
1371024676579840002
1371024774357512194
1371024862182051842
1371025125429108738
1371025213740220416
1371025398255996929
1371025415083593729
1371025614828929025
1371026102320304130
1371026216325672960
1371027037075484675
1371027053902979074
1371027223663284236
1371027460930859008
1371027878851252224
1371027913622032387
1371027989446717442
1371028025991643136
1371028072649080834
1371028080807059457
1371028137258192896
1371028162914705410
1371028199375826946
1371028226194161665
1371028318657597441
1371028877066211336
1371029004069830656
1371029028384215041
1371029687913304065
1371029695815430145
1371029698256502784
1371029921393442816
1371030267910033411
1371030348029554688
1371030425200697346
1371030547988951041
1371030614707687425
1371030749076463617
1371030969805852673
1371031055130583040
1371031194184323072
1371031253575725057
1371031496417497090
1371031941802307590
1371032067350335489
1371032296673927170
1371032848782798849
1371032934560464896
1371033144472780808
1371033423687598080
1371033450317234176
1371034255011291138
1371034593470582784
1371034640488747008
1371034994802561025
1371035052096815105
1371035372797444097
1371035434147590144
1371035434218840064
1371035548605898753
1371035689790283776
1371035825849434113
1371036130758508545
1371036424275963909
1371036849897144322
1371036857547522049
1371037009280700422
1371037104256466946
1371037107339268097
1371037170757165057
1371037304295411715
1371037472029863937
1371037698891378689
1371037727047741440
1371037778771861513
1371037901920866306
1371037908191305728
1371038399268859907
1371038486296428546
1371038689304924160
1371038752819314693
1371039905791537154
1371040114462367744
1371040185815855108
1371040286634348545
1371040892874850304
1371041046231199746
1371041575669800963
1371041585849364482
1371042273253818368
1371042278966431746
1371042316761321472
1371042435254652936
1371042440631750657
1371042446923169792
1371043294482984962
1371043725137305602
1371044231515672582
1371044258971537415
1371044281805369347
1371044370116403204
1371044599851008000
1371044831980584960
1371044898116411394
1371044966244491269
1371045188613910528
1371045200454430728
1371045285149999105
1371045362161553411
1371045604445585410
1371046355972587523
1371046446363992072
1371046473002057730
1371046627943837697
1371046730565844996
1371046741588447233
1371046763440844801
1371046948036300803
1371047027891654657
1371047212713701378
1371047688918102024
1371048042179223555
1371048058885115907
1371048104586272770
1371048521550467074
1371048709463678979
1371048860718661632
1371049345047482368
1371049441088659457
1371049452664975362
1371049671477575683
1371049762724720641
1371049786170834946
1371049828197761029
1371049863048261632
1371049892387426305
1371049992257961987
1371050131945095168
1371050415211560964
1371050545163730947
1371050879441338368
1371050939247955972
1371051435215962118
1371051646747348998
1371051720009150468
1371051781942345728
1371051860476506121
1371052018362691585
1371052075111620609
1371052214429609990
1371052303977971712
1371052568621748232
1371053050434097153
1371053161419526145
1371053328436723715
1371054563126546438
1371054576980402178
1371054662619643908
1371054852776849409
1371055238837309440
1371055533680173057
1371055787586453510
1371056000363597825
1371056061575217154
1371056157138292740
1371056286285070336
1371056308879814660
1371056649910296582
1371056669480906753
1371056796807405568
1371056828331741184
1371057057760153600
1371057268674945026
1371057402389352448
1371057623454351361
1371057676361273348
1371058329590624256
1371058390626152452
1371059158804496385
1371059278270885890
1371059494017458178
1371059714977624065
1371060044687683585
1371060619454070784
1371060647170048001
1371061092525412353
1371061512912183297
1371061669389070337
1371061727639535617
1371062887469481991
1371063211370352644
1371063279083212801
1371063473371803653
1371063558797201410
1371063588366999554
1371065091324530689
1371065158328594433
1371065984740687872
1371066184280514561
1371066849614516226
1371066953620684800
1371066960654503940
1371067333767094278
1371067494706855936
1371067677733744644
1371068593916407813
1371068697318719490
1371068829451706370
1371068900113256450
1371070375006593026
1371070732143300611
1371070739923693576
1371070774233161733
1371070792478375939
1371070825965760512
1371070951413182465
1371071292875620354
1371071629451800576
1371071850286026754
1371072131153416195
1371073982829576192
1371075911223762944
1371076103876534275
1371076142178836481
1371076259002920962
1371076641032667136
1371077400180584463
1371077400302297094
1371078328237625344
1371078451860496385
1371079751796977667
1371080190835757062
1371080418703867908
1371080843142266883
1371082212129529858
1371082248116695044
1371083438569238533
1371084512424251393
1371085129741971457
1371087585611763712
1371087762523308032
1371088341618294784
1371088688281743360
1371089081510285326
1371089118105600000
1371089564920643584
1371090355395891202
1371090409909276677
1371090438527016960
1371091323013505028
1371091741751787522
1371091996396371968
1371092515030437894
1371092618768179201
1371092710183071745
1371092940504895489
1371093017688428552
1371093060113866754
1371094321982750723
1371094435950436353
1371096777798123527
1371098074085519360
1371098093911965696
1371098793953742852
1371099361954967558
1371099635117350916
1371100164413403136
1371100530899046403
1371101038934163459
1371101334359973896
1371102245215952897
1371102348047609858
1371102484169637888
1371102531720343555
1371102543770644482
1371102668526022656
1371102715124752389
1371102831739031554
1371102837913051144
1371103683119882242
1371103687297396737
1371103958631079941
1371105176388468741
1371106212842995713
1371106377297444864
1371107069227585537
1371107540482859014
1371108819548438528
1371108999471448074
1371109069252087813
1371109138391035906
1371109715216896000
1371109861711347718
1371110319834214407
1371110709644394499
1371111553316044804
1371111734283501572
1371111792093564940
1371112029549903878
1371112145820221440
1371112563665145858
1371113207755116544
1371114488011833344
1371114938123624452
1371115657073471488
1371115682503520257
1371116093486563332
1371116436270280704
1371116450795167752
1371117181124108290
1371118103711645697
1371118260687622151
1371119051804700672
1371120050405478405
1371120439892836359
1371121441567952900
1371121471259607045
1371122713448828930
1371123280032174080
1371123404951023619
1371123544193691649
1371123874683838467
1371124058692128773
1371124248740306944
1371124431439937543
1371125691236937730
1371126423432392705
1371126851997999106
1371127175189913603
1371127407483183110
1371127651675561987
1371128923006758914
1371128995622891524
1371129047519006729
1371129083455803397
1371129237034434564
1371129368441876481
1371129371134681088
1371129448838397953
1371129558745952258
1371129574222888965
1371129663058178049
1371129671094525957
1371129704523120644
1371129775239094285
1371129850845626374
1371129866263785474
1371129887902294016
1371129912124407817
1371129984471990272
1371130088440393732
1371130169533067265
1371130186482208768
1371130257483386885
1371130349913309184
1371130353218416653
1371130400161038338
1371130534160662534
1371130586862084108
1371130622933147654
1371130717204275201
1371130818366672896
1371130844937617408
1371130885236523010
1371131002094030849
1371131073086775302
1371131113800876033
1371131399156170754
1371131491451830279
1371131505473433602
1371131517225869312
1371131534598619137
1371131582090723330
1371131590844239875
1371131790547648518
1371131916615827467
1371132031153889285
1371132222921662465
1371132394712002561
1371132402907635717
1371132945726062592
1371133083995496448
1371133267802480648
1371133335163002880
1371133344117841920
1371133497356738567
1371133610464542723
1371133642186104838
1371133651849732096
1371133694635868164
1371133762130563078
1371133978401517580
1371133980456726531
1371133986857181187
1371134134224089089
1371134250850910210
1371134294102585350
1371134295436312579
1371134355146477570
1371134720608772096
1371134934727938048
1371135095596322824
1371135883332743171
1371136284312412163
1371136540705878017
1371136588827262986
1371136695136104448
1371136738253488129
1371136767563337732
1371136840175136769
1371136964796235782
1371137018487578629
1371137461007552515
1371137512316493827
1371137616641466370
1371137712493842434
1371138095266029569
1371138179252772871
1371138331321466883
1371138427601756163
1371138434388082689
1371138742426214403
1371138800085303296
1371139022697947138
1371139047389810688
1371139121654206468
1371139293582872576
1371139369168474118
1371140523457720320
1371140721554636809
1371140925020377090
1371141064543903750
1371141228218224647
1371141616858243072
1371142024682991622
1371142662963802113
1371142767305502720
1371142938433093632
1371143463006318595
1371144096056811524
1371144103216492555
1371144105166831617
1371144693799653376
1371144808270532608
1371145258210365444
1371145445553082374
1371145744854421506
1371145907488616458
1371146215090425860
1371146460440453122
1371146491784536064
1371146497841053702
1371147390082813964
1371147805369188354
1371147844946702344
1371147873589604359
1371148033308692485
1371148167543197702
1371148237973946369
1371148462742511624
1371148821271617541
1371148958836391936
1371149123508920323
1371149177158299649
1371149275858489344
1371149441151959045
1371149610396348416
1371149687022100484
1371149769867923459
1371149771818303493
1371149840084828164
1371149868903886848
1371149900520550400
1371150762810736642
1371150822978039814
1371150888157478914
1371150893547204612
1371151411053002762
1371151413783449601
1371151739982860290
1371152968922365960
1371153022332633089
1371153216281440260
1371153629231603714
1371155071061393413
1371155163461869568
1371155414184730624
1371155872471261190
1371156088184315905
1371156846950617088
1371157028857638912
1371157289361637380
1371157680564363266
1371157821270679555
1371158589814009867
1371158634395222023
1371158782684856325
1371158858006138887
1371158882949664770
1371159136667308033
1371159147023110159
1371159189192577026
1371159191851659264
1371159273401692163
1371159340363710469
1371159949729009670
1371160294123257856
1371160360359759883
1371160441594974208
1371160458061877255
1371160511329533953
1371160527695704069
1371160716573560833
1371160905636020224
1371161102088802313
1371162593822396417
1371162964556804096
1371162965517418504
1371163037399416833
1371163446956408832
1371163471396671488
1371163570067668998
1371163849349554176
1371163860258988036
1371164059320606721
1371164131903045640
1371164177616756740
1371164348933144586
1371164370806407170
1371164555922046976
1371164668270686209
1371164895333453836
1371165072396025865
1371165302126473219
1371165680528154625
1371165865538940929
1371165908345962501
1371165942579798019
1371166132305006592
1371166159324725250
1371166403299061768
1371166423926575105
1371166521851052044
1371166739480899588
1371166739761745926
1371166814953209861
1371168342640357378
1371168347384127496
1371168605858099202
1371168846271426561
1371168849584926720
1371169025615560707
1371169149712535557
1371169255341838336
1371169616903409665
1371169742669615104
1371170106932355073
1371170142906953729
1371170336872468481
1371170397845123074
1371170533795106817
1371170549154639877
1371170762753765380
1371170764725096449
1371170952537632774
1371170954299240448
1371171251151069190
1371171360286838784
1371171762155761668
1371171871975178246
1371171889280860162
1371172185423904769
1371172195679023105
1371172223449452545
1371172274754220032
1371172899625783299
1371173065829277697
1371173236390645762
1371173252521979912
1371173297019351040
1371173379177381891
1371173454737735681
1371173469073850370
1371173494436765698
1371173824755027968
1371173906090967040
1371174274837385225
1371174291539124226
1371174293770444804
1371174294693154819
1371174584406446080
1371174624529104898
1371175021100556288
1371175403663073282
1371175494348062720
1371175513465708552
1371175813580795905
1371176006007029760
1371176025418240002
1371176113301549057
1371176174588731395
1371176252321714185
1371176261729550349
1371176270529245185
1371176302070300672
1371176415786369032
1371176482211528704
1371176613182910468
1371177080990396417
1371177114607685632
1371177356631670788
1371177420175380483
1371177771200876546
1371178232293302273
1371178530562830346
1371179321591750660
1371179430840832000
1371180120711520268
1371180197878325248
1371180443312209927
1371180489856450562
1371180593069838345
1371180933794172931
1371181092695379974
1371181112047894528
1371181127147397133
1371181222697824259
1371181594334089221
1371181613598580740
1371181940531941378
1371181998149148672
1371182604704215046
1371182696907608065
1371183220700631044
1371183292381335552
1371183344713621509
1371183498451648515
1371183505695252484
1371184111549841409
1371184370023817217
1371184514328891395
1371184554233499648
1371184761494966274
1371185059588362243
1371185359384674306
1371185485733838849
1371185906036670470
1371186079840223235
1371186116037074944
1371186119077998594
1371186242231107587
1371186327803289600
1371187776511692802
1371188084981764097
1371188254750412804
1371188358697918470
1371188419746009095
1371188425064337411
1371188735442886657
1371189013260959747
1371189153640108035
1371189388109959171
1371189392899940353
1371189394309140486
1371189468057718787
1371190102521737217
1371190297254846466
1371190460010614786
1371190676608679937
1371190886634229761
1371191251823960077
1371191314834984963
1371191428328603656
1371191440479502337
1371191550273814530
1371191600408317959
1371191630720593930
1371192158515036160
1371192167796969480
1371192313054134272
1371192458571288578
1371192540590903296
1371192605590061057
1371192646878773255
1371193184412389377
1371193261663092740
1371193309973086211
1371193396195377153
1371193537006600203
1371193676559421442
1371193694074896389
1371193869027655682
1371193894822682624
1371194053207932930
1371194117670236165
1371194189027889154
1371194560903274497
1371194724627922946
1371194830479577088
1371195073656987652
1371195498607034375
1371195600553775109
1371195808067035138
1371195991374888961
1371196084660371460
1371196291347320833
1371196470175670277
1371196683548299266
1371196793065721864
1371197339843563522
1371197447217774598
1371197456243916800
1371197631771373572
1371197855277461504
1371197862424555521
1371197962290917379
1371198053244358667
1371198217208074243
1371198501107990532
1371198534347808768
1371198900762198025
1371199032039718915
1371199043674726406
1371199472462561281
1371199580377845762
1371199755519426561
1371199794526453764
1371199905067241473
1371200009400680455
1371200052572610563
1371200162874458115
1371200317518450699
1371200605071478801
1371200737087213568
1371200897972310017
1371201044244529167
1371201057183916036
1371201467663622149
1371201489906073602
1371201553546235908
1371201967826087945
1371202066731896833
1371202069424701442
1371202122860072967
1371202123485089793
1371202141164015623
1371202233786904576
1371202251923001346
1371202442596126728
1371202530244493316
1371202870620602371
1371202872587788297
1371202916023992330
1371202990531567619
1371202991567597571
1371203206433419268
1371203503436271627
1371203633824591882
1371203713294041091
1371203737201557509
1371204200495988741
1371204340178944001
1371204360575799296
1371204406625062913
1371204473389977610
1371204489412153349
1371204490947223554
1371204492251701252
1371204787069390850
1371204850059460608
1371205240339435520
1371205275621937154
1371205368169308161
1371205439606697987
1371205464818655247
1371205669269991424
1371205692003061761
1371205819593850882
1371206075094024196
1371206126138691586
1371206181050589186
1371206764549509122
1371206828428832773
1371206929712840707
1371207014223859717
1371207036969619456
1371207323872550912
1371207633542246403
1371207773690720256
1371207798554517504
1371208040180035593
1371208117497774080
1371208242915905536
1371208575050219521
1371208712019443719
1371208807997710336
1371208857368809476
1371209050831077388
1371209251876700161
1371209375289896962
1371209540390285319
1371209570933178371
1371209663778279430
1371209845647544321
1371209989382152194
1371210055777943553
1371210149457711106
1371210153048076289
1371210183104471047
1371210187890159622
1371210301828399104
1371210416567808003
1371210420766306307
1371210440320110598
1371210462940037121
1371210653676023809
1371210958291472388
1371210990231171077
1371211033734447106
1371211301377150977
1371211425197260806
1371211636216889345
1371211680139653122
1371211684237426688
1371211841196679168
1371211952647766018
1371212022747168771
1371212037473329161
1371212200245919747
1371212337856790529
1371212340226576388
1371212562759622663
1371212788115312642
1371212858000834566
1371213074414383104
1371213172036755457
1371213188683984899
1371213196799918089
1371213327775457280
1371213423560785923
1371213456829992962
1371213488807350273
1371213538694471681
1371213728759357445
1371213893029277700
1371213938835271682
1371214093487595521
1371214219656445952
1371214254586617864
1371214259582083077
1371214493922045955
1371214598989357056
1371214659559247881
1371214932692373510
1371214955870031878
1371214958264995840
1371214965143666690
1371215152511651846
1371215184468000771
1371215368488882183
1371215569400311819
1371215579684691976
1371215591793684481
1371215602820509696
1371215634114174982
1371215679974748164
1371215790259761157
1371215834400620548
1371215837374394369
1371215957515964416
1371215996690821133
1371216069193523201
1371216253478637568
1371216502549061639
1371216577929043973
1371216704299282440
1371216860218335240
1371217052346748932
1371217157623844864
1371217212183359493
1371217576341168135
1371217967371984899
1371218073085210625
1371218235530620935
1371218404246441984
1371218499171913731
1371218580436582401
1371218639119077380
1371218649424523265
1371219083610398721
1371219094519812102
1371219108537192452
1371219317136752640
1371219367929729031
1371219390155399169
1371219488264359943
1371219586939490308
1371219674629877764
1371219702450683905
1371219749145870340
1371219843345711108
1371219846118182912
1371220008794255361
1371220061789241346
1371220102205562893
1371220120354308098
1371220243398418437
1371220522042863622
1371220604897083394
1371221071496626178
1371221129273221122
1371221189453090816
1371221491744915459
1371221580274106369
1371221615900561412
1371222103693750273
1371222103739883520
1371222149072060417
1371222171385802752
1371222179275231235
1371222324419133451
1371222340827295756
1371222361882628102
1371222435878604801
1371222545085652996
1371222835411230722
1371222844613537804
1371222988331290632
1371223240266375170
1371223284101038080
1371223318775353346
1371223330347495426
1371223522631094277
1371223625752309760
1371223713975308291
1371223770946502657
1371223869508493312
1371223985040539652
1371224126241783814
1371224415103488001
1371224450914471937
1371224490861080577
1371224628425789446
1371224673107722245
1371224684939902976
1371224723619774464
1371224745241407488
1371224818067124225
1371224887721914369
1371224890443976704
1371224941429919746
1371225086154379267
1371225101400690690
1371225242576818179
1371225275619549187
1371225362978512898
1371225572752429059
1371225579073241094
1371225583200436231
1371225598891323400
1371225644793749504
1371225840369987586
1371225933735153668
1371225968606609408
1371226058771554315
1371226173057941509
1371226181316530176
1371226351471038467
1371226367484911623
1371226491116265475
1371226515359330307
1371226615825457158
1371226636742447110
1371226637656801283
1371226829713997826
1371226879596826628
1371227033083207691
1371227136707600387
1371227137395453957
1371227355050557448
1371227432615821316
1371227464387682306
1371227518095790082
1371227614141153281
1371227618448711683
1371227781615525889
1371227856223756288
1371227873328173058
1371227944325165061
1371228064865255433
1371228088781127687
1371228136214568968
1371228309648982017
1371228796658008065
1371228834943619075
1371229080327221253
1371229087063277570
1371229155241701381
1371229162304897024
1371229196945604610
1371229330651643912
1371229466375114753
1371229487510208519
1371229489896828929
1371229641189568513
1371229656901369858
1371229663075446784
1371229672332222465
1371229713365139461
1371229804104712195
1371229806289911808
1371229931322085378
1371229944722944002
1371229965140832258
1371229978566754304
1371229985218908165
1371230024850935811
1371230156556267521
1371230261233475584
1371230437734035460
1371230476866818049
1371230478590746626
1371230705838088199
1371230734984347653
1371230807562579971
1371230858145828865
1371230858376515584
1371230982687371265
1371231051347988480
1371231090476777474
1371231147716382726
1371231158164410368
1371231169795272705
1371231188636069891
1371231314834247684
1371231390570672131
1371231524415287307
1371231706880081930
1371231739608244225
1371231885087678465
1371231918591782915
1371231939303247872
1371231944130887681
1371231974971617281
1371232046966833153
1371232150113124353
1371232365327028228
1371232395773550595
1371232401624596484
1371232714184085508
1371232954639294464
1371233031286034438
1371233061413740544
1371233070821605389
1371233124957495304
1371233165042405379
1371233205991448586
1371233222173077508
1371233495855607817
1371233667515813889
1371233669743005697
1371233696427167746
1371233814677229568
1371233862412554245
1371233909262925828
1371234213693886466
1371234246220730372
1371234248649277440
1371234371206791168
1371234400227241988
1371234514295533571
1371234526085660678
1371234543408181255
1371234686668660738
1371234690573737989
1371234692335341569
1371234692515651587
1371234703123091457
1371234711385862146
1371234776775065611
1371234830399242241
1371234868730953736
1371234928248160261
1371235010250964997
1371235041007824897
1371235091138154497
1371235168103632897
1371235172050468871
1371235172633477120
1371235172713107456
1371235223153807360
1371235232322625544
1371235300215816192
1371235360173350913
1371235400199639051
1371235481162285059
1371235520622247939
1371235647307022340
1371235651526524928
1371235662800781313
1371235683977859075
1371235787082174466
1371235827741814786
1371235847551483907
1371235882854973443
1371236050119577602
1371236410301296644
1371236411328888832
1371236413392498691
1371236731303960581
1371236826669793286
1371236948728287241
1371236962145820681
1371237200352907267
1371237323921362945
1371237407320895500
1371237490477166593
1371237493769711617
1371237535461089281
1371237812469706754
1371237979184889860
1371238259372736516
1371238436070436867
1371238708209401860
1371238796268818437
1371239027651842049
1371239106844495872
1371239263820521476
1371239312210202624
1371239397924933633
1371239427884859392
1371239450047569931
1371239469161005057
1371239475800637444
1371239492456177665
1371239511997435913
1371239556775870468
1371239572852649990
1371239581908094983
1371239655966973955
1371239668293976066
1371239677324369922
1371239685834604546
1371239724485054465
1371239773877243905
1371239781833846784
1371239805418418178
1371239806810853377
1371239852570779655
1371239985924431874
1371239992543043589
1371239996557037570
1371240025367711744
1371240050114056192
1371240055944196096
1371240113208967170
1371240138144161792
1371240176626843655
1371240266166906881
1371240383146037253
1371240422173990916
1371240467732570116
1371240526788321284
1371240578680287232
1371240622758236161
1371240629783642117
1371240646581891074
1371240681029709832
1371240682136961024
1371240721668321282
1371240736545411075
1371240746393690113
1371240807899017216
1371240858612199427
1371240879541878784
1371240908436439041
1371240918091710467
1371240921535242240
1371240989256527878
1371241031098843138
1371241069795545093
1371241120223625218
1371241120324259843
1371241152855355393
1371241170634948616
1371241193741373442
1371241228902268933
1371241267158454272
1371241313094488069
1371241316621950987
1371241334284095488
1371241388797526018
1371241398675070979
1371241421026557953
1371241460939558917
1371241480338165760
1371241501221617664
1371241531470909440
1371241584117870593
1371241586424709120
1371241631693815811
1371241637050003463
1371241718507573254
1371241735670620166
1371241765299220480
1371241789399707650
1371241796332879874
1371241867392778244
1371241879233306627
1371241893212913664
1371241915799207939
1371241925764907014
1371241931460722690
1371241931804708866
1371241942349197314
1371241958551777280
1371241973777108992
1371242003191582720
1371242008128450565
1371242059437326336
1371242062243368962
1371242070556426245
1371242092152885254
1371242109190209541
1371242134381195266
1371242146603409412
1371242212583964675
1371242219424919560
1371242463785058309
