1345157861307985920
1345157862775947264
1345157862973079552
1345157864126468096
1345157919248162817
1345157919394975746
1345157948465582080
1345157970968145929
1345157992153542658
1345158000210632704
1345158066950594563
1345158069857169408
1345158119832182784
1345158127721836553
1345158142884274178
1345158150777937921
1345158159917314048
1345158221032521730
1345158249683759113
1345158273155141641
1345158280583249921
1345158317094670336
1345158330319314951
1345158374242004992
1345158387135373314
1345158484380278784
1345158571680538627
1345158617880793089
1345158618262491136
1345158674415804416
1345158688265428992
1345158706632273920
1345158753398779905
1345158762903064576
1345158806012129290
1345158816548220931
1345158872730898432
1345159020496232449
1345159089177899009
1345159118152196096
1345159171877040135
1345159396612067330
1345159447224713217
1345159510109908995
1345159571871068162
1345159645351079941
1345159687004631042
1345159699583348736
1345159759842873344
1345159816684175361
1345159852998483968
1345159854785236992
1345159898225635333
1345159923882209284
1345159939648614402
1345160031768084481
1345160156426993664
1345160197673807873
1345160229529513985
1345160240401100800
1345160244637347844
1345160310584389633
1345160359645220864
1345160474372026370
1345160565795258371
1345160596266897411
1345160626046459905
1345160645382123521
1345160677942587393
1345160737333915649
1345160794640687105
1345160805373911045
1345160919144427522
1345160953797750786
1345160979232026626
1345161016238333953
1345161097599475716
1345161099327504386
1345161104083849218
1345161133733253120
1345161168286003202
1345161225299230721
1345161233528459265
1345161254189596677
1345161268680941569
1345161335638814721
1345161465980989440
1345161478035431425
1345161549846077442
1345161569332846593
1345161649012023303
1345161697120686099
1345161703965790220
1345161713759506433
1345161760467202049
1345161787256299522
1345161877865848843
1345161888968151040
1345161890247409672
1345161985168715780
1345162008589709312
1345162075820208128
1345162142958440448
1345162191524294656
1345162198184833032
1345162223229018114
1345162255428681734
1345162332926828547
1345162360177176576
1345162433724358657
1345162458097471488
1345162508777230342
1345162512975749125
1345162517677551622
1345162574921420807
1345162579098931200
1345162641170423809
1345162805163532289
1345162806035935232
1345162837375782913
1345162853834223617
1345162892765614081
1345162898763612163
1345162953218273290
1345162967155933184
1345163029403545603
1345163036026433536
1345163040254275589
1345163056096145408
1345163150602207233
1345163202854871045
1345163241543106560
1345163368391389185
1345163368831791105
1345163397646741509
1345163538285912064
1345163560478003204
1345163589858955264
1345163669739593728
1345163672113602560
1345163707635159040
1345163766342823936
1345163780850913280
1345163833556557826
1345164025752121348
1345164148531990528
1345164157398765569
1345164179150237696
1345164195923439619
1345164219751280640
1345164229846978562
1345164233307271168
1345164257726521351
1345164302857220097
1345164376551141378
1345164377037676552
1345164514870878209
1345164525910298625
1345164545187336192
1345164616016523266
1345164735008960513
1345164869377527809
1345164983185891330
1345164995622014978
1345165001238188033
1345165026336911361
1345165026877984768
1345165165763977223
1345165170671284224
1345165226682019844
1345165236874182657
1345165239931834368
1345165275277238272
1345165320944820227
1345165409272561664
1345165410925240320
1345165412007358482
1345165423713640453
1345165588029710342
1345165688097415168
1345165778631467011
1345165830674407424
1345165837167112196
1345165899498708994
1345165904640958469
1345165961951809537
1345166036480495623
1345166068189458438
1345166164532584448
1345166257327374340
1345166323878424579
1345166431164493824
1345166441637703689
1345166444372381697
1345166451464933379
1345166471056527360
1345166505751805952
1345166516141121537
1345166518997430272
1345166599406272512
1345166623783661569
1345166716314284036
1345166762296410112
1345166787957166085
1345166796211576832
1345166815299821568
1345166895968825349
1345166974104559616
1345167031952404481
1345167038843641857
1345167089305333760
1345167102433501189
1345167120020213763
1345167127997784069
1345167162605006850
1345167170997805056
1345167171383648264
1345167204212420608
1345167256074989569
1345167364464238593
1345167459083542538
1345167460127961088
1345167471834255360
1345167487931985922
1345167642353664000
1345167668425457665
1345167671109836800
1345167678781190144
1345167797849092098
1345167826047426560
1345167832410169344
1345167865184464896
1345167880778874880
1345167924433190914
1345167932347854849
1345167956020523012
1345168003831386112
1345168042649669632
1345168159209377794
1345168165664395264
1345168198396739584
1345168214607728641
1345168244244623360
1345168244735283200
1345168248023740417
1345168321738637312
1345168437681790985
1345168476411990017
1345168539297206272
1345168594557169665
1345168595412779015
1345168662345478146
1345168699918053376
1345168801642532864
1345168849558261760
1345168862174699520
1345168867837042689
1345168900690997250
1345168904646230016
1345168930109845504
1345168930445414407
1345169020744511489
1345169035764391942
1345169041338617857
1345169042609471490
1345169059504148486
1345169106761359366
1345169144992428033
1345169166005907457
1345169184259497984
1345169277012365315
1345169327314579466
1345169452061650945
1345169539127009281
1345169542364979200
1345169555430252551
1345169630134939649
1345169665979506688
1345169756320649218
1345169796795670528
1345169842983346177
1345169843218210818
1345169848784060418
1345169866249154561
1345170041164222465
1345170145954713602
1345170199490801666
1345170202871402496
1345170213831114752
1345170229505224704
1345170366512168962
1345170399353573378
1345170402838982662
1345170494052585473
1345170513002422273
1345170770016743433
1345170793467142147
1345170796428320769
1345170909657788416
1345170959746146305
1345170977030856704
1345171035214254082
1345171058677178368
1345171085814157316
1345171086925733889
1345171087898755073
1345171098887983104
1345171152185008128
1345171157293568001
1345171261903802368
1345171427016781824
1345171442439249925
1345171445748523012
1345171464937463808
1345171518846853122
1345171540556525569
1345171566640955392
1345171567194595330
1345171678792474625
1345171733893033987
1345171938382123008
1345171938809937921
1345171980669116419
1345172068673970176
1345172099443249152
1345172137783529473
1345172164102729728
1345172212572168192
1345172221376032768
1345172270726205440
1345172347003805697
1345172408077049856
1345172466168164352
1345172485847863297
1345172602399014912
1345172704392077313
1345172713611137025
1345172803406860288
1345172862777380864
1345172869790183424
1345172916649025536
1345172939658977280
1345172960064188419
1345172960911437827
1345172961154617344
1345172961670488064
1345172964010913792
1345173010358161409
1345173018138521600
1345173061558013952
1345173070273720329
1345173082160439296
1345173090762969092
1345173246350602246
1345173248468725763
1345173250012229633
1345173272263073794
1345173307650408454
1345173335840337931
1345173429662732288
1345173450709729280
1345173565461684224
1345173607979347971
1345173618234449921
1345173619945709569
1345173629919776772
1345173786061135872
1345173808840368129
1345173896690081794
1345174011777609730
1345174059936587777
1345174229608751107
1345174286550650881
1345174300320555008
1345174317374562308
1345174339075895296
1345174387557859328
1345174411041787907
1345174423209435137
1345174472811311105
1345174499604492288
1345174520055930881
1345174587772968961
1345174610183131137
1345174804463300613
1345174806648549377
1345174927197003782
1345174932393775104
1345174976631099394
1345175051834896384
1345175089327845381
1345175146802388992
1345175259423629319
1345175286212657152
1345175335617372161
1345175481730146304
1345175543814225921
1345175637699538945
1345175643428892678
1345175939676844032
1345175996979425282
1345176113396510722
1345176178752188416
1345176212474376193
1345176239921901568
1345176313833914369
1345176370675130369
1345176434067841024
1345176449553207298
1345176494713294849
1345176512400678913
1345176549121781762
1345176687261192193
1345176699739267075
1345176731947249664
1345176734103166976
1345176756945362947
1345176793821704196
1345176899211964420
1345176953951842305
1345176960348147712
1345176975212687360
1345177005772386304
1345177055978205195
1345177069139988482
1345177111854772224
1345177146717835265
1345177150920527873
1345177189336174594
1345177345502699521
1345177373889736706
1345177393212887040
1345177467561136130
1345177538230956042
1345177607428517889
1345177625057230852
1345177654920687616
1345177688194113538
1345177771857883138
1345177773623664640
1345177955769712640
1345177992427876352
1345178123164413953
1345178199630753792
1345178204001230848
1345178294879076354
1345178335660355585
1345178423057121281
1345178462080946178
1345178510030221315
1345178638199742469
1345178704885018624
1345178973354020865
1345179047282794496
1345179129180778502
1345179190275010560
1345179291173212160
1345179307107381249
1345179311393935362
1345179319652540419
1345179357837459457
1345179371607371778
1345179412556345347
1345179455564750848
1345179493368033282
1345179633399042049
1345179801531854854
1345179884671410177
1345180031941816321
1345180167057059841
1345180273223327744
1345180456698961923
1345180486872739840
1345180503708741634
1345180508850819072
1345180508943077380
1345180523975491586
1345180529063325697
1345180573116092417
1345180598869118976
1345180613045874688
1345180635623804928
1345180753915731979
1345180769216585729
1345180874200010754
1345180930206560256
1345180975291129856
1345181161639784452
1345181378451824640
1345181411158929408
1345181552226037765
1345181557200482306
1345181651270299648
1345181689232945152
1345181738255921157
1345181741556920333
1345181767142166530
1345181860628987909
1345181926135627776
1345182018972299264
1345182103332417539
1345182262120345610
1345182270517170176
1345182283725156355
1345182310329626629
1345182338678980608
1345182408652554242
1345182542060802049
1345182556766011395
1345182578194739201
1345182617801469955
1345182640576622592
1345182662215000064
1345182804188000257
1345182818327015424
1345182826388402178
1345183025278185472
1345183215313707009
1345183286243557377
1345183313888161793
1345183523246911488
1345183845348421632
1345183897634676741
1345184027943157761
1345184044535963651
1345184051569811456
1345184067101335562
1345184118749933573
1345184175612170241
1345184207400787970
1345184226992398336
1345184280138440705
1345184438771208193
1345184513295609856
1345184546220863489
1345184583218819073
1345184610502762498
1345184672037433348
1345184679809396736
1345184786990702594
1345184789922525184
1345184826316484611
1345184853189386240
1345184878749507586
1345185002544312321
1345185012673613824
1345185019258671105
1345185150448107525
1345185329305837569
1345185361828450304
1345185641227841538
1345185657367515138
1345185668033605638
1345185723100647430
1345186104295759873
1345186125208547331
1345186374341767171
1345186447125577731
1345186448983662595
1345186572774363138
1345186595561943040
1345186649815318530
1345186701497556993
1345186725807722496
1345186774092570626
1345186800285831168
1345186834213695488
1345186882498523136
1345187021183213569
1345187085637087234
1345187101868961798
1345187183255298048
1345187201034948608
1345187226167242753
1345187244924137472
1345187296841240577
1345187310846025733
1345187392567865344
1345187416802533376
1345187661728903168
1345187674756423681
1345187904541384704
1345187932899049473
1345187946891243520
1345187963106435073
1345188003019431937
1345188059562864646
1345188060682661895
1345188060867289088
1345188061383188481
1345188128374591488
1345188150755414017
1345188291755331584
1345188295328886784
1345188315004342274
1345188675798368256
1345188762805039104
1345188771277516800
1345188821760147463
1345188862709129217
1345189015931248641
1345189046205743104
1345189055236104192
1345189146072121344
1345189172173266945
1345189214695149569
1345189228905435137
1345189316616622080
1345189362653401091
1345189415803629569
1345189467607478277
1345189477355032576
1345189493540794372
1345189565536088064
1345189568513978373
1345189605734293505
1345189621911707649
1345189636189130753
1345189698143182848
1345189736185532417
1345189791357394952
1345190033565880328
1345190142043107329
1345190314403889154
1345190332347150339
1345190589856407561
1345190607266992128
1345190705669545986
1345190732466958336
1345190746631135238
1345190883231203338
1345190949970989056
1345190957474607109
1345191130523181056
1345191375436967950
1345191382365974529
1345191433645551620
1345191486003032064
1345191659861061644
1345191772297707520
1345191833589010435
1345191921547931650
1345192031681990659
1345192041580523522
1345192111864504324
1345192250905661440
1345192352911130628
1345192362780336136
1345192514198843392
1345192628804067329
1345192631672963074
1345192651503640577
1345192682826719235
1345192701952745474
1345192935508369408
1345193083663745024
1345193133215260673
1345193140827906048
1345193178521956352
1345193257744150528
1345193285715959811
1345193532181639169
1345193762419576832
1345193830098862080
1345193856594288640
1345194003814371328
1345194047711956999
1345194085217349632
1345194161000083456
1345194242285711362
1345194300330618880
1345194470229348355
1345194493188988929
1345194503167225857
1345194688400252930
1345194706104365057
1345194755546898437
1345194897305968640
1345194956525330432
1345195027027419136
1345195080454385664
1345195174926827521
1345195261711290370
1345195468708581377
1345195608315842560
1345195608760606721
1345195622073307136
1345195622123626499
1345195769989636096
1345195785953161217
1345195788104847360
1345195812595359744
1345195869281210368
1345195921458475011
1345195928953753600
1345196128405487617
1345196132662706178
1345196178116407296
1345196185821315073
1345196397071659008
1345196443393536000
1345196494652116992
1345196599614517249
1345196679398567939
1345196690991689730
1345196871220924421
1345197021314117638
1345197041476108290
1345197155531808768
1345197160028057601
1345197226025496576
1345197282413608961
1345197330522365952
1345197371374899207
1345197414219706375
1345197458964545537
1345197675386458117
1345197696689299462
1345197706105528320
1345197846266597380
1345197889946062848
1345197902742908930
1345198124910989312
1345198133261856770
1345198135929352192
1345198171593580545
1345198215948349440
1345198385561821185
1345198493841960961
1345198524649107459
1345198581553238016
1345198585743355910
1345198602197606402
1345198669117747202
1345198829600182272
1345198849497968640
1345198889268367362
1345198923921686529
1345199042008068096
1345199084215414787
1345199180223041537
1345199317133500417
1345199418035871744
1345199423039664135
1345199459404230657
1345199558859567106
1345199686467129344
1345199815295197184
1345199835952144384
1345199977182752768
1345200260289880065
1345200541098508289
1345200653124182016
1345200809080971264
1345201028145307648
1345201036714270721
1345201079311593472
1345201110357827586
1345201111393841153
1345201117836279808
1345201207732805634
1345201295049809920
1345201332127477760
1345201365073723392
1345201380768804869
1345201392059879424
1345201534095806466
1345201535161044993
1345201542790451200
1345201545537748997
1345201575854288896
1345201766938398722
1345201933791932416
1345201993019752448
1345201998833061892
1345202011755708416
1345202054353059841
1345202056928387075
1345202300206383104
1345202500719284224
1345202513046167552
1345202683288952832
1345202749135343618
1345202776910000128
1345202788330995712
1345202857176346624
1345202915431108609
1345202917129805826
1345202947068719104
1345202992291704834
1345203054015082497
1345203062424690688
1345203158612549633
1345203159153704960
1345203159472373761
1345203161322164225
1345203162165211137
1345203162932682754
1345203180804702211
1345203239696936962
1345203247351525382
1345203290796134401
1345203302225612802
1345203419322195970
1345203455015735302
1345203571717931008
1345203659597094912
1345203741264388096
1345203760411373568
1345203814081716224
1345203863998111749
1345203924920381443
1345203972999700480
1345204034358157313
1345204037386432512
1345204306325209090
1345204387174559750
1345204389636689920
1345204393545764865
1345204468581883906
1345204599662268417
1345204603101585409
1345204797612371969
1345205005066887169
1345205123585368064
1345205248290385920
1345205370466295808
1345205453756784642
1345205490574389250
1345205581955682310
1345205585202044929
1345205631389749248
1345205636678766592
1345205674624438274
1345205775803801600
1345205785501061123
1345205911380492288
1345205915201449985
1345205939444588550
1345205951155085314
1345206085620297728
1345206260992364544
1345206276654059522
1345206381113208838
1345206429657939968
1345206442341531648
1345206773389684737
1345206864666120198
1345206874271002624
1345207069071339520
1345207095298306048
1345207147584360449
1345207363943321601
1345207430993629185
1345207471858716673
1345207519396962304
1345207525969457152
1345207663693598722
1345207707641503745
1345207716298559488
1345207724829761539
1345207902626312194
1345207902672461824
1345207990002077698
1345208066543935489
1345208093437800451
1345208118372937728
1345208191286538242
1345208264175349760
1345208399986884609
1345208459256623105
1345208474544656384
1345208505754595329
1345208620590501888
1345208875302187009
1345208946273914880
1345209058178052097
1345209174058278913
1345209175702437890
1345209190327980032
1345209193993805824
1345209284267827201
1345209307361636352
1345209326026293248
1345209387556745216
1345209391386132481
1345209406154272768
1345209458209779712
1345209477079957509
1345209855112462336
1345209983391191042
1345210017088200705
1345210067914776576
1345210102610087937
1345210381623549952
1345210467447353345
1345210672410484739
1345210707755859973
1345210707772665859
1345210707801899012
1345210708141645825
1345210708871417856
1345210783873990656
1345210886730952706
1345210891353141249
1345210933258366977
1345211071347322881
1345211515264245767
1345211599045464065
1345211750589853702
1345211818101395456
1345211896136409089
1345211900376862724
1345211920698273792
1345212017490219008
1345212140001624065
1345212528037650432
1345212535616765953
1345212547218223104
1345212642407940096
1345212718165463040
1345212751665385473
1345212761236766723
1345212802533908487
1345212825212514305
1345212995970998272
1345213224443121665
1345213329120370689
1345213342772817921
1345213370211962880
1345213545974214657
1345213662361956353
1345213762039656448
1345213773771141125
1345213807992467464
1345213879303995392
1345213968487510016
1345214010145300483
1345214039287328774
1345214089828691968
1345214118278680578
1345214123030810627
1345214157604401155
1345214315725541382
1345214506809647105
1345214545720184832
1345214573842935810
1345214574769876993
1345214732526092291
1345214988470931457
1345215020423122946
1345215090304409607
1345215108411219968
1345215263227129856
1345215294265036803
1345215494144585728
1345215498347294720
1345215544224575489
1345216433442193413
1345217025568894976
1345217052219478016
1345217053943357445
1345217132062240769
1345217159148892161
1345217185157963781
1345217591367921667
1345217678563278848
1345217691263660032
1345218024199118849
1345218029823680512
1345218030071144449
1345218162434965507
1345218258186641408
1345218258325139458
1345218259130355712
1345218259751079936
1345218259847532546
1345218259948240897
1345218272829050882
1345218275366612998
1345218283054780417
1345218290231087105
1345218617978327048
1345218630926151686
1345218814410158081
1345218910015131651
1345218912284241921
1345218971340038144
1345219010112204801
1345219018551136257
1345219049152720897
1345219088453410817
1345219307865862144
1345219605858557952
1345219705842376704
1345219850772361216
1345219857030279169
1345219990039965697
1345220298728222721
1345220371272896515
1345221287149531136
1345221921793835008
1345222032611364865
1345222524964057088
1345223202725900293
1345223290621714432
1345223290718101504
1345223296766390273
1345223301145231363
1345223996963508224
1345224044308738049
1345224368398413824
1345224564603813888
1345224736830324744
1345224969060540416
1345225077634293764
1345225211084464128
1345225224128749574
1345225335327969281
1345225488000831488
1345225587674251265
1345225807287832578
1345226067456499712
1345226552238362627
1345226661873250305
1345226682073026562
1345227065637920768
1345227618921160705
1345227633748013056
1345227912878972928
1345227955899944962
1345228315037151242
1345228511984963586
1345228575603974145
1345228782634983424
1345228828701028352
1345228876377710594
1345229192133271552
1345229314598576128
1345229591699464192
1345229810713419776
1345229842351058947
1345229947355410432
1345230207750459392
1345230393067393024
1345230518581911552
1345230798392274944
1345230920668819456
1345231048704196609
1345231220460957697
1345231456809975809
1345231595414958083
1345232012051963904
1345233294200344577
1345233357806813187
1345233357999906817
1345233391059410944
1345233489302577152
1345233668575518720
1345233730424745984
1345233831503261697
1345233867586871296
1345234121795186689
1345235196279468033
1345236603829104641
1345236617762664449
1345236636867575809
1345237102720671745
1345237131988402177
1345237820735184896
1345237950414675968
1345237962452332548
1345237993733423104
1345238004357607424
1345238080001814528
1345238374534275072
1345238458336497665
1345238513139200004
1345239546850652160
1345239729420333058
1345239884232069121
1345240053497425920
1345240233357533184
1345240266274467841
1345240333907611649
1345240460240039936
1345240680470347776
1345240907025698817
1345241007315705857
1345241058683342850
1345241158625107974
1345241289147764741
1345241876803284995
1345242165195096066
1345242165245407232
1345242182689710091
1345242202390335489
1345242234560663558
1345242562085478400
1345242609866960897
1345242691714613248
1345242701378318337
1345243035236491264
1345243245694099456
1345243337893281794
1345243429979111424
1345243711828058114
1345243822716985346
1345244139345092608
1345244242738900993
1345244522398277633
1345244695346208768
1345245130748522496
1345245229432107011
1345245539387002881
1345245646161403905
1345245998415810561
1345246199352336385
1345246270248558592
1345246285880848385
1345246337714028544
1345246443246821376
1345246501719650310
1345246561010388992
1345246688815042563
1345246807509655552
1345246822407802880
1345246900631560192
1345246937579196417
1345246982550544384
1345247198196412416
1345247246930108416
1345247918249406469
1345248030400901122
1345248177889419264
1345248453497032705
1345248457213227009
1345248458408685568
1345248460447100930
1345248622581989376
1345249011045982208
1345249222594076674
1345249258748981248
1345249699352236032
1345249878197362688
1345249966479056896
1345250218179260417
1345250567795388418
1345250622313025536
1345251005479481345
1345251013331210240
1345251401354665984
1345251440000987136
1345251777462079488
1345251919137284096
1345252216677036034
1345252477659193347
1345252537864216576
1345252545296535552
1345252556512112642
1345252561834668033
1345252854278348800
1345252916639244288
1345254253716254720
1345254541546172416
1345254768609009664
1345254923177517056
1345255102689513473
1345255229881724928
1345255429291573248
1345255794300825600
1345255804769886208
1345255896503484420
1345256006217916417
1345256006230556673
1345256006352207872
1345256007065247744
1345256018423513088
1345256025994240000
1345256096441790467
1345256255640776704
1345256331700269056
1345256724048060416
1345256877962231808
1345256978789109760
1345257007314558976
1345257200273543168
1345257220729163781
1345257264731410433
1345257435611750400
1345257567858139138
1345257824784445442
1345257843780419585
1345257883261423616
1345258031555239936
1345258050052042752
1345258178284576769
1345258211163713536
1345258291815972865
1345258447000973312
1345258522850828288
1345258595248730112
1345258672780414977
1345258764413382657
1345258908382867457
1345259087953616897
1345259329365094400
1345259348306620416
1345259446579159042
1345259529483653120
1345259546789474309
1345259584651468801
1345259662036361216
1345259793766883331
1345259976445587456
1345260074701377536
1345260151742279680
1345260362690658304
1345260425567461377
1345260525584838657
1345260536280330243
1345260571780931584
1345260712063610880
1345260798441091072
1345260838844850176
1345260951071825920
1345261013629857792
1345261039445749761
1345261039458217985
1345261050430713856
1345261292869853186
1345261295449370627
1345261297890439169
1345261544989470720
1345261547011141634
1345261791203516418
1345261892483354624
1345261906441990144
1345261963153125376
1345261978835677184
1345262013627461632
1345262119965634561
1345262232985329664
1345262303495802880
1345262312031100928
1345262367647653889
1345262386995994624
1345262464435433474
1345262573860642816
1345262627757371393
1345262660410081280
1345262683881410565
1345262715745529857
1345262807701450757
1345263059565223936
1345263122429464577
1345263201391439872
1345263226024566786
1345263230122385408
1345263271419535363
1345263477695393792
1345263553935241217
1345263555923374082
1345263556602646529
1345263556741144577
1345263557357699077
1345263557647200258
1345263557831766017
1345263557852733446
1345263741403860993
1345263812853825536
1345263826002972672
1345263845611364353
1345263861381869568
1345264198654242816
1345264199145050112
1345264207583969280
1345264256057487361
1345264322587594753
1345264446952910849
1345264530142744577
1345264562933792768
1345264608634875904
1345264618764185601
1345264690386104321
1345264846737203200
1345264995529940993
1345265095186771968
1345265152044756992
1345265193996181504
1345265203894775808
1345265214669910017
1345265607474868224
1345265608749936641
1345265641775898624
1345265855651786754
1345266053409087488
1345266072669155328
1345266072706981888
1345266072732147712
1345266101719019521
1345266164805603330
1345266250470055936
1345266259957592067
1345266270439157761
1345266308854784000
1345266356359491584
1345266501486604289
1345266575922896896
1345266757364293633
1345267119152357383
1345267130439249921
1345267227105390592
1345267235926011906
1345267330868269057
1345267582522318848
1345267598334849024
1345267606958333953
1345267733093609472
1345267937184247808
1345268183041789952
1345268209113509888
1345268306387865603
1345268440609783809
1345268589272551424
1345268593605419009
1345268796903350273
1345268820454346752
1345268825449750529
1345268915698589696
1345269092513701888
1345269355622363142
1345269482554593280
1345269562737094657
1345269569196318725
1345269587663720448
1345269702579412992
1345269808150048768
1345269808812711937
1345269831336124417
1345269954833223680
1345269998617583616
1345270004065951744
1345270045828657152
1345270067781623809
1345270412855242752
1345270520435142658
1345270782583336960
1345270814799777793
1345270855920738304
1345271105968193536
1345271106194690049
1345271131301965824
1345271134460252160
1345271137106849792
1345271532147372032
1345271584932691969
1345271694278197248
1345271726687576064
1345271786213167106
1345271865300934656
1345271912784678913
1345271936943759360
1345272000911200257
1345272005344583680
1345272163864031232
1345272283993157632
1345272386334154753
1345272398166200322
1345272401320321027
1345272414700232704
1345272496094756865
1345272523433406464
1345272630375575552
1345273135805902848
1345273317213806592
1345273389120937984
1345273457253212160
1345273527193251840
1345273587788378112
1345274348869984256
1345274399994376192
1345274708057579521
1345274723681316865
1345275162908880896
1345275191606341632
1345275278487121920
1345275895733493761
1345275958442377218
1345275997176750081
1345276139045085185
1345276261283852289
1345276302278979584
1345276442897211395
1345276511016919041
1345276784389074945
1345277104431259648
1345277427354841089
1345277524302061568
1345278375426985984
1345278456041529344
1345278655765901313
1345278657263095808
1345278659389575168
1345278680159969281
1345279191575617536
1345279226140880896
1345279286937325569
1345279517082984448
1345279799418380288
1345280311463190529
1345280990768488448
1345281180330033152
1345281242196041728
1345281280792002561
1345281467832807425
1345281643796443137
1345281761471836161
1345281883135991808
1345282272686178304
1345282297965277184
1345282430463184899
1345283131398627328
1345283141204901888
1345283446126608385
1345283456046166016
1345283561369300993
1345283659356635136
1345284163780403202
1345284316654395392
1345284551254413312
1345285386977882112
1345285500345724929
1345285786216890368
1345286013015515137
1345286036813963266
1345286204321918976
1345287080922984448
1345287122178220039
1345287927463612416
1345287988641755136
1345288097639051264
1345289196307681281
1345289442513268736
1345289879723401218
1345290459325861888
1345290470998601731
1345290501193420806
1345290859940601857
1345291018170720256
1345291165969637376
1345291238518489088
1345291534984425473
1345291689364226048
1345291852375855104
1345292039529914370
1345292231645786115
1345292712640184321
1345293272864985090
1345293519108366337
1345293665284009984
1345293755063136257
1345293786428137472
1345294196769509376
1345294898388475904
1345295014855909376
1345295032413261825
1345295066903044098
1345295159509049347
1345295189682872322
1345295551114473472
1345295747667927040
1345295870535888896
1345296218000338946
1345296248497188864
1345296271700062208
1345296337433190400
1345296742502330369
1345296875709214722
1345296999185326080
1345297037915541504
1345297066550030340
1345297082022830080
1345297188713361409
1345297288885895169
1345297337770516482
1345297468435689472
1345297630193201152
1345297637856194560
1345297976277794816
1345298321280294912
1345298349688291328
1345298440700440576
1345298545709084676
1345298563589414912
1345298700948680704
1345299122782351360
1345299798686134273
1345299892097474560
1345300046225539073
1345300062725935104
1345300211887988736
1345300229457911809
1345301304772476930
1345301483768713218
1345301593269395457
1345301638182023171
1345302483174895621
1345302642227113986
1345302870002958343
1345303242989834245
1345303259284705281
1345303390377697281
1345303401219960832
1345303778988331009
1345303789813772291
1345303905392074753
1345304101815463936
1345304760820363264
1345304976415989760
1345305534078062597
1345305592194162693
1345305729352216576
1345306750979866624
1345306843137118209
1345307266501763073
1345307281110544385
1345307374979084288
1345307622279417856
1345307633285287939
1345308326230454272
1345308526709792771
1345308842037567489
1345309026557579264
1345309105255231493
1345309180589125632
1345309228731412480
1345309262281629697
1345309468226187271
1345309486387490817
1345309963871248386
1345310162303770625
1345310277902938113
1345310652953485312
1345310667574824961
1345311083205111808
1345311271277764608
1345311287232901121
1345311294170263556
1345311647624286208
1345312092702859264
1345312265826934784
1345312451190001664
1345312478499057665
1345312493539880961
1345312658371846144
1345313028003270657
1345313045338353664
1345313239039692800
1345313339937841153
1345313375396519937
1345313423832322048
1345313499426271232
1345313582062383104
1345313601964421126
1345313637137833985
1345313910975565824
1345314057679736833
1345314083873189890
1345314183894749184
1345314187887697922
1345314236206112769
1345314568319463429
1345314786410639360
1345314822880178197
1345314976312029186
1345315314939138049
1345315621249028097
1345315731915870208
1345316191183765504
1345316220678131712
1345316326269718530
1345316345244774402
1345316424261238785
1345316695578177536
1345316716549705728
1345316843377074177
1345316890005172227
1345317383502766080
1345317730090708992
1345317816539471872
1345318208245534721
1345318337807601667
1345318379398328321
1345318444724592640
1345318678041153537
1345318742117535745
1345318749159751680
1345318781204238337
1345318799466246146
1345318918236364800
1345319283795099648
1345319303348953088
1345319347988946946
1345319577643847684
1345319743968989184
1345319806795476992
1345319876785819649
1345320048806793216
1345320308765503489
1345320318164815873
1345320788585545728
1345320993003364354
1345321055028711426
1345321100297777157
1345322127084417031
1345322224362905600
1345322364725305345
1345322453598400513
1345322500960514048
1345322562683887616
1345322584368435202
1345322761741340672
1345322857346297856
1345322904469319680
1345322982877650945
1345322994000920576
1345323253250879489
1345323402291261441
1345323697578639360
1345323778843283456
1345323874481790978
1345323958967685122
1345323988927524864
1345324215508078593
1345324346949120000
1345324466667220992
1345324514805215237
1345324849498120192
1345324978410057728
1345325412717637635
1345325528543322112
1345325555877617664
1345325592540024832
1345325602992230401
1345325857410314240
1345326447997693952
1345327137260249088
1345327363056406529
1345327492257689600
1345327585954324480
1345328011927838721
1345328045293449216
1345328406917857280
1345328448504553472
1345328454569517057
1345328557531258882
1345329347402616833
1345329392185176066
1345329908097179648
1345330356103352320
1345331005473910784
1345331479015002112
1345331500431134727
1345331530281922561
1345332208748400640
1345332338234974211
1345332428018245633
1345333927058305024
1345334184672374784
1345335161488080898
1345335367424212992
1345335387972120577
1345335681523048448
1345336069630398465
1345336366763302912
1345336508358799360
1345336630568247296
1345338031868436485
1345338117306413061
1345338284906569728
1345338424002293760
1345338428473409536
1345338915977375745
1345339053567164416
1345339126447566850
1345339600986910726
1345340360101392386
1345341588193554432
1345341957422387201
1345342663273406465
1345343352200429569
1345343589119905793
1345343663912726528
1345343668773908480
1345344098752933888
1345344160090480640
1345346062744223745
1345346772806361088
1345347811919998977
1345347861756579842
1345347984641372165
1345348098248339456
1345348428474277888
1345348557109403649
1345348610783899649
1345349400344879104
1345349736983908353
1345349802029146113
1345349866696880128
1345350084280639488
1345350913666543617
1345350933706895360
1345351158932664321
1345351192394817536
1345351199692709889
1345351245154947077
1345351438759845888
1345351774832627715
1345351846135816192
1345351962661969920
1345351967707705346
1345352466746007553
1345352497477672960
1345352537323548674
1345353035808182282
1345354157033725952
1345354158342348800
1345355185762271232
1345355300669370368
1345355608464228355
1345355702513111040
1345356085851521025
1345357303290224645
1345357454587146240
1345357927872282629
1345358301370966016
1345358432111652865
1345358768230510593
1345359940773408768
1345360134302793728
1345360192645582856
1345360226237767680
1345360261583142912
1345360300934103041
1345360334945660931
1345360374644793346
1345360409600143360
1345360436829499392
1345360675787464704
1345360721580847104
1345360763469365248
1345360934039130113
1345361063928352768
1345361227086782465
1345361292731822080
1345361403306242048
1345361458897555456
1345361535355523073
1345361691559796737
1345361732898856962
1345361766482587648
1345361818353590274
1345362595130310657
1345363600949567488
1345364472483950593
1345364585843462147
1345364596236943360
1345365723820994561
1345365849729884160
1345366260981370880
1345367181157150723
1345367739494445057
1345368106265432065
1345368413418434560
1345368611876122625
1345369356562214912
1345369833672736768
1345370010357784578
1345370329573679104
1345370365565009920
1345370821318082563
1345370831321493507
1345371144342351872
1345371253864062976
1345371265910116353
1345371335489425409
1345371430251343873
1345371783558553600
1345372043173355520
1345372960220205057
1345373757838393347
1345374147241762819
1345374198315806721
1345374973372887045
1345375412449386497
1345375742293651456
1345375863072763907
1345376135694196740
1345376550829522945
1345376685806522406
1345377266512125954
1345377561631723520
1345377841941196800
1345378198159286272
1345378590192525313
1345379215131217921
1345379311071744003
1345379570610884609
1345379612210192386
1345380028029267969
1345380156748263429
1345380311606177792
1345380552145297410
1345380561515393025
1345381105210445826
1345381447796989952
1345381896067440640
1345382358132908034
1345382582716870659
1345383602092126213
1345383662959931392
1345384356106256385
1345385192832303110
1345385548312154112
1345385585121308674
1345385637197836294
1345385667971452928
1345385700263305216
1345385726905561092
1345385804806418433
1345385858795511808
1345386162190430209
1345386521713643521
1345386653448351746
1345386868599369728
1345387032718270468
1345387296183496705
1345387445853028354
1345387571459850240
1345387622361944064
1345388001086550017
1345388127024775169
1345388470676688896
1345388586875686913
1345388822331330562
1345388945538953217
1345389240629256193
1345389306605690880
1345389342831861761
1345389385420828673
1345389445210537984
1345389450151555072
1345389718402445312
1345389858383155200
1345390487356764162
1345390727644274688
1345391202061975553
1345391774492196864
1345391830830092290
1345391884173250565
1345391886576594974
1345391902795902980
1345391903135723520
1345391954910130176
1345392135152009223
1345392437401935872
1345392502510137344
1345392719531827201
1345393240682459136
1345393603749797888
1345393719843958789
1345394100225400832
1345394406510260224
1345394418375802880
1345394598278000640
1345395416372813824
1345395731977416705
1345395758195945473
1345396137654673410
1345396558532063232
1345396687926296578
1345397732027019265
1345397828672237571
1345398546120536064
1345398784466034700
1345399415020924932
1345399455789568002
1345399892546646017
1345400021500518403
1345400045345136641
1345400076139696128
1345400813481570305
1345401069778694146
1345401338289598464
1345401928184958979
1345401953518563328
1345402086301822977
1345402157135224835
1345402167075753984
1345402219756216320
1345402325079371777
1345402389629644800
1345402682488606723
1345403004720205825
1345403321046196233
1345403464449470464
1345404171227258880
1345404285547409408
1345404667463872512
1345404701655920640
1345404850641760256
1345404856987750400
1345404997769551873
1345405026324406275
1345405302297014280
1345405349604577280
1345405827629412354
1345405963755544578
1345406193284558850
1345406262352220161
1345406283550224385
1345406636136026118
1345407066656174082
1345407260550459392
1345407272172847105
1345407764705796101
1345407825648955393
1345407863829782530
1345408138103685123
1345408289119596544
1345408869506445317
1345409230023614465
1345409517811499008
1345409777279639553
1345409903108755456
1345410090644492291
1345410164275499008
1345410473743802369
1345410584259518466
1345410648784723968
1345410767940694025
1345410891739783176
1345411754864619523
1345411965678706690
1345412229961830401
1345412749564792832
1345412794502569984
1345413083410395137
1345413866549866497
1345413997206646786
1345414067859714050
1345414254288130053
1345414428192354311
1345414552788365314
1345414557502758913
1345414605120679938
1345414620987715586
1345414749236948994
1345414783156285442
1345414804815683585
1345414828865814529
1345414862709600256
1345414888932347904
1345414916891668482
1345414940757282816
1345414996931596291
1345415036412559360
1345415104075100160
1345415131749093376
1345415144189423621
1345415216855711747
1345415223042310145
1345415288951549952
1345415298367836160
1345415364365197312
1345415380894932993
1345415407017091083
1345415463833112579
1345415483382788096
1345415530409320450
1345415538227482624
1345415584943489029
1345415793820000258
1345415800899956738
1345415809674452993
1345415809695424512
1345415822152445960
1345416280963248130
1345416321719296000
1345416465185443840
1345416601479344130
1345416761852755969
1345416982808682498
1345417070415110145
1345417103445262337
1345417143320522752
1345417258827456517
1345417343023931393
1345417468928520193
1345417608854695936
1345417773954940928
1345417799452274688
1345417978108665858
1345417984798556161
1345418171587710978
1345418386998702081
1345418402974879744
1345418466052988930
1345418567454490625
1345418930073047040
1345419000650616833
1345419002412204032
1345419036847439875
1345419045374468103
1345419048285253633
1345419165524492288
1345419256234561536
1345419312853626882
1345419332658946049
1345419596740894724
1345419720204419073
1345419883048263680
1345419909623406592
1345420092935434240
1345420164578291712
1345420206399754244
1345420480136826881
1345420838598815744
1345420948774801409
1345420984682213377
1345420990873038849
1345421076147400711
1345421249384738816
1345421471749976067
1345421961955053574
1345422256453906433
1345422698969784323
1345422937910816769
1345423079623823361
1345423309966602240
1345423380011487233
1345423383199174658
1345423507140866048
1345423618872930307
1345423654998433794
1345423892937142273
1345423947433709568
1345423988311384069
1345424234181521410
1345424393908981762
1345424484023611393
1345424511194329090
1345424556358586369
1345424570052988931
1345424729797251073
1345425066553733123
1345425071976931329
1345425253791629313
1345425326491496453
1345425342274670599
1345425714988929024
1345425748065202176
1345425894475771904
1345425972481425414
1345426095097700352
1345426265621344257
1345426301704921094
1345426306566074368
1345426685374713857
1345427007061041153
1345427192927412224
1345427312133746689
1345427479259992071
1345427617923670016
1345427902687547393
1345428229201534977
1345428536719511554
1345428556835393537
1345428862386253825
1345429106788347907
1345429653977108480
1345429655000592387
1345429655298342914
1345429780674584577
1345429864220864518
1345429886383616001
1345430277317914626
1345430449502478336
1345430509380272128
1345430815052881920
1345431065020784642
1345431758754488321
1345431984290615296
1345432058370416640
1345432181485789185
1345432193754132482
1345432306941632513
1345432322766745600
1345432584940118016
1345432766628958212
1345432771431452672
1345432958665154565
1345433013576990722
1345433070741159943
1345433121051836416
1345433275066679300
1345433425872781313
1345433525428826112
1345433645436325890
1345433717158924288
1345433762822287361
1345434350360424448
1345434491620360197
1345434507684544514
1345434594422755328
1345434606460403713
1345435089962999817
1345435279751053313
1345435317973770240
1345435526879440896
1345435530893418496
1345435797588209664
1345435834850410496
1345436276376395777
1345437566498205697
1345437571371978754
1345437721372872707
1345437835449552900
1345438077993553922
1345438107328512001
1345438387759673345
1345438710276345858
1345438811300491270
1345438928690622465
1345439038606614529
1345439384900919296
1345439465129480192
1345439569483730944
1345439706952171521
1345439846001684482
1345440605510492160
1345440751249989632
1345440890064687107
1345440975154339840
1345441115172970498
1345442006621954051
1345442111999631363
1345442233638596612
1345442477935910914
1345442545497735171
1345442589173014528
1345442608034811904
1345442845860225024
1345442871990775810
1345443304243134470
1345443360635551744
1345443419884294147
1345443671806799874
1345444026233876482
1345444030163857408
1345444069561020417
1345444227673698310
1345444261630771205
1345444279179730947
1345444349182664704
1345444753094168579
1345444754016886786
1345444909302632448
1345444955230253057
1345445480164110336
1345445859765448704
1345446054716715009
1345446079966408704
1345446511690317830
1345446517440733184
1345446939970707458
1345446990600155136
1345447518272819200
1345447780257570816
1345447815502151681
1345447887451385858
1345448021727850497
1345448156398579712
1345448207548112898
1345448217689935872
1345448448884174855
1345448491976450048
1345448524968812548
1345448538814164992
1345448705323917312
1345448912279261184
1345448990066806785
1345449298125877251
1345449431148204034
1345449448911077376
1345449629266145283
1345449703564054529
1345449757309865985
1345449875136253952
1345449893507293184
1345449969134788608
1345449975623331847
1345450164702629900
1345450541372108805
1345450643130114049
1345450676529324032
1345450913553498112
1345451238486380550
1345451539603849217
1345451640820793344
1345451992873914368
1345452062675513344
1345452245270343681
1345452299976658948
1345452300349952001
1345452386144411648
1345452475474714629
1345452551546810373
1345452620526313475
1345452717116948480
1345452746409988097
1345452860536971264
1345453168277262336
1345453374775435266
1345453394241204225
1345453552471257088
1345453786777706496
1345454056538562565
1345454178307629059
1345454488564473857
1345454614397788161
1345455070440288256
1345455360501571585
1345455380055416832
1345455425349672966
1345455496950476800
1345455629851361280
1345455630857990145
1345455751607824385
1345455868838612993
1345455894734127105
1345456056181387264
1345456074887991300
1345456088951488514
1345456114515791872
1345456377985183746
1345456441277165576
1345456494985277441
1345456694172786688
1345456803522490368
1345457081365753856
1345457150412394498
1345457333128802304
1345457394453798912
1345457433947287553
1345457834767626245
1345458010039193603
1345458200817115136
1345458205460221957
1345458355322712064
1345458500697272321
1345458578409328645
1345458792616624129
1345458864146305027
1345458942651019269
1345459355680985091
1345459481732407296
1345459742072836098
1345459851388862464
1345460097107939328
1345460138602278913
1345460199121944577
1345460446531354627
1345460470757675008
1345460716799729669
1345460878603382785
1345461360176594945
1345461430666088454
1345461486035099649
1345461814902059008
1345461862880718849
1345461978127601667
1345462065641775104
1345462134428364803
1345462376309645316
1345462559370059778
1345462699413671936
1345462871766036481
1345463006440943618
1345463136107814913
1345463243997929473
1345463338810167298
1345463421232422916
1345463445400002562
1345463886355554309
1345464306499022849
1345464524011429890
1345464594114998274
1345464657843204096
1345464740366184450
1345464825397305352
1345464858364571654
1345465094243758080
1345465103383146497
1345465302847541248
1345465390172925955
1345465393050247172
1345465467872403456
1345465476273594370
1345465728061878272
1345465778112507905
1345465887885811714
1345466210713006082
1345466264093925376
1345466754550652930
1345466765124448256
1345467418144079873
1345467440520716288
1345467542521970690
1345468001097814018
1345468141875441664
1345468353754890240
1345468740914339840
1345468749688795136
1345469269539237889
1345469330667008001
1345470161814495232
1345470166495322114
1345470285093466116
1345470344195407874
1345470496700293123
1345470607669010434
1345470863819354112
1345471189456711685
1345471289193074700
1345471419463954432
1345471425868689408
1345471472463204355
1345471474245767168
1345471475948670977
1345471480780435463
1345471595989577733
1345471657457160195
1345471695902154754
1345471971396644866
1345472155593691137
1345472501955100672
1345472752594124805
1345472945972531200
1345473073567334400
1345473382792486915
1345473712997474304
1345473868992040961
1345474321561612289
1345474490692755456
1345474633483636742
1345474685199380480
1345474947418906627
1345474948933017600
1345474949218062336
1345475017912377344
1345475021867769858
1345475098711621638
1345475173722550272
1345475269830828032
1345475396712751106
1345475479059517440
1345475502761504774
1345475560672284683
1345475655736156161
1345476524586250242
1345476581452636162
1345476615644590080
1345476728764903424
1345477116931022848
1345477160518225921
1345477182643122181
1345477532217442313
1345477538483740673
1345477567063748608
1345478288039419904
1345479096541839363
1345479130087890951
1345479286199885824
1345479355812737031
1345479417544507393
1345479573593591809
1345479901353275398
1345480184775012353
1345480279578841090
1345481025984540675
1345481214011039746
1345481240573427714
1345481252451856386
1345481566965923843
1345481628529922048
1345482086354976769
1345482177795022848
1345482209080336391
1345482389410164741
1345482499372232712
1345482739517157379
1345482762904625152
1345482879720189953
1345483037233045506
1345483049199415299
1345483162667929601
1345483448115408898
1345483982163599360
1345484357700628480
1345484935851814922
1345484979875274758
1345485015446999040
1345485210859806721
1345485356578332672
1345485479320367106
1345485882523086854
1345485930367492096
1345486569189347330
1345486584372715520
1345486889671946241
1345486930759340033
1345487165778702336
1345487194446827527
1345487287354843136
1345487327385284610
1345487479017795591
1345487895310819328
1345488098457743360
1345488219257917442
1345488441254014977
1345488593331105793
1345488688080441347
1345489039449878530
1345489077555048448
1345489240713551872
1345489373010284546
1345489413682450438
1345489566883569676
1345489621350817792
1345489853996294147
1345489874481254401
1345490048440033283
1345490175762329602
1345490183744069632
1345490263964315648
1345490275096014848
1345490325142446085
1345490330121089027
1345490342011928579
1345490353516912640
1345490681180127233
1345490734363848705
1345490861539418119
1345491280630063105
1345491363832455175
1345491383814139904
1345491576563392517
1345491779622219780
1345491926880055296
1345492005728772096
1345492026784165889
1345492288697475074
1345492316220493824
1345492565794181126
1345492600804020239
1345492637550325765
1345492736175202305
1345492854894956547
1345492954413088768
1345493183258624005
1345493341622906890
1345493374195933184
1345493463794659329
1345493553112350720
1345493722901962753
1345493884932141061
1345494008076922884
1345494417734565890
1345494535959425025
1345494562974953476
1345494574555389955
1345494606729912321
1345494704587210757
1345494778276958210
1345494858228772865
1345494908577189890
1345494923685076998
1345495098335916037
1345495103046090755
1345495124122353669
1345495238375309312
1345495954720436226
1345495959569133568
1345496238872031232
1345496363715293185
1345496397311840258
1345496427569573889
1345496470267564034
1345496576777662466
1345496612932562962
1345496937852768258
1345497159488200707
1345497343886585857
1345497392062332934
1345497407862276096
1345497449465569280
1345497469191335936
1345497571469500426
1345497623596298243
1345497678986289153
1345497786368856065
1345497797697613837
1345497864672313344
1345497936524935173
1345497983597617153
1345498019580538880
1345498030867439620
1345498092699873281
1345498194139078656
1345498217748852737
1345498226179403776
1345498323856318471
1345498342005092354
1345498421340348417
1345498457822392322
1345498510863568896
1345498559647526912
1345498573828448258
1345498825121820674
1345498856738283521
1345498938099593216
1345498947742281728
1345499016457547776
1345499126843191297
1345499387062067200
1345499418309615616
1345499444633100289
1345499527613181952
1345499626296762376
1345499758916460544
1345499902374273026
1345499924490821633
1345499925950451712
1345499953381208066
1345500114786287617
1345500116195680256
1345500132658307072
1345500142321991680
1345500428717453313
1345500501094379520
1345500741688029184
1345500875733798914
1345500995653152768
1345501247735029766
1345501272582053888
1345501369042665473
1345501373077413888
1345501373119414272
1345501716838543361
1345501774560505857
1345501849458237443
1345501890650525696
1345501896006631424
1345501922359472129
1345501967213338626
1345501989724184578
1345502093004730374
1345502265164107788
1345502287603576833
1345502293974724610
1345502369887494146
1345502451663859713
1345502504944082944
1345502534123872262
1345502605804503041
1345502784578351105
1345502814416453634
1345502844116488197
1345502954044985344
1345502955571712003
1345503041458466816
1345503147691802627
1345503233310158850
1345503377573220357
1345503597665153026
1345503639100657664
1345503663402446848
1345503689058865152
1345503744218247171
1345503791123226626
1345503852406190082
1345503860572487680
1345503938842423296
1345503979803959299
1345504035605012480
1345504381018451968
1345504535796719616
1345504637139484672
1345504645591011328
1345504692806283264
1345504966534950912
1345505150039961602
1345505163331694592
1345505176610885632
1345505183711768577
1345505241781952512
1345505249403011072
1345505263932084225
1345505283137708034
1345505608208941058
1345505926053326848
1345505931413626880
1345505961742651392
1345506044835995648
1345506214235529216
1345506242245099521
1345506445656207360
1345506485552390144
1345506553366007808
1345506692902084608
1345506771385856000
1345507101939019776
1345507155202473987
1345507334508965889
1345507366859661313
1345507510489374722
1345507521054834693
1345507619641950215
1345507659735248898
1345507664596324352
1345508007061430273
1345508067677503488
1345508167933960199
1345508259147337728
1345508387405103104
1345508519336955909
1345508635544346624
1345508722756489217
1345508908740337664
1345508933952270346
1345509227926876163
1345509272826892288
1345509468751228929
1345509470588325893
1345509559524323328
1345509741812920321
1345509797391699969
1345509966233350146
1345510181317136384
1345510187428413441
1345510202464985090
1345510240943529985
1345510306697515008
1345510331133669378
1345510346128293889
1345510360326033417
1345510380076937222
1345510386934706176
1345510399593115649
1345510442416939009
1345510485999947782
1345510530128162816
1345510609719336960
1345510617432649728
1345510623086571521
1345510678195564544
1345510714165911557
1345510742167056384
1345510754527703041
1345510811918344194
1345510825008758785
1345510855568465920
1345510900783063043
1345510900929859587
1345510911457550340
1345510936463908864
1345510939681058816
1345510972107141122
1345511042521178112
1345511050561650688
1345511058165919744
1345511158921494535
1345511183101657091
1345511220862980096
1345511241159213056
1345511243902300161
1345511250067935234
1345511297761357824
1345511324797829122
1345511333366800391
1345511339209457665
1345511365713272838
1345511368796086272
1345511371723649026
1345511374877818880
1345511420105023490
1345511451658776576
1345511466108071942
1345511473053839363
1345511565018206209
1345511569879425025
1345511630025666560
1345511669863211008
1345511671947796480
1345511733125898241
1345511735730515969
1345511740205895685
1345511742638596096
1345511780911616001
1345511809856524288
1345511828558905351
1345511860087513089
1345511889086926849
1345511894711476224
1345511913283792896
1345511923517956100
1345511934477676549
1345511956472586241
1345511958515249159
1345512015352254464
1345512034410979328
1345512047937802243
1345512051267891200
1345512058159247360
1345512131878395911
1345512211314335744
1345512220675993602
1345512238384361473
1345512242113097728
1345512257229348865
1345512309058371586
1345512322027065345
1345512322094280706
1345512351567634433
1345512358656016384
1345512390243323906
1345512399588249604
1345512421503467520
1345512494580817921
1345512511714553857
1345512541271822342
1345512564323721218
1345512564873158663
1345512580840873984
1345512580933152773
1345512655931498496
1345512683873972225
1345512697719189504
1345512698297995264
1345512698600181761
1345512721635299328
1345512728786563073
