1385745302691319808
1385745306134859778
1385745328658386948
1385745353283100677
1385745446858018826
1385745448770617350
1385745466822901763
1385745477514170370
1385745545453572096
1385745569017176071
1385745575941914625
1385745623522201600
1385745670187978753
1385745696020733961
1385745704551911426
1385745710600097793
1385745789184618498
1385745943597920259
1385746019498008582
1385746049734750212
1385746077995970561
1385746080051175424
1385746101811175425
1385746273693835267
1385746285412687873
1385746291779592200
1385746366325039105
1385746415192887300
1385746483971043329
1385746490321166338
1385746496327458818
1385746602103648256
1385746619233144835
1385746670101700608
1385746691572252674
1385746716050219008
1385746736170344450
1385746746693857282
1385746964302770184
1385747146650099725
1385747282046464003
1385747332789067776
1385747478318878721
1385747506445881344
1385747545951965191
1385747554957156354
1385747704136019977
1385747715951312900
1385748068323270657
1385748147713028096
1385748275127455744
1385748277090570247
1385748293649588224
1385748326256189440
1385748376763965447
1385748382262730754
1385748422502854661
1385748459794452481
1385748460121600000
1385748652241690629
1385748881875537927
1385748999156678661
1385749073098063875
1385749075375628294
1385749077896347648
1385749159886655491
1385749380842627078
1385749402988470282
1385749412769681410
1385749443425800192
1385749567107383299
1385749661634506752
1385749756538929153
1385749778546442242
1385749817591279618
1385749837812051968
1385749917990330373
1385750012576124929
1385750050610032641
1385750177718444032
1385750299403554817
1385750362292953091
1385750446049054720
1385750544577347586
1385750550780731392
1385750566408802308
1385750624780836866
1385750739562246144
1385750770109370369
1385750808009052161
1385750952876072960
1385750995372843009
1385751208531529729
1385751349384597504
1385751353155325954
1385751374886014978
1385751384717463560
1385751471816335368
1385751517219672065
1385751720953778178
1385751954060718083
1385751965305610241
1385751976881885188
1385751997140307971
1385752002190315522
1385752032338976773
1385752083106775041
1385752091373809673
1385752101645688832
1385752324459618304
1385752376930340870
1385752630597652480
1385752657420341250
1385752737854414852
1385752742921228291
1385752752911945728
1385752826396225537
1385752841676107776
1385752842498150403
1385752863872278530
1385753001864933376
1385753051177365507
1385753062913028099
1385753099357224968
1385753117220802561
1385753145020719109
1385753332300623878
1385753372410753032
1385753668490829826
1385753700837249025
1385753713499942915
1385753758848663557
1385753835784785923
1385753877669163012
1385753961781661696
1385754025547677699
1385754068367331328
1385754138567450630
1385754293362376704
1385754345686409221
1385754386962554881
1385754402703745029
1385754441773723654
1385754507838111745
1385754638134255617
1385754736645771264
1385754745336483842
1385754820909309953
1385754862915407876
1385754897421848581
1385754991684689926
1385755014749118468
1385755218567057409
1385755361718804481
1385755366844100613
1385755366944874501
1385755451116199939
1385755505545687041
1385755853182185473
1385755859746279424
1385755922899902470
1385755925148020740
1385756018521563136
1385756025115103236
1385756060695334916
1385756170405642245
1385756175002750976
1385756257307484170
1385756461897326592
1385756480809304064
1385756488795365378
1385756500631691265
1385756573197381633
1385756882137227268
1385756956321853443
1385757580262322179
1385757596016070663
1385757649464070144
1385757738886696962
1385757914942541825
1385758250159771650
1385758376035037184
1385758516623859717
1385758807238881280
1385758949866098691
1385758971936579584
1385758975333912587
1385759000810115079
1385759288308731912
1385759336031477761
1385759379018944513
1385759494450335751
1385759649878654976
1385759697442156547
1385759700566876162
1385759880938655752
1385760049226780675
1385760063780966403
1385760067274907649
1385760123931533316
1385760185172598787
1385760201131937794
1385760458163073035
1385760535980003330
1385760826217353221
1385760846912053250
1385761235426320387
1385761239696093184
1385761428083195907
1385761428984971266
1385761430025220103
1385761565081751556
1385761741536206857
1385761779758796803
1385761865448501249
1385762052745179139
1385762089348866049
1385762189135519744
1385762245976760321
1385762246920491012
1385762274829377542
1385762332484280321
1385762690052890624
1385762894269272066
1385763157881335810
1385763241507311617
1385763250432794625
1385763261396787208
1385763267394555905
1385763274709471233
1385763307722838019
1385763308100272141
1385763341759619076
1385763422902620160
1385763459640528899
1385763517781921793
1385763521728860162
1385763545074343939
1385763584005791747
1385763664167329797
1385763672405037062
1385763679359078400
1385763767452065792
1385763949531090944
1385763967927209994
1385763969244311557
1385764168515657729
1385764206046220288
1385764315618234370
1385764401572196360
1385764503850209288
1385764814572728326
1385764936635326465
1385764959200677891
1385764971066404870
1385765221663395846
1385765284905160705
1385765316190429193
1385765338802008066
1385765384318500867
1385765399023783937
1385765513339576322
1385765602896322566
1385765606402703365
1385765717430177796
1385765805778944003
1385765811311239169
1385765861479288833
1385765935873728514
1385765960179724289
1385766420886212608
1385766567976345600
1385766632916672513
1385766638419591169
1385766695604740096
1385766739565236226
1385766893106176000
1385767000182562816
1385767033565032449
1385767063759753217
1385767117073625089
1385767143346778112
1385767145603272716
1385767218328350722
1385767513867395072
1385767684596506629
1385767950326452227
1385768034166579200
1385768063639900160
1385768288345546754
1385768679820910597
1385768818157441026
1385768886428131328
1385768955671977985
1385768973799727105
1385769112123609088
1385769358400659463
1385769394018607108
1385769495650787331
1385769831207743493
1385769955732381705
1385769983360344065
1385770204811169793
1385770206065274881
1385770330816487427
1385770525323112451
1385770670324338689
1385770705137152001
1385770820123901954
1385771051553107968
1385771124588519438
1385771185493975041
1385771260295192578
1385771274811674627
1385771319690661898
1385771440612446208
1385771486649139201
1385771499018235907
1385771528567013376
1385771550671052800
1385771589954940928
1385771610406281218
1385771613304524800
1385771683957678083
1385771758133841926
1385771773715783680
1385771778711162880
1385771806582353923
1385771825137917952
1385771826131918853
1385771950258245635
1385771973385535496
1385772247982424064
1385772343394455552
1385772352525541381
1385772355314720770
1385772434876416000
1385772488064479244
1385772691072995341
1385772793564909570
1385772986398085120
1385773055880962053
1385773087455580165
1385773109282840577
1385773138416480265
1385773152123375622
1385773212286472194
1385773329391525894
1385773510073757698
1385773545804992518
1385773551458869249
1385773717918257153
1385773914912083969
1385774108147916800
1385774411828142087
1385774896165306368
1385775026998288390
1385775039082024961
1385775083919224834
1385775427722039301
1385775448680849415
1385775530482360320
1385775709193342976
1385775740705132547
1385775916744273925
1385775922314313733
1385776039427600384
1385776162434011136
1385776416105680896
1385776494257917952
1385776602148073472
1385776683999957000
1385776751666630657
1385776803915001858
1385776989986906116
1385776991937261570
1385777111915368449
1385777193377157122
1385777282418098176
1385777332783226881
1385777377314177024
1385777420070920193
1385777431496200193
1385777484398960647
1385777661394313217
1385778372081377280
1385778523831345152
1385778561542344704
1385778628395470848
1385778630098243588
1385778736780414976
1385779029622599680
1385779511791292419
1385779647451865093
1385779715416334343
1385779792515985410
1385779969574375426
1385780130170212352
1385780148746784773
1385780494177030145
1385780655473188867
1385780831390773251
1385780900970078209
1385780954611036162
1385781131342139395
1385781208869650440
1385781228297723909
1385781262451974147
1385781380181860353
1385781498335350784
1385781689088020484
1385781791919943682
1385781862338072578
1385781909624705024
1385782150650269698
1385782192681463811
1385782405101932554
1385782466661781507
1385782610052489223
1385782781704392707
1385782949866520576
1385782965423247361
1385783103826927624
1385783163889373188
1385783459461873664
1385783520635899905
1385783736864804865
1385783808935538692
1385784062258917378
1385784088582397956
1385784135109730309
1385784337346539521
1385784457685348352
1385784723897819139
1385785003032956929
1385785537466875904
1385785721265561600
1385785978653138947
1385786207850967040
1385786417113141251
1385786531705769985
1385786577377452032
1385786911088906240
1385786966613151745
1385786968739655687
1385786987504885762
1385787175195877379
1385788082591461377
1385788493058740224
1385788539598737408
1385788662005252100
1385788686084841472
1385788703419867139
1385788760881876995
1385789359346102272
1385789539264999427
1385789791648862212
1385789939497979907
1385790148827389956
1385790496560320521
1385790593868128257
1385790665699770369
1385790760985972738
1385791362742751239
1385791605697810432
1385791774346579970
1385791786988326913
1385792467983904774
1385792789401718789
1385792827330908162
1385792988480253952
1385793305955426307
1385793911478685696
1385794279398903809
1385794793389924354
1385795083111309314
1385795229412995073
1385795511425409026
1385795871837769728
1385795989848592385
1385796176247672832
1385796187828195330
1385796192588730372
1385796651084881923
1385796661335756801
1385796699306827778
1385796809315045379
1385796900490727427
1385797071320539142
1385797494416756744
1385797532442402820
1385798149080453126
1385799147140395012
1385799386203103232
1385799585868787713
1385799653686484992
1385799885459496961
1385800695815811076
1385801076964741120
1385801305495465989
1385801695838576644
1385802034465607683
1385802485290475521
1385804048142643202
1385804478151110663
1385805236082814977
1385805247361261568
1385805484821782528
1385805913173512193
1385805945456971784
1385806033390551041
1385806250143801347
1385806307131805697
1385806384109924356
1385806589848965120
1385806732895694849
1385807136882675715
1385807235104792579
1385807336921608193
1385807606896336898
1385808168392040450
1385808444729577472
1385808601718173697
1385809198810812416
1385810091941695490
1385810777525866499
1385810789425205248
1385811108636893185
1385811300513509380
1385811305479684096
1385812327358926848
1385812632913973249
1385813093079465985
1385813096585891840
1385813252974784514
1385813587751538689
1385814100857561089
1385814700026437632
1385815458167889922
1385815494612111361
1385817305054126080
1385817315829329920
1385817322523353093
1385817326780551169
1385817835897823234
1385817873789202433
1385817906274050051
1385818386760937472
1385818974726807555
1385819142855569408
1385819384036352002
1385819904373362691
1385820415348690945
1385821086923771905
1385821115344461824
1385822038334611457
1385823251025342464
1385824067970871302
1385826229920600067
1385826455213518850
1385826816720527362
1385827052834672640
1385828122205909000
1385828324233129990
1385828340402200576
1385828340519510018
1385828363877638147
1385828528030113794
1385828602873204737
1385828707554758657
1385829087860637697
1385830634476687361
1385830675882909699
1385831025750777856
1385831054443941889
1385831289346002945
1385831539179728896
1385831838371962886
1385832147538399236
1385832378803830786
1385832606374277122
1385835897871024128
1385835899410272262
1385835916158291972
1385836164897181696
1385836660961779716
1385841599746297856
1385844286244245506
1385844428653408257
1385844705829658624
1385844999452078081
1385845171238100993
1385845642577137664
1385845688173539329
1385845689691906049
1385845733891379202
1385845921796214785
1385846624052781056
1385846859462217728
1385847210168963073
1385847367526752257
1385848037948502016
1385848186061959168
1385848480455827456
1385848921960878080
1385849072171499522
1385849282855636993
1385849454893453312
1385849509935292417
1385849531716325378
1385849994717110281
1385850247260393472
1385850906663690242
1385850996920885257
1385850999353577474
1385852334350249985
1385852546976206852
1385852696071188481
1385855492044595200
1385855783078928387
1385855920060706818
1385856540557590528
1385857017290674177
1385858944854335489
1385858970842238976
1385859059887263744
1385859296295104516
1385859337999032320
1385859553447788544
1385859699237654530
1385860816415698944
1385861171710988291
1385861795995344899
1385861965369823232
1385862893720199168
1385862955766587399
1385863467920470017
1385863524816203777
1385863831562330112
1385863879490691073
1385865115594108930
1385865406242598913
1385865507740569603
1385866067772416000
1385866098642325504
1385866264858578946
1385866284299177984
1385867067388309504
1385867756843806721
1385868047051788288
1385868212424806400
1385868473365057537
1385868489932607490
1385868592265285633
1385868898352967680
1385869143711391747
1385869670260121600
1385870071181058050
1385871234764877834
1385871787062407172
1385871997746524160
1385872717153542147
1385872954018484225
1385873221766025216
1385873276329680897
1385873413340909569
1385873445314043905
1385873517078618115
1385873553321570305
1385873646997151751
1385873844255301634
1385873934369837056
1385874095083040776
1385874278873276416
1385874386100670464
1385874836325642240
1385875184746381313
1385875306284781587
1385876104808914949
1385876447768809472
1385876554203402241
1385876566710816768
1385876613464743942
1385877042495959045
1385877366073929728
1385877455727120390
1385877684539043843
1385877717665648642
1385878472334221313
1385879070525771777
1385879319587823617
1385879967582588930
1385880514553319424
1385880716471246852
1385881160874553357
1385881240046391299
1385881340491489287
1385881584197414919
1385881918491660288
1385882255374102531
1385882454779744257
1385882488367689728
1385882618445578244
1385882897962446849
1385883712793944068
1385883737666293765
1385883827495653377
1385883853240348672
1385884087617921025
1385884379159875587
1385884454137237505
1385884700712087553
1385884778692481026
1385884880475672577
1385885379929202689
1385885757768937473
1385886585137270790
1385887328384729088
1385887551999840256
1385887715594485760
1385888376134541313
1385888508624130055
1385888681744076801
1385888837063385095
1385888889928392706
1385889991423836161
1385890677939113985
1385890903928233984
1385891188813832192
1385891526891425794
1385892181404262403
1385892648901296132
1385893321898397701
1385893340298846213
1385893979380666376
1385894282310025217
1385894649156575233
1385895554429894656
1385896337774981122
1385896349879738369
1385896799924334592
1385897633185677314
1385897644921401345
1385897715767275520
1385897963650756612
1385897963784851458
1385898537825751040
1385898675373842435
1385898702846443522
1385898812078764033
1385899013828907008
1385899058007617537
1385899090853175297
1385899101196230658
1385899245446762496
1385899446798635008
1385899765901168641
1385899797605978116
1385899926639493123
1385900070604709888
1385900678833393664
1385900692502683650
1385900759427031042
1385901236650663938
1385901259237044225
1385901938861019137
1385901960268746752
1385902060562956291
1385902095400845314
1385902368055771137
1385902369179897856
1385902410682486784
1385902800769589250
1385903105737433090
1385903573683294208
1385903845289644033
1385903879250927617
1385904013137358848
1385904295669870597
1385904726705942531
1385904752286916609
1385905079019057160
1385905598747877376
1385905821842907137
1385906160117686272
1385906532441903108
1385906611533893634
1385907201689063424
1385907360544198656
1385907416391471106
1385908235392147459
1385908415273312257
1385908597436059648
1385908667296407553
1385909310643900419
1385909686621425666
1385910174813237248
1385910824900890626
1385910924448514055
1385910934967885824
1385911368524632068
1385911397108916226
1385911397750480899
1385911509734334466
1385912235164327940
1385912492132638720
1385912554199863296
1385912759561474050
1385912923189649410
1385913343249195008
1385913426128609281
1385913461004251136
1385913625538351109
1385913993072680960
1385914079030751233
1385914146567475202
1385914233704042502
1385914376629231619
1385914662093471747
1385914864745558018
1385915035705294848
1385915424932605954
1385915739257847810
1385915893310500868
1385916323650314244
1385916477845409793
1385916893811331074
1385916918465454083
1385916997070954497
1385917311161339910
1385918273477300226
1385918313092485121
1385918343375380481
1385918524300972033
1385918873854259200
1385920440338681857
1385920740847984646
1385920887266979841
1385921837461291013
1385922411434938370
1385922766138970112
1385922793582252037
1385922810049138688
1385922914176937989
1385922916185956352
1385922994351087624
1385923020510859264
1385923211519483904
1385923478918938625
1385923782838194180
1385924161357422594
1385924224574005248
1385924649612152833
1385924736413278208
1385925064932081664
1385925354355834881
1385926233196740616
1385926406484467712
1385926746374123520
1385926935457501189
1385927252504891396
1385927262869102592
1385928057068924928
1385928075049934851
1385928286908428290
1385928385193459713
1385928708935102465
1385929199781883904
1385929345039020034
1385929454862708739
1385930352649285634
1385930591321870337
1385930950509477891
1385931165421481993
1385931169452249088
1385931356576833546
1385931430564450308
1385931462453731331
1385932058028036102
1385933357876404227
1385933410259058691
1385933434204344327
1385933459517026305
1385933514114310145
1385934075337269252
1385934239863033862
1385934295064326145
1385934675839967233
1385934695674884101
1385934832555986946
1385934946263523328
1385935003994005504
1385935031206486016
1385935214665510913
1385935302741479425
1385935405812494347
1385935447550046213
1385935449039032323
1385935576101179395
1385935637858164738
1385935854896652289
1385935863490752513
1385936183130312707
1385936242802630656
1385936420838297601
1385936727399878657
1385937180644810752
1385937306666905601
1385937318809378818
1385937432013680645
1385937692907687941
1385937837330243588
1385938137021550598
1385938413635915776
1385938515234418693
1385938699100299265
1385938865052164096
1385938929623371777
1385938966399041541
1385939483116417027
1385939738297839616
1385939778227552260
1385940004820721671
1385940388507230208
1385940416164466693
1385940783795261444
1385940950938161154
1385941057402253317
1385941463750619136
1385941692516380681
1385941716759425036
1385941847600779266
1385941904756559872
1385941928240467973
1385942034465296384
1385942056787402759
1385942084805402626
1385942181266010113
1385942254620184579
1385942304167448576
1385942411906588678
1385942592848744448
1385942865482747905
1385942920482725889
1385943043149336577
1385943081254592518
1385943131200315396
1385943163634847746
1385943418333970433
1385944121806925827
1385944128572338176
1385944154979676160
1385944341634502656
1385944408999309313
1385944506948804617
1385944613903638529
1385944934209970176
1385945368664412161
1385945681588899846
1385945728468541441
1385945861465722881
1385945972241543172
1385946119340011523
1385946246536474626
1385946791674322946
1385946823127441408
1385946850528833537
1385947210916024328
1385947276032581633
1385947290528059394
1385947374598737921
1385947379262689282
1385947477350797316
1385947761690951682
1385948094571896832
1385948311656361987
1385948315867561985
1385948317843169284
1385948551507763202
1385948843099963399
1385949129659011073
1385949266422730754
1385949465178161157
1385949754715254788
1385949898604961794
1385949990875541505
1385950067748659202
1385950111864328193
1385950149806104585
1385950293393805313
1385950330190499845
1385950604468670466
1385951021583716352
1385951110515597312
1385951223136858112
1385951299007614976
1385951561105526784
1385951931315654658
1385952269104033796
1385952380626378757
1385952407419559939
1385952549178650629
1385952559400210434
1385952571848896516
1385952637552635909
1385952652102705153
1385952830180274181
1385953170862526469
1385953539483078663
1385953699844001798
1385953924188983297
1385953938017554432
1385954250765832195
1385954266825822209
1385954478969573377
1385954741604204548
1385954746507407368
1385954859329937408
1385955272322060294
1385955321709989894
1385955742922985476
1385955827832475650
1385955887580422146
1385956299331051520
1385956367698124801
1385956737132417025
1385956903872774147
1385957393121611778
1385957810253434882
1385957958224392192
1385958083063603201
1385958217553956867
1385958602372964356
1385958643657449475
1385958779083268099
1385958955709575168
1385958997350621185
1385959340998336512
1385959846483218433
1385961355409338368
1385962299849068547
1385962303527530499
1385963148428075014
1385963193256878082
1385963215675330565
1385963505422045185
1385963847660490752
1385963962156699652
1385964352495394818
1385964411706216453
1385964777894125574
1385964806742630401
1385964889009700864
1385964896727228416
1385965055506882560
1385965176818597889
1385965501893906438
1385965720413130756
1385966179462881280
1385966592547229697
1385966685404942341
1385967923815137284
1385968357128691712
1385968567007465478
1385969528086093833
1385969624479588355
1385969680473640960
1385970056681689095
1385970318129389570
1385970730853150722
1385970803360083972
1385971334405046272
1385971420639989766
1385971690111447040
1385971742104072194
1385971797905100803
1385971801734488067
1385972405068304386
1385972844929110022
1385972924990083077
1385972965137948679
1385973239172718595
1385973852577189890
1385974903963328514
1385975735630897157
1385976042750451715
1385976113705463808
1385976149378052099
1385976170030768135
1385976199940292609
1385976307121639427
1385976593215107074
1385977156707225606
1385977378430664711
1385977582470959112
1385977982674739200
1385978667231326211
1385978838765785088
1385978982483509251
1385979261723594753
1385979443689238532
1385980418600677383
1385980935405981706
1385981840562008064
1385982256121057280
1385983117840814082
1385983383159906305
1385983424951947265
1385984489193627648
1385985420920512514
1385986159348682761
1385986181066801160
1385986866613301251
1385987549622063104
1385987774172573704
1385987911074684930
1385988429050224642
1385988583379570688
1385989033571012619
1385989215167655939
1385989306347569156
1385989512271106056
1385989634933592066
1385989647034105857
1385989726927261697
1385990033144958976
1385990345142513664
1385990706502770693
1385991026813411329
1385991302110760963
1385991650363813892
1385991798942732299
1385991806165344259
1385991926281908232
1385992439505297410
1385992514486915080
1385992661375635457
1385993528564670466
1385993756818694147
1385993915334004738
1385994087145353219
1385994359720615936
1385995026765946881
1385995409353543681
1385995740632305667
1385995944353800192
1385996537680044032
1385996627106799621
1385996677857923075
1385997195552436231
1385997221628321803
1385997642925215748
1385997741806039042
1385997776400572418
1385998170023411715
1385998217586827276
1385998507228770306
1385998515172745219
1385998589323890688
1385998601818722308
1385998906111270921
1385999035375493128
1385999035941769220
1385999521881206785
1385999698687823875
1385999953340796934
1386000159671263234
1386000365271855104
1386000382783021056
1386000475464642561
1386000532066689027
1386001105088352262
1386001154761449472
1386001156447555587
1386001251524022280
1386001348521517056
1386001784020275202
1386001999318093824
1386001999913791488
1386002079802695682
1386002346455433218
1386002621274730507
1386002889030742017
1386002949902671873
1386003217952149505
1386003587982139398
1386003652595396610
1386003792961880068
1386004112085377024
1386004236597710852
1386004247930712066
1386004482539069442
1386005065752883200
1386005086351077380
1386005356434841604
1386005372268384256
1386005635679100934
1386005766922854401
1386005832454782976
1386005944476344333
1386006837447778314
1386006877688012809
1386007128025018369
1386007145875972107
1386007363598041089
1386007499531341829
1386007693584896007
1386008185673236482
1386008463814316036
1386008605053362177
1386008755113009156
1386009133267181572
1386009858869243918
1386010292128292872
1386010319433109505
1386010337342889984
1386010398772678658
1386010566699798528
1386011133270691841
1386011239286026243
1386011306206109700
1386011560938811392
1386011940640669702
1386011956960768012
1386012051508715528
1386012061310853123
1386012066230702089
1386012243997958149
1386012431604932608
1386014287811039235
1386014534721232903
1386014714656960516
1386014726610636804
1386014805979504641
1386014899638255620
1386014962364166149
1386015066651336712
1386015335770361872
1386015513420120064
1386015780521795593
1386017095864004610
1386017099261358091
1386017136922009608
1386017370569904131
1386017371295526912
1386017543228465156
1386017578338983937
1386017821612814342
1386017847399301123
1386017949237006337
1386018094695518212
1386018101867786242
1386018155827539970
1386018166816530433
1386018198743654402
1386018220717580288
1386018229131390978
1386018234801995776
1386018254729224193
1386018265282002946
1386018299268456451
1386018325512310785
1386018330180526081
1386018350082441217
1386018352930430985
1386018423164047360
1386018552491151362
1386018707177148416
1386018730623311879
1386018745315962881
1386018803608346624
1386018811049021444
1386018830141558784
1386018845786259460
1386018866501935105
1386018895727796224
1386018970101243905
1386019039265411072
1386019055451054080
1386019121704226816
1386019149550284802
1386019181779292160
1386019198279634945
1386019261878083584
1386019350084165632
1386019415381135361
1386019426982526981
1386019442744696832
1386019468397191169
1386019782588260356
1386019791970914311
1386019834731843595
1386019915363065860
1386019967661924356
1386020023857303552
1386020050411433989
1386020097563660289
1386020257748471814
1386020550590582784
1386020607679160322
1386020664771969025
1386021107103420418
1386021566228598794
1386021589012172803
1386021596293435395
1386021602278711296
1386022075769491459
1386022120573050886
1386022154060419075
1386022376450805763
1386022702151045122
1386022744849010689
1386022805813309446
1386022829288738817
1386022859496112129
1386023269162123265
1386023554236489732
1386023579725320192
1386023681403588609
1386023919136608258
1386024025542074375
1386024110095020034
1386024183361163270
1386024384448634885
1386025481447817218
1386025582857752583
1386026453540687876
1386026585111810050
1386026596553924608
1386026670721806348
1386026798375444482
1386027376639942657
1386027389994508290
1386027505321119749
1386027657754722308
1386028108982235138
1386028472066318339
1386028803537899526
1386029486270029827
1386029674539622400
1386029953066602497
1386030343665373188
1386030485890031616
1386030768410046470
1386030788781690881
1386031048992206850
1386031279305629708
1386031394531512321
1386031814221967362
1386032329861259264
1386032484463353857
1386032891763871747
1386033329699446792
1386033394669211648
1386033707807657985
1386034342120628229
1386034381962219526
1386034669716656131
1386034707624779779
1386034763073531904
1386035442223570947
1386035781832220678
1386035857740738561
1386036060694761476
1386036391616864257
1386036483715371016
1386036507660722177
1386036548743876611
1386036548928475139
1386036807201083399
1386036981222854656
1386037160957157376
1386037484027514881
1386037589283647488
1386038055996383233
1386038250805075980
1386038256530300932
1386038583765651464
1386038751290396672
1386038802439983104
1386039087187087363
1386039344633454594
1386039389504086016
1386039397758472195
1386039400518328321
1386039507661766657
1386039592575455239
1386039664038096899
1386039708086583296
1386039866744524800
1386039902526136324
1386040085624377346
1386040393918263299
1386040493327495170
1386040522796683267
1386040563187716098
1386040574994788353
1386040964880510976
1386041067380875265
1386041241880645653
1386041350341210115
1386041381710450689
1386041437633060864
1386041466355650564
1386041510697840640
1386041529622466566
1386042904817278977
1386042922412347393
1386043106101956609
1386043130588323843
1386043149945032707
1386043196879384578
1386043203338506246
1386043273517666308
1386043328169381893
1386043515633737730
1386043711444881409
1386044298429358083
1386044644623065092
1386044794447835141
1386044805583605770
1386045780012711946
1386045868751659014
1386046425092481026
1386046539030831106
1386046552511221761
1386046705129381888
1386046751455399938
1386046771177132034
1386047089096994818
1386047129815224325
1386047293632118785
1386047318869356544
1386047560289292288
1386047708750913541
1386048213610795012
1386048527617429512
1386048760405544974
1386048984666497025
1386049114970988555
1386049170096656386
1386049308793901056
1386049567192502274
1386049661031620610
1386049803667263494
1386049895660929031
1386049955434012672
1386050048279126022
1386050205804597253
1386050288541478913
1386050321730920454
1386050395722719237
1386050599104430080
1386050624182276101
1386050885294469126
1386051033865015305
1386051092526534662
1386051243806797826
1386051356507754500
1386051393052684290
1386051410408755205
1386051431040438276
1386051694916775937
1386051923124576258
1386051984311062528
1386051996847853568
1386052028556877828
1386052138749644801
1386052269762822148
1386052277744685058
1386052375098662913
1386052387656372233
1386052752179142660
1386052830285402112
1386052951098241025
1386053056530427916
1386053091422740482
1386053117716881413
1386053240270241798
1386053555359031302
1386053574199754752
1386053660933771272
1386053712431525889
1386053816618004485
1386053963548663809
1386054049309630465
1386054284656193540
1386054336971685895
1386054357406396425
1386054393682878465
1386054519222636548
1386054635925000195
1386054840367845377
1386054840585949193
1386055135869259779
1386055181272559624
1386055221068062724
1386055366744723456
1386055439519977475
1386055484248051714
1386055573825851392
1386055702024753157
1386055734727745538
1386055896447569920
1386055937031553027
1386056010209579009
1386056078484549634
1386056117587951618
1386056322655862788
1386056489249480705
1386056628739395585
1386056918771318785
1386057106361565184
1386057292941086735
1386057427259379712
1386057442459586562
1386057577080016898
1386057648848744456
1386057810878865410
1386057961898872834
1386058030022811648
1386058071231844357
1386058074088218624
1386058153591283712
1386058313041858560
1386058372852719616
1386058615123955712
1386058764478976001
1386058807286042624
1386059118520127492
1386059174405189633
1386059222262198272
1386059425434193928
1386059677881020422
1386059840242561033
1386059898291687430
1386060128038838272
1386060175778459650
1386060199610535939
1386060256938184706
1386060405936517122
1386060646895210502
1386060648870817794
1386060681032568833
1386060696929112064
1386060925485076480
1386061127587614720
1386061131714732035
1386061131802890246
1386061140665544710
1386061163578933255
1386061230855569411
1386061311860264966
1386061345163026432
1386061403367280646
1386061414683586570
1386061423286145025
1386061493259669508
1386061671102308353
1386061897615749120
1386061964212908034
1386062387158061060
1386062536982908928
1386062581874446346
1386062785000394755
1386062978265587715
1386063085643960324
1386063396836188163
1386063695122509825
1386063713321504775
1386063973510942726
1386064273856737284
1386064298317959174
1386064318719041540
1386064433034797057
1386064585803935754
1386064600454598662
1386064716997476354
1386064766448381953
1386064803677024256
1386064853492772869
1386064914402455556
1386064954680299529
1386065121584295943
1386065132334235653
1386065562845945856
1386065858678730756
1386065939616223234
1386066207145668608
1386066695144546307
1386066733644013576
1386067084203921414
1386067251581833216
1386067427205648384
1386067535322304513
1386067672740372485
1386067693359538177
1386067709872332802
1386067978320551949
1386068016874545152
1386068335385890826
1386068453434462213
1386068731735027714
1386068767629795331
1386069393205972992
1386069453717348352
1386069585326219271
1386069666825637897
1386069699033804800
1386069803727822851
1386069903707451392
1386069987786383360
1386070250177843205
1386070418520424448
1386070536795693057
1386070691573817345
1386070825682472966
1386070844296863744
1386071192487043075
1386071217002713088
1386071283364945920
1386071581005340676
1386071888464596994
1386071979237773316
1386072162205847563
1386072748443807745
1386073506958487552
1386073685199663106
1386073856155209729
1386073999248068608
1386074058257731585
1386074108790718470
1386074612014911491
1386074711713587201
1386074893398196227
1386075404729978883
1386075586183970821
1386075702412386313
1386075727917846530
1386075744938250240
1386075797253931008
1386076169066385409
1386076312679419914
1386076711738019841
1386076813064089600
1386076891300380673
1386076983851950082
1386076997382774787
1386077348777320448
1386077443929350147
1386077493904306178
1386077580143509511
1386077590960676871
1386077625412640769
1386077706798960640
1386077744602169345
1386078070034030603
1386078387748409344
1386078579285532672
1386078686680698881
1386078728107745281
1386079060388761600
1386079301708169222
1386079304199680001
1386079321585029123
1386079368271876100
1386079543841132551
1386079692621500416
1386080006250459139
1386080267882799106
1386080790661013507
1386080957313204224
1386081320602898433
1386081526870380550
1386081529256976390
1386081578045132802
1386081800989069314
1386081997521657856
1386082113913597953
1386082355727712257
1386082522816204804
1386082550544805888
1386082592143904771
1386082895593361410
1386082939625254913
1386082943756509185
1386082957945974784
1386083580976173057
1386083752489725958
1386083781455581186
1386083782021758977
1386083787998695424
1386083810849218563
1386083829123850248
1386084140919951365
1386084195009695747
1386084202110754816
1386084429702078465
1386084507980271616
1386084644119093254
1386084690113835008
1386084835370967041
1386084868921204738
1386085033774092288
1386085039113490441
1386085039197151234
1386085089868648453
1386085111163244545
1386085140863008768
1386085152187731968
1386085171246555155
1386085206998798338
1386085389589483524
1386085478898802688
1386085502902804483
1386085555163836416
1386085585685712897
1386085711602925569
1386085721094696960
1386085838979833859
1386085851596210180
1386085872009981955
1386085948656701441
1386086096371699714
1386086128986607620
1386086248205496320
1386086375062126596
1386086472915300352
1386086484659351552
1386086495765860352
1386086921890369537
1386087018665553923
1386087106276122625
1386087223490138121
1386087374917193813
1386087463454642180
1386087667155279872
1386087766254051332
1386087798915178501
1386087876119642113
1386087887054254085
1386088064586502147
1386088102180048907
1386088224024637452
1386088557102739458
1386088604217364482
1386088662300037122
1386088706893926403
1386088710681341956
1386088874867367940
1386088992291049473
1386089142690492418
1386089378318102528
1386089458911662084
1386089694451142661
1386089699589099522
1386089836709359622
1386089975297552385
1386090040208539651
1386090064359432194
1386090126787420160
1386090136140660739
1386090244169216002
1386090256198422528
1386090365426573323
1386090452382851073
1386090606527721474
1386090684738940929
1386090759099723777
1386090790808694784
1386090797242765312
1386090911579484162
1386091166513483778
1386091283010228231
1386091384084606976
1386091397229387776
1386091457803661312
1386091478129258498
1386091497792151557
1386091684803526656
1386091695922679813
1386091743049826313
1386092014060638209
1386092200409325568
1386092233284276224
1386092276179296256
1386092337386999808
1386092390218403845
1386092403522686976
1386092500536942594
1386092590701842433
1386092591486169091
1386092593356976129
1386092629222363136
1386092632707903489
1386092676479598595
1386092790044667908
1386092856251650052
1386092877726502915
1386092965194616835
1386093121889517569
1386093124968136704
1386093159046950912
1386093181058621440
1386093224557748231
1386093267075305472
1386093406250745866
1386093552946483201
1386093592565927936
1386093608743415808
1386093624878936066
1386093630281207810
1386093699931770882
1386093738682896385
1386093757494345735
1386093789316591616
1386093831989436419
1386093847659286529
1386093859466358787
1386093859910950918
1386093901195489281
1386093905381367809
1386094113204879360
1386094173607153666
1386094222596579328
1386094256146853890
1386094303412473859
1386094366188507139
1386094385763213316
1386094416956375041
1386094489790464007
1386094495335387138
1386094513660309515
1386094529049239560
1386094556811251725
1386094619549736964
1386094694447321088
1386094758506926080
1386094762143404033
1386094831965986816
1386094872541732867
1386094930725064705
1386094941122834433
1386094994436640772
1386095020332265472
1386095026653089792
1386095065538473984
1386095134312435720
1386095146538835971
1386095168735096835
1386095231964258304
1386095261802536961
1386095306086010881
1386095517168455685
1386095530934214662
1386095555835842562
1386095556133543936
1386095670201888768
1386095702984560644
1386095721976410115
1386095761109110785
1386095795473113088
1386095863320260610
1386095921939861506
1386095935684497408
1386095936208785409
1386095940285632522
1386096028311556096
1386096050931372037
1386096054169387009
1386096096422793218
1386096118145200134
1386096340543819777
1386096364103163907
1386096364157771776
1386096408583938048
1386096444386463745
1386096532341104643
1386096549038641153
1386096571264217088
1386096573084471300
1386096577467539456
1386096626545176576
1386096656568012801
1386096667313807363
1386096680718721024
1386096705335037953
1386096919768965120
1386096955307302914
1386097157162348545
1386097181191557121
1386097194558758917
1386097195619950594
1386097221771436033
1386097308404752385
1386097363186487302
1386097402722066434
1386097531143159810
1386097540211302411
1386097556485197826
1386097577150582789
1386097581491621889
1386097611321585664
1386097670402580480
1386097702753259521
1386097755647614976
1386097785871679491
1386097819497508864
1386097948614963205
1386097958886707200
1386098125509648390
1386098130698002437
1386098197454589954
1386098245173190656
1386098294267469824
1386098307815153667
1386098311472586756
1386098319911538689
1386098365256065024
1386098437863657474
1386098513830940674
1386098542230609923
1386098566289104905
1386098582848163844
1386098628809396229
1386098646538768389
1386098651974488071
1386098693867192325
1386098708664700931
1386098712468930561
1386098741078282244
1386098747919241216
1386098750033121280
1386098775748382728
1386098793133838337
1386098794446655489
1386098795440742403
1386098804936613894
1386098862474006531
1386098874851504130
1386098875245678592
1386098880404549632
1386098910863794179
1386098945575854080
1386098956367695881
1386098964236275716
1386098972905902080
1386098975242166272
1386098984968675328
1386098987728523267
1386098991188697088
1386098993634107393
1386099004799426560
1386099016568541186
1386099021832392704
1386099060067733504
1386099074777161730
1386099083434237954
1386099116971905029
1386099123556868097
1386099154238201857
1386099155756625921
1386099161259520001
1386099203089342464
1386099219002494977
1386099226162212867
1386099249746784256
1386099310824132610
1386099320760455169
1386099329073623041
1386099337286103042
1386099347608281088
1386099369968082953
1386099384140587010
1386099440419807238
1386099452079902723
1386099464369233923
1386099491938480130
1386099510938583043
1386099525790617600
1386099531322961923
1386099542974779394
1386099543444492291
1386099545843634176
1386099553049403393
1386099556694306819
1386099561064718338
1386099566685085699
1386099576558522373
1386099581876850700
1386099588096958466
1386099593318961154
1386099611375476738
1386099626298822656
1386099668447268865
1386099686356946945
1386099686747037696
1386099687686541320
1386099692929433604
1386099702408617984
1386099711615111176
1386099730191732736
1386099745316384771
1386099748671733761
1386099752077496321
1386099756066385927
1386099757228122116
1386099798533672962
1386099825595269127
1386099856448577537
1386099857606254593
1386099892825767941
1386099896382590985
1386099927001059330
1386099932818550786
1386099955555766275
1386099966716809224
1386099999465951232
1386100044852572163
1386100067598209028
1386100081162694656
1386100095901478917
1386100097105031168
1386100108165632004
1386100123080482816
1386100139031371777
1386100139148906499
1386100139262025733
1386100139790569472
1386100142877679619
1386100155200544770
