1346969798966591491
1346969800182939649
1346969801458135041
1346969801604747267
1346969802699628544
1346969846169411586
1346969848417542144
1346969848765689857
1346970074134011907
1346970096405774339
1346970106748837888
1346970170133258241
1346970212348940288
1346970274042933251
1346970296851566594
1346970344297533441
1346970400476045312
1346970403030192130
1346970422298828800
1346970470344585216
1346970488220880896
1346970497515446272
1346970603513925634
1346970721113804800
1346970761370750980
1346970831134420993
1346970872482050056
1346970917843337219
1346970925066051584
1346970952777785349
1346970989826076674
1346971049771081728
1346971086307565569
1346971105957961731
1346971133535518721
1346971171833737216
1346971174996226049
1346971191714734080
1346971199042154496
1346971291971149826
1346971408455376896
1346971476881264642
1346971480790355974
1346971553733468164
1346971583676620800
1346971673422135299
1346971680552452098
1346971835683000321
1346971835699761152
1346971841462743042
1346971851281596417
1346971987088969729
1346971990888861697
1346972048824922117
1346972173202845698
1346972183298416641
1346972223924563971
1346972244807995395
1346972389352071169
1346972401687523329
1346972454669877254
1346972458012721152
1346972469605715969
1346972470499151875
1346972473640685568
1346972476702486529
1346972552363651075
1346972571049340928
1346972717296267266
1346972744328601605
1346972874318487553
1346973003255586816
1346973020838010881
1346973028526272512
1346973038634438663
1346973184948580352
1346973206020841473
1346973262866046976
1346973306621054982
1346973355212083206
1346973499047424000
1346973505951326209
1346973680224657408
1346973775825416192
1346973888345899008
1346973897053376518
1346974202864300035
1346974241300897795
1346974271910850561
1346974338302451712
1346974378400083968
1346974387518361601
1346974388659376130
1346974506393493505
1346974536328245251
1346974564874645512
1346974579080753152
1346974587054149632
1346974663465988096
1346974682768093187
1346974710483980289
1346974771204993025
1346974798488985601
1346974860044591106
1346974883138445314
1346974897461841922
1346974937857318915
1346974961521487881
1346974983843684353
1346975109173694466
1346975187871428609
1346975190471897088
1346975204938022914
1346975216237383680
1346975353898729475
1346975419208237056
1346975554961092609
1346975568160440321
1346975580441423873
1346975650989674498
1346975725480411138
1346975836134629376
1346975839951454210
1346975864270036994
1346976015638089728
1346976031090028550
1346976051684110338
1346976137436684290
1346976156285734912
1346976234178306053
1346976242373783555
1346976385164857344
1346976430194913280
1346976468266606592
1346976485094035457
1346976565893103619
1346976591402987521
1346976682125762567
1346976718318432262
1346976732587298818
1346976790657470465
1346976934807396354
1346977078625906688
1346977135710396416
1346977165414428674
1346977348642615299
1346977349057748993
1346977376782020612
1346977411599106048
1346977483451748353
1346977688913932295
1346977770165960710
1346977840055644163
1346977887581306885
1346977904618594306
1346977927871791104
1346978100391849986
1346978102732316672
1346978182432518144
1346978191634788352
1346978297398247425
1346978323004600321
1346978373516496896
1346978554966249472
1346978564386791433
1346978665196781571
1346978688613703681
1346978830779633665
1346978843811172352
1346978991660433410
1346979019540094977
1346979184019722240
1346979194207678468
1346979233382494209
1346979288831184896
1346979325493571592
1346979347408670721
1346979352236470273
1346979387623825408
1346979433543065603
1346979446977298436
1346979455714131970
1346979505470992390
1346979530406121473
1346979545094754313
1346979556452929537
1346979660945649674
1346979667333550080
1346979736547897345
1346979741362896897
1346979761680244740
1346979880668430336
1346979884787068931
1346979940340785152
1346979970074222595
1346980013497729027
1346980020737097729
1346980076546506752
1346980224001400832
1346980234894176256
1346980247644856321
1346980265676083203
1346980275436154880
1346980288333819906
1346980469041209348
1346980496715165696
1346980504713662468
1346980586947190786
1346980783408386052
1346980799220953091
1346980861665812480
1346980903017447424
1346980904082800641
1346980921094844417
1346980963243458560
1346981038581559303
1346981095645057031
1346981176066666499
1346981188225871876
1346981221109260288
1346981264558059520
1346981277707202560
1346981371642830848
1346981809695895559
1346981898778771457
1346981915014934528
1346981922711482369
1346981933260148736
1346981940180770816
1346981994845011969
1346981995365212160
1346982146204979202
1346982265952247816
1346982267197902848
1346982268137426950
1346982271056691202
1346982327646253059
1346982395153584129
1346982480994160640
1346982567510069249
1346982576309854209
1346982693628739586
1346982810247159814
1346982832619585537
1346983192893419523
1346983290838855682
1346983649271558145
1346983703021555713
1346983713570054148
1346983733547700225
1346983917442789379
1346983924283568128
1346983978033676288
1346984127048904704
1346984131683622921
1346984137580826624
1346984263418261507
1346984412316114944
1346984461888442375
1346984493878427648
1346984540770852868
1346984707007918082
1346984739824132097
1346984802780643329
1346984898326892546
1346984898347769856
1346984898993655809
1346984900587528198
1346984901250228229
1346985027070947330
1346985074370224129
1346985182692306945
1346985202279735297
1346985260639264770
1346985365882728450
1346985492626219008
1346985496065425409
1346985640592875521
1346985643692453891
1346985832859766785
1346985912627060736
1346985947951484928
1346986025084735488
1346986123801751552
1346986134564458496
1346986195662872578
1346986208325496832
1346986296565256192
1346986308174974988
1346986377850720256
1346986444565471232
1346986449971802115
1346986539775975427
1346986602753626112
1346986618595500033
1346986680243408896
1346986776016130049
1346986818189799424
1346986959374311427
1346986967284797442
1346986984716201991
1346987065205006337
1346987415202791426
1346987675828408326
1346987924395593728
1346988005303586816
1346988040011583488
1346988041316012032
1346988042955980801
1346988050937749505
1346988182659686400
1346988284967317506
1346988292357709834
1346988432824758272
1346988509610053632
1346988655882092544
1346988739990413312
1346988770130751491
1346988933503086599
1346988935210299397
1346988974485757955
1346989222037778432
1346989280883847171
1346989386601123844
1346989482818625536
1346989517136392194
1346989574073946113
1346989601945219073
1346989674615640071
1346989790583918592
1346989886058983426
1346989961409560576
1346990094373285888
1346990236216291333
1346990301261524993
1346990308962095104
1346990409734447108
1346990634675142657
1346990838367334400
1346990872148103168
1346990907774660608
1346990916503007234
1346990962417889281
1346990976041054208
1346991041384214528
1346991077237030915
1346991113618534401
1346991150096392192
1346991165426577408
1346991203049328640
1346991246557007873
1346991379864453120
1346991386281832448
1346991766948487171
1346991903376625664
1346992005025583104
1346992082796351491
1346992095320559616
1346992203978207232
1346992323163549698
1346992347154763777
1346992448916975617
1346992458056429571
1346992704375435264
1346992986819878913
1346993094584131584
1346993110899974145
1346993194878324736
1346993208786644992
1346993270509940736
1346993401997221891
1346993470423052289
1346993936951341057
1346994049324969987
1346994235594203137
1346994364325752833
1346994541677711360
1346994766072975360
1346994945509490688
1346994964752977921
1346995382765707265
1346995478563581959
1346995491129626624
1346995522540863490
1346995532657356805
1346995672415838210
1346995687880159232
1346995691349037057
1346995894403657728
1346996050188492802
1346996109915414533
1346996190014013442
1346996200927498241
1346996359883231233
1346996378141032454
1346996399779565569
1346996444104953859
1346996519602368514
1346996690662920202
1346996904341762050
1346996960406990854
1346997004614832128
1346997173611851776
1346997185481682944
1346997265169203208
1346997317040279552
1346997386669912070
1346997429997023234
1346997481402462209
1346997585672773634
1346997624327573510
1346997778828951552
1346997816124723203
1346997867647442947
1346997871585976323
1346997957690748928
1346997982533722112
1346997990532276224
1346998450601136129
1346998453474189314
1346998479655202818
1346998515327709186
1346998591290687490
1346998673989898241
1346998675273371648
1346998850389733378
1346998868173594633
1346998915242070022
1346998922884087812
1346998989221097474
1346998991221878788
1346999064806580228
1346999331321163776
1346999334924132353
1346999335611822080
1346999468873326594
1346999483234717696
1346999561844379649
1346999659617726464
1346999689804206082
1346999746271973378
1346999999058604033
1346999999373176839
1347000000165912579
1347000001520549888
1347000017228337155
1347000288947834882
1347000409148116994
1347000436075716617
1347000445970034688
1347000466031456256
1347000526437634052
1347000888682901504
1347000945767555074
1347000971881283585
1347001015850000389
1347001020199571456
1347001035169144832
1347001045667426309
1347001061903634432
1347001510400503813
1347001530424049668
1347001609381965827
1347001609520177153
1347002006091784192
1347002226049474560
1347002275651219459
1347002279665262592
1347002347944218624
1347002351333216256
1347002379942514692
1347002396925337604
1347002500520366081
1347002615637405696
1347002626303352833
1347002638592737280
1347002748680728578
1347002770424000512
1347003038960152578
1347003256715796480
1347003288370212865
1347003301074649092
1347003472592433154
1347003601886056448
1347003630617030656
1347003772812337152
1347003772820574217
1347003800159191040
1347003840768438274
1347003873022472198
1347003885479743494
1347003957986660352
1347004105563238401
1347004138182336512
1347004279580667912
1347004385914548227
1347004537215840259
1347004742661251072
1347004772151390208
1347004814148984835
1347004820763385857
1347005090264215552
1347005169746243587
1347005347668635653
1347005421731516416
1347005492720242690
1347005830172958721
1347005838414786562
1347005953422594049
1347006071441862658
1347006151137898499
1347006159799144448
1347006305068867585
1347006332159799298
1347006430642057218
1347006887162736640
1347006902526484487
1347007003173003269
1347007112128450560
1347007218529554435
1347007398683287552
1347007457630031875
1347007473056681985
1347007502689460224
1347007548629475334
1347007548931645441
1347007563112599556
1347007584704884738
1347007676828561410
1347008021768130560
1347008104928604161
1347008148427694081
1347008390648766464
1347008476430667785
1347008736875917313
1347008779674669057
1347008828685103107
1347009004011200514
1347009011019898882
1347009105534320641
1347009208332509184
1347009235654160386
1347009247586955270
1347009354772471811
1347009397243969538
1347009404483342339
1347009411777232897
1347009591238946819
1347009621052059648
1347009725683142657
1347009812706390016
1347010112012091393
1347010251577577472
1347010631988359169
1347010777299955720
1347010783134310403
1347010916731285510
1347011121841102854
1347011217257345029
1347011305656430600
1347011574662393858
1347011597806563330
1347011677527699458
1347011790887149570
1347011844142198784
1347011936995700737
1347011943350083584
1347011955916230657
1347012068508119046
1347012109310296064
1347012119863156738
1347012341670551552
1347012521375506434
1347012556506996737
1347012601520271363
1347012608612773888
1347012669568651268
1347012802662309888
1347012928927633409
1347013003842101250
1347013173849821185
1347013251201179651
1347013252627234816
1347013667506843650
1347013675085869059
1347013686871912448
1347013769264820228
1347013840404434945
1347013860671283203
1347013922642145281
1347013962186027008
1347014106222497796
1347014142633324549
1347014217522667522
1347014236455776256
1347014323047178240
1347014376893640707
1347014449832591361
1347014727436808194
1347014802330308609
1347014808676216837
1347015067292872705
1347015073554948098
1347015097395392514
1347015098016010240
1347015098053832705
1347015099798540291
1347015101115629569
1347015101551960065
1347015102810099712
1347015122611535876
1347015126726176768
1347015165699633152
1347015444704731138
1347015499125764098
1347015653476200458
1347015664716939265
1347016128351100929
1347016182726074368
1347016213533249536
1347016302330834945
1347016319665893376
1347016358207365120
1347016537551597571
1347016553208963072
1347017091380076546
1347017095373062144
1347017417944346628
1347017479076388865
1347017649071521794
1347017967855259649
1347018093541928960
1347018281924894720
1347018288564490240
1347018338178912256
1347018369090740229
1347018398593593345
1347018443598520321
1347018592261451778
1347018602310938624
1347018619562160130
1347018977814454272
1347019040892583936
1347019114515226630
1347019243007696899
1347019347697528832
1347019437346607109
1347019453054279688
1347019578656907267
1347019653801930752
1347019766763057153
1347019809083568128
1347019862145716225
1347019931687280640
1347019949903110144
1347020201611698177
1347020310541905921
1347020362786217984
1347020386907660291
1347020441983053825
1347020465009790977
1347020627581018112
1347020660699262982
1347020947363082242
1347021011674394626
1347021079294996481
1347021297214251008
1347021298128609281
1347021339249561601
1347021445549981703
1347021494875021321
1347021556229296128
1347021563447685120
1347021900103503875
1347021975294775296
1347022174641664002
1347022188965220352
1347022213967392782
1347022331005329410
1347022471095083010
1347022608827641857
1347022647633170436
1347022692042608641
1347022778193633283
1347022878290665475
1347022883609075713
1347022908384804865
1347023007252885504
1347023127243616259
1347023167198547968
1347023171619319813
1347023173104132096
1347023258047148033
1347023371121225730
1347023373843492866
1347023470786392066
1347023475865694208
1347023475928653829
1347023576684228618
1347023626567036929
1347023742329872384
1347023912908038144
1347024041576706050
1347024170329255936
1347024189279100930
1347024205204828167
1347024278475173890
1347024290374443012
1347024474097524736
1347024568146403329
1347024686215909378
1347024771029073920
1347024912238530562
1347024965472808961
1347025152542965760
1347025163771121664
1347025355308216320
1347025384198578181
1347025493154009090
1347025556521558020
1347025621294211073
1347025782514868226
1347025968477691904
1347026127655727104
1347026304546254848
1347026361916002309
1347026366643003392
1347026435534426113
1347026594469195776
1347026631769133062
1347027106803441666
1347027198121811968
1347027234733887488
1347027263481655297
1347027608672882689
1347027859374796802
1347027905130409985
1347028049544564736
1347028061355651072
1347028345444323329
1347028466416414720
1347028472229670913
1347028554635227139
1347028653213970434
1347028707966386177
1347028718716399623
1347028753692717056
1347028890800283649
1347028904582774785
1347028978264104960
1347029003232804868
1347029026062393346
1347029084644253700
1347029402593488897
1347029430556897281
1347029465713545217
1347029616196636675
1347029701248888834
1347029746400563205
1347029866445762562
1347029869750865927
1347029932694765569
1347030046444302338
1347030109245509635
1347030196822499329
1347030196856221696
1347030196914941952
1347030198353477632
1347030199297212416
1347030203902681089
1347030312879071242
1347030320617553924
1347030355732275201
1347030370408157186
1347030429120016386
1347030565883666434
1347030604139921408
1347030612771794944
1347030718132711424
1347030842288328705
1347030867357687809
1347030978544496641
1347031048702582787
1347031140557860865
1347031175836160002
1347031189111136256
1347031193724792833
1347031197214527488
1347031220295790593
1347031336352182272
1347031337555865604
1347031519471276033
1347031598345170947
1347031614405160960
1347031719942135808
1347031760287240194
1347031761222594562
1347031785759248386
1347031816126017537
1347031898409885697
1347031955729248257
1347032272482967553
1347032396256976896
1347032410710425602
1347032441643540481
1347032713551781888
1347032820779253760
1347032821207093248
1347032825309114372
1347032860050542593
1347033094554050568
1347033208337137669
1347033258840756224
1347033289681326080
1347033294244900864
1347033304965525504
1347033314578743296
1347033344991780865
1347033473857560577
1347033603318886400
1347033656737624065
1347033730318278656
1347033820332228608
1347033890498686977
1347033932483670019
1347034235551539209
1347034245135536128
1347034331546607618
1347034438417395715
1347034742462537729
1347034752491147264
1347034869625401344
1347034917637672961
1347034929469788161
1347034950143520770
1347035055328272386
1347035173901266944
1347035189122392065
1347035197859102720
1347035207338250240
1347035417258942464
1347035548528087041
1347035552319729664
1347035601774772226
1347035758394224641
1347035811850629120
1347035929807085568
1347035955115470848
1347036013085024259
1347036141485256706
1347036214168268800
1347036348365070338
1347036356804026375
1347036508566532096
1347036652166909953
1347036727853121536
1347036993088323584
1347037091377639424
1347037113326436355
1347037174852694022
1347037193429262338
1347037335754518528
1347037395246575616
1347037402896990209
1347037489542946819
1347037549869592576
1347037615015555073
1347037746620088323
1347037746905444357
1347037747354206210
1347038163391438848
1347038172249788417
1347038284489379842
1347038361777745921
1347038637813161984
1347038707598192640
1347038710446120961
1347038753366306817
1347038904197795841
1347039059064090624
1347039144845971467
1347039225942835201
1347039392217538566
1347039419413516288
1347039427403649024
1347039516545208321
1347039517606367233
1347039680198533122
1347039712469536768
1347039805419495425
1347040050073235456
1347040153534160896
1347040385617559552
1347040393435750405
1347040747825094659
1347041006479417345
1347041200260456448
1347041232820776960
1347041266597552128
1347041287996911618
1347041371635535872
1347041394377023488
1347041514426421249
1347041545246138369
1347041686866767872
1347041920376311809
1347042019085053953
1347042044020203520
1347042048063508481
1347042112139833344
1347042122994651136
1347042243857838080
1347042422946209794
1347042559542091777
1347042644376088576
1347042705487122432
1347042766833016837
1347042780128935939
1347042803629645826
1347042925558038533
1347042927944544256
1347042957736763392
1347042992763363328
1347043004318670848
1347043014108180480
1347043171126005765
1347043178541506563
1347043184640081921
1347043191824912384
1347043225761148933
1347043294765740033
1347043337774235648
1347043343990190087
1347043361434296321
1347043615147778051
1347043642314268673
1347043859424026624
1347044038180958213
1347044078911946754
1347044099141079040
1347044156552712192
1347044189620613126
1347044191021494273
1347044382931763200
1347044473088438272
1347044553845600256
1347044575022624770
1347044601266393089
1347044765695672320
1347044773098565632
1347044834088013826
1347045028686921730
1347045216050696194
1347045290457653251
1347045296354721792
1347045296510017537
1347045297206165506
1347045297420169216
1347045297558482947
1347045298183536640
1347045298405859330
1347045299269881858
1347045302876983297
1347045327170371591
1347045394056884224
1347045557248946176
1347045687863750662
1347045850506276865
1347045892684132352
1347045925613690880
1347045939727495170
1347046062045978625
1347046227922321409
1347046237049131010
1347046246117158918
1347046278866345984
1347046313746198528
1347046432566611970
1347046437792710657
1347046547771580417
1347046682035429377
1347046738964733952
1347046840462663682
1347046907097591809
1347046951125184512
1347047049393557505
1347047059032055808
1347047104720506882
1347047115156049921
1347047152959320065
1347047174002106369
1347047180671086592
1347047341409361921
1347047409600372739
1347047452566818818
1347047482954571776
1347047557487276032
1347047574776197121
1347047575099207680
1347047575204093953
1347047585119350786
1347047648054964225
1347047694821421058
1347047726958194709
1347047824677076992
1347047868243308544
1347048089778057223
1347048137005944832
1347048229611962369
1347048245705502720
1347048270128951296
1347048329960689664
1347048391646343170
1347048496516370438
1347048556528599040
1347048567983128578
1347048589068038144
1347048656730525696
1347048828881534977
1347048897592569856
1347049071194697728
1347049071396184065
1347049083861667843
1347049317555699712
1347049411424251907
1347049434492923906
1347049569545289729
1347049574729347077
1347049583302553600
1347049723715268610
1347049735341879306
1347049816837255170
1347049824940658689
1347049829072044032
1347049892292816898
1347049914065440768
1347050060140470275
1347050093439029252
1347050211429015557
1347050222233464833
1347050480778813441
1347050683913134081
1347050793497550849
1347050803794763776
1347050843086925824
1347050940440961028
1347051483896950785
1347051486958784512
1347051497859780608
1347051581582299136
1347051609134653440
1347051639727943682
1347051842891620352
1347051959447138306
1347051988895338496
1347052065630072832
1347052162178838528
1347052174975627264
1347052216994074624
1347052313568047104
1347052328055091201
1347052411685367810
1347052491498782721
1347052509559468032
1347052665864335361
1347052846831857664
1347052847398060032
1347052847448399872
1347052847746019329
1347052950582153216
1347052995566039042
1347053049349595137
1347053056140173313
1347053132942106625
1347053171378630656
1347053188604698625
1347053198549409793
1347053199979642882
1347053205939740672
1347053274680209408
1347053411649380353
1347053509754060801
1347053524006400001
1347053666008788992
1347053780727169024
1347053938206511109
1347053975930073088
1347054049779216384
1347054150434099200
1347054184114376706
1347054187352350727
1347054252137578496
1347054401761005568
1347054435244109824
1347054496388698114
1347054569285709827
1347054616597262337
1347054657890365442
1347054741054836742
1347054765641924610
1347054859560890368
1347055011935756288
1347055017715499008
1347055021117087744
1347055022845157376
1347055060308676609
1347055144287023104
1347055235722862592
1347055238126174210
1347055279955996673
1347055326353367042
1347055362935902209
1347055375338582017
1347055505533927424
1347055539017183232
1347055556138315776
1347055559795740673
1347055578808463360
1347055624664788992
1347055717874864130
1347055860946755590
1347055862188269569
1347055864004403200
1347055896577368065
1347055924830232576
1347055984393527296
1347056064454406149
1347056076072562690
1347056132825767937
1347056183694254086
1347056265932005376
1347056265994891264
1347056439790100481
1347056610812850177
1347056621109669888
1347056621155880968
1347056779163742208
1347056858138292226
1347056860269072384
1347056863662272512
1347056872390590464
1347056956742262785
1347056992477704194
1347057013239517185
1347057069992632320
1347057071196413960
1347057071460593670
1347057075441041408
1347057077710184450
1347057088770396164
1347057094374129665
1347057124287909889
1347057135708999682
1347057168680439809
1347057179002621952
1347057212485730304
1347057217577627650
1347057222292021252
1347057286175457281
1347057289971298304
1347057335055900672
1347057342932791296
1347057423559905285
1347057502358286338
1347057511120179202
1347057526953697292
1347057574101868544
1347057613482160128
1347057636659834880
1347057781015273472
1347057915421716480
1347058012431773696
1347058067263815682
1347058220553134081
1347058259451113472
1347058265310461953
1347058305227747328
1347058310005071872
1347058321195479044
1347058325154881539
1347058419111518210
1347058451529293825
1347058496651587585
1347058559029227521
1347058583675002880
1347058668135735298
1347058679913336832
1347058722535780352
1347058776034201600
1347058792769482753
1347058871576260608
1347058872872271872
1347058880954695693
1347059112488665090
1347059211683983362
1347059220307447809
1347059242704850945
1347059416051445761
1347059436964220928
1347059453695320065
1347059486477979648
1347059551590371328
1347059560008343552
1347059576085098497
1347059646905921536
1347059770969235459
1347059832768094216
1347059913311322112
1347059965639405568
1347060006219370496
1347060025374760960
1347060074712354819
1347060110674321408
1347060174742290432
1347060192169619462
1347060259525951488
1347060273870483457
1347060276231872515
1347060299355058176
1347060308821598210
1347060395857518593
1347060395924545540
1347060396855681024
1347060396855861250
1347060397119918080
1347060397195489280
1347060397375971329
1347060397472415750
1347060398068006912
1347060398495735809
1347060398760091651
1347060399355559936
1347060419907768322
1347060513868537856
1347060539705462784
1347060593363189760
1347060607955202048
1347060698124267523
1347060733457129472
1347060745368956928
1347060796648525826
1347060887786565632
1347060913325678593
1347060975757914113
1347061045622415361
1347061102472032257
1347061164501557256
1347061215823069184
1347061219107237893
1347061307770593286
1347061341455056896
1347061370299158528
1347061377576411136
1347061382680817666
1347061503317438466
1347061531473825798
1347061552113979397
1347061594149302274
1347061662138957826
1347061729361076224
1347061745962123266
1347061843924287489
1347061860454051840
1347061905878360069
1347061916452212742
1347061998496845824
1347062042012889089
1347062120215531520
1347062237060591617
1347062308271517696
1347062316177698817
1347062351904829440
1347062362424152065
1347062445421043713
1347062471669010433
1347062559199940608
1347062582348308482
1347062587335340032
1347062631253880833
1347062655626960901
1347062660769189889
1347062669711462400
1347062726330351618
1347062780034166786
1347062823692722176
1347062883423805440
1347062912486146048
1347062912544768000
1347062952034263040
1347062983223095298
1347063042505371648
1347063121677082626
1347063138236170240
1347063164203016195
1347063170301644800
1347063209094688768
1347063221694377986
1347063319300104192
1347063339017515010
1347063594341588992
1347063603090903047
1347063628718026753
1347063634585907203
1347063709286473730
1347063762302496769
1347063807684829184
1347063915214237697
1347064021007159297
1347064113751609344
1347064154402791430
1347064170693287938
1347064170714378246
1347064170781425665
1347064170823368704
1347064170886307840
1347064170953531393
1347064297038503943
1347064447790166016
1347064460578615296
1347064500638412802
1347064509614206979
1347064523048579072
1347064583505195009
1347064600525758465
1347064630993166337
1347064674009849856
1347064730758868993
1347064741626318850
1347064764283965442
1347064812350492678
1347064813361319941
1347064814359564289
1347064816741961729
1347064820579778560
1347064821552857090
1347064822375063554
1347064875567239168
1347064937177235462
1347064941304549376
1347064968135536641
1347065032627073024
1347065302211829760
1347065302421536769
1347065344737882113
1347065437952090113
1347065476002680833
1347065476715831298
1347065658010443777
1347065739237355520
1347065745730129921
1347065749135896577
1347065784451952640
1347065801606651905
1347065818631319552
1347065821173051392
1347065828055916544
1347065842136211456
1347065873849327621
1347065905570836480
1347065920670363649
1347065962290434048
1347066006762614785
1347066084273381376
1347066107107176448
1347066152732807168
1347066181627338752
1347066404973891586
1347066405968109568
1347066433121955841
1347066444719284225
1347066478244327424
1347066579079585792
1347066627033100288
1347066635329429506
1347066738148601856
1347066788266323968
1347066817982955521
1347066836194648064
1347066846047051776
1347066852757876736
1347066940725067776
1347066984509407232
1347066990075260928
1347067074774855680
1347067130227912705
1347067222888472579
1347067272838451202
1347067478246125568
1347067590519250944
1347067597255299073
1347067661453316096
1347067672475955202
1347067687185297413
1347067698073763842
1347067724393050113
1347067812574068736
1347067945613193223
1347067945642389505
1347067945894219776
1347067946254925825
1347067946439503872
1347067946577743874
1347067946665914368
1347067961056632833
1347067994153881602
1347068010121539585
1347068026605203456
1347068131164958720
1347068182855614466
1347068195207839744
1347068220126228486
1347068249129820161
1347068411956834306
1347068478260453376
1347068526272634881
1347068559147601925
1347068576029700096
1347068622909427712
1347068798361362432
1347068919790637057
1347068930247032832
1347068952850132992
1347068953466691585
1347068977978241024
1347069134992003072
1347069162766573569
1347069177237037056
1347069203975729153
1347069314483048449
1347069319956606976
1347069357755691010
1347069406271184897
1347069420309508096
1347069485459660800
1347069494120820737
1347069707317256203
1347069774304583680
1347069778058473472
1347069782571544576
1347069794135244801
1347069927849664513
1347069946799546369
1347069978265018371
1347069987593150471
1347070069734584320
1347070142031736833
1347070185816137730
1347070218837880845
1347070246075691008
1347070258071404545
1347070273024102400
1347070352984317952
1347070444210425856
1347070470361899008
1347070512195842050
1347070547604217856
1347070652570890246
1347070696606806017
1347070698603171847
1347070720447311874
1347070740810637313
1347070788776685568
1347070806094962688
1347070807709802498
1347070865364676608
1347070980582158337
1347071010881810433
1347071036249026560
1347071054624280576
1347071070310948864
1347071074522058752
1347071120210587649
1347071131149340681
1347071161973297152
1347071208249061376
1347071271767601152
1347071329904824322
1347071356937138177
1347071540567945217
1347071587653214208
1347071591205761024
1347071658671173634
1347071720532832256
1347071720641871873
1347071720755060736
1347071734504157185
1347071777592266753
1347071831455518722
1347071862048698369
1347072037915942912
1347072059390701569
1347072131608305665
1347072181537222657
1347072182694899712
1347072208489885696
1347072215989301254
1347072242564395008
1347072320708489216
1347072483392942081
1347072509561204737
1347072557288214529
1347072561868382209
1347072588636434433
1347072623122014208
1347072637139374081
1347072646681415680
1347072657636921345
1347072683343806464
1347072689278771200
1347072766785314816
1347072834900783104
1347072935522168832
1347072978832519170
1347072984620494850
1347072992833105920
1347073001636958208
1347073001641140224
1347073018829410305
1347073033509478401
1347073044364357635
1347073098680590341
1347073121464049664
1347073128376242177
1347073172647120897
1347073180268175360
1347073181438382080
1347073188329615362
1347073262367420416
1347073275499868162
1347073316348178434
1347073400611741697
1347073436108148738
1347073497936363520
1347073609349656576
1347073676777283585
1347073682833887232
1347073690870145024
1347073734885187584
1347073744133611521
1347073772738777089
1347073776052293632
1347073791881568256
1347073853399445505
1347073904842571779
1347073906327302150
1347073919187083265
1347073966419148800
1347073996039344128
1347074091124224001
1347074091795279872
1347074092483178496
1347074175199019009
1347074235051683840
1347074264600604673
1347074476098412544
1347074512685248513
1347074552724131845
1347074567177707525
1347074575708909568
1347074628917878784
1347074675562704899
1347074730294202368
1347074758777692161
1347074770471411715
1347074811227475969
1347074963359068160
1347075054203527168
1347075101515280385
1347075107777376258
1347075117692686341
1347075169991462912
1347075227998674951
1347075290309271554
1347075314694959104
1347075351160229888
1347075358332489729
1347075360018624512
1347075385410920449
1347075432282165249
1347075451626418176
1347075456235925505
1347075471134101504
1347075483981197318
1347075495289098242
1347075496459161600
1347075496803147776
1347075496870178816
1347075498187382786
1347075498501804035
1347075498648563715
1347075499458064385
1347075499814756355
1347075534417768451
1347075539845214208
1347075602008973313
1347075619679580162
1347075651799556096
1347075674281046016
1347075850005590019
1347075858406789121
1347075886152089605
1347075943773458432
1347075971632029696
1347075981840965634
1347075988115644416
1347075998731350016
1347075999599636480
1347076004808957952
1347076075952754689
1347076078775492611
1347076091161309184
1347076206563389440
1347076229677993987
1347076233943724032
1347076343977144320
1347076359982604289
1347076366815141888
1347076401313280008
1347076502257606658
1347076516069445633
1347076524558708736
1347076526353899521
1347076538475421699
1347076572638023683
1347076595010445312
1347076757371949058
1347076767044005892
1347076773561958400
1347076778653847553
1347076796907462656
1347076851303378945
1347076858291089409
1347076893095424000
1347076961919647745
1347076974624337920
1347076990084460545
1347076993859407873
1347077005154656256
1347077100092723201
1347077104735809536
1347077120133124098
1347077129318637579
1347077131453542420
1347077163862941702
1347077185132179456
1347077216883122176
1347077248067674118
1347077250223640576
1347077289150976000
1347077318058127360
1347077326866161670
1347077340657033222
1347077401197617152
1347077421502238726
1347077452632383488
1347077506348834817
1347077561218699265
1347077594924118016
1347077630596669441
1347077641313153025
1347077650112794625
1347077694685634564
1347077729074737152
1347077735806627840
1347077797689384961
1347077834796359680
1347077837182930950
1347077840009834496
1347077841532428288
1347077889402011648
1347077958893236224
1347077998420353024
1347078007786246144
1347078025989541889
1347078122223636480
1347078142863806464
1347078271687659520
1347078287059775490
1347078299256827905
1347078300557045760
1347078348837687297
1347078442286784512
1347078452982255617
1347078555394580480
1347078575472652288
1347078598545592320
1347078612407738370
1347078626601279488
1347078678719721473
1347078727029698560
1347078736928268288
1347078799519789056
1347078805412843522
1347078882550280192
1347078946593107970
1347078948409237505
1347078955912802305
1347078958240698368
1347079062284619778
1347079119381655552
1347079185274175491
1347079190215057408
1347079194694590464
1347079241817608192
1347079245990916097
1347079270384939014
1347079273362894849
1347079360533192706
1347079407530364929
1347079416199991296
1347079424534065153
1347079445216178176
1347079476199489536
1347079641094352896
1347079781335097344
1347079888658960384
1347079905578770433
1347079969793564672
1347079998868516865
1347080014777495552
1347080032833982466
1347080043118292997
1347080063221686275
1347080084348407808
1347080094360215552
1347080119014334465
1347080149221699586
1347080154594627586
1347080155152457729
1347080162836410368
1347080276988604416
1347080337587888137
1347080341241159680
1347080348862214145
1347080382752169985
1347080396010356737
1347080444634943488
1347080467414208512
1347080490210226176
1347080528466489345
1347080528814489601
1347080533386391554
1347080541628194816
1347080582031933440
1347080592203067392
1347080594874839041
1347080634431373312
1347080640878010368
1347080731470815232
1347080834751336448
1347080853902532608
1347080855215337472
1347080889365356544
1347080921615392770
1347080954712612864
1347081031665463296
1347081039160766464
1347081071196860416
1347081091228774400
1347081176343785473
1347081257080016896
1347081258522845184
1347081309445881858
1347081332849995785
1347081344778719232
1347081380052742146
1347081402110644225
1347081418288095237
1347081433626587137
1347081450991087616
1347081493127032833
1347081605119176705
1347081856118894599
1347081868471119872
1347081869314170881
1347081871444889602
1347081969033732104
1347081989736816640
1347082003401859072
1347082043784646657
1347082045525262339
1347082070267453440
1347082084901396481
1347082098205720576
1347082109626834944
1347082125565157376
1347082185581469697
1347082208188760064
1347082220863959045
1347082287020695552
1347082337117478912
1347082350296002560
1347082361306042368
1347082368931258368
1347082371934392320
1347082375323398144
1347082392423583744
1347082395812589569
1347082419862708224
1347082431522889729
1347082543645007872
1347082573009346563
1347082579246198784
1347082593733378049
1347082620035862529
1347082635529641984
1347082682979782656
1347082693654228995
1347082721835839494
1347082779117432832
1347082785819918337
1347082835908288514
1347082843399319552
1347082920310276097
1347082940577181696
1347083004544495616
1347083008856252416
1347083033652965376
1347083034596696065
1347083036706435072
1347083045258465280
1347083045354967040
1347083045719965696
1347083046139416577
1347083050602147841
1347083081845514240
1347083096458457090
1347083098819862528
1347083107132973056
1347083182324248583
1347083182407995392
1347083202133975041
1347083208261832706
1347083232123228160
1347083251597369344
1347083271830700032
1347083330768965636
1347083360900964353
1347083375169974272
1347083377275527168
1347083430224388097
1347083460276596736
1347083484528078852
1347083495424876544
1347083498637697024
1347083573204021249
1347083587624046592
1347083588819423233
1347083613398048768
1347083618452176896
1347083643831906304
1347083652698578945
1347083666141405184
1347083670474153984
1347083683015094272
1347083698513055745
1347083713088270336
1347083719459430402
1347083832583987202
1347083856978071552
1347083884274573313
1347083893388804097
1347083905011249153
1347083907578081281
1347083938062364672
1347083940465696768
1347083961906962433
1347083967137271810
1347083974015934465
1347084002029613056
1347084011278106624
1347084062251491329
1347084147974692865
1347084148935155714
1347084153850888193
1347084162466013184
1347084240018677760
1347084315071569921
1347084319286812673
1347084346738552834
1347084392775229441
1347084413448974338
1347084417823608832
1347084434147835906
1347084443777986562
1347084463302467589
1347084519623577602
1347084531824791552
1347084545401696262
1347084547117211648
1347084579123982336
1347084588498235392
1347084589676818433
1347084634845310976
1347084664603877379
1347084667615375360
1347084672833097728
1347084695511580677
1347084698938347520
1347084710804123648
1347084731146510341
1347084772724649988
1347084790026088449
1347084794149150721
1347084800327344128
1347084805565984768
1347084825107124227
1347084828710064133
1347084832048877568
1347084833995051009
1347084850147291137
1347084873429901312
1347084915448434689
1347084919290421248
1347084960180613123
1347084965880717315
1347084967248015360
1347085062404255747
1347085080552943616
1347085084118159361
1347085091416256513
1347085094046068736
1347085125369159683
1347085126233165826
1347085152942510080
1347085211234955264
1347085233502490627
1347085235914207232
1347085313114517511
1347085326515318784
1347085367221112834
1347085371847401473
1347085402117705729
1347085409881354240
1347085440155873280
1347085446317305858
1347085459881656322
1347085469989937152
1347085501262651394
1347085511010234369
1347085535232356358
1347085560020688896
1347085561681506307
1347085561773768704
1347085571320123393
1347085608187998208
1347085623014862848
1347085649392906240
1347085713297256450
1347085796545880065
1347085796671692800
1347085836249165826
1347085843647893504
1347085909544501250
1347085935247323137
1347085941228376069
1347085975621668864
1347086063521714176
1347086086372274176
1347086114037886976
1347086219616907264
1347086299329490948
1347086304887123969
1347086316907933697
1347086333131563011
1347086357244604416
1347086366417547266
1347086408746471425
1347086440946130944
1347086477080096768
1347086496587788288
1347086515193716736
1347086530599333888
1347086577961324546
1347086644818685952
1347086666650017795
1347086672920395776
1347086673675497472
1347086708232355841
1347086802084106240
1347086819985412096
1347086839367176195
1347086878877560833
1347086885248786435
1347087053847191554
1347087064702054401
1347087071693975552
1347087091008753664
1347087104078196736
1347087149926133761
1347087182524243968
1347087183203753984
1347087186504675328
1347087260039184384
1347087262572539905
1347087308760240130
1347087327345127424
1347087329635127301
1347087348610322432
1347087545482534912
1347087578152001538
1347087583705264128
1347087678395834369
1347087680501395456
1347087706959081473
1347087752572100611
1347087786059427843
1347087791394594817
1347087800085213184
1347087803771985921
1347087828489003010
1347087853772300288
1347087888652107783
1347087927667535872
1347087966837985282
1347087972181663745
1347087975977529345
1347088015013814273
1347088016242831360
1347088142566830081
1347088142818537472
1347088165597818880
1347088172900081666
1347088193615769600
1347088208568451072
1347088215585533954
1347088313790959616
1347088381201813504
1347088391230386176
1347088398318776322
1347088403679113221
1347088440131727361
1347088470196547584
1347088553130528768
1347088570226532352
1347088586886307841
1347088638639808512
1347088726686654464
1347088741568012288
1347088757888081922
1347088774577197056
1347088784077316096
1347088850833854469
1347088880542101505
1347088914662756353
1347088915312889857
1347088928147435521
1347088939811827712
1347089000243322880
1347089047995486208
1347089076642525184
1347089091817578498
1347089123916570626
1347089148708933633
1347089202496860160
1347089203750789120
1347089229176856576
1347089232456806405
1347089236588187649
1347089317408210944
1347089320314884097
1347089326962827265
1347089330909671426
1347089352619405312
1347089376061358081
1347089385506942981
1347089415122931712
1347089416360177664
1347089422051905537
1347089446131412993
1347089475348946944
1347089481527136262
1347089516910292994
1347089546119434246
1347089549512617985
1347089587739516929
1347089589526294529
1347089591669547009
1347089596115341312
1347089670686076928
1347089700557881345
1347089713006604288
1347089749610287109
1347089763573129216
1347089804547284992
1347089807651065864
1347089859631001601
1347089883760893953
1347089898570985473
1347089907240624130
1347089918531493891
1347089919810924544
1347089929789173761
1347089954246111233
1347089957668708352
1347089972768235520
1347090000589033472
1347090025838764032
1347090032893571073
1347090048932577280
1347090065676263425
1347090095162204161
1347090131530952704
1347090148522123265
1347090155669172225
1347090195267670016
1347090209398267905
1347090211902263296
1347090215828135936
1347090264175869952
1347090284128169984
1347090293305323520
1347090327967039488
1347090347634143234
1347090348129062913
1347090351136382976
1347090354168848386
1347090366105853952
1347090444530851843
1347090447408254976
1347090496959737857
1347090530711306240
1347090578622865409
1347090595173421057
1347090595173588993
1347090595525832705
1347090596205387776
1347090597874696194
1347090598000521217
1347090598117851137
1347090599480999939
1347090600512737284
1347090601389518848
1347090621740285952
1347090622021324803
1347090630846144513
1347090638018392064
1347090642820861957
1347090649988935680
1347090665482686465
1347090682729607169
1347090684478689283
1347090706645590017
1347090724886622209
1347090737595379712
1347090743001808897
1347090749557403649
1347090753756016640
1347090774014496768
1347090780150751233
1347090799104815104
1347090808764313606
1347090840137699328
1347090876284211201
1347090884978995200
1347090913764519936
1347090914133606401
1347090917803634688
1347090976440012802
1347090984220454914
1347090996455206912
1347091041816612864
1347091056463147008
1347091171718393856
1347091172838223872
1347091206103326720
1347091226219204617
1347091228400168968
1347091251074629632
1347091263221342209
1347091264190210048
1347091267788922883
1347091280858411009
1347091290475929600
1347091290543034368
1347091291553865729
1347091296805138432
1347091299753717762
1347091341776461825
1347091350139904002
1347091352820002817
1347091362974322688
1347091405768974337
1347091437951864832
1347091461964255234
1347091495166349312
1347091542964633601
1347091558533885953
1347091576611336196
1347091623226781697
1347091662284218368
1347091712724897793
1347091726800990208
1347091749722857472
1347091760091164673
1347091775861776384
1347091840600780800
1347091870426550273
1347091917448871937
1347091930988081155
1347091950462251010
1347092082616365056
1347092114279174145
1347092129923932160
1347092249952325632
1347092323495243776
1347092380940455938
1347092481725370369
1347092514684231681
1347092522561134592
1347092525048328192
1347092534976253953
1347092541083160576
1347092584817160192
1347092589267341312
1347092592412946433
1347092600331886594
1347092730686668804
1347092741507993600
1347092845744844801
1347092858814267398
1347092883879452673
1347092897825488897
1347092920357285888
1347092932545937408
1347092966909816835
1347092996672679936
1347093025948884993
1347093027844743168
1347093044395442176
1347093060300255233
1347093065178226693
1347093111575633921
1347093125769162752
1347093148347064321
1347093151664762880
1347093157603909634
1347093162825814020
1347093193788190720
1347093204341039105
1347093213019054080
1347093217024602112
1347093224133980160
1347093229372657665
1347093233738907648
1347093234703589378
1347093240848252928
1347093267343499265
1347093284053807104
1347093346955583488
1347093377666478080
1347093388336766976
1347093396788289538
1347093443923890184
1347093470247313410
1347093482842836992
1347093490556170240
1347093540455796736
1347093559250472961
1347093606885183490
1347093612899819521
1347093614879391744
1347093624341880832
1347093627365945344
1347093657065762816
1347093714494246912
1347093715802841088
1347093729384013824
1347093771746496514
1347093834564567040
1347093905385410560
1347093915007135746
1347093952973910017
1347093962021068804
1347093990752059392
1347094005516005376
1347094047983222785
1347094082359857153
1347094117558452224
1347094201792606208
1347094252145274880
1347094255265837056
1347094264208125954
1347094281689985025
1347094289034190848
1347094294134448128
1347094294671335427
1347094347985149952
1347094471893078017
1347094473193435137
1347094487860969473
1347094495570120709
1347094530185703424
1347094554256830464
1347094564146982919
1347094597470711808
1347094607121813504
1347094611714596864
1347094659286368257
1347094675056963584
1347094680312438785
1347094720229617665
1347094758280204289
1347094760733908995
1347094760926838785
1347094766836535296
1347094773149044736
1347094783748030467
1347094810910470146
1347094819038965760
1347094819424890882
1347094820028821504
1347094825791795200
1347094848646615040
1347094884176506880
1347094893471137793
1347094893697622016
1347094895790579713
1347094912680996864
1347094934852165632
1347094972982583304
1347095010894868481
1347095026174734338
1347095041710432257
1347095067526385664
1347095114292850689
1347095129425924096
1347095132919705602
1347095139274014721
1347095187156324353
1347095187378593793
1347095210283708418
1347095258937630720
1347095272569139201
1347095305439866885
1347095328214941698
1347095346955100160
1347095373131747328
1347095395441246209
1347095400998707200
1347095408112246787
1347095432581820416
1347095449249968128
1347095457755967489
1347095457760206848
1347095465762959360
1347095470447931399
1347095494724562945
1347095502488272896
1347095508448391168
1347095512269246466
1347095524982349824
1347095525208715264
1347095539360391168
1347095582024871936
1347095598797791235
1347095608742580224
1347095628145250305
1347095643295154182
1347095659862638593
1347095666238042113
1347095730087931904
1347095756969287682
1347095762522537984
1347095767270481920
1347095794357325826
1347095801156300800
1347095835381665794
1347095862728654851
1347095935709564929
1347095968022458369
1347095969901539328
1347096014927388672
1347096037522104320
1347096076298412032
1347096082208194561
1347096092488433666
1347096116693753856
1347096138189570048
1347096164802375680
1347096165125419011
1347096190630961152
1347096196830130177
1347096199069917188
1347096199472574464
1347096213867343873
1347096239670775810
1347096273254572032
1347096304095268868
1347096330225725440
1347096340229189632
1347096357815922689
1347096377621426176
1347096383027863552
1347096384051277826
1347096387545141249
1347096410152443904
1347096412643852288
1347096447049748486
1347096498463506434
1347096506877308929
1347096524094906369
1347096562120486912
1347096665556185088
1347096692550733824
1347096716454092800
1347096722246348800
1347096726218432513
1347096743209541632
1347096814437224452
1347096825069768704
1347096842107047937
1347096860566106112
1347096863300849664
1347096870619910144
1347096892350427136
1347096961770520576
1347096969500614656
1347096978073784320
1347096987636813828
1347096993609494530
1347096995215900673
1347097007001899008
1347097088270741504
1347097128892571648
1347097134349352960
1347097149503381504
1347097203718971392
1347097285637902337
1347097303149109248
1347097306965925888
1347097307637030913
1347097312192057344
1347097336888119296
1347097379820990471
1347097383725903875
1347097444442656770
1347097446879522816
1347097452550049799
1347097457897971712
1347097473563709440
1347097512407142400
1347097515980709888
1347097517465460736
1347097535656194049
1347097571370659840
1347097573673365505
1347097581944512512
1347097599938068480
1347097603855540226
1347097614265815040
1347097631386906625
1347097695903748096
1347097704183328768
1347097728766140422
1347097755131539456
1347097774899261440
1347097787503169536
1347097814237655041
1347097849310359553
1347097859200577536
1347097863487188992
1347097884576022529
1347097934664519680
1347097945162788865
1347097952314155008
1347097973445038080
1347097973860216833
1347098001127432192
1347098003887321089
1347098028549746688
1347098030944653312
1347098058283225092
1347098092877836288
1347098144631259139
1347098144643948545
1347098144958341121
1347098215347314688
1347098264357773313
1347098337535811584
1347098357026709504
1347098401477980160
1347098421241511936
1347098422311063553
1347098430787739648
1347098466900697090
1347098585708584960
1347098598975156225
1347098629937504256
1347098641937424386
1347098647968813056
1347098648778309632
1347098653106851850
1347098728075767810
1347098728293871617
1347098780550762497
1347098781955870720
1347098805095837696
1347098829250813953
1347098855536517120
1347098868241018880
1347098870979960833
1347098874838720512
1347098903267725312
1347098932854353923
1347099000063844355
1347099010935513088
1347099070985342977
1347099072268791809
1347099109849751552
1347099112269897728
1347099119886749696
1347099159036264452
1347099200362831872
1347099241332813824
1347099250321203200
1347099252867166209
1347099259322175488
1347099281149341696
1347099314884141056
1347099354918748160
1347099362418176002
1347099391925088258
1347099404285726720
1347099427618619403
1347099462301310976
1347099506211508225
1347099531041771521
1347099540835479555
1347099543805063171
1347099566005506050
1347099582665273346
1347099590093381632
1347099688445632512
1347099706112024577
1347099714693509120
1347099716102856704
1347099730824863746
1347099737804197888
1347099740652122112
1347099773875204097
1347099925037854720
1347099933434916865
1347099955752800256
1347099973821804545
1347100036216229891
1347100058982952961
1347100071716941824
1347100075139473408
1347100115069247489
1347100153249992704
1347100190579298304
1347100250318712835
1347100273395830784
1347100313086525443
1347100324281131009
1347100325929476098
1347100331747008514
1347100333256843268
1347100335819657216
1347100341507153921
1347100353951621120
1347100356606631938
1347100366006079488
1347100367331344388
1347100403343699968
1347100450391285761
1347100475783581696
1347100507953885184
1347100509325451266
1347100534902321157
1347100537913810944
1347100657753280513
1347100696429158402
1347100711264407552
1347100734232420352
1347100735746564098
1347100749583544321
1347100796295512065
1347100797964873728
1347100797981618176
1347100827023011842
1347100830118404097
1347100902793080833
1347100936871825409
1347100948439715843
1347100959261007873
1347100962004074496
1347100990462373891
1347101011773632512
1347101034724913152
1347101034729140224
1347101037602230273
1347101065532084224
1347101108255281152
1347101125212839936
1347101143923621889
1347101197556183040
1347101221027520512
1347101238861692928
1347101255114625024
1347101264413396995
1347101286458683393
1347101302619217922
1347101338556112897
1347101348496625664
1347101360882413568
1347101383456124932
1347101408005419008
1347101420625997826
1347101435956232192
1347101459872153606
1347101498279395329
1347101500443680768
1347101536091074560
1347101545452756992
1347101550041329665
1347101598162542592
1347101621080174592
1347101642005610497
1347101645176451072
1347101657147068416
1347101667842351110
1347101677778841600
1347101696804204544
1347101758288486400
1347101786881011718
1347101817474314241
1347101836910751746
1347101866849660928
1347101876790177792
1347101881601044480
1347101882402156544
1347101919454638082
1347101925892907008
1347101991680540672
1347102077764382720
1347102087054839810
1347102105140670464
1347102141832458242
1347102150703407104
1347102154025103363
1347102175382679553
1347102182194221057
1347102197591535616
1347102259310698496
1347102366588407808
1347102401606656001
1347102480040136704
1347102498180509696
1347102531596541953
1347102535362949121
1347102566103052291
1347102598080434177
1347102622256398343
1347102660005154817
1347102666413977600
1347102687121338370
1347102692469075968
1347102700505329666
1347102758680322048
1347102777110122504
1347102792238985217
1347102825084575744
1347102842574802944
1347102873566502913
1347102891165810689
1347102907003449344
1347102911122333700
1347102914658103298
1347102932475502593
1347102945788223489
1347103045939834880
1347103052260642818
1347103077422272512
1347103116894892034
1347103128190128129
1347103134003429376
1347103146959654914
1347103158661738496
1347103177791967233
1347103177896845313
1347103188483272706
1347103195210932225
1347103222008262656
1347103329030123521
1347103333568434177
1347103346998587393
1347103425771823104
1347103434311413761
1347103455530397697
1347103487126069248
1347103503026692097
1347103528561602560
1347103543799508992
1347103599453679616
1347103625932394499
1347103651857371136
1347103657255436288
1347103683193012225
1347103690193305605
1347103705154416640
1347103740969570304
1347103767481745408
1347103769109143552
1347103776939900929
1347103796464386050
1347103865246773248
1347103881097076737
1347103892690104327
1347103929851666432
1347103931357343745
1347103978857902082
1347104049095729153
1347104054502162432
1347104069651996672
1347104132973424642
1347104165634445312
1347104180037705728
1347104186522021888
1347104187549687809
1347104214846210048
1347104311923367936
1347104380315643904
1347104387756417024
1347104397172596736
1347104456912023554
1347104462641324039
1347104472921739264
1347104479141888000
1347104480790261760
1347104512058798080
1347104537778270208
1347104548075282433
1347104550608642048
1347104572028964867
1347104577041162241
1347104580698599424
1347104612592058368
1347104614483701760
1347104624239661057
1347104638647083009
1347104639980855299
1347104645089550348
1347104692837507072
1347104724445761536
1347104740543520768
1347104748126826496
1347104768125247488
1347104788597637122
1347104790594150401
1347104803944591360
1347104813641838593
1347104828602904581
1347104845698912257
1347104915936718849
1347104934530068483
1347104987864817665
1347104987999064065
1347104998119923714
1347105007557087232
1347105018630049798
1347105028838985728
1347105102272880642
1347105109537415168
1347105117733007360
1347105118014083072
1347105130391482368
1347105204987113473
1347105208053026816
1347105222586474496
1347105237027467266
1347105276743315456
1347105287732404224
1347105307575648257
1347105319932092416
1347105364735623178
1347105379629600769
1347105455378722816
1347105465038155778
1347105495274942466
1347105502061322241
1347105513696354304
1347105524559581184
1347105532612587521
1347105533845774336
1347105549373091840
1347105551617036288
1347105555144454144
1347105585662226438
1347105588258471938
1347105604335185921
1347105639110221824
1347105651571490816
1347105694407827456
1347105694990835715
1347105695548760064
1347105695842201609
1347105696140193792
1347105696530243584
1347105697918451719
1347105697947918337
1347105699474628613
1347105699872968706
1347105700518903809
1347105701156425731
1347105701676642304
1347105702158893057
1347105717988323328
1347105729212276736
1347105730390798343
1347105731183521795
1347105746169823232
1347105778780561410
1347105791367651330
1347105805246603264
1347105808165830656
1347105825081466881
1347105862989578243
1347105908342599685
1347105915917500417
1347105936230510593
1347105951556497412
1347105952022097920
1347105983668113408
1347106016597573634
1347106027183824897
1347106041499181062
1347106073904361473
1347106074764210178
1347106088940941313
1347106104245936128
1347106143420751872
1347106193202839555
1347106220860125184
1347106232696451074
1347106379400667138
1347106393548087296
1347106448053067776
1347106451941183488
1347106606723584000
1347106618828320770
1347106623806910466
1347106628039008258
1347106653829738499
1347106665330585605
1347106693952532480
1347106701066072064
1347106705948209154
1347106718443069440
1347106734406590465
1347106738428915712
1347106825263599617
1347106841306738694
1347106896554188801
1347106918435840000
1347106936035139584
1347106983007150080
1347107006281355265
1347107038694952960
1347107049654644736
1347107059842609153
1347107059939074048
1347107107288600576
1347107109004075008
1347107115824017413
1347107120018321408
1347107120261566465
1347107216684425217
1347107243578241024
1347107263211855873
1347107304940974080
1347107339640340483
1347107342786162690
1347107346737225735
1347107396682981377
1347107419340488704
1347107454711193602
1347107484352262144
1347107520230420481
1347107550643294208
1347107552891346946
1347107560814477313
1347107577973374982
1347107604053577728
1347107613843054592
1347107623695507464
1347107636064432129
1347107667324653569
1347107673830027265
1347107689659305984
1347107720239976450
1347107743665168384
1347107880877522945
1347107909038178304
1347107949207019520
1347107951337734145
1347107971680018433
1347107994685874178
1347108044451282945
1347108047731236867
1347108065284411393
1347108115867697153
1347108145013915648
1347108155352887297
1347108163531796482
1347108191503577088
1347108205248319488
1347108213032947712
1347108222335934465
1347108258696327169
1347108282834542592
1347108337188528128
1347108346185347072
1347108368209555456
1347108499470381056
1347108512619507712
1347108537588211713
1347108545624481792
1347108549164412928
1347108617867161600
1347108619318419457
1347108646170341376
1347108654110171136
1347108686163030017
1347108694228656128
1347108708669652993
1347108724125609985
1347108727179128832
1347108735899021312
1347108758212800512
1347108780165758978
1347108841750736896
1347108931898929153
1347108933119442949
1347108971849646085
1347108979860791299
1347108989918728193
1347109001767563265
1347109010483380224
1347109013868204032
1347109023343144962
1347109031127748608
1347109085515231233
1347109146915700738
1347109243393085440
1347109296442667010
1347109391003242496
1347109403707797505
1347109656620101632
1347109702711304192
1347109928780103680
1347110068945178626
1347110138113622016
1347110329654849537
1347110539965689856
1347110727828402177
1347110861492674560
1347110979323256832
1347111437261561856
1347111465820553218
1347111660071374848
1347111757723152385
1347111765209993217
1347112262113382400
1347112495236919297
1347112632923385857
1347112669547999232
1347112740893061123
1347112744378626050
1347112854462353408
1347112863526219776
1347112868559335425
1347112975711281152
1347113262828163072
1347113316544614402
1347113385272479744
1347113425344802816
1347113427018412033
1347113456567259139
1347113464708403201
1347113550481944577
1347113553841549312
1347113640097427458
1347113861644742659
1347113863473487872
1347114287022694401
1347114435039666176
1347114552358481922
1347114612114808832
1347114616262955008
1347114840930852870
1347115157563047936
1347115796477173760
1347116133099433984
1347116329837481985
1347116531256156160
1347116600365867008
1347116919539838977
1347117027165614081
1347118043260981254
1347118464570421249
1347118474099892225
1347118556304056320
1347119032328015875
1347119116428201990
1347119744437137408
1347119936326553600
1347120191696744450
1347120224248721409
1347120676180799489
1347120797010243584
1347120799212191744
1347120844095545344
1347121386389721088
1347121473765449729
1347121559824175106
1347121573698875393
1347121699108564992
1347121726262566913
1347122035777011726
1347122052822663168
1347122094199472133
1347122263808737283
1347123161284931586
1347123303543173120
1347123521491755008
1347123677473755137
1347123683157012482
1347124511003594752
1347124568855605248
1347124641802973186
1347124740381618176
1347124875937374208
1347125334999752704
1347125397847121926
1347125452205383685
1347125854862778370
1347126393004568578
1347126393080066048
1347126415993536514
1347126472163684352
1347126674903748608
1347127415861030916
1347128005001412608
1347128281783525377
1347128318353694722
1347128645421330432
1347128712106553345
1347128812358791171
1347128824765571073
1347128972367294467
1347128985331888129
1347129049978646528
1347129187065360384
1347129219659276289
1347129504054054912
1347129598513995776
1347129601936551936
1347129632211005440
1347129717233754112
1347129876185296899
1347129928999985153
1347130187599798273
1347130584984924160
1347130721203335170
1347130752706732032
1347131319541661700
1347131384591245312
1347131540845834247
1347131634932453376
1347131856970539008
1347132817113804801
1347132877880893440
1347132932905979905
1347133058764324865
1347133079379464193
1347133320270905344
1347134124147015680
1347134701228740608
1347134943726546945
1347135019253461000
1347135246639247360
1347135405175558162
1347135506279231493
1347135515141804032
1347135665293713408
1347135800027308033
1347135896525615105
1347135899776282624
1347136439960576002
1347136582235660290
1347136666289508353
1347136819490656258
1347136933076602882
1347137775821324291
1347138068768288768
1347138563289329665
1347138579735183365
1347138882186436609
1347139298303352832
1347139679297163265
1347139888467091456
1347139972286074880
1347140026874867716
1347140054104354817
1347140222631469056
1347140456132599808
1347140732423970817
1347141031440089088
1347141448081272836
1347141475193249792
1347141578301833216
1347141596333158400
1347141917117722625
1347142030099697666
1347142038173736960
1347142071124176902
1347142708880699392
1347142831866077185
1347143249576779779
1347143513809580032
1347143637679935488
1347143809868713984
1347144287767703553
1347144587622690818
1347144644816232448
1347145175970295810
1347145291498188800
1347146013769830401
1347146384835833856
1347146842354675715
1347147058940055552
1347147473547112448
1347147682008211458
1347148213183275009
1347148436915834880
1347149540068089856
1347150125446164482
1347150376735223810
1347150994728054785
1347150998473646088
1347150998645534720
1347151661790339073
1347151946017349632
1347152020705333248
1347152294773727234
1347152584398819328
1347152986267672576
1347153459531935746
1347153509616132096
1347153637387218944
1347154110169153537
1347154316973514754
1347154879530360833
1347155500757102592
1347156026244681728
1347156114153091073
1347156461491802113
1347157284636397568
1347157683850399744
1347157812141547522
1347158212328435712
1347158231618121729
1347158544311853062
1347158687534743553
1347158790349725698
1347158806053187585
1347159190180126720
1347159388264554505
1347159801126658050
1347159986066042881
1347160322101145600
1347160940383510528
1347160968988667905
1347161456815599618
1347161650080710657
1347161778560540676
1347162864470126592
1347163288476545025
1347163855970050048
1347164542111948802
1347165356876509185
1347165428276228097
1347165495716425731
1347165657616576513
1347165732124164096
1347166373731037186
1347166536985939968
1347166936778629120
1347167351548989443
1347167467563610114
1347168286727950337
1347168318466220032
1347168990129491968
1347169605308055556
1347170488854966272
1347170761648320514
1347171125768253440
1347171268748058626
1347171344123895812
1347171352491524102
1347171430698545152
1347171511208202240
1347171556271792128
1347171872706850817
1347173142784061441
1347173192050364418
1347173474486398977
1347173578765168641
1347173590526001152
1347173642120146945
1347173667667648513
1347173821560795136
1347173966239174656
1347173992184958978
1347174079195983878
1347174318241767428
1347174350433222658
1347174424634601475
1347174471883501570
1347174552175046659
1347174957265117186
1347175031776964608
1347175035887345664
1347175053666955264
1347175144318492675
1347175272601313285
1347175593138417665
1347175900647927808
1347176053039620096
1347176242701873154
1347176246694866946
1347176254957608964
1347176404807512065
1347176491751268353
1347176599179948033
1347176663428313092
1347176850095804416
1347176863769223169
1347176960619896833
1347177217365848065
1347177228715642880
1347177337243250689
1347177474443120641
1347177619461173249
1347177788302884864
1347178080880766976
1347178125604646919
1347178247830859778
1347178508422963201
1347178594192257025
1347178687414865924
1347178851143659520
1347178913399713793
1347178913970188291
1347178950607441920
1347179017628250113
1347179075962630148
1347179170531598338
1347179235190968325
1347179354103689217
1347179508227596291
1347179571783868422
1347179680177254406
1347180061577932800
1347180141936582660
1347180214313512963
1347180345368702984
1347180355367927809
1347180425869979649
1347180504978755585
1347180648625278976
1347180686134935552
1347180689905610753
1347180996471517187
1347181063962058757
1347181173085253633
1347181198137765888
1347181261903847427
1347181476794814465
1347181785864695808
1347182189855825921
1347182955723173889
1347183800686682112
1347184262945116160
1347184967172939777
1347185171544604674
1347185456690163714
1347185707173949440
1347186330883784704
1347186598807547907
1347186918946201600
1347187430080868354
1347187656392929290
1347187969749364737
1347188020571680768
1347188742608408576
1347188744122601472
1347188884988456960
1347188899009986563
1347188989871206400
1347189245157408773
1347189679104397317
1347189725061328896
1347189829835104257
1347189932729769990
1347190029051944960
1347190103031078915
1347190168265043969
1347190211256705031
1347190406916800513
1347190508112764934
1347191297497559044
1347191382591549445
1347191477940723713
1347191510912086018
1347191557963726850
1347191882959491073
1347192342898470913
1347192655177015296
1347192714673139718
1347193045570228224
1347193296356077573
1347193716692422659
1347193763219841029
1347193928827744259
1347194055835398145
1347194068724404225
1347194307212619776
1347194343061409794
1347194389353943041
1347194696800600072
1347194804460007426
1347195051332534276
1347195919658348547
1347196293001736193
1347196293874008066
1347196343652147200
1347196429534687233
1347196449298264069
1347196676948291585
1347196694715375616
1347196701573074947
1347196710402093057
1347196892543918081
1347196944750415875
1347197308115570689
1347197334128652291
1347197508578144256
1347197558792151040
1347197560272936962
1347197686949302275
1347197743987519489
1347197767307980802
1347197833846398976
1347197876422762497
1347198891284901888
1347198894896275456
1347198957630447617
1347199033849360384
1347199048403611648
1347199166125125632
1347199531167920135
1347200066424078336
1347200214051004417
1347200523087200256
1347200695997501442
1347200821428105222
1347200862511362050
1347200910947180553
1347201110243729410
1347201279932702720
1347201378398183425
1347201387210403842
1347201398048501763
1347201658573479936
1347201814786158592
1347201843932360706
1347201847573049345
1347201854040584195
1347201973460873216
1347202386079657989
1347202494095650816
1347202570301923328
1347202580045320193
1347202584369618945
1347202618691629057
1347202620289638401
1347202876502908931
1347202930261323783
1347203157101862918
1347203337939251200
1347203369941790721
1347203819734761474
1347204010286190592
1347204257594929154
1347204269141843971
1347204282643308545
1347204366017699843
1347204560826363911
1347204602215718912
1347204705085222913
1347205555245490177
1347205737475436549
1347205784397082633
1347205882694819842
1347206039062642688
1347206271863320576
1347206357368393728
1347206359939477509
1347206395985326081
1347206491388915712
1347206757949595651
1347206787599052800
1347206965018185732
1347206997079281665
1347207029627228162
1347207154441326593
1347207266831917056
1347207529147854852
1347207550664638464
1347207616250961923
1347207753136279553
1347207842986602507
1347207889438572551
1347208159287508994
1347208345686593537
1347208544689545216
1347208772234727424
1347208918553001985
1347209167468163079
1347209196891201536
1347209381151125504
1347209576748347393
1347209624836050949
1347209873872850946
1347210121345003520
1347210393341583362
1347210515261616128
1347210642239971331
1347210815783514112
1347210884444282882
1347210980334428160
1347210989746458632
1347211216981258246
1347211297411260417
1347211342189645824
1347211392223485952
1347211393443966978
1347211394291171335
1347211690228789250
1347211724961816576
1347211896210993153
1347212169054728195
1347212259555225600
1347212431957876736
1347212462320455682
1347212775517519873
1347212914063794178
1347213098072027139
1347213300514349063
1347213330105163777
1347213759698391044
1347214099390803968
1347214284951007232
1347214448868675585
1347214808131788801
1347214862133428225
1347214965858566147
1347215824067702784
1347215997913198601
1347216141199015939
1347216205871017986
1347216206730817537
1347216298992939008
1347216434758348800
1347216472851021825
1347216835855474690
1347217187879215104
1347217267168337925
1347217363574419456
1347217429068439558
1347217802185347072
1347217857063641088
1347218052891480065
1347218185725112322
1347218648151318535
1347218814073769992
1347219080751808512
1347219147026010114
1347219193956069379
1347219417130815489
1347220710041804801
1347220754862141441
1347220913801072641
1347221128910135297
1347221155262976001
1347221545798819840
1347221746424885253
1347221850078773254
1347222117419540488
1347222966556385280
1347223321285427203
1347223781236998147
1347224292644294656
1347224314228178944
1347224491999551488
1347224675471028224
1347224982959640578
1347224983001567235
1347224992988196874
1347225080569466880
1347225138090176515
1347225232071774211
1347225975252258816
1347226245789081600
1347226490467999745
1347226496486805505
1347226641853001730
1347226649100759046
1347227291156406272
1347227422786277376
1347227926908039171
1347228100631924738
1347228289136537600
1347228725864247296
1347228885268656128
1347228942294536192
1347229007163531265
1347229179151056907
1347229182930137096
1347229355467005954
1347229539550814210
1347229566574718980
1347229678923362304
1347229855864254465
1347230114736721922
1347230265706364930
1347230488495345665
1347230700609658883
1347230812438200320
1347230963781275654
1347230978910072840
1347231322599657472
1347231475083718656
1347231614250721280
1347231673558167554
1347231679375683587
1347231890890256387
1347231999535288321
1347232241991225347
1347232589875195915
1347232716576665600
1347233235076575232
1347233592217391109
1347233627701178369
1347233651059265536
1347233671389073409
1347233768634019841
1347233858656342021
1347234032078172161
1347234284340457477
1347234712994111488
1347234714789310465
1347235277702656009
1347235345100902400
1347235678103461888
1347235680053850113
1347235734105763840
1347235766464819201
1347236105683431424
1347236225648910341
1347236477424574464
1347237249667235845
1347237314532171780
1347237630770085888
1347237766829142022
1347237815323557888
1347238033452576772
1347238096694341632
1347238657904812037
1347238708819488769
1347238785701048320
1347238808551624705
1347238886880251904
1347238897680601090
1347238907142926336
1347239236366381057
1347239663136813057
1347239838655930375
1347240044965330945
1347240078054199297
1347240331071389696
1347240447513669632
1347240606398115847
1347240855820787713
1347241211657121793
1347241378498170880
1347241755830321152
1347241774570344455
1347241780023062528
1347242106046263301
1347242175692746755
1347242200661454849
1347242348686807042
1347242453661855744
1347242647996526592
1347242657567956992
1347242717663920134
1347242823893057539
1347242863919304709
1347242900569124866
1347243181201645568
1347243653706747905
1347243802529058816
1347243815892119559
1347243944963436544
1347244122223087616
1347244177533370374
1347244407754350592
1347244539388571650
1347244553229762563
1347244635656232965
1347244794062532609
1347244816439062533
1347244953932595202
1347245179980406791
1347245194903752707
1347245212066869248
1347245351066103810
1347245365423005696
1347245391528554496
1347245547397197824
1347245549578289154
1347245710287241216
1347245866063687681
1347245877992292356
1347246189259976704
1347246266384846848
1347246342192713736
1347246984189640704
1347246990443294722
1347247030146625544
1347247340042792962
1347247345319161861
1347247387102875656
1347247586697220097
1347247641399336960
1347247746986737670
1347247878524309505
1347247884140478464
1347248060741640193
1347248133189771264
1347248223841378309
1347248361682956299
1347248373120819204
1347248978103046144
1347249028434718721
1347249046793105410
1347249141106286592
1347249285356785669
1347249418714697729
1347249589368332295
1347249644976406532
1347249912556216320
1347249981825183745
1347250047788986370
1347250071633588225
1347250103262846976
1347250220107706370
1347250242652155909
1347250315863715843
1347250416518619138
1347250460449714180
1347250543408906240
1347250561742200841
1347250844912267266
1347250936612347907
1347250982116274177
1347251015779807234
1347251067109650433
1347251114136268801
1347251143064375297
1347251207430135808
1347251512859308034
1347251656254099457
1347251714756374528
1347251893811240962
1347252181192372225
1347252204500099072
1347252332401205248
1347252753303805954
1347252811868868610
1347252898326073346
1347253024104845317
1347253124977852416
1347253128899473410
1347253139225927680
1347253380675219462
1347253452024524804
1347254188036796419
1347254222140674048
1347254270224179201
1347254403506565121
1347254558083444742
1347254578555867142
1347254663775744001
1347254814380589059
1347254851051409409
1347255443018674177
1347255512342147073
1347255570030583811
1347255603006156801
1347255795046625283
1347255830652067844
1347255889917603840
1347256166989131776
1347256252326432768
1347256314897031169
1347256354352869382
1347256395893239808
1347256690257743874
1347256788656271361
1347256882390511616
1347256953555222528
1347257307793653760
1347257365352079360
1347257427515813892
1347257752977092614
1347257916764680192
1347258123971657731
1347258197430693889
1347258226476277760
1347258250941640704
1347258445494419456
1347259088045039620
1347259141052657666
1347259223659470850
1347259231838339075
1347259424897970176
1347260037547380736
1347260080731910147
1347260192556199939
1347260461113352193
1347260661139730433
1347261103252844544
1347261123385561089
1347261378013360131
1347261451929608205
1347261761431490561
1347261839776886787
1347262252735488000
1347262413993816064
1347262542712889345
1347262713483948032
1347262920099569665
1347262952685105154
1347262995597045761
1347263029570891777
1347263181262094336
1347263360119808000
1347263364867776515
1347264144140066816
1347264239690338305
1347264340337041408
1347264580796477441
1347264712627675138
1347264824921698304
1347264996510674945
1347265116744658945
1347265209560346624
1347265436950417413
1347265839939117057
1347266308430319620
1347266523237289984
1347266530032185348
1347266535182594048
1347266752024080389
1347266911176953864
1347267301243056132
1347267456621043712
1347267877498400777
1347267909538766856
1347267951234338817
1347268118033403905
1347268210366754818
1347268212455563264
1347268393980854273
1347268702505472000
1347269051446394882
1347269206698504195
1347269422554230794
1347269479370285058
1347270505036980226
1347270580639305728
1347270662457593857
1347270842829430791
1347270853273255936
1347271380702691328
1347271412030038017
1347271468292386816
1347271504346673162
1347271789433393152
1347271846224424961
1347271866516451329
1347271875320303619
1347272010578227214
1347272016345391105
1347272434811088897
1347272571142729730
1347272572547772416
1347272900861177858
1347273237244370944
1347273460997910536
1347273469399072776
1347273701176340485
1347273829513629697
1347273898933547009
1347274075706707974
1347274160951726080
1347274322906374147
1347274393643339779
1347274537772179457
1347274554033532928
1347274721918906369
1347274855809503237
1347275025259237376
1347275350955462656
1347275401836564481
1347275451794935812
1347275484707618822
1347275486033010688
1347275486196596741
1347275559517224970
1347275606900277249
1347275780011794434
1347275781240725504
1347275937042280450
1347276126381633538
1347276402157084672
1347276603685003264
1347276689420779525
1347276822199685120
1347277360664633344
1347277463785713669
1347278026074161158
1347278046651437056
1347278641365975040
1347278829316956162
1347278917451853826
1347278996870995971
1347279279739072514
1347279359208517634
1347279539299352590
1347279585780637696
1347279735668224001
1347280210505379842
1347280216314490891
1347280746357121026
1347281042474995719
1347281077975588871
1347281084506103809
1347281630696763397
1347281731192303616
1347281855251419147
1347281862939566083
1347282355690622978
1347282734725668872
1347282864040251394
1347282916884230145
1347282936358445082
1347283352253067264
1347283444552888320
1347283810044547075
1347283888708710403
1347283945499602945
1347284276602150917
1347284449344561152
1347284510422020097
1347284564037791745
1347284949116858368
1347284957291536384
1347285286003290112
1347285593991090180
1347285602874630145
1347285655945175040
1347285949319938049
1347286150847848450
1347286162638041094
1347286222427795464
1347286556583862278
1347286579426037766
1347286606777098242
1347286704466628612
1347286815821197313
1347286889863106560
1347287166976749572
1347287220793847811
1347287284434038785
1347287295406338054
1347287581327765511
1347287678144933895
1347288251992829955
1347288341885157376
1347288983441727492
1347289151394041856
1347289439446437888
1347289458694103041
1347289606253912065
1347289607789023237
1347290006767902722
1347290087042777093
1347290536139509760
1347290587163197440
1347290698152869888
1347291199204372485
1347291320986046467
1347291446752194562
1347292222451036161
1347292592573198340
1347292977765511170
1347293021134532611
1347293076637831168
1347293179909861377
1347293811500834819
1347293943571087363
1347293954665041928
1347294008050118656
1347294254272565253
1347294289097875464
1347294415174438913
1347294581986123786
1347294764622880769
1347294977869623307
1347295525998104578
1347295560311701507
1347295894245355521
1347296550159081479
1347297181712015360
1347297582347939842
1347297861105549312
1347298207743832065
1347298811077677058
1347299444123955200
1347299798383284234
1347300510064373761
1347300587600289795
1347300729501880322
1347300743859097600
1347301105466806274
1347301417623711748
1347301421067210754
1347301445893316611
1347301448674111488
1347301736189460483
1347301872936378373
1347301980264419333
1347302032454115331
1347302033137803265
1347302038426820614
1347302129535496194
1347302189631463425
1347302221160058881
1347302275233017868
1347302291381039104
1347302304375037952
1347302306426085377
1347302353549012992
1347302354241150977
1347302548433203200
1347302799160307718
1347303075250376706
1347303219286990850
1347303246507999234
1347303376946688002
1347303626054791174
1347303636318220290
1347303708066009090
1347303940371730433
1347304103416893441
1347304370489221121
1347304455356751872
1347304589566111746
1347304652849688576
1347305047542149124
1347305189422804998
1347305204342022146
1347305395132506114
1347305864051486720
1347306067970064384
1347306286745055233
1347306349613486081
1347306362573910021
1347306375932768257
1347306435990999044
1347306658960052225
1347306872387330049
1347307046782251013
1347307181071282184
1347307234456436739
1347307269042675712
1347307279880650753
1347307339485949954
1347307400093708289
1347307715123675137
1347307952353505284
1347307993398960132
1347308023597985794
1347308099305172993
1347308105328168960
1347308164409122817
1347308310412857346
1347308342465736705
1347308406743433218
1347308782385324036
1347308909535481857
1347309215560458242
1347309309055684608
1347309334137430018
1347309628011458561
1347309827559739395
1347310199657390081
1347310302782771200
1347310336593039360
1347311178410840064
1347311326423638018
1347311498012610561
1347311726933499904
1347311764485124096
1347312143562137600
1347312178848739329
1347312183722577920
1347312253180243968
1347312286579499013
1347312465235890180
1347312516179914757
1347312617099026433
1347312628960538637
1347312701526183938
1347312722380279811
1347312760510705668
1347312896838148100
1347313049762471945
1347313230117527554
1347313309066915840
1347313383398383617
1347313390478356483
1347313407888941057
1347313617440411648
1347313786663923714
1347313805542514688
1347313817844383747
1347313938812325889
1347313975587954689
1347314168177827844
1347314245197852680
1347314501633376259
1347314570818330624
1347314582159814658
1347314656331919362
1347314678570098689
1347314703001919491
1347314767971692546
1347314776481931274
1347314842122788867
1347314853472579586
1347314864595873792
1347314882392313860
1347314910460604423
1347314972481749000
1347314984682926084
1347315017776029696
1347315060662788096
1347315080149524480
1347315227470270464
1347315263902011398
1347315345690931201
1347315367132213249
1347315547940270080
1347315656182661124
1347315719554396160
1347315720103858183
1347315736260341760
1347315820750381056
1347315867982454786
1347315878434648067
1347315946957004800
1347316101403840512
1347316108316045316
1347316121100288006
1347316123038076928
1347316214348046341
1347316291418402817
1347316310418612224
1347316338189066240
1347316388331999246
1347316455537336320
1347316492816113664
1347316572558405633
1347316658508095498
1347316756583505920
1347316757833383937
1347316793036189696
1347316812304834560
1347316835625041921
1347317086331281410
1347317087459569666
1347317088281452546
1347317089854513152
1347317091431550978
1347317275230138368
1347317325448544256
1347317378900750336
1347317379097894913
1347317426430636036
1347317610367623168
1347317618768752645
1347317971061002240
1347318069132197889
1347318261013118978
1347318342567276545
1347318770944106496
1347318817949675523
1347318883699585036
1347319147701678084
1347319168593522701
1347319291654369280
1347319501872836612
1347319530100584460
1347319603983126528
1347319615874019329
1347319958695395328
1347319970452148224
1347319983123038209
1347320186320379911
1347320457318387718
1347320596296822784
1347320713888342016
1347321202528948228
1347321218945458176
1347321247504490500
1347321259810578440
1347321261492461570
1347321275346264068
1347321280425578504
1347321321420632066
1347321351972007936
1347321463351734273
1347321567185940487
1347321586567815169
1347321653659897856
1347321753236885504
1347321769078697985
1347321792176730112
1347321803195215875
1347321821599830018
1347321857041723395
1347321869028925442
1347321878160011265
1347321942576132099
1347321955951763458
1347322041024864260
1347322041112940546
1347322086470119426
1347322120695468034
1347322221723848711
1347322230787735552
1347322294289510405
1347322334684844032
1347322368188964865
1347322370231595009
1347322376413917184
1347322378867658753
1347322416201162755
1347322542688792579
1347322577199497216
1347322581523824644
1347322597193768961
1347322609113948162
1347322656471871491
1347322681364942848
1347322701204090880
1347322714827190275
1347322742966784002
1347322762646462465
1347322795009732608
1347322816320991233
1347322819978424323
1347322938324877318
1347322963419422722
1347322965713702912
1347322983371710468
1347322984529350656
1347323056449085446
1347323133192187906
1347323184400506883
1347323197541244937
1347323211227287554
1347323225865408519
1347323249600966656
1347323317972312064
1347323441360359427
1347323572189097985
1347323591491268610
1347323675008237569
1347323699897262081
1347323713553895426
1347323730880585730
1347323734164705280
1347323764762140673
1347323912443621378
1347323919930372097
1347323925957664768
1347323939962368001
1347323945347907586
1347324037345783810
1347324066781396995
1347324075845160961
1347324100344213506
1347324112872603648
1347324137212162053
1347324187778686976
1347324201334665217
1347324215779872770
1347324216463527942
1347324264115036160
1347324283752747009
1347324294364323842
1347324295836557312
1347324314366967812
1347324381274533888
1347324385615605763
1347324387377164289
1347324451998887937
1347324589832073218
1347324628700712962
1347324637663805441
1347324654231367680
