1348056963813281792
1348056964107001864
1348056965700870147
1348056996436729856
1348057068494856192
1348057083791486977
1348057120630054919
1348057126229471241
1348057130285342722
1348057184656101376
1348057241228877826
1348057263471259649
1348057295863873537
1348057415598669826
1348057477330460672
1348057561816322048
1348057564685234180
1348057596100489219
1348057630225428481
1348057717345280001
1348057748152451072
1348057806809796610
1348057861767757825
1348057903144513540
1348057916000129036
1348057989316534278
1348058014088122369
1348058250764316672
1348058256640520194
1348058266669101058
1348058281252687874
1348058331945041920
1348058370729775105
1348058384906522630
1348058414849552385
1348058487067054080
1348058894787112962
1348058918560428034
1348058937887764480
1348058960901910528
1348058964232200194
1348059035887669248
1348059058981531649
1348059121636040707
1348059270982545410
1348059359020986372
1348059364754644993
1348059380252602370
1348059401391890434
1348059468504965120
1348059479204651010
1348059507151286277
1348059646246973440
1348059646645428224
1348059668657090560
1348059690127814657
1348059982449803264
1348059982454018054
1348060091086475264
1348060093707931648
1348060152826650625
1348060198724894724
1348060212582887424
1348060331352985600
1348060349820510208
1348060382359859205
1348060390924693506
1348060418166681600
1348060467588190214
1348060494087806980
1348060590066049024
1348060612119715840
1348060654289252353
1348060668516315138
1348060737696976896
1348060748593963008
1348060751538302976
1348060850150645760
1348060880647413767
1348060922372378626
1348060934334541829
1348060950138597378
1348060961211625478
1348061055520485376
1348061060490788864
1348061196365152256
1348061256377200641
1348061264224911362
1348061267399946240
1348061279345385473
1348061299524120577
1348061312941780992
1348061593427439616
1348061766035636229
1348061770942963720
1348061804379963392
1348061855147765763
1348061880196087808
1348061881211121666
1348061907153002499
1348061975297798146
1348062035993636864
1348062042914217985
1348062112459976709
1348062181003288583
1348062182253211648
1348062488982659075
1348062580720496648
1348062627570847747
1348062733187641348
1348062799235321858
1348062961366159361
1348063068111196161
1348063134238564354
1348063227297595393
1348063368683417601
1348063428313800709
1348063440670248963
1348063477529677825
1348063479899557888
1348063488783089666
1348063521985212417
1348063653552156673
1348063665233211403
1348063727820689408
1348063757226942476
1348064029244325888
1348064061414584320
1348064221754396672
1348064334715494403
1348064359856140288
1348064385181356033
1348064513698967554
1348064530962767874
1348064581495742466
1348064589607526400
1348064688429531136
1348064722533416961
1348064794893574144
1348064807904301056
1348064846575759363
1348064871561228290
1348064904352309249
1348065014721228804
1348065151644102658
1348065174259986433
1348065206484742144
1348065217914286082
1348065291939491842
1348065332548788224
1348065344397651968
1348065427780468736
1348065445807595520
1348065460969988098
1348065548073136135
1348065551340474373
1348065580406943745
1348065601458237442
1348065772841668613
1348065798821203970
1348065806094098432
1348065826625249282
1348065865154121740
1348065881419640835
1348065973660749824
1348066176358879235
1348066188123844610
1348066383498784775
1348066565187645447
1348066617415106562
1348066637400977408
1348066643503677443
1348066697631080448
1348066721698095104
1348066766837194752
1348066897783304192
1348066956428140544
1348067028914098180
1348067050086936579
1348067053077475328
1348067071012331520
1348067141292089345
1348067142923661313
1348067195969036288
1348067297668329473
1348067302550466561
1348067352815005696
1348067404744695809
1348067453797064704
1348067516569030659
1348067552371433473
1348067557346050058
1348067700170518530
1348067729316700161
1348067764481765378
1348068219190468608
1348068242770829316
1348068287154941956
1348068349310337025
1348068355287228421
1348068487189688321
1348068495553155073
1348068563639279617
1348068778525954049
1348068923179200512
1348069422687260675
1348069446993240070
1348069836581187584
1348069854859943936
1348070024817373190
1348070325146316805
1348070385879633923
1348070413369307136
1348070517232848896
1348070517341900800
1348070673403555840
1348070698892275715
1348070735185633284
1348070763526545409
1348070814197952513
1348070851191701505
1348070871605374983
1348070894418145281
1348070967898157058
1348070970481897475
1348070998961254402
1348071055282339842
1348071487303987201
1348071510188187651
1348071572691509248
1348071580148981764
1348071584603410433
1348071588093063169
1348071639959937024
1348071650152112131
1348071697929232384
1348071708792483841
1348071709761363968
1348071712538021889
1348071715583135745
1348071718598840320
1348071875646267392
1348071882411696131
1348072010325307392
1348072040201396227
1348072063177781249
1348072064381460482
1348072064461189129
1348072067422416896
1348072086619750402
1348072169427922951
1348072189380198407
1348072203984756743
1348072224939532296
1348072254186409985
1348072301565255680
1348072443341115393
1348072473720475650
1348072596621824002
1348072658894811136
1348072712900587524
1348072777446780930
1348072812163051521
1348072850154991617
1348072851329396736
1348072963942342656
1348073081756151808
1348073265550520321
1348073330725761024
1348073339890397187
1348073373105057800
1348073524716515332
1348073529317728256
1348073553040711680
1348073609978376193
1348073626243911682
1348073639833382912
1348073707449831425
1348073995745243137
1348074304114733059
1348074366106480641
1348074466602065920
1348074670457810945
1348074674157219841
1348074722135855110
1348074785994059778
1348075054966439940
1348075062218420226
1348075069831053323
1348075152920227842
1348075200747884553
1348075276744482819
1348075308562456577
1348075323850690567
1348075335624118276
1348075356004220931
1348075364388655105
1348075470835879938
1348075472010309634
1348075506210664449
1348075533230166018
1348075557884481540
1348075558891040769
1348075606479613952
1348075665501921281
1348076261814530050
1348076305426898949
1348076353581682690
1348076367880052738
1348076459039059970
1348076461228486656
1348076536965038085
1348076690359009281
1348076843488874496
1348076984061059072
1348077020018839552
1348077059638239234
1348077095163981824
1348077103158276097
1348077106421325825
1348077222603710465
1348077274118160385
1348077393483878401
1348077501604622336
1348077571389476866
1348077631934234628
1348077684744744963
1348077704885792771
1348077847500496897
1348077895084875779
1348077897714704385
1348077921529946113
1348077944258891776
1348077960650256395
1348078001473413123
1348078157748957186
1348078294344851457
1348078382878220291
1348078447428567047
1348078460347031552
1348078504072663044
1348078553963909128
1348078606602399744
1348078612822581258
1348078621127303169
1348078661963034628
1348078663649136640
1348078715427840002
1348078767026139136
1348078785996992512
1348078790203879426
1348078794217844736
1348078816657371136
1348078870516346886
1348078883384532992
1348078893174034436
1348078943518208001
1348078951953006596
1348079022379556865
1348079120144592896
1348079149857050629
1348079151266361346
1348079173689102342
1348079201153409024
1348079270514585601
1348079272716603392
1348079293180628994
1348079349153599490
1348079399871143936
1348079455479193603
1348079467453886467
1348079521837277184
1348079594545537026
1348079607044575234
1348079613663092736
1348079635255472129
1348079639995052034
1348079673138417667
1348079731468627968
1348079735264464901
1348079740796760067
1348079781351448577
1348079834694623233
1348079863316537344
1348079869159157760
1348079877078048769
1348079913753075714
1348079915409747969
1348079919444742146
1348079930924535810
1348080026412081155
1348080115217960962
1348080138446131202
1348080162324168704
1348080256327049219
1348080264258465792
1348080272517033984
1348080276321271815
1348080306549645319
1348080354868023302
1348080357581623297
1348080367190867969
1348080385402482695
1348080403874258948
1348080526637338626
1348080787770499072
1348080831722610691
1348080958357041152
1348080981316612096
1348080986769268737
1348080990225358849
1348081112938110979
1348081134668754944
1348081184853680130
1348081210069803009
1348081312318558211
1348081350436388864
1348081395512565762
1348081478308143106
1348081506942656514
1348081544653635584
1348081550391443456
1348081551268065284
1348081597287968770
1348081639914659840
1348081792809660419
1348081819690872832
1348081822698127361
1348081891015077888
1348082003007168512
1348082089611173888
1348082123052355584
1348082152701898753
1348082231173066752
1348082248235560964
1348082273502044160
1348082274655477760
1348082280250617856
1348082458584035328
1348082487977771008
1348082514380943363
1348082608429785088
1348082698905137152
1348082702810021889
1348082782396960771
1348082840735506434
1348082870733201409
1348082872633208832
1348082915125690371
1348083003491287043
1348083062857457664
1348083077885558784
1348083121808408580
1348083169292124162
1348083209125421056
1348083219795734529
1348083297629433858
1348083386565488643
1348083386636759045
1348083395608371202
1348083443100479490
1348083507151712256
1348083524784566274
1348083536171962368
1348083552873799681
1348083585786511362
1348083737024737287
1348083773661978624
1348083826447171584
1348083977739972608
1348084002012454912
1348084210473558017
1348084235719090179
1348084295252979713
1348084297215995904
1348084337766526977
1348084349233631232
1348084443408437251
1348084448382898177
1348084493140324354
1348084551357235201
1348084619359485952
1348084640070967298
1348084780252995590
1348084794706583554
1348084809726308354
1348084812221964288
1348084842555179010
1348084882484899840
1348084888084369415
1348084906778263553
1348084921491980289
1348084980631674883
1348085130250870784
1348085255786409984
1348085306143219712
1348085386111832064
1348085425857040392
1348085445746372608
1348085462943076352
1348085489702760449
1348085490046664705
1348085533315108868
1348085582929522691
1348085588034015234
1348085656417939457
1348085795241021443
1348085904288702469
1348085960098066432
1348085998496968706
1348086010526257152
1348086519983124480
1348086606222254082
1348086608181022723
1348086680419446786
1348086691869949965
1348086909936017410
1348086921331957762
1348086996917485573
1348087161619300352
1348087162600873985
1348087164085694466
1348087164995727361
1348087181684961283
1348087186093203461
1348087190656610304
1348087202480345092
1348087281463255042
1348087283971481600
1348087285011652609
1348087290208378881
1348087343845171200
1348087348739911682
1348087358093209607
1348087360865652740
1348087380344008708
1348087449298337792
1348087608468000769
1348087613425594368
1348087615455690752
1348087803066929155
1348087815746310145
1348087930661777411
1348087937351753728
1348087950580527106
1348087970855870467
1348088042339364866
1348088064183324676
1348088156567056389
1348088293771141120
1348088354596917249
1348088362180218887
1348088469176905729
1348088498981466112
1348088502400016385
1348088616908709893
1348088660269346818
1348088662353993728
1348088898698829826
1348088906215026688
1348088913202712577
1348088966055153668
1348088972375977985
1348088992445640705
1348089026159513604
1348089057159639042
1348089148197003268
1348089177636794368
1348089192228782084
1348089411704119300
1348089513999011842
1348089575873376257
1348089594101772289
1348089650322268163
1348089673911042057
1348089678256336896
1348089737962250245
1348089755049852930
1348089853251092487
1348089891985321985
1348090074701979648
1348090192272515075
1348090275751714817
1348090399768924164
1348090426511732736
1348090519528886280
1348090618862514176
1348090674206236675
1348090706338967553
1348090790518599686
1348090822017773568
1348090877558870022
1348090887537045508
1348090893388173313
1348090919602561026
1348090926095339520
1348090987386720262
1348091011675938819
1348091022501421057
1348091040755036161
1348091050733277184
1348091061512531968
1348091148745777158
1348091234242490370
1348091303217819650
1348091320468967425
1348091324243849216
1348091455215198210
1348091458616758272
1348091600547835906
1348091624811864064
1348091677848850435
1348091952970014722
1348092028572327937
1348092091151351809
1348092115549609984
1348092127838953483
1348092143571775491
1348092186622091265
1348092473948704780
1348092474959552518
1348092514985775107
1348092541443469313
1348092653662056449
1348092656455446530
1348092873472880645
1348092874915794944
1348092877398822919
1348092926124023808
1348093052066410498
1348093163618054147
1348093230462730241
1348093232819875840
1348093312436236289
1348093357105557505
1348093368283369473
1348093389405892610
1348093545228496896
1348093630746132480
1348093663243431943
1348093715403788290
1348093745204498435
1348093771616034817
1348093847084085248
1348093856659759104
1348093950855442436
1348093958547795975
1348093958799429634
1348093976059006976
1348094045084643329
1348094113313386496
1348094115205017600
1348094123631370240
1348094131210498049
1348094300953915392
1348094323129282563
1348094429345816576
1348094454188679168
1348094459594960898
1348094492184879105
1348094495863279623
1348094500762214400
1348094507133399041
1348094556433231873
1348094582697943040
1348094630072619023
1348094632991862784
1348094687761063938
1348094693331128320
1348094711245004803
1348094724243132417
1348094727749574658
1348094840324689920
1348094917629915142
1348094949930266624
1348094988979200002
1348095137763774465
1348095341116198913
1348095363689967617
1348095370065289216
1348095397219229699
1348095446091259906
1348095545177473024
1348095841542811648
1348095893325676549
1348095910367137792
1348095911944183808
1348095917128372226
1348095970383458305
1348096097118547969
1348096126407356417
1348096128609349634
1348096168685957121
1348096183349223424
1348096244921610240
1348096333907824640
1348096351670820866
1348096475214073856
1348096569179074560
1348096615987310592
1348096753732612098
1348096836557533187
1348096976206917633
1348096984830390273
1348097032146341889
1348097032792190976
1348097154502582272
1348097172420632579
1348097303815606280
1348097492697698305
1348097616714883072
1348097622150668288
1348097960555524096
1348097991857602560
1348098011646332931
1348098145989885953
1348098170937552896
1348098316224102403
1348098371127443457
1348098467365842945
1348098489109110788
1348098511833853958
1348098537897291779
1348098550832525312
1348098622521413632
1348098649193111553
1348098677584384003
1348098694760030208
1348098909088985088
1348098964516700160
1348099173502111746
1348099366893072386
1348099373880717315
1348099506076864513
1348099618136076292
1348099627854278656
1348099683445563393
1348099717528481794
1348099744523038720
1348099744564981768
1348099748855746563
1348099759899369478
1348099974635147266
1348100043442696192
1348100180105637894
1348100389481144320
1348100441230471168
1348100490341609472
1348100512986652675
1348100571291594754
1348100601020882945
1348100624559312899
1348100671308967940
1348100775885611015
1348100986271887360
1348101052705472512
1348101137602236416
1348101150503956480
1348101255562997762
1348101276412899336
1348101296633606146
1348101451617349635
1348101517744758803
1348101545120964609
1348101657792544770
1348101675211485185
1348101769109319680
1348101776596217858
1348101782904438785
1348101791771144198
1348101827724718081
1348101839401734144
1348101927159148546
1348101946595545090
1348102061985058818
1348102094272794624
1348102118499082241
1348102128720637953
1348102130847121516
1348102137897648129
1348102161796898817
1348102252959973378
1348102260954456068
1348102261034123268
1348102262829195266
1348102264230195201
1348102274183213058
1348102281682681859
1348102296090107905
1348102331225800704
1348102353841491968
1348102448314015745
1348102496317808641
1348102573874622464
1348102616132300806
1348102616627208197
1348102674345037826
1348102706397851651
1348102820118077441
1348102824870244353
1348103052272799748
1348103079246360577
1348103253385502720
1348103257416228866
1348103268451364864
1348103323153522692
1348103403369590784
1348103444796735491
1348103449200779264
1348103541970395137
1348103544105299969
1348103644495941632
1348103691581140992
1348103777476374531
1348103870254370816
1348103899174072323
1348103942828384262
1348104256654618625
1348104307250491393
1348104508304470016
1348104617289248768
1348104652638855168
1348104658301177856
1348104708435681280
1348104730132799491
1348104850144313348
1348104862823821314
1348104961578717185
1348105018826756097
1348105078029377537
1348105088414396420
1348105478853824514
1348105959831449601
1348105963052662784
1348106012495130624
1348106035907747848
1348106105000439808
1348106419669766145
1348106458567741440
1348106480864677888
1348106485503565826
1348106710569811968
1348106841306378242
1348106873699004418
1348107042741833729
1348107103857213440
1348107293251006466
1348107335970004995
1348107760257421312
1348107974368256000
1348108378841743362
1348108508911312896
1348108760716365826
1348108871643111425
1348108880497270785
1348108924516507648
1348109289794269184
1348109406395912193
1348109634020716548
1348109812899438593
1348109946429329408
1348110752410972161
1348110858539433985
1348110938281549825
1348111141583654913
1348111276904509440
1348111480919629825
1348111764328734723
1348112069573357568
1348112282123956226
1348112610034642945
1348112833951752193
1348112925609910272
1348113255227654144
1348113421267574784
1348113421817049088
1348113596128096257
1348113760842625024
1348113914941349888
1348113987037224965
1348114009447428103
1348114142595604481
1348114188107984899
1348114510964518912
1348114719849254914
1348115138419847169
1348115197991510016
1348115249958936579
1348115430775336961
1348115528758525954
1348115775131955208
1348115788755054594
1348116585542807552
1348116803604652037
1348116852602494977
1348116973016723459
1348117153967386630
1348117360746528768
1348117361270910976
1348117362566901766
1348117436579655682
1348117457773334528
1348117460067737600
1348117488513511425
1348117621481332738
1348117992408838145
1348118115750604803
1348118161162440707
1348118400099377158
1348118418063568897
1348118427945336833
1348118547185197058
1348118560086892544
1348118720602845191
1348119083502469120
1348119109029015553
1348119292336812033
1348119695203987457
1348119743526481920
1348119833901215746
1348119839685156870
1348119877601665024
1348120217004740608
1348120559943618565
1348120688255754241
1348120913447952385
1348121245389357057
1348121745501380608
1348121751792844806
1348122199828406272
1348122302278492160
1348122568692260864
1348123000848207874
1348123212387917824
1348123228733120521
1348123330080071682
1348123372861980675
1348123480227782656
1348123502767960067
1348123787292626944
1348123925293756420
1348123984198512645
1348124201933287424
1348124395743674368
1348124586072801283
1348124632524709888
1348124890117898240
1348125400652775424
1348125404553482246
1348126028506542081
1348126078536196099
1348126310187622400
1348126379334799367
1348126409026396160
1348126553591447552
1348126611191824384
1348126677814161408
1348126941992394755
1348127118618726403
1348127408403210244
1348127736594915329
1348127792014249989
1348127822544588803
1348127851804037122
1348127961954840577
1348128115986477056
1348128137733926912
1348128318755905536
1348128437496668162
1348128547685208064
1348128587849859074
1348129022971146241
1348129256774238209
1348129634311929862
1348129719150108678
1348130154061713409
1348130285473435651
1348130578143571969
1348130645600571392
1348130647332823040
1348130674134446081
1348130812479361025
1348130853881335808
1348130985657987072
1348131098459570176
1348131110207762435
1348131130931879936
1348131201761112065
1348131325128048641
1348131347299262465
1348131403125424131
1348131479784726530
1348131490299858944
1348131575096078338
1348131586487840769
1348131704532303872
1348131927442784258
1348131936028524545
1348132017729318914
1348132078047666177
1348132461029560322
1348132463407730694
1348132518155976705
1348132536279588864
1348132540834582530
1348132553417515008
1348132596664979457
1348132754765058048
1348132836524613632
1348132935078129664
1348132964924796928
1348133054473261058
1348133111578689536
1348133124203544577
1348133135708545024
1348133146353655810
1348133158554902530
1348133320144642049
1348133466936758274
1348133511304261632
1348133808588075009
1348134189053440002
1348134315461373952
1348134339423383553
1348134362072674304
1348134493081763847
1348134765933821953
1348135143890944001
1348135231212163073
1348135394106200065
1348135661421920260
1348135665544916992
1348135955501375489
1348136065257910272
1348136174259478528
1348136207864225792
1348136234946756612
1348136457685377024
1348136732252925956
1348136744139567104
1348136925727744000
1348136946632171522
1348137241621762048
1348137323981103104
1348137375826907137
1348137453480255494
1348137493321838592
1348137557478010882
1348137572070006788
1348137594111012864
1348137759547006976
1348137950698221568
1348138078649643015
1348138105988116480
1348138288222253056
1348138456686469121
1348138531059884032
1348138619320545280
1348138874221031425
1348139479001870337
1348139549541675009
1348139614465351681
1348139711966097409
1348139758111756288
1348139769180663809
1348139784343085059
1348139988538552322
1348140009916944389
1348140013326921728
1348140051901911041
1348140075410976769
1348140202792022018
1348140232827428864
1348140299151941633
1348140332551204864
1348140338863611905
1348140443549241345
1348140531310882818
1348140573564264449
1348140807577075712
1348140993745481729
1348141020500865024
1348141081830027264
1348141612854112256
1348141653220089856
1348141660245553153
1348141753044520960
1348141908921606144
1348141936566267906
1348142078874759168
1348142193765208064
1348142207870660609
1348142314053636097
1348142356357406721
1348142584946946054
1348142586146541570
1348142887553347584
1348142956327415808
1348143081938419713
1348143083465142272
1348143169456779265
1348143669480722433
1348144005138288640
1348144196113330176
1348144199284219904
1348144256628699136
1348144333074137088
1348144488649261058
1348144599257247746
1348144697781456897
1348144698897133568
1348144788948869121
1348144900810960897
1348145010999496704
1348145079530233857
1348145121443913729
1348145140540600323
1348145142566424577
1348145179694403585
1348145294563807232
1348145302692261889
1348145366689054721
1348145419012988930
1348145641365655552
1348145654611259395
1348145666351112192
1348145709929869312
1348145710206771206
1348145845225615360
1348145927362670593
1348145931821191168
1348145947256238080
1348146081008398338
1348146238521303040
1348146265817812993
1348146324324167680
1348146393165271041
1348146548002189314
1348146690595893248
1348147224329543680
1348147383729848320
1348147559399882754
1348147560041631746
1348147560456675330
1348147561316687873
1348147561903714305
1348147562490990592
1348147562931343363
1348147563086704641
1348147563543801857
1348147563933872130
1348147638705807363
1348147722944180224
1348147841777201152
1348148194958602240
1348148252093374465
1348148276164493312
1348148278899171333
1348148305260408832
1348148342975434755
1348148424697380864
1348148527965364225
1348148546776788994
1348148571930062849
1348148719338840064
1348148875618643970
1348148924956233728
1348149246764179458
1348149521407242240
1348149641058119682
1348149891248353282
1348149930628624384
1348150147222536194
1348150149948862469
1348150200569835526
1348150209122086914
1348150420804395008
1348150579319762944
1348150579445510145
1348150626442743808
1348150662199201793
1348150738535526401
1348150983696801795
1348150992496422913
1348151083089211392
1348151093352660997
1348151306104545280
1348151334436962304
1348151334491594752
1348151369069432833
1348151444457844737
1348151449465860096
1348151473910247425
1348151519196160002
1348151686443970562
1348152044889272321
1348152071858565120
1348152134605426690
1348152341019586565
1348152389136748545
1348152442412789760
1348152503691571202
1348152641604481024
1348152723561209857
1348152904197267461
1348153220233891840
1348153295265689601
1348153590993575936
1348153598421700609
1348153850839011331
1348153921555066882
1348153941599674368
1348154098839937025
1348154228943048704
1348154408887070721
1348154542379192320
1348154706615525376
1348154911394033665
1348155063613743104
1348155109214212097
1348155111575605249
1348155301325926401
1348155310465282048
1348155355688271873
1348155444653658112
1348155552401121280
1348155663206244352
1348155755808120832
1348155966186020865
1348156148847931394
1348156212114649088
1348156231605768197
1348156367723495425
1348156389038854146
1348156408919973888
1348156591867105280
1348156678403977217
1348156764013944832
1348156798444953602
1348156825129119747
1348157103635103744
1348157256630751232
1348157358455840768
1348157383017693185
1348157423735943168
1348157445949038592
1348157470074695683
1348157603545808897
1348157619832291328
1348157622017527808
1348157636945080320
1348157653353193473
1348157690502123520
1348157711310082049
1348157719312740354
1348157747318153216
1348157764539977731
1348157815161040896
1348157867749240832
1348157924976308224
1348157993334894600
1348158084489895937
1348158123123552257
1348158147953913857
1348158199317352448
1348158239645569024
1348158341265174528
1348158425918812160
1348158431019098120
1348158432629542914
1348158470579752961
1348158473771614209
1348158507812581376
1348158584178298880
1348158632559407104
1348158743779930113
1348158970557591552
1348158975771103232
1348159052535181312
1348159232428929024
1348159358052478977
1348159687364124679
1348159879719116800
1348159928129740800
1348159951466864642
1348160149861539841
1348160260658376704
1348160332422852609
1348160333362442241
1348160344133423105
1348160376224047105
1348160411573616642
1348160412378935297
1348160425406451712
1348160490602704896
1348160503139475459
1348160525830680576
1348160533346865155
1348160538430287875
1348160799580282882
1348160867435749376
1348160983525715968
1348160999875031041
1348161015071068160
1348161034222067713
1348161072272957441
1348161082209275905
1348161132704518144
1348161175842942976
1348161385310650370
1348161400695230467
1348161406114406400
1348161418365988865
1348161524355969024
1348161626483150851
1348161743013498881
1348161750512906241
1348161896487284736
1348162036019187714
1348162088645046273
1348162100317851649
1348162142625820672
1348162147226963969
1348162250008358912
1348162349996322816
1348162410310479873
1348162433089679367
1348162466770014208
1348162492191670272
1348162501867950080
1348162661469483009
1348162662040002562
1348162662329430017
1348162670214610945
1348162677168893953
1348162693916741632
1348162746756591618
1348162756340494336
1348162893146173440
1348162964159926272
1348162969960652801
1348163067314638849
1348163177100546050
1348163262689538051
1348163295786758144
1348163489228075009
1348163515945791490
1348163540109156354
1348163619180187648
1348163748746432515
1348163773174046725
1348163798641864704
1348163917806137348
1348163952254005248
1348163990661292033
1348164067962347521
1348164147788320773
1348164180474474496
1348164185683865600
1348164238230093825
1348164246018912256
1348164293104119809
1348164354362011648
1348164360552771584
1348164394182651904
1348164440550735878
1348164472041566209
1348164615784566784
1348164654472769544
1348164713906139137
1348164914075095041
1348165027740712960
1348165065556504576
1348165098318295040
1348165113568776193
1348165137702772736
1348165169919229953
1348165175392800768
1348165175568965633
1348165175661232129
1348165199946264578
1348165266111422464
1348165278509789184
1348165309614727168
1348165338890973186
1348165464741060609
1348165472366301185
1348165492582842369
1348165670970798080
1348165738834653184
1348165826772398082
1348165864927985665
1348165904354467840
1348165930560360449
1348165940463198208
1348166028526821376
1348166130129657856
1348166314800668673
1348166433780469760
1348166606459981824
1348166648553943040
1348166666962821120
1348166693923782657
1348166729541812224
1348166895569137664
1348166897083232262
1348166901613080576
1348166965458825220
1348167061760057345
1348167093351542784
1348167158833049603
1348167228714340352
1348167232426274818
1348167239292350464
1348167281197592578
1348167324998758400
1348167455470977030
1348167494415085568
1348167581107171329
1348167692184797190
1348167692281208833
1348167797952704513
1348167956304375808
1348167995303059457
1348168027460808709
1348168059706605568
1348168081194020865
1348168156037132293
1348168418466410496
1348168512968273920
1348168705105141762
1348168876064960512
1348169091564105728
1348169183914303489
1348169189173972992
1348169230869536768
1348169447572434947
1348169453763223552
1348169519387336706
1348169530724462592
1348169600769339392
1348169651021369344
1348169713864626177
1348169782818983938
1348169812736880640
1348169857511075840
1348169906269904896
1348169951471951872
1348169991644999682
1348169995470180352
1348170061350121473
1348170106271109122
1348170125904642048
1348170209237098496
1348170209291603970
1348170311385149440
1348170367802744832
1348170394163884032
1348170430079762434
1348170467035774977
1348171145359585281
1348171162497462272
1348171204742574080
1348171389002506241
1348171394216026112
1348171418454913024
1348171532460318720
1348171571115012096
1348171648567042048
1348171692405874688
1348171792322600960
1348171865899073536
1348171948329738241
1348172076922896385
1348172135542435840
1348172140365885441
1348172257491898369
1348172403638198273
1348172566695968769
1348172725232275458
1348172725307641857
1348172725341331456
1348172732199022592
1348172758077857792
1348172820610740227
1348172845365473280
1348172950873149440
1348172969307201537
1348173031701676032
1348173035895926786
1348173152879312898
1348173190418341889
1348173257762070528
1348173263491502080
1348173342793211905
1348173348828831745
1348173491728744449
1348173595604901888
1348173662877331458
1348173732112596992
1348173821619134464
1348173937709101056
1348174005078024192
1348174094718664705
1348174102083883008
1348174163970830336
1348174238381862912
1348174310754701312
1348174377813237760
1348174450286538752
1348174477398585345
1348174489553678336
1348174502258040832
1348174534520745984
1348174535691010051
1348174607992369154
1348174623767146498
1348174646974140416
1348174831473319936
1348174842235904000
1348174844291067910
1348174847441047553
1348174942559477760
1348175054434148353
1348175101829722112
1348175182087782400
1348175304121069568
1348175530324094976
1348175547596206081
1348175703246827522
1348175802697973760
1348175828740403200
1348175893349412865
1348175925087768582
1348175995426234369
1348176000312619009
1348176034626215940
1348176048626806785
1348176097205223425
1348176142214311936
1348176192394960896
1348176222203895810
1348176393788661760
1348176407248121858
1348176481055338498
1348176483009888258
1348176507194236932
1348176615205953536
1348176785125605376
1348176785352126465
1348177162927550464
1348177172721262592
1348177245475491840
1348177366011490305
1348177467442421760
1348177476430802944
1348177507976142850
1348177528821846017
1348177529090297856
1348177647575166976
1348177715158003712
1348177730647564289
1348177753560862720
1348177758447230979
1348177760007569410
1348177760066236421
1348177761500880901
1348177768056549379
1348177775967031296
1348177783466446848
1348177854543101953
1348177874914783233
1348177917197561856
1348177979680190465
1348177999888330752
1348178010277609472
1348178055244754945
1348178063977283585
1348178150631612417
1348178217442672641
1348178227613716484
1348178460263542786
1348178715948314625
1348178757727752192
1348178765348798465
1348178793987510278
1348178836366766080
1348178844927320064
1348178883342905347
1348178969997271040
1348179001441968129
1348179032576151558
1348179138033676291
1348179183474765824
1348179215234043904
1348179289280229376
1348179309635186688
1348179376588861442
1348179532046589955
1348179549771730944
1348179563298381825
1348179572706177025
1348179678562037760
1348179723956924416
1348179883839655936
1348179916748173313
1348179930396430338
1348180149477527552
1348180161620045825
1348180220331884544
1348180275612839939
1348180275633668096
1348180409255751681
1348180469142216704
1348180484560453632
1348180489228734465
1348180608988667905
1348180772860137472
1348180856205148160
1348180929349636097
1348180938090549248
1348180948588908544
1348181030256054275
1348181080709472257
1348181112732987393
1348181184233283584
1348181201459277832
1348181290923778048
1348181374994436096
1348181387120156673
1348181495953944578
1348181533312606209
1348181533425868800
1348181533702705153
1348181534960988163
1348181557912154114
1348181568590909440
1348181662711111681
1348181694579400704
1348181702309535744
1348181706726133762
1348181814402285570
1348181816004501505
1348181822543454208
1348181871398674432
1348181953200214017
1348181964260519937
1348182018283155458
1348182026764103680
1348182052726779905
1348182127842643968
1348182135602098177
1348182179218599936
1348182181441630208
1348182204048941056
1348182285976293376
1348182288354451456
1348182376967503880
1348182423834664960
1348182564578725889
1348182638763397120
1348182686725246977
1348182791561863169
1348182791725395968
1348182795487739904
1348182800600596488
1348182855361429507
1348182960713904128
1348182985045123072
1348182999578382337
1348183051361275907
1348183136115552256
1348183177081352192
1348183241514213378
1348183332241235969
1348183361056075776
1348183457604788224
1348183530661175296
1348183677579227136
1348183711322427397
1348183734114267138
1348183802837934080
1348183872379432961
1348183901806743552
1348183966545817600
1348184049911689217
1348184094128144384
1348184096632139777
1348184157583761410
1348184176508465152
1348184208334794753
1348184245643182080
1348184252043685889
1348184419807457281
1348184510417002499
1348184520776937472
1348184551869337602
1348184562124382208
1348184638494187521
1348184758723948544
1348184813283454977
1348184964945354753
1348185123074801666
1348185130876215298
1348185189621633029
1348185261717540865
1348185265819574274
1348185268298383363
1348185308152532994
1348185308161056768
1348185308202848261
1348185309121400834
1348185309687607297
1348185325399642112
1348185349441335302
1348185516672491520
1348185522372546565
1348185531411292163
1348185552495919104
1348185765105315842
1348185775347793920
1348185801545412608
1348185902246408192
1348186022073536513
1348186072082247680
1348186077933146113
1348186080688922625
1348186090193248258
1348186142705905664
1348186208669724674
1348186210573950976
1348186274222530560
1348186295051419649
1348186307277807616
1348186357852753920
1348186387430969344
1348186419056021505
1348186642033627140
1348186655962894339
1348186700288299009
1348186705866747909
1348186725940670464
1348186779766108160
1348186806769098752
1348186838087958529
1348186867947155456
1348186874326736897
1348186915552505859
1348186942756823040
1348187025640460293
1348187155345141760
1348187156620206082
1348187198663892995
1348187244444741633
1348187373205651456
1348187410044219394
1348187468584148993
1348187523621773314
1348187654454734848
1348187793516847104
1348187824923676673
1348187931081662464
1348188094659518465
1348188111415635970
1348188175223508993
1348188551041712128
1348188654867513344
1348189222193262594
1348189246637678593
1348189368683474945
1348189523231055872
1348189653904617474
1348189921945804806
1348190077378297857
1348190150354984966
1348190222908092416
1348190234811523072
1348190313664409600
1348190341464264706
1348190373898809346
1348190412524163078
1348190455641550849
1348190500487094273
1348190537006911489
1348190563774947328
1348190589800624128
1348190767215468544
1348190768415072258
1348190820126617600
1348190860312268800
1348190908123144192
1348190956777054208
1348191290266181632
1348191364866043907
1348191630185160705
1348191818798739456
1348191931222913027
1348191935358500864
1348191942136508416
1348192416843628544
1348192859485302784
1348192859615342594
1348192867282542593
1348192956671422465
1348193786673975301
1348193810132688896
1348193822069710849
1348193857494786049
1348194077226000385
1348194116912377858
1348194219039580160
1348194584782909443
1348194647508660226
1348194708133175296
1348194923288420352
1348195029068763136
1348195395659296769
1348195503708762113
1348195517034090496
1348195597594087424
1348195752791650304
1348195820349349889
1348195933213888512
1348196080446533632
1348196415051333633
1348196427013509122
1348196521301438464
1348196628776316928
1348196715602587650
1348196780937154560
1348196800272998400
1348196978669314048
1348196979604647937
1348197093614231553
1348197443180097537
1348197561979580419
1348197788157411330
1348197928284942337
1348197966117539841
1348198398814547968
1348198468368687105
1348198885760634884
1348199149536219136
1348199711128379392
1348200074229280768
1348200371525709826
1348200408368476160
1348200453549543424
1348200970656903168
1348201087447269378
1348201348303613954
1348201389688811520
1348201491685904385
1348201689401200646
1348201881072529409
1348202073821745154
1348202078347386881
1348202153748406272
1348202346535383041
1348202845422628868
1348202889701957633
1348203198599852034
1348203574057181191
1348203883915587584
1348204287780941824
1348204391229255681
1348204450868039680
1348204473055899653
1348204489770201088
1348204670041337856
1348204973646090241
1348205092852412418
1348205163333496832
1348205274365104128
1348205687671808002
1348205720387416064
1348205986620837888
1348206020246568962
1348206353022668802
1348206372278689792
1348206481729081345
1348206573013901312
1348206667784204289
1348206714986909696
1348206789746188289
1348206810377940992
1348206839125733377
1348206899473248256
1348206904028389376
1348207021741531137
1348207499472740353
1348207962079305728
1348207962721050624
1348207970115596289
1348208099186847745
1348208234151223297
1348208319505301506
1348208482240106496
1348209216155242497
1348209265555738624
1348209498629038080
1348209709690613760
1348209939882373121
1348209993632411648
1348210279797035009
1348210474006040577
1348210491743727616
1348210995198648321
1348211354264596482
1348211407175753728
1348211538646224896
1348211571911258113
1348211656296431616
1348211732339109888
1348212054763700224
1348212275858059264
1348212487485874176
1348212739064344576
1348213231542792194
1348213416977190914
1348213490889216000
1348213584136990721
1348213981912182784
1348214020118032385
1348214026774474754
1348214117245603840
1348214179317035009
1348214287228149761
1348214730595454977
1348215136599863297
1348215206774763522
1348215467425624066
1348215505417621504
1348215507200208896
1348215605200097280
1348216079265488896
1348216348720160769
1348216429242417158
1348216548364849153
1348216912996610048
1348217108526727168
1348217741153628161
1348218197821050887
1348218608833466368
1348218621961654273
1348218751175585792
1348219409282846721
1348219580259446784
1348220100789350400
1348220137439113219
1348220289293934592
1348220556257210368
1348220652994654208
1348220910206128130
1348221205220892674
1348221334606802945
1348221798748352516
1348221933402419200
1348222081402593282
1348222139124625409
1348222224101216256
1348222256741285888
1348222331643187200
1348222715690418176
1348222724263575553
1348222735349067776
1348223057832382464
1348223062668414976
1348223383582998529
1348223780695515136
1348224008072916994
1348224159667650562
1348225399327584258
1348225976619180032
1348226664791220224
1348226722391535617
1348226872388284416
1348227096020180992
1348227183534239745
1348227206351384580
1348227294435930112
1348227373351772171
1348227635697115137
1348228585694392324
1348228665490944000
1348228877898932224
1348229165166821376
1348229389092327425
1348229590129512452
1348229669917757440
1348229720224247808
1348230066409512960
1348230084843466752
1348230104749641730
1348230543121526790
1348230606958845952
1348230607902560259
1348230627775143938
1348230708679102465
1348230786068185089
1348231022337552385
1348231375569248256
1348231807276343299
1348233131296374791
1348233168885846016
1348233455218393089
1348233495668273153
1348234244141834241
1348234979751251970
1348235102627786755
1348235281208659968
1348235639960068096
1348236343500042242
1348236424013778949
1348236543874519042
1348236954266185729
1348237034008293376
1348237224370987009
1348237524729274368
1348237959913418753
1348238041740161024
1348238157637042176
1348238162221522947
1348238392761458690
1348238775294582785
1348239694245584896
1348239696766377989
1348239708560777218
1348240046864924673
1348240128523837442
1348240196433809408
1348240463308976129
1348240743647866880
1348241165456470016
1348241743842574337
1348242105072824321
1348242469935316992
1348242833858297856
1348242888573005824
1348242934399983618
1348243203166785536
1348243210259357697
1348243344640647168
1348243346876198912
1348243533799555072
1348243571808362498
1348243605048217600
1348243739358228480
1348244026605113344
1348244477656391681
1348244657860440066
1348244979832016898
1348245229548281856
1348245706214150150
1348245708004945924
1348245852201119745
1348246222247776256
1348246964757008384
1348247440122671106
1348247500243795971
1348247971125747712
1348248149777915905
1348248258804666368
1348248274071904256
1348248355365785601
1348248821730598912
1348249091092996096
1348249481297371137
1348249547580076040
1348249691897667585
1348249696511385600
1348250220325429248
1348250280857661441
1348250285450416129
1348250468699545603
1348250605006028802
1348250896300449792
1348251067256090625
1348251109576626179
1348251171987877888
1348251242758365184
1348251497948209154
1348251784607903744
1348251853180575750
1348251855286099971
1348252111843303426
1348252406463811588
1348252593114460163
1348252595048091648
1348253251100147713
1348253256800235520
1348253258901377025
1348253457212469248
1348253484395728897
1348253511834861568
1348253553928892416
1348253572585181185
1348253686758256640
1348253959186735104
1348253963490103296
1348254113201582080
1348254123704115201
1348254149025157120
1348254357955993600
1348254594552487936
1348254659929124864
1348254847028654081
1348255028075786243
1348255112184156160
1348255229863751684
1348255264550617091
1348255455190126592
1348256065406828544
1348256124475207681
1348256212664668162
1348256238098927619
1348256738437378048
1348256979433758723
1348258310311587841
1348258475600736257
1348258721307222020
1348259226423070724
1348260825606324224
1348260991079997441
1348261040367296514
1348261283485937666
1348261309851324420
1348261365417467904
1348261546720423936
1348261615028887553
1348261717478944769
1348261723992694785
1348261812538650624
1348261841521278976
1348261847976341507
1348261917392044034
1348261917912145921
1348262064305876992
1348262294048923649
1348262395936956416
1348262397555990528
1348262436512681986
1348262455089258497
1348262615684952064
1348262690939138049
1348262731263127553
1348262904018173953
1348262927229480960
1348262941116805122
1348262990123061248
1348263049220808707
1348263059882696704
1348263112403800064
1348263202925244416
1348263619356721152
1348264014586011649
1348264224972271616
1348264538488111105
1348264711981293570
1348264835453218818
1348264956999970816
1348265094908702720
1348265321870798848
1348265545146232833
1348265569624199169
1348265632786231297
1348265786385829891
1348265800117972997
1348265843847737344
1348265851749806083
1348266932819079171
1348267083021299713
1348267097244069890
1348267161735847938
1348267776226549763
1348267849631072264
1348267873786093570
1348267968778670080
1348268145082032129
1348268265768771595
1348268345964032000
1348268359062876160
1348268528038719492
1348268753310642178
1348268775225831428
1348268874739949568
1348270028542668800
1348270321716109319
1348270606647762945
1348271020830904321
1348271039122468864
1348271139697668102
1348271288910020609
1348271304546271234
1348271384150110211
1348271392916197378
1348271819158126598
1348272534932873216
1348272566901870593
1348272742609645570
1348272858900914176
1348273049943027712
1348273215832006657
1348273388872077312
1348274162196996096
1348274923127631874
1348275151583014914
1348275177289875457
1348275435105378304
1348275443913404422
1348275877524738048
1348276142642524165
1348276164389982208
1348277163750006785
1348277380205469698
1348277670631661568
1348277763162083330
1348278857036660737
1348278900179271681
1348279699496202244
1348280606451519490
1348280938573123588
1348281101840744448
1348282130300870661
1348282842363654147
1348282875398025217
1348282910282014722
1348283454488674308
1348283459882639361
1348283461790941185
1348283595857616897
1348283775407583235
1348284628998770691
1348285330366070787
1348285333683757057
1348285829031059460
1348286236646137856
1348286719028834304
1348286921236209666
1348287076001841153
1348287374824976389
1348287664257167361
1348287825695956994
1348287964414152704
1348288284154327040
1348288419152224257
1348288488253362182
1348288488379019264
1348289434173763584
1348289812906844161
1348290883280662528
1348290952985776130
1348291154182340610
1348291257555169280
1348291375197007872
1348291475809959939
1348291494277427201
1348291598271045633
1348291787006369792
1348291836041953281
1348292562612793345
1348292719446286337
1348293271458639877
1348293407303675904
1348293979385769990
1348294269069627393
1348295199026458628
1348295403335249923
1348295586601185281
1348295709422923776
1348296113346981889
1348296550074765314
1348296625689686016
1348296978761998341
1348297095275573253
1348297243804258306
1348297294836342784
1348297354856849409
1348297381373161474
1348297413014876162
1348297894995111938
1348297951148437504
1348297962011635713
1348298040663224321
1348299008368906240
1348299710747049986
1348299939097567237
1348300658500399104
1348300868270104576
1348301229034770436
1348301281606197249
1348301498950758400
1348301690005581827
1348301710083690498
1348301771823853570
1348301813435539460
1348301893093781504
1348301985460727810
1348302114393567234
1348302329645297669
1348302344325312512
1348302447849181188
1348303257169494021
1348303462304509953
1348303742576300032
1348304498658316292
1348305392732925954
1348305652561674245
1348306085669724165
1348306396148871169
1348306403681832960
1348306774286340097
1348307067061284865
1348307432133582849
1348307788913586176
1348307826175844355
1348307838830051329
1348307995130814465
1348308027640848386
1348308125846274050
1348308157962059776
1348308272948903936
1348308297649152001
1348308617934606337
1348308620878905345
1348308665997078528
1348308781143359491
1348308832598986753
1348309014501879813
1348309136610570242
1348309137663401984
1348309160354582535
1348309647308980230
1348309684860702720
1348309969645547523
1348309974867456000
1348310036540493830
1348310197798887424
1348310203947773952
1348310332968738816
1348310363113201664
1348310692496105472
1348310837321228290
1348311153093476352
1348311404885929987
1348311780943147011
1348312772828913665
1348313326758068224
1348313356382433282
1348313982000631810
1348314432846385152
1348314855841951744
1348314895448739841
1348315002646757377
1348315138043113474
1348315393442664448
1348315636733247488
1348315639002222598
1348315767083773953
1348316255653138432
1348316359957098502
1348316381662609408
1348316525367857152
1348316528190623745
1348316876988768256
1348316983251636225
1348317004684529665
1348317429143797762
1348317524727885824
1348317563319627778
1348317696132337666
1348318157409292289
1348318654287532033
1348319902189416450
1348320176635342851
1348320256079622144
1348321015219281920
1348321203757334530
1348321238968631300
1348321430648328192
1348321775340445699
1348321869523529739
1348322066269929477
1348322219160727553
1348322244309745664
1348322451747434497
1348322781964988420
1348323720285335552
1348324219025809416
1348324434902478850
1348324974973616138
1348325014874021896
1348325362883768326
1348325596682706945
1348325899096236032
1348326168508948480
1348326182622814208
1348326356115927042
1348326691500941314
1348327145202974720
1348327807710064641
1348327934206074883
1348328011091861504
1348328076468510721
1348328315367645184
1348328320308539394
1348328377648820231
1348328443155505152
1348328473715232770
1348328754687340545
1348329032539136000
1348329095743090692
1348329450820263941
1348329850717822976
1348329933592997889
1348329969886310408
1348330162404937728
1348330471462207488
1348330515200417804
1348330531772096514
1348330778590064644
1348330854075019264
1348330883674234880
1348330935431933953
1348330965186310146
1348331115094880260
1348331250331885568
1348331488606105601
1348331529127272453
1348331619912994821
1348331643891838976
1348331913396641792
1348332082322403332
1348332608879550468
1348333018465923074
1348333191879340035
1348333376760147968
1348333439745990658
1348333571677839361
1348333616145846272
1348333699398590465
1348333730780352517
1348333847038078977
1348333865899798530
1348333874246516745
1348334156477046791
1348334271782649861
1348334299150475265
1348334479618801666
1348334547105173507
1348334689602457603
1348334761874518018
1348335220400017411
1348335557697556487
1348335869011382273
1348336303331549185
1348336371744858118
1348336392238231554
1348336636006965250
1348337099829895170
1348337334689943554
1348337527166558214
1348337552122634240
1348337731525619716
1348337783883112450
1348337824895029257
1348338133977493505
1348338524148412418
1348338865732546561
1348338946015715328
1348339325847678977
1348339362623324161
1348339912869879809
1348340347819204611
1348340690523205634
1348340714212651008
1348340762287759369
1348341200529616897
1348341310835617798
1348341682190868482
1348341682580959236
1348341817343942656
1348341895999729664
1348341905009094657
1348342191102562304
1348342265488424962
1348342346375688196
1348342586168258561
1348342688559624197
1348342698479128578
1348342970286821377
1348343017833451521
1348343068659953664
1348343544772255744
1348343671859642372
1348343696140496897
1348343853485596677
1348343853997191168
1348343855230324736
1348343883017703432
1348343987292266497
1348344097816379393
1348344155592912899
1348344200903987201
1348344336048660480
1348344561286995968
1348344695827681281
1348344753218269186
1348344820989878273
1348345055485059075
1348345718931652610
1348345770097995778
1348345814368837632
1348346063258849280
1348346340439449600
1348346369568866305
1348346512443629569
1348346519808843776
1348346596841443328
1348346684556914692
1348346719856160769
1348346980385386496
1348347143317291009
1348347381323079680
1348347579805949956
1348347628149493762
1348347629390983168
1348347671942213635
1348347871171665920
1348347912422625282
1348347956701917198
1348348089548087298
1348348148444508160
1348348226102034436
1348348235694419968
1348348242996682752
1348348397007335427
1348348398240468998
1348348427080323073
1348348465479344134
1348348602624700416
1348348616453337088
1348348865636950016
1348348878718988290
1348348891360604160
1348349047237730304
1348349098739564545
1348349233037013001
1348349343783395330
1348349360468357127
1348349839717900288
1348349932693028865
1348350120421711872
1348350156115206145
1348350355550175233
1348350536488247296
1348350908116168704
1348350918849409025
1348351007311454209
1348351064555343878
1348351202266910720
1348351403555581952
1348351613916901387
1348351687682043905
1348351900358483969
1348352026275704833
1348352349333499905
1348352383219355649
1348352402890616834
1348352968295387139
1348353137212579841
1348353214287142915
1348353242464448516
1348353283182755841
1348353323930415105
1348353373758750722
1348353401688612867
1348353435167502337
1348353533419118595
1348353545674784769
1348353553333702656
1348353621327552515
1348353675996131328
1348353696913006592
1348353871505203206
1348353892598341634
1348353934214238211
1348353996445130752
1348353999314055172
1348354047435296772
1348354055559643139
1348354070147436547
1348354095741100042
1348354126657236992
1348354140368470018
1348354160241074176
1348354188095475716
1348354266612830212
1348354319855267841
1348354437480390657
1348354494925590529
1348354499740655623
1348354537598365696
1348354667600769025
1348354708453404678
1348354899956916231
1348354928528515077
1348354958744313858
1348355037110657024
1348355170619547648
1348355236059090945
1348355259287134215
1348355334163685376
1348355397845995521
1348355515928236034
1348355578926665728
1348355832862404616
1348355871768780800
1348355991474155520
1348356026953826308
1348356033245290497
1348356444849102853
1348356452071698433
1348356479947067392
1348356766778732554
1348356858524872704
1348357034274598914
1348357077266100225
1348357133608349699
1348357150511419394
1348357171206115330
1348357183403159555
1348357248595210240
1348357253624180740
1348357404547805185
1348357418636505088
1348357656386400263
1348357659334991887
1348357663474778115
1348358024671465473
1348358070464892929
1348358243232477185
1348358260378771457
1348358376368074753
1348358667960283141
1348359205506461696
1348359237660004356
1348359254948933635
1348359536554483715
1348359751944572933
1348359999064567821
1348360010817007620
1348360290942013440
1348360573508055045
1348360600015958016
1348360712498925568
1348360871173644295
1348360933748387841
1348360986810576908
1348361003554246658
1348361022416027652
1348361108336291842
1348361296614404097
1348361365124165634
1348361467805003776
1348361469088342016
1348361469168123904
1348361492295348226
1348361535442345988
1348361540236410880
1348361599871025155
1348361614421061632
1348361797510832128
1348361846290599936
1348361885461131264
1348362068257370113
1348362350647242755
1348362350823280641
1348362535355953154
1348362727400628227
1348362727597621248
1348362779821015049
1348363010004410368
1348363028362911746
1348363066963091457
1348363357653528578
1348363872844046349
1348364749407477762
1348364810451382272
1348365189905862656
1348365211070308352
1348365256452681728
1348365314908696577
1348365382705418240
1348365397528084482
1348365476641050624
1348365680547160065
1348365694581305345
1348365868309352450
1348366102565416961
1348366273672081411
1348366333424111618
1348366375677534210
1348366463564845056
1348366483555033088
1348366502475358208
1348366602056687617
1348366603264651266
1348366897142763521
1348367077648826370
1348367319752437760
1348367594928173059
1348367760708009987
1348367941553815553
1348368404693053444
1348368434254524416
1348368848999870464
1348369018848227328
1348369220699123712
1348369328278798336
1348369687630016520
1348369694106005508
1348369915514785793
1348370184432734208
1348370186617778176
1348371126167228416
1348371182458970113
1348371610814861315
1348371634462330886
1348371725264838657
1348371808119087104
1348371890537172993
1348372027862900736
1348372482802282500
1348372672988794881
1348372685609431041
1348372879927369728
1348372955315789827
1348373133296852997
1348373311655464967
1348373573635887111
1348373740908924933
1348373800203771905
1348373848421507073
1348373864666042370
1348374054277767168
1348374054747598848
1348374054890135553
1348374079976435712
1348374080395878401
1348374083772305411
1348374085240299520
1348374277859528707
1348374324663758850
1348374872397918208
1348375026282754048
1348375522536022017
1348375879869734912
1348376338961461250
1348376542943055874
1348376560231919617
1348376656113790976
1348376840025550854
1348377205160751106
1348377509277147138
1348377588574597122
1348377675740676100
1348377707126648832
1348377993652146178
1348378362029469698
1348378430556033026
1348378506082840577
1348378759259451394
1348379009021837312
1348379082262769664
1348379140609744898
1348379164009779201
1348379862613045248
1348379975997652993
1348380333159424000
1348380619294842882
1348380998376030208
1348381009285406720
1348381029577478151
1348381192962371587
1348381223069085696
1348381227632521216
1348381411082846208
1348381601823141890
1348381633808883712
1348381995236265986
1348382118481522689
1348382198966087680
1348382244436496385
1348382331543973888
1348382373994508293
1348382420169596932
1348382818498392064
1348382859917209603
1348382978611798018
1348383082898882561
1348383699981766656
1348383831796183044
1348383912440029188
1348383917498363904
1348384079746658304
1348384147677601792
1348384428469399555
1348384485172252674
1348384978820886528
1348384998643146753
1348385246983675904
1348385281880297472
1348385376688226305
1348385376747089921
1348385420183277568
1348385718062747648
1348385728053587969
1348385992718376961
1348386002512064518
1348386104299450369
1348386305613451271
1348386405198786561
1348386445782867968
1348386468180471808
1348386599663509508
1348386695650160650
1348386737270247424
1348386773827776521
1348386782233169926
1348386959236980739
1348387017189679105
1348387576516907010
1348388017644462081
1348388063899230208
1348388095440379909
1348388104214880258
1348388352303706116
1348388626607046660
1348388681204248588
1348388697079767043
1348388921164619784
1348388971177500678
1348389083022823427
1348389109333635072
1348389204695408640
1348389463026761728
1348389525047947270
1348389538150838273
1348389669751414790
1348390098807742465
1348390246166228993
1348390282291777537
1348390847780429827
1348391055478169600
1348391317471195139
1348391522002231296
1348391555527106560
1348391751912804352
1348391996579307523
1348392098140196875
1348392536797302789
1348392797141929996
1348392822106427395
1348392844504031232
1348392926359871488
1348393675336900609
1348393918707212288
1348394095761383426
1348394156520042501
1348394160022282247
1348394184693043202
1348394202380472321
1348394213684224005
1348394619067895808
1348394756162912257
1348395060681973761
1348395393525100548
1348395416488980484
1348395434063048705
1348395497770393611
1348395506632945667
1348395860347006987
1348396057856794633
1348396220482523138
1348396458043559936
1348396616701632521
1348396885573324800
1348397711847018497
1348397751055351812
1348397772978978817
1348397809167446022
1348397881657581568
1348397942600826881
1348398052428673031
1348398108217122819
1348398153851166721
1348398295832539140
1348398419136667650
1348398487902314498
1348398546647658496
1348398569166934023
1348398968565346305
1348399059506245633
1348399088081973251
1348399147074916360
1348399209435832322
1348399227425214469
1348399228033359873
1348399232907153412
1348399275928145922
1348399389618876418
1348399423672512512
1348399554954227713
1348399560637501441
1348399609358512131
1348399613452181506
1348399807505772544
1348399923553849350
1348399950208655360
1348400048888049665
1348400060468518914
1348400068986998784
1348400106404511744
1348400414803320832
1348400476144893952
1348400476333637632
1348400558294630408
1348400771239436288
1348400798976401419
1348400803015438346
1348401126366982144
1348401141902569474
1348401177025798149
1348401241139900423
1348401283615621120
1348401517947219968
1348401551082217472
1348401603653627905
1348401689896878082
1348401787884212227
1348401854330400768
1348401896281792513
1348402004192800772
1348402020475133955
1348402055476600832
1348402222384754694
1348402239828856832
1348402254945148928
1348402366488449028
1348402414160904196
1348402490237075457
1348402530196324352
1348402543680958467
1348402557056593920
1348402665919836161
1348402764590833669
1348402768332128258
1348402808165462017
1348402922653167619
1348403096792297488
1348403096892960771
1348403191742914561
1348403227579064325
1348403308508151808
1348403319253970949
1348403388212502539
1348403689191571458
1348403892992827393
1348403951574675459
1348403984629981187
1348404022882017280
1348404240926994432
1348404253304479747
1348404253321138176
1348404254365659136
1348404254445367300
1348404254491480067
1348404255095312384
1348404255737057280
1348404346367705089
1348404347718275073
1348404386549084161
1348404388319162371
1348404458850496513
1348404535836991490
1348404733829132290
1348404734592430080
1348404798018748416
1348404807401435140
1348404816687587331
1348404856973910016
1348405404733214722
1348405449658400768
1348405457057177606
1348405984360853507
1348406021300113411
1348406041566965769
1348406181677699084
1348406269498032132
1348406352763359236
1348406623031746567
1348406876774551562
1348406958810951683
1348407024116260871
1348407309555404800
1348407396784332800
1348407630595821572
1348407815988195334
1348407894874664966
1348407997660344321
1348408124596768768
1348408196340342785
1348408275012886531
1348408276464099332
1348408278712201216
1348408289223012353
1348408296047308809
1348408300321312770
1348408337214406657
1348408339173154819
1348408344772444163
1348408372727570432
1348408372752769025
1348408390658236419
1348408415731724289
1348408416578936833
1348408454449410048
1348408454633951238
1348408563098595329
1348408584888053760
1348408626772402181
1348408637811814411
1348408653557198848
1348408704941633537
1348408725086892038
1348408827062984713
1348408854292307969
1348408862337019905
1348408872436981761
1348408921145421825
1348408930771361797
1348408935427018752
1348408962832543746
1348409009460666368
1348409033326211077
1348409047712755716
1348409055237316610
1348409100539990018
1348409135621148673
1348409165400698888
1348409200775471111
1348409316680884224
1348409356203786240
1348409475590475780
1348409489163223045
1348409587553198082
1348409596512186371
1348409714971992068
1348409731422052354
1348409765995704320
1348409782592446465
1348409851861458946
1348409969784324096
1348409991334682626
1348410122423435269
1348410157512986624
1348410190232776704
1348410200940814337
1348410261200384000
1348410306268164099
1348410379790131206
1348410410337243143
1348410432386719747
1348410432801955843
1348410450434813954
1348410512090877952
1348410596350435329
1348410635512647685
1348410641149734912
1348410656941371392
1348410687769481217
1348410690709630979
1348410782887903236
1348410822566047746
1348410946692272128
1348410952215982082
1348410995371372544
1348411058927460353
1348411074291372036
1348411122697826304
1348411182722461698
1348411231858659328
1348411250204667904
1348411303107440642
1348411326289248257
1348411358233190400
1348411413346312195
1348411445441138697
1348411505570672645
1348411545349468161
1348411555420008454
1348411616438661120
1348411621224423428
1348411621690011649
1348411637645107200
1348411650597146625
1348411668808790017
1348411672810151938
1348411701255950338
1348411714371543041
1348411758285885440
1348411801583579139
1348411832143392770
