1359290988867379200
1359290989505052673
1359290989861457921
1359290992151691272
1359290995448365057
1359291083759362050
1359291156237058048
1359291190710042624
1359291200084262916
1359291307294916609
1359291335828787202
1359291643447377922
1359292201805709312
1359292294491439105
1359292300715819008
1359292501006376960
1359292533675810818
1359292831706316809
1359293160124534785
1359294131009323010
1359294647726661632
1359294686431744001
1359294710691614722
1359294761157468167
1359294782783242240
1359294925481861120
1359295403561263104
1359295928415514626
1359295971323224066
1359296089044774918
1359296165066473477
1359296304124473345
1359296530772094980
1359296616314904577
1359296648652988420
1359296784154193924
1359297007668629505
1359297218902171652
1359297838870585344
1359298166399598593
1359298376743976963
1359298414626930689
1359298433044070402
1359298508818423815
1359298552099442692
1359298626024067072
1359298802629414919
1359299448774537216
1359299953949089794
1359300549351337987
1359300587347656712
1359300896824393728
1359301046628192258
1359301678747557892
1359301711874183175
1359301755515916297
1359301968624316417
1359302244399804416
1359302310963347456
1359302811347992578
1359303112163549191
1359303124025020422
1359303250386710530
1359303322004582400
1359303621427494914
1359303770199519234
1359303792550936578
1359304231979782147
1359304255564300291
1359304290872012802
1359304609521614849
1359304634129612801
1359304811942993920
1359304850954190848
1359305129011347456
1359305514673459204
1359305819590901761
1359306087514730499
1359306287390072833
1359307068965060611
1359308076583686144
1359308227565993986
1359309104070742016
1359309459034697728
1359309600009379840
1359310858313203714
1359310982296788997
1359312181611941894
1359312558046470145
1359313084838522883
1359313441354379266
1359314117123846147
1359314352273301511
1359314620813434884
1359315652411084800
1359315759885918209
1359316581445214215
1359316805878239233
1359316807857881095
1359317073588064261
1359317081376894979
1359317235827937282
1359317236352225281
1359317304828440578
1359318049816477703
1359318364787736576
1359319004364562437
1359319197428428802
1359319259327913989
1359320149417996288
1359320875905003522
1359321151781163008
1359321179761364996
1359321185440382978
1359321186371395585
1359321186996486144
1359321190440062976
1359321208261607424
1359321235981803520
1359321521487966208
1359322705573646339
1359323707341160457
1359324696890736641
1359324697905618945
1359326207150538762
1359326351975661569
1359327036016369667
1359327098331160576
1359327537797750784
1359328735061635072
1359328735300788225
1359328735506407424
1359328735967629314
1359328748840112134
1359329006227779585
1359329850104889344
1359332380025253892
1359332535185137664
1359333164091666434
1359333218164617219
1359334117133979650
1359335010696912898
1359335294068281344
1359335378046627840
1359336016813907968
1359336106085527557
1359336106165219328
1359336285534445569
1359336286083903495
1359336287874871297
1359336290668343305
1359336359958368256
1359336704046477312
1359336754365542404
1359337155533897732
1359337298911977474
1359337487185956864
1359337751158620161
1359338411639922693
1359339208670908419
1359339221710995459
1359339473809645569
1359339854946062340
1359339855134744576
1359340117727543299
1359340241056849920
1359340386007855107
1359340411010048003
1359340830205620227
1359340924669734913
1359341066399277058
1359341181717594113
1359341542733873154
1359341728885522440
1359341951619891200
1359342040631422977
1359342273532747779
1359342625426440194
1359342769681141763
1359342820830674950
1359343077031313409
1359343107368714244
1359343403432095753
1359343415452983298
1359343835831148545
1359344087464345603
1359344118816796677
1359344298467164163
1359344310156673027
1359344915403190272
1359344996340662277
1359345225089572866
1359345483546787842
1359345637645574148
1359345648382971904
1359345842285641730
1359345909398712320
1359345966810292225
1359346099555762178
1359346166660530177
1359346185920786433
1359346278937804800
1359346387855417345
1359346730895085572
1359347222786297858
1359347480564011008
1359347520456060934
1359347549946208257
1359347609735884800
1359347661485314052
1359347703793254409
1359348280308727811
1359348329105272833
1359348454166851584
1359348755812777985
1359349141051170816
1359349414494679041
1359349554680909826
1359350019283894273
1359350115035660290
1359350199496359943
1359350410360872964
1359350743862501383
1359350775684739073
1359351102664228867
1359351107580022787
1359351277138841604
1359351386673188868
1359351387398811649
1359351388430622722
1359351397523869702
1359351398912122880
1359351493485281280
1359351521075290117
1359351923300777990
1359352168122359810
1359352271650267137
1359352393037713413
1359352427724615682
1359352626207461377
1359352694792724481
1359352731945811971
1359352901651615745
1359353146116513793
1359353722153893889
1359353744853458946
1359353803334705159
1359354178078978052
1359354514982252545
1359354963089063936
1359355025336791040
1359355101157203968
1359355159206240256
1359355159369900033
1359355193209593857
1359355208191606784
1359355230777839619
1359355447275360256
1359355484516585480
1359355713064206338
1359355950843498499
1359356026336731137
1359356250862080008
1359356284772974599
1359356564054884354
1359357130453696513
1359357677562912770
1359358080866258948
1359358216048672770
1359358352459980802
1359358431602294784
1359358645943869440
1359358718312341504
1359358839204810752
1359358934683799557
1359358935413760000
1359359090418462720
1359359276960120833
1359359428609343491
1359359628526690305
1359360252471349248
1359360900852035584
1359361148567568387
1359361258601013248
1359362510508462083
1359362547934253058
1359362547938455557
1359362651059609604
1359362827987914752
1359363114639179777
1359363451764805632
1359363547457875970
1359363626436599809
1359363689422475266
1359363837854580736
1359364067090173955
1359364249655660544
1359364297969795073
1359364300486361088
1359364378999611397
1359364395931942913
1359364888779448322
1359365010271719425
1359365184373075970
1359365193587970048
1359365252622745602
1359365276966526976
1359365615975354375
1359365620027043844
1359365762625007617
1359365833592614913
1359366070826631174
1359366085804515328
1359366195011604480
1359366221473468417
1359366276599152640
1359366334795173889
1359366475849601025
1359366484854669314
1359366485387456513
1359366487513980930
1359366494296158209
1359366500952526848
1359366515519348737
1359366950393180163
1359366987378475009
1359367246859169792
1359367305596198914
1359367355021881349
1359367822451888128
1359368090279108609
1359368198475444225
1359368264938385408
1359368567448305665
1359368694233763845
1359368711413628930
1359368741079969794
1359368996559220736
1359369000451473409
1359369058852945920
1359369252315123718
1359369411900166147
1359369527520358400
1359369652544094210
1359370014919434244
1359370111195430914
1359370168963629058
1359370170909753344
1359370259011100673
1359370377185554432
1359370904250290178
1359371053609459713
1359371066460798981
1359371240385953795
1359371265388072962
1359371339262545921
1359371394623148034
1359371572184817665
1359372028332150796
1359372151892160513
1359372218514423808
1359372570194288640
1359372591534923783
1359372708727967745
1359372766147973120
1359372847769149441
1359372901368147969
1359373051083845637
1359373092867493890
1359373160634847234
1359373518673223682
1359373530404585475
1359373637812428801
1359373762660040705
1359373867152777219
1359373919489253377
1359374018919485441
1359374033616134144
1359374034228682753
1359374034392260608
1359374034635534336
1359374308930449409
1359374378518126593
1359374669158240258
1359374670273933313
1359374706441338881
1359375212781969412
1359375376598921217
1359375381099405313
1359375396031123459
1359375540495482880
1359375601497432064
1359375733345378305
1359376176922394624
1359376298540298242
1359376300482441216
1359376490891247628
1359376509606252544
1359376552828440579
1359376578761928705
1359376642351710211
1359376690296877063
1359376907305967616
1359377052068102146
1359377189825884166
1359377229860528129
1359377289415430146
1359377360714358786
1359377388115795968
1359377560321331200
1359377581628420102
1359377699446398976
1359377759336824832
1359377808506634243
1359377848511954945
1359377942644731904
1359378092331008004
1359378186560274432
1359378239404331010
1359378466932744194
1359378779550982144
1359378985319342081
1359379140911202304
1359379208582160387
1359379229721378817
1359379281730818048
1359379800243265536
1359379823819444226
1359379883147878402
1359379926709862404
1359380112500813829
1359380233489682434
1359380311075917824
1359380314032898050
1359380330650681345
1359380356542025731
1359380565053571073
1359380727649959936
1359380752492879874
1359380838887141380
1359380856230580226
1359380950489174020
1359381138226221057
1359381487024537603
1359381509107576836
1359381583203995651
1359381583917154305
1359381584202395650
1359381585238261761
1359381585733185536
1359381585976385537
1359381586035277824
1359381586320314371
1359381587645718528
1359381592435798016
1359381602262999040
1359381670915416072
1359381724728356864
1359382056816508928
1359382164110999554
1359382256259919874
1359382343329415170
1359382348853370881
1359382490985750529
1359382494752239618
1359382716379234307
1359382785090347010
1359382825053663237
1359383079203332096
1359383180323733508
1359383252952309760
1359383394359066624
1359383573736812547
1359383751478894594
1359383771179589636
1359383779433971714
1359383806118100993
1359383892235550722
1359383925056016386
1359383944240758787
1359384017167151105
1359384147689680899
1359384341676187650
1359384453177606147
1359384493837139972
1359384675324743680
1359384729603162115
1359384731725488130
1359384756442419204
1359384847274418176
1359385035321856003
1359385163126476800
1359385358274883585
1359385366311153665
1359385490298970113
1359385607659810816
1359385636319412225
1359385777826893824
1359385865257156609
1359385870990770179
1359385956168704000
1359385976284598272
1359386138759340032
1359386301909336065
1359386310620905472
1359386365004111875
1359386365067223041
1359386370909868039
1359386387313786880
1359386489314938880
1359386503491833856
1359386517593075712
1359386586539053056
1359387051775377410
1359387053025357825
1359387105126932481
1359387127377760258
1359387260811173888
1359387354478297089
1359387522934202371
1359387556224389122
1359387691222196224
1359387723417665538
1359387891475054598
1359387999012806657
1359388004545142786
1359388051173212160
1359388171071590404
1359388179476983808
1359388447413264384
1359388543467081728
1359388766415290370
1359388936490090497
1359388989975846914
1359389030694141952
1359389037124063235
1359389061547495425
1359389086419738624
1359389134863835142
1359389525101928451
1359390104306003968
1359390120223404037
1359390135012519938
1359390145724768259
1359390187466469380
1359390462004645896
1359390507240202240
1359390598319517700
1359390743027187712
1359390958656380928
1359391025219981313
1359391081213878273
1359391443496931329
1359391469434462211
1359391517773860866
1359391579400794113
1359391647331713024
1359391649722478592
1359391660619292677
1359391672560410627
1359391864265261056
1359392008155070470
1359392116544266240
1359392262870994944
1359392405431197696
1359392625493741568
1359392691969261572
1359392753843658753
1359392771778486275
1359392810038931458
1359392858986405888
1359392973365121027
1359393011810119682
1359393021410893830
1359393021868072960
1359393065904054285
1359393069540532226
1359393169029427202
1359393240328339461
1359393287262658562
1359393330430423040
1359393357345226754
1359393481723174916
1359393488106881026
1359393496457748482
1359393543534632963
1359393713307480066
1359393725328338944
1359393796115603456
1359394010067070977
1359394242288828417
1359394249100378112
1359394309104160768
1359394363755925505
1359394592379064324
1359394621839835136
1359394907018960896
1359394919832510465
1359395049914568708
1359395088070246402
1359395138607452161
1359395166642180098
1359395335458742273
1359395358544166914
1359395521509679107
1359395763827179522
1359395882932797441
1359395943397924865
1359395974964215811
1359396232402259972
1359396364048859138
1359396682824228864
1359396682849538050
1359396683797340162
1359397690057056260
1359397954415697921
1359398732580720643
1359399046599872514
1359399208634179586
1359399541154447365
1359399743156342787
1359399854674427904
1359400293302226944
1359400808270471170
1359401050181160967
1359401108473536515
1359401115402588160
1359401299859677184
1359401632774184960
1359401716081451009
1359402115815374851
1359402529189199872
1359403315247906818
1359403858892570626
1359403914836271104
1359404287877611520
1359405108971397122
1359405297345966085
1359405642004455424
1359406271460499458
1359406339588505601
1359406375181385728
1359406654362681347
1359407254479462407
1359408074084220928
1359408198034329605
1359408245849411587
1359408562846498816
1359409057820516354
1359409882714234882
1359410363658366976
1359410523985575937
1359410586698846208
1359410985014972418
1359411042749669378
1359411396799303681
1359411566375038976
1359411760277635072
1359411784327831555
1359411786198355969
1359411843689828353
1359411844105072642
1359412693892018176
1359412828634050560
1359412941649547272
1359413428750741509
1359413790467620864
1359413803012784128
1359413808578650113
1359414064385060866
1359414196564295680
1359414299051978754
1359414980370653184
1359415940761473030
1359416056515821569
1359416170005331969
1359416319620358145
1359416473236684802
1359417044735770630
1359417313599094785
1359417316430262272
1359417446655012864
1359417902940762113
1359417955113717765
1359417979256111107
1359418082104651776
1359418254285037568
1359418263965466625
1359418264682643457
1359418405888131075
1359418684545110018
1359418919216373762
1359419332095221761
1359419415545212929
1359419896837341192
1359419975459631105
1359420128472027139
1359420310936817666
1359420339000725508
1359420478675447809
1359420492428541953
1359420600972947464
1359421374155141120
1359421570415009792
1359422080958226434
1359422606567440386
1359422758292193280
1359422891767562240
1359423194936061953
1359423241526407170
1359423879354208257
1359424016616992768
1359424197387247616
1359424295634632708
1359424353683853312
1359424460319842304
1359424637566869511
1359424770803195904
1359425017688305667
1359425068196061184
1359425232667295745
1359425277131165697
1359425591414562817
1359425594119905286
1359425783798898690
1359425808981315587
1359425888497135617
1359426202314952706
1359426288444932096
1359426318245462017
1359426368140959745
1359426470993625088
1359426612182331392
1359426881825763331
1359426882186276864
1359426883255959558
1359426888029069318
1359426888633102336
1359427894666285060
1359428181430833152
1359428256018149378
1359428350503227394
1359428351975432198
1359428359491616768
1359428365489475586
1359428381935349762
1359428398750269441
1359428416303464448
1359428421730893824
1359428444858310656
1359428448532500483
1359428464814735364
1359428468132483075
1359428512063631361
1359428534914211843
1359428537162358784
1359428539947372544
1359428586869030914
1359428603461664773
1359428610248101890
1359428643584409601
1359428643819118601
1359428653231259650
1359428665864511488
1359428671921135619
1359428675360464899
1359428723280408576
1359428746403586050
1359428768432074752
1359428775587573764
1359428797024661506
1359428804045918208
1359428807602675712
1359428816951771138
1359428861025468418
1359428863567278082
1359428864062152707
1359428894085042177
1359428909742309376
1359428919510913024
1359428931078791169
1359428944072765440
1359428944672481280
1359428960577290240
1359429007289290753
1359429014906167298
1359429022975950848
1359429039153418240
1359429052264775681
1359429085672448006
1359429122053832709
1359429135932809218
1359429151720095745
1359429156421959682
1359429166429597696
1359429188730683393
1359429207856734208
1359429237040644099
1359429247731957762
1359429249678082048
1359429250324058116
1359429261636026370
1359429272084045826
1359429288072794112
1359429323619524611
1359429324567420929
1359429391806259200
1359429398538063885
1359429398579974144
1359429398605139973
1359429398886195203
1359429414526869504
1359429435066310659
1359429450207739904
1359429463050752001
1359429469090496516
1359429481530859525
1359429488334024706
1359429523612315650
1359429561465909248
1359429561570713600
1359429624216879106
1359429658983424001
1359429663450365952
1359429668236120065
1359429671734099968
1359429690893680640
1359429706207141889
1359429715749195777
1359429725605814273
1359429753950855168
1359429794614681601
1359429797231927299
1359429827930034176
1359429874776035328
1359429901825286146
1359429948822482944
1359429949975900161
1359429962395226118
1359429980111929351
1359429993697312768
1359430000269795328
1359430016526909441
1359430020012376071
1359430043785695232
1359430050643390467
1359430069148647425
1359430069811372032
1359430078992687107
1359430093685350407
1359430107220357120
1359430120063315970
1359430161628868608
1359430171829415940
1359430265303683073
1359430275344830467
1359430303513792513
1359430316377575425
1359430338158747653
1359430381964038146
1359430382727426051
1359430424787845122
1359430439883206656
1359430440587833344
1359430440952692738
1359430456001839105
1359430499773648897
1359430555725668355
1359430569759821826
1359430595022106626
1359430614487883777
1359430626189971458
1359430627565707265
1359430632108138496
1359430656376385536
1359430656963579905
1359430657240223744
1359430661757624321
1359430667986165766
1359430670490218496
1359430692837462018
1359430695752527872
1359430701595168770
1359430705000968192
1359430705130991617
1359430706586406912
1359430751641559040
1359430756590899200
1359430764333576192
1359430774219563015
1359430795526561793
1359430802703007744
1359430818423328771
1359430829009752065
1359430862840987652
1359430870789206016
1359430892121436163
1359430894520578052
1359430911511658497
1359430916423229442
1359430933858955268
1359430999353020416
1359431026829905922
1359431031296786436
1359431037336616961
1359431038217433090
1359431049655238658
1359431064754790402
1359431126947930112
1359431131142234120
1359431160162525186
1359431164595945472
1359431202948722691
1359431222607441922
1359431225392431105
1359431247680970752
1359431329318907906
1359431345844482048
1359431357898903553
1359431374030196737
1359431386453663745
1359431399242166274
1359431403977506818
1359431426316337153
1359431434080034817
1359431457668812804
1359431476023091200
1359431481576325120
1359431493395898369
1359431571246350341
1359431591358046208
1359431600430276610
1359431601277587457
1359431620684615682
1359431644978024448
1359431670760435714
1359431672685502464
1359431702284800000
1359431705942188032
1359431729099001857
1359431750619979777
1359431768303144960
1359431783322910721
1359431785906638850
1359431853590118400
1359431860116484097
1359431880907644928
1359431915317596162
1359431915590328321
1359431942840717313
1359432026135355395
1359432041037615106
1359432061698920453
1359432085652574208
1359432129063628801
1359432140253851650
1359432142552330241
1359432170578788358
1359432204263301120
1359432213973127172
1359432223716478979
1359432250044080134
1359432274144550913
1359432293937532931
1359432297091657730
1359432299079729154
1359432300224778240
1359432328850866176
1359432340011941888
1359432393258631171
1359432419120676868
1359432424011288582
1359432442625617921
1359432457632817156
1359432458794659840
1359432514830561280
1359432530953441283
1359432613556060160
1359432619067404289
1359432634657554433
1359432675438772225
1359432687505784835
1359432692048265216
1359432698557825026
1359432743491411973
1359432765310193668
1359432775082860545
1359432792136900613
1359432818900746242
1359432819085365248
1359432824168865794
1359432824382754817
1359432834071605248
1359432862802575361
1359432865830862857
1359432868536188933
1359432884977811457
1359432886454280193
1359432932436361221
1359432998081421316
1359433007791276032
1359433070013734912
1359433082647023618
1359433085390061568
1359433105174638595
1359433173382402048
1359433176557506566
1359433179506081794
1359433184988049414
1359433186477027332
1359433208547446785
1359433259432767489
1359433265623490562
1359433296262819845
1359433311605698560
1359433325887299586
1359433346347118592
1359433365351526401
1359433372892860416
1359433382640439297
1359433449833172996
1359433458532175872
1359433461380046849
1359433461468196864
1359433481810493440
1359433519198535686
1359433528786776067
1359433535589916683
1359433554116169728
1359433574001201154
1359433636257411082
1359433661284777984
1359433681333608451
1359433685808865281
1359433686308057088
1359433717354217473
1359433719396921344
1359433734261530624
1359433763500007425
1359433764410114049
1359433781770338305
1359433814771200000
1359433822031478790
1359433838590631939
1359433855560785925
1359433858656202755
1359433903774314496
1359433926935261184
1359433928369709056
1359433951820058625
1359433955632627714
1359433965401219073
1359433984091058177
1359434017884549121
1359434024947773441
1359434103582507010
1359434142132428803
1359434150193860609
1359434178375393282
1359434184666865666
1359434220985286657
1359434242380472321
1359434253843521541
1359434279126761474
1359434280397664256
1359434303852195841
1359434310005252096
1359434316464422912
1359434322651074560
1359434325230501888
1359434355966431235
1359434361259651072
1359434397007687682
1359434402275553285
1359434408902725634
1359434409770962944
1359434415953375233
1359434430398537728
1359434432533430272
1359434432789311491
1359434433061937152
1359434435519782913
1359434452385021953
1359434462543695872
1359434478872059906
1359434534304043012
1359434537256812547
1359434555535597568
1359434557636964354
1359434558400303105
1359434598099406850
1359434616889880576
1359434624905207810
1359434643863445506
1359434657041948674
1359434680492302336
1359434691028213761
1359434750616883201
1359434764109959173
1359434787564490753
1359434790034956289
1359434794250174476
1359434837480906754
1359434845085196288
1359434853003976704
1359434881441398786
1359434893529403393
1359434895534260224
1359434910960918530
1359434912856748033
1359434968590651394
1359434994997993475
1359435019794677760
1359435038950100993
1359435039952535552
1359435062471720962
1359435114091073536
1359435124639735808
1359435127701573633
1359435150715715584
1359435155983712258
1359435177957679105
1359435190616080384
1359435208441745411
1359435226225799170
1359435230436872192
1359435250607218689
1359435311474950146
1359435312003481600
1359435343183941635
1359435401056948227
1359435468753031169
1359435469197606914
1359435478370516992
1359435483424653312
1359435501594431488
1359435540806959105
1359435544191791104
1359435557189935104
1359435557680549888
1359435599917289473
1359435612718260225
1359435672587796480
1359435676895305728
1359435687624404993
1359435690220560387
1359435721535324162
1359435730678906880
1359435752267014145
1359435754204778498
1359435756775895041
1359435820420202498
1359435828922114049
1359435838636056576
1359435841676992520
1359435861113393153
1359435877911519237
1359435879014690817
1359435894378418180
1359435897163366400
1359435922085982212
1359435938968051716
1359435980231565314
1359435985524785152
1359435987324125185
1359436011542093830
1359436011571453953
1359436040411447298
1359436044450594817
1359436052763656192
1359436075719159813
1359436077124251649
1359436105683259392
1359436136893083650
1359436137509629956
1359436177351262210
1359436193180618754
1359436204089831429
1359436210989654018
1359436217968955393
1359436220275830785
1359436228798656513
1359436237019484161
1359436267683995649
1359436278119432193
1359436313074814976
1359436328404975616
1359436330321776643
1359436332335067137
1359436334654500868
1359436346541105156
1359436346557947906
1359436353713434625
1359436426597793792
1359436442838200322
1359436483032154113
1359436484286251008
1359436540670279681
1359436547020492801
1359436551147593731
1359436566435880963
1359436572576403456
1359436620110336001
1359436622731898884
1359436635453198336
1359436643741163523
1359436647901917185
1359436650259111939
1359436692294410241
1359436708710936576
1359436734602346499
1359436736519147520
1359436741325783041
1359436772686585857
1359436794232791043
1359436817729224712
1359436821894152196
1359436836133871618
1359436850054717441
1359436853938704385
1359436855385669633
1359436898935177217
1359436901858566144
1359436915896971264
1359436944548257793
1359436948113399809
1359436948234899462
1359436948256026624
1359436962336235521
1359437006338732040
1359437011162189828
1359437012705632258
1359437013385154562
1359437034977431554
1359437052102774786
1359437056943001605
1359437101226426369
1359437160806572032
1359437168335273984
1359437195111768064
1359437208709722114
1359437210865524743
1359437227244326912
1359437250031984640
1359437251470622722
1359437285184458752
1359437370152607746
1359437386732732416
1359437394890674177
1359437405061799936
1359437420979253249
1359437440407207938
1359437457243136001
1359437481301663745
1359437511601184771
1359437514558349313
1359437571407937536
1359437576269103104
1359437576894054422
1359437625589915649
1359437635329155076
1359437645726818308
1359437650550226952
1359437658032910336
1359437661220573185
1359437697878745089
1359437727561904129
1359437743584067587
1359437794410659841
1359437802082074627
1359437823238111233
1359437832369164291
1359437845744746508
1359437859367829506
1359437875058790400
1359437884244320263
1359437898320392193
1359437911331110913
1359437925570793473
1359437943216177153
1359437948605841409
1359437958177296385
1359437973675196416
1359437978871992323
1359437982172913665
1359437988913156104
1359438016423600131
1359438038045188102
1359438072644063235
1359438077266124800
1359438079078129666
1359438081162694657
1359438097906335745
1359438104592068608
1359438123931992065
1359438133390176256
1359438133738303490
1359438151866060801
1359438157540917248
1359438206681415684
1359438207067148291
1359438227690713091
1359438230232432640
1359438265418305538
1359438286033473539
1359438292043911168
1359438339137564676
1359438355046555650
1359438365553266688
1359438389217525762
1359438422318940161
1359438437217091588
1359438471887224834
1359438488379219968
1359438520377573379
1359438527356948483
1359438530943025153
1359438551289655296
1359438551352569858
1359438562668793859
1359438596739125252
1359438610060234752
1359438627911131137
1359438649365004291
1359438650996580354
1359438673641672705
1359438680881049601
1359438710274727936
1359438710778040320
1359438714213183490
1359438726536036352
1359438730075987972
1359438759834644487
1359438768671842309
1359438803514064896
1359438813127409664
1359438818164813824
1359438834233204740
1359438854881746945
1359438867091365888
1359438868567781377
1359438910364012544
1359438913073520643
1359438913195155458
1359438916760264704
1359438934338658305
1359438956258070530
1359438992765239298
1359439013938085889
1359439034578305025
1359439039720529923
1359439046813102081
1359439088819073024
1359439099153829891
1359439106263158784
1359439115821940736
1359439122587414530
1359439129772249090
1359439171916554243
1359439214526558214
1359439232486563842
1359439276983930880
1359439327747579904
1359439342335385602
1359439358164623361
1359439362300260355
1359439366276468739
1359439375092834305
1359439400430665729
1359439429715320832
1359439449978007552
1359439453618532359
1359439457280262145
1359439464871858176
1359439491103129602
1359439500557115393
1359439510304620545
1359439549831725061
1359439557947703297
1359439559549943810
1359439574750158848
1359439581200932864
1359439582765449216
1359439592546525184
1359439598473076742
1359439599177711618
1359439643826130944
1359439644258168833
1359439661089882115
1359439683453861888
1359439698926702594
1359439708644909058
1359439733571608577
1359439747895156736
1359439749778444293
1359439770527686656
1359439776718462981
1359439784431788033
1359439786549854208
1359439789762748416
1359439795215347712
1359439797354459137
1359439840073420804
1359439845450481666
1359439855667847171
1359439886651113476
1359439892170891265
1359439904095240199
1359439917361868805
1359439930502623232
1359439940875145220
1359439954640859143
1359439957614600193
1359439969593528320
1359439984323923968
1359439984646905858
1359439990686703618
1359440028817108993
1359440061595594753
1359440071196364800
1359440077735288833
1359440104641597442
1359440106571055104
1359440131501998082
1359440146102439936
1359440155149553670
1359440157171138561
1359440178302099456
1359440184719376386
1359440214901592065
1359440215295873027
1359440295662923776
1359440311639035910
1359440340525187072
1359440345910681607
1359440353137410049
1359440363044405250
1359440372053729280
1359440391423090692
1359440408523268096
1359440433194090496
1359440438311211009
1359440439233941504
1359440448620814337
1359440471748194305
1359440485106991108
1359440505352974336
1359440515469619201
1359440545056235520
1359440592464453636
1359440603264737281
1359440638916321280
1359440651633500161
1359440653789384704
1359440655135760385
1359440689306742784
1359440722190094338
1359440723096068096
1359440723213504515
1359440730326847488
1359440746550542339
1359440762384101378
1359440771628359683
1359440775902339073
1359440790846660609
1359440801651113984
1359440825755840513
1359440848056946689
1359440856953012224
1359440928054906880
1359440938368655361
1359440962976702464
1359440981159006216
1359440988519956480
1359440991871266817
1359441013237022721
1359441014650470402
1359441030685294595
1359441048720859136
1359441054970347523
1359441087262294018
1359441115246649345
1359441118782513156
1359441158997442564
1359441171982991361
1359441186780553216
1359441198046396417
1359441204040110082
1359441276844859399
1359441278002470916
1359441294913904641
1359441295270424578
1359441329844068354
1359441347904741376
1359441360722526210
1359441380293115905
1359441400207724544
1359441404951429122
1359441410047549440
1359441423846805504
1359441427562905607
1359441431509823490
1359441441764876289
1359441457644453893
1359441468021215233
1359441511407099905
1359441512849952768
1359441518923243522
1359441582756401153
1359441594928275457
1359441596354338816
1359441609297911814
1359441612292698113
1359441617057419269
1359441625911541761
1359441633855631360
1359441654168637443
1359441680122978314
1359441685957214212
1359441688603865091
1359441691669909506
1359441732035878917
1359441740781023236
1359441752009166848
1359441756371189761
1359441769973358593
1359441780236722178
1359441792857432072
1359441796154204161
1359441820896395270
1359441823907926019
1359441837208047622
1359441882154172416
1359441884708540417
1359441899459870720
1359441911224885248
1359441923593932802
1359441929461768193
1359441934306189312
1359441942405402625
1359441948382265345
1359441982167293953
1359441985132769281
1359441985636085760
1359441986458177544
1359441986873303042
1359441987095691264
1359442007794548742
1359442013381419010
1359442023615508484
1359442023762300933
1359442024106229761
1359442024894717953
1359442029139406855
1359442035690926080
1359442035829329920
1359442056389808128
1359442057534844928
1359442058247868416
1359442061926219778
1359442062039482370
1359442064111460353
1359442071296348160
1359442072604966913
1359442086450393091
1359442089826787339
1359442091886206980
1359442097691103234
1359442100169961475
1359442109124784128
1359442117660188675
1359442121426673668
1359442127885918209
1359442139898208257
1359442166368632834
1359442170625802244
1359442189206622209
1359442218612887552
1359442223557967875
1359442223717302275
1359442232873537538
1359442278864019457
1359442308006043648
1359442320085684225
1359442340704907267
1359442355733098496
1359442362473324544
1359442373617590281
1359442394618462208
1359442396552036352
1359442419528454146
1359442431356391427
1359442451304431616
1359442452780834817
1359442464260685824
1359442480668753924
1359442482065506305
1359442490940612608
1359442502328209408
1359442511308206081
1359442514349088768
1359442541754605569
1359442557135167492
1359442577678819332
1359442581139185665
1359442584918134787
1359442591717195776
1359442592614805504
1359442613145907201
1359442632808816640
1359442637737107456
1359442652840800256
1359442660969361409
1359442669248856071
1359442697807949827
1359442710738919425
1359442712106254339
1359442740262625281
1359442770457427969
1359442781975040006
1359442784046964736
1359442790535602176
1359442794289455105
1359442820650721282
1359442844277235715
1359442844587601920
1359442861616488450
1359442865638821897
1359442874677477379
1359442916167589889
1359442927173435393
1359442927978745856
1359442940708421636
1359442948270751744
1359442948769865728
1359442950422466561
1359442973453385730
1359442986162085891
1359443025324343299
1359443055271677957
1359443055489806338
1359443057180086276
1359443078864658434
1359443111429210121
1359443116265242627
1359443141326176257
1359443145814081536
1359443193801113602
1359443212310568960
1359443220015497216
1359443240068513793
1359443296288989184
1359443306862825472
1359443323174404099
1359443326957735939
1359443331437256707
1359443386571382784
1359443393823338500
1359443413230374912
1359443421719576577
1359443438253572098
1359443464337915905
1359443491206619139
1359443513646010368
1359443530486341634
1359443531035770887
1359443541416701953
1359443582009147395
1359443588640292865
1359443611713236993
1359443640234434563
1359443644160352257
1359443650837635072
1359443666121744390
1359443667791003651
1359443668449579008
1359443671368822785
1359443679816089607
1359443685386108929
1359443726184165376
1359443735008989184
1359443775928619017
1359443828407730177
1359443866487775237
1359443884179341312
1359443899727626242
1359443905633222658
1359443915577962499
1359443922586656769
1359443941934915585
1359444008213299203
1359444030246055938
1359444048793190400
1359444075410251776
1359444081433341954
1359444083228475393
1359444089385713666
1359444160802095105
1359444167798194177
1359444170419691520
1359444205458882560
1359444215193890816
1359444216317939713
1359444228309417987
1359444233971769347
1359444239768289282
1359444262790680576
1359444265487585281
1359444273838530562
1359444275679924224
1359444283493937155
1359444330126192642
1359444336178528257
1359444336551866369
1359444386778652672
1359444388468899840
1359444388674420737
1359444391581089794
1359444399252463621
1359444421121630210
1359444474783498241
1359444491938234378
1359444492663869441
1359444495021051909
1359444498078646277
1359444498116321288
1359444510766473216
1359444527883243522
1359444570346512389
1359444592966393856
1359444605071147009
1359444630211813376
1359444630664806401
1359444637291843585
1359444671253123079
1359444672242974721
1359444686985977856
1359444734247337984
1359444738223591426
1359444763385159680
1359444764110819328
1359444764400181249
1359444764647587847
1359444778610548736
1359444789553414144
1359444800710262784
1359444804199972866
1359444837741830145
1359444848894496771
1359444870981689346
1359444895363190784
1359444905744023556
1359444923104305153
1359444961268269058
1359444966406250498
1359444980851474434
1359445001328070666
1359445022442098688
1359445025927618561
1359445034513428482
1359445143271702531
1359445172032065538
1359445177375555586
1359445204718260225
1359445225870143491
1359445247315636225
1359445276218560514
1359445280442220548
1359445296233803783
1359445303670288384
1359445315695370258
1359445352882003970
1359445384930721792
1359445426274000897
1359445435790872579
1359445450701631489
1359445467625648132
1359445467713708035
1359445473057255424
1359445478648250369
1359445485564678144
1359445513498689538
1359445522189340673
1359445555521454080
1359445565323550720
1359445565919162368
1359445575100489730
1359445585489756160
1359445597800058881
1359445606129954819
1359445628837847044
1359445645321453568
1359445682348691460
1359445695254691841
1359445711226626048
1359445727362093060
1359445754247589892
1359445756227289089
1359445756361506819
1359445770022322176
1359445773423886336
1359445790033403907
1359445826620293120
1359445828633526272
1359445831733170177
1359445853560336388
1359445858589290496
1359445860204113920
1359445899873816577
1359445913777934337
1359445970266767361
1359445974008164355
1359445979758546946
1359446002202271745
1359446014026002433
1359446049606238209
1359446151993384968
1359446163280248834
1359446190060879875
1359446226517827584
1359446234554126338
1359446273028456448
1359446298253021184
1359446299838406663
1359446303986618371
1359446328233893888
1359446333975912448
1359446335099969544
1359446359938658307
1359446367198937089
1359446374870372355
1359446375986036741
1359446387495235589
1359446388438937601
1359446392897478660
1359446396978536449
1359446402607304705
1359446434072977408
1359446469632270336
1359446474703142914
1359446491543330820
1359446511252291584
1359446552754937859
1359446647575576576
1359446652105314307
1359446654605230084
1359446655502675968
1359446666521300992
1359446681725657092
1359446719700869120
1359446720199987200
1359446725791010818
1359446727900729346
1359446747102261255
1359446794338525184
1359446852907773953
1359446864253304832
1359446872226684929
1359446878035787778
1359446892137054210
1359446907098177536
1359446913557356544
1359446917810425859
1359446921027420161
1359446937246834688
1359446940803608582
1359446986584436739
1359446992942993408
1359447014308782081
1359447014526828546
1359447015017484293
1359447029823512580
1359447031878717440
1359447035083165698
1359447044855889920
1359447047162785794
1359447047666081795
1359447055844986882
1359447058906775554
1359447085859426304
1359447105320927233
1359447119975825408
1359447122127572992
1359447139273867264
1359447159591088129
1359447183397969920
1359447233532420098
1359447236669767693
1359447266176606212
1359447266336133121
1359447270966575104
1359447277421682692
1359447282488397825
1359447299596972036
1359447312876130304
1359447313475923969
1359447340361388042
1359447341183475716
1359447381037744129
1359447386767175683
1359447403863146497
1359447406065164288
1359447454555471873
1359447468728066049
1359447514429214720
1359447534436044800
1359447544254914568
1359447560721686532
1359447571828264960
1359447586424434691
1359447613494460416
1359447640409329664
1359447647124414465
1359447656678965248
1359447699548999681
1359447719216046082
1359447743169724416
1359447763361103872
1359447780759019523
1359447812983971840
1359447835507372033
1359447853853245442
1359447865337278477
1359447890859540482
1359447891404869632
1359447893762056195
1359447912011468804
1359447915744415746
1359447933003907072
1359447958354354180
1359447960812191744
1359447960971534341
1359447965371424770
1359447980961636352
1359447984417685504
1359448064965160961
1359448066953248768
1359448074167455746
1359448086666489857
1359448103917649920
1359448105540812800
1359448108309106688
1359448117888880640
1359448122695557121
1359448150906458115
1359448159064363009
1359448166068797448
1359448178903429122
1359448181147389953
1359448197698117633
1359448281487704064
1359448286483120128
1359448314140381185
1359448318837985282
1359448325108469761
1359448329277603840
1359448333249609728
1359448343236206592
1359448345903828997
1359448364602032133
1359448366040629249
1359448429668294663
1359448436710531080
1359448473234530309
1359448475277160449
1359448478603165699
1359448521594789890
1359448524664934403
1359448534127370242
1359448543094800384
1359448589550972929
1359448604319109120
1359448625135423490
1359448658849185792
1359448661575532544
1359448672321306627
1359448681590771718
1359448683083751430
1359448696216240136
1359448699726950401
1359448730286579713
1359448747969835010
1359448749030985730
1359448758996643840
1359448764705079297
1359448767632654341
1359448773009752064
1359448776138711043
1359448786280529920
1359448813702938627
1359448825765769216
1359448836826148865
1359448860708511744
1359448888973885441
1359448907340795911
1359448919458086912
1359448931718098946
1359448975045259267
1359448990908100608
1359449088299786240
1359449103990718465
1359449127269072896
1359449129072660480
1359449153487728641
1359449186425569280
1359449192431837184
1359449280675778562
1359449307057852418
1359449324942467072
1359449362611531776
1359449366487048197
1359449384115724289
1359449421642158080
1359449425219837952
1359449428877340672
1359449430735392768
1359449445025333252
1359449452122173440
1359449456366784512
1359449486381170692
1359449501224861696
1359449516492156929
1359449531331403782
1359449531973324802
1359449536134062080
1359449547995570177
1359449565926195200
1359449606757769218
1359449606891966466
1359449620829642752
1359449624503853059
1359449631156019210
1359449651053801478
1359449672050487296
1359449672318914562
1359449686323695618
1359449694850543623
1359449730795909120
1359449741218762759
1359449763272351745
1359449776769630215
1359449802698858499
1359449804951203850
1359449805668438018
1359449816774893573
1359449837398286344
1359449854955683840
1359449863176478723
1359449907741024256
1359449931115868160
1359449949105246208
1359449976997347330
1359449992033878017
1359450000556752898
1359450005610840065
1359450034480140291
1359450034685804545
1359450042457800709
1359450140982018048
1359450150394073089
1359450165384519681
1359450177015345152
1359450190911074306
1359450192534265859
1359450193159192576
1359450208229347331
1359450242391932929
1359450253708189696
1359450255142645761
1359450271282249734
1359450282057469952
1359450345039155206
1359450378581004292
1359450436525297670
1359450474471190531
1359450483052732418
1359450493655912448
1359450537893232640
1359450545698836481
1359450548295057408
1359450580511567872
1359450600757465089
1359450612849598469
1359450625738756096
1359450669107867650
1359450698820313090
1359450702247059456
1359450704977555456
1359450722522312705
1359450774653308930
1359450789694078977
1359450789698285572
1359450790772043776
1359450792298754050
1359450837853106178
1359450852344418307
1359450863991930885
1359450872875515904
1359450906656464897
1359450913447030784
1359450928064126978
1359450931469910018
1359450996880064513
1359450997865783297
1359451001275756545
1359451015678943232
1359451024797351937
1359451039192154117
1359451043369803779
1359451046465048576
1359451081512730624
1359451089179967489
1359451117365592066
1359451117906767872
1359451236240658433
1359451244671205377
1359451250832637952
1359451255261790213
1359451269291798529
1359451270289973249
1359451271447646208
1359451293690040320
1359451306516217858
1359451340276199425
1359451355560235011
1359451356063543296
1359451474833604609
1359451489861857280
1359451491405352960
1359451538066993155
1359451598343335939
1359451614994698241
1359451627393007617
1359451634586300420
1359451678609727488
1359451692429893632
1359451702399823876
1359451717725806595
1359451722951892995
1359451724298260482
1359451751338934272
1359451757487812608
1359451785467985920
1359451809023205376
1359451816044474371
1359451819571892224
1359451819982872583
1359451829424312320
1359451843739471872
1359451854619504640
1359451859660988416
1359451860105625601
1359451879890116610
1359451903814434824
1359451910806384640
1359451918167404545
1359451930276298759
1359451974027120641
1359451993568382978
1359451993966866435
1359452007107551233
1359452047620202497
1359452047754551296
1359452047788052480
1359452059590930434
1359452060379398144
1359452061973250048
1359452069053292544
1359452104776167430
1359452111801581569
1359452128855674882
1359452139110756357
1359452146731606016
1359452165996175362
1359452203396853760
1359452215090495490
1359452232157196288
1359452241481125890
1359452317662208003
1359452330840719360
1359452331708977152
1359452343578861569
1359452345499811846
1359452349887045634
1359452360649691136
1359452372620181504
1359452377796009986
1359452396989145089
1359452413263032321
1359452415334965248
1359452433458552834
1359452448943923200
1359452476202704898
1359452531651469315
1359452548273471488
1359452548332199936
1359452552916525057
1359452601385951232
1359452604451946496
1359452668578652160
1359452672718483458
1359452685091692547
1359452716704161792
1359452723322757120
1359452739252744193
1359452767690104839
1359452797054386177
1359452798828576770
1359452799420006401
1359452809536692225
1359452828931137536
1359452829988122629
1359452837042913282
1359452847482556416
1359452851005779970
1359452887349346306
1359452901215776775
1359452915103064067
1359452929397305344
1359452939417493507
1359452964562366467
1359452985835847680
1359452994518085633
1359453011232317442
1359453023383216129
1359453024675061761
1359453078190231554
1359453087539343367
1359453117452931076
1359453125556510721
1359453137019555844
1359453148981702657
1359453149325479936
1359453152001617922
1359453161229078529
1359453167524667392
1359453181273665538
1359453190471696384
1359453207303507970
1359453232565800961
1359453239398305797
1359453262739615746
1359453269114904577
1359453289822191620
1359453306121162754
1359453306129580040
1359453306310033415
1359453310026145795
1359453312068841473
1359453315071885313
1359453320650326020
1359453326509830144
1359453327608717317
1359453332893536261
1359453333304602629
1359453337020735488
1359453349301600257
1359453358436855809
1359453362618568711
1359453389772513280
1359453391747862529
1359453429219938308
1359453459989299202
1359453476670103554
1359453498010656771
1359453499017334790
1359453516264321024
1359453524032159744
1359453555934064643
1359453567145435138
1359453579988377600
1359453587315769346
1359453591191314435
1359453621163859968
1359453654965714945
1359453674054049792
1359453731759288320
1359453735211130881
1359453737073410048
1359453738054934531
1359453774075559939
1359453774411104256
1359453779872141313
1359453799178469377
1359453818933633024
1359453835085905922
1359453847865933825
1359453924265230336
1359453928136581126
1359453937510801408
1359453947447160832
1359453950370603012
1359453987578277888
1359453987670474752
1359453990757556224
1359453991755726848
1359454017492033539
1359454018402197504
1359454086924554244
1359454087306223617
1359454155056766977
1359454165873876992
1359454166872162307
1359454183292813315
1359454217770041345
1359454230143205377
1359454250586275841
1359454260765872128
1359454265035603969
1359454318663974916
1359454324821266432
1359454327165837313
1359454327333679106
1359454339480383490
1359454347311132673
1359454469012996100
1359454488181018624
1359454525598351363
1359454537929621504
1359454562856353795
1359454569458249728
1359454578400460804
1359454579029647361
1359454589829980164
1359454611908812800
1359454613041254403
1359454613494259712
1359454656548786176
1359454698286297089
1359454714929307648
1359454738325135367
1359454741777035264
1359454774832336897
1359454780226166787
1359454797838110720
1359454810676875264
1359454815911174146
1359454815974227968
1359454854696079362
1359454934874357761
1359454943414001664
1359454954600214534
1359454981439578113
1359455002209775627
1359455005699366913
1359455054047117313
1359455106635292673
1359455125731872768
1359455138818256897
1359455142651826176
1359455145399115779
1359455182472568832
1359455186977230850
1359455192631160833
1359455207084732418
1359455215230070788
1359455215834038272
1359455234234458118
1359455245202579461
1359455273711198209
1359455287128842242
1359455294091370503
1359455307227934727
1359455309601898496
1359455340052574209
1359455348629925888
1359455381534216200
1359455398462447620
1359455425356324864
1359455489923444741
1359455497427054597
1359455498647478272
1359455515290595335
1359455517568077828
1359455522680942592
1359455534924054529
1359455556403163138
1359455556998729733
1359455572098093062
1359455617795121156
1359455640129839105
1359455645200773120
1359455660363153408
1359455680558731264
1359455686262939650
1359455690117574660
1359455742957346816
1359455772900532224
1359455779473006593
1359455787769298946
1359455808631824388
1359455819683819520
1359455822829416448
1359455877716193281
1359455888508084225
1359455934918111234
1359455937631842304
1359455959232430083
1359456011694833666
1359456013552877571
1359456037141704705
1359456070574477312
1359456093970309123
1359456112861470723
1359456118544695299
1359456119740063744
1359456131924582401
1359456132293623809
1359456147644768256
1359456149016371200
1359456176765865984
1359456209837969408
1359456211108823040
1359456238145331200
1359456241622384642
1359456255459393537
1359456263168491521
1359456268419796993
1359456274119852034
1359456277173264388
1359456287294173185
1359456287524872192
1359456292239265794
1359456298543251460
1359456308584448000
1359456309805019137
1359456321670701060
1359456325646835714
1359456373864624131
1359456390415343616
1359456391401009156
1359456428856135680
1359456431196545030
1359456453300486144
1359456461722710017
1359456474762776578
1359456478512439304
1359456494249521153
1359456516202446851
1359456516848418816
1359456562398584833
1359456574658535426
1359456581457444864
1359456588659118080
1359456602831663107
1359456619004887046
1359456632233680897
1359456681932054528
1359456704338030593
1359456753444913154
1359456764354265089
1359456772256391168
1359456774349332483
1359456781546749954
1359456792934252544
1359456814849544195
1359456816363679747
1359456859611086849
1359456896994996227
1359456924685762560
1359456954192719872
1359456961662758912
1359456973578772480
1359456983972253700
1359456997670858753
1359457040561807363
1359457043908861952
1359457060803538946
1359457086388731906
1359457090096353285
1359457090473926659
1359457111432966146
1359457133654405121
1359457162158878720
1359457188125753346
1359457195994345476
1359457201727938561
1359457203418263555
1359457211286708230
1359457213484584965
1359457216865140736
1359457256664883203
1359457302735171588
1359457308682702848
1359457335383650308
1359457343948414981
1359457363141484546
1359457368015314949
1359457376005455872
1359457394779168772
1359457396700176386
1359457398830817281
1359457407215239177
1359457414404321280
1359457424311267330
1359457426911723521
1359457430325886979
1359457458289270784
1359457466103312389
1359457467021819905
1359457475947188225
1359457502325317633
1359457505806585857
1359457508708999168
1359457536097812480
1359457546864652289
1359457548034740225
1359457594293772289
1359457606188863488
1359457624593494017
1359457663474663427
1359457667090157569
1359457677781463041
1359457679593377794
1359457685901557767
1359457686971179008
1359457693002530818
1359457713420443650
1359457825735507972
1359457840679833600
1359457855208849408
1359457860262969345
1359457887496634370
1359457917821419521
1359457978865377281
1359457983764156423
1359457984728997888
1359457994447192065
1359457996233932800
1359458006333849600
1359458012407201794
1359458016119128067
1359458050361470981
1359458061455400960
1359458087959228417
1359458097052459010
1359458121681362944
1359458147820306433
1359458152194932737
1359458175762767876
1359458198596550656
1359458228132839424
1359458232083824646
1359458282906284033
1359458287440257024
1359458296747417603
1359458326547988482
1359458339709665285
1359458339810201601
1359458347112570883
1359458372513333253
1359458387528994817
1359458388313268224
1359458425684570113
1359458451731185666
1359458493032525826
1359458515845324800
1359458519938977792
1359458551866007553
1359458589681844226
1359458616965795841
1359458654639050752
1359458685064478720
1359458695978110976
1359458704391864320
1359458717503279108
1359458720569294848
1359458722934902786
1359458728773320705
1359458743222681601
1359458765469323265
1359458784545017856
1359458813452161024
1359458815838715904
1359458843412021250
1359458848143249408
1359458867684466692
1359458898076454913
1359458905135472642
1359458913410809857
1359458922504065024
1359458936542416902
1359458941768458241
1359459010190188548
1359459022626299906
1359459082927800321
1359459100174729217
1359459145083191296
1359459153593462784
1359459263274487810
1359459286448033792
1359459295587422216
1359459295881015296
1359459334783184898
1359459338138628097
1359459360338944000
1359459391448240128
1359459420690927618
1359459424612532224
1359459444682334211
1359459445944811523
1359459486071730176
1359459570452684800
1359459597489238019
1359459626073341956
1359459646935826432
1359459677814284292
1359459679718547456
1359459720160038914
1359459759594831872
1359459759754272770
1359459774316822532
1359459781270986752
1359459781359136769
1359459825604788226
1359459842507886594
1359459857225637888
1359459865190563842
1359459893992968197
1359459916839350273
1359459919423012865
1359459929711644673
1359459955661811717
1359459997487407108
1359460008887529477
1359460017955627008
1359460018312122375
1359460027040468993
1359460043578634241
1359460097420906496
1359460104484093956
1359460117494845441
1359460152533999617
1359460204824453120
1359460209823989760
1359460238022352897
1359460260092796928
1359460285095018497
1359460303969353729
1359460327184809986
1359460352904359938
1359460361855004679
1359460383203991555
1359460415550406656
1359460446621827073
1359460454414876682
1359460484848771075
1359460503727329283
1359460507762233344
1359460524606578689
1359460550841925635
1359460563596763138
1359460620144422917
1359460640914616321
1359460656437743617
1359460664138424321
1359460718823825409
1359460726528761856
1359460783990714368
1359460789573345282
1359460804349882369
1359460831881293824
1359460845219172356
1359460855885168643
1359460856048742402
1359460856136798211
1359460856216522753
1359460856380067840
1359460876928049152
1359460897236918273
1359460899103404033
1359460940501123080
1359460941277106178
1359460962638712835
1359460980321845249
1359460998806204416
1359461010751561731
1359461038169624580
1359461064317038595
1359461086156771328
1359461105639260160
1359461113474211840
1359461120214376453
1359461139948666887
1359461177986871302
1359461185456926725
1359461195296759809
1359461205056905220
1359461228486287360
1359461246144311307
1359461254587416582
1359461257183719424
1359461257858973698
1359461266641870848
1359461302620606464
1359461303081910272
1359461320412782593
1359461337638830083
1359461351953821699
1359461369318375426
1359461430819516416
1359461452369780736
1359461475220402177
1359461480731729921
1359461507994632192
1359461516794343426
1359461523857539072
1359461533202407424
1359461543965044740
1359461572305965057
1359461579847303174
1359461629730181120
1359461634167754755
1359461658373083140
1359461676752523267
1359461681882148864
1359461687880015875
1359461724353609728
1359461732901679105
1359461738706534402
1359461750849089536
1359461753407627264
1359461775687749632
1359461787796668416
1359461816687026176
1359461820491300866
1359461837977313281
1359461846265257986
1359461889982529538
1359461895267364866
1359461912027803649
1359461914443677700
1359461954704801800
1359461977509289988
1359461993451839488
1359461997583204353
1359462010451329026
1359462017531265025
1359462019376717826
1359462026607792132
1359462030596599809
1359462044966260736
1359462045427597312
1359462083960700930
1359462107205500930
1359462114243588101
1359462126830694404
1359462141858832386
1359462172527652865
1359462186205253632
1359462235442196485
1359462245034565634
1359462258540240897
1359462365851504642
1359462378514112515
1359462379252244483
1359462388823638018
1359462439088234496
1359462447548145667
1359462464522514437
1359462494172028930
1359462510940807168
1359462529127301120
1359462540930072584
1359462546990915584
1359462581719748609
1359462617387991042
1359462622568062976
1359462655879184384
1359462663445749762
1359462668315287553
1359462708551245825
1359462709855666177
1359462720383422467
1359462723453653001
1359462755149963264
1359462769364459520
1359462803615137794
1359462845268844547
1359462944958996480
1359462961069363200
1359462969420226561
1359462988105801731
1359463006321733634
1359463035316879362
1359463054891753473
1359463069257240576
1359463081638834179
1359463107081437185
1359463130888306691
1359463132968681473
1359463145299935238
1359463146533093377
1359463157576724482
1359463191382790144
1359463196332068864
1359463205291057154
1359463215785275396
1359463235154542593
1359463242138062849
1359463242997800961
1359463265101901825
1359463267068903431
1359463284093632513
1359463285133877250
1359463305107111940
1359463344680415233
1359463372392001541
1359463387638472704
1359463388221440003
1359463393619562500
1359463395225985028
1359463404273074176
1359463426758762499
1359463479820828675
1359463500033241092
1359463519247364097
1359463531066896390
1359463546959126532
1359463554064257027
1359463569537069056
1359463600088309760
1359463606098755586
1359463622431408130
1359463633525301249
1359463634242580480
1359463649182679041
1359463675501903873
1359463698285420544
1359463765859778562
1359463768032444416
1359463773904510977
1359463827922944000
1359463829013467138
1359463846751174657
1359463866615365632
1359463868897128448
1359463871384326145
1359463877759676419
1359463914896039937
1359463953374584832
1359463961087905798
1359464010526121989
1359464013231501313
1359464093585924104
1359464102913970176
1359464115199180808
1359464131678646272
1359464136472690688
1359464145880547331
1359464160535470080
1359464180106035201
1359464192840003588
1359464223248703490
1359464266454036480
1359464266701496323
1359464283847950338
1359464285966110721
1359464292337254401
1359464309563228162
1359464314525122560
1359464320845897733
1359464322003578888
1359464323123449857
1359464327015763968
1359464357890052096
1359464361090293760
1359464367243329540
1359464384846843912
1359464386088341508
1359464387803664388
1359464405050736647
1359464413556846594
1359464418816499714
1359464421295329281
1359464495719059457
1359464523695022081
1359464543307595779
1359464543773163528
1359464549825605633
1359464554850353153
1359464558306484228
1359464558931435520
1359464573473091586
1359464575381372934
1359464591181422593
1359464594050338816
1359464631249506305
1359464631396278277
1359464631777992707
1359464631815798786
1359464633149644801
1359464633900408833
1359464649784258563
1359464655488442371
1359464679756726273
1359464703353831424
1359464715064401921
1359464765672869899
1359464806210764802
1359464831326310400
1359464847205937154
1359464858945810439
1359464861806301185
1359464873873334278
1359464915417841664
1359464934237700096
1359464946149515267
1359464970958864386
1359465004815286275
1359465005389934592
1359465015674290178
1359465032417968128
1359465064068222976
1359465082737090562
1359465105453428736
1359465106950787072
1359465120120926210
1359465148424085506
1359465148742840323
1359465188781613057
1359465216564723712
1359465250052055052
1359465263419314179
1359465269077237760
1359465272311242757
1359465299158958081
1359465306519920642
1359465349666775043
1359465357405257730
1359465380247449603
1359465386337587206
1359465386912194560
1359465394080272386
1359465463076556800
1359465472740179970
1359465486786953217
1359465497931239426
1359465552553639941
1359465555774832644
1359465573374124033
1359465637446258697
1359465686540693507
1359465700813901824
1359465741234417670
1359465743675494403
1359465780912549889
1359465798704762882
1359465805252091906
1359465810092294144
1359465815683330049
1359465819344932864
1359465830891872259
1359465887036805121
1359465907764875265
1359465910361276418
1359465924873584641
1359465927096610817
1359465943651524615
1359465946126163972
1359465947334119425
1359465956184100864
1359465982725611525
1359466073192620033
1359466118109356032
1359466141782061058
1359466163168763905
1359466171209314307
1359466178687758337
1359466189655863298
1359466196706484225
1359466232639086592
1359466234639745025
1359466252750774277
1359466263534325762
1359466274212962304
1359466277438423040
1359466281091674112
1359466339941945345
1359466369159471104
1359466381570420740
1359466394320924677
1359466400818036738
1359466406459265025
1359466418945748992
1359466420036374528
1359466425036005385
1359466470519042051
1359466481189273600
1359466509731590146
1359466510599790592
1359466587674341380
1359466606221484032
1359466630133252096
1359466630686924804
1359466632565977095
1359466635271286786
1359466658184761346
1359466661234040832
1359466677159747584
1359466685535838211
1359466690082443271
1359466713205604357
1359466729559240704
1359466737805197312
1359466774266273792
1359466775293870080
1359466796408053760
1359466797678927882
1359466800732401666
1359466803081150475
1359466827076804611
1359466841320603651
1359466862988431365
1359466887839682565
1359466902838460416
1359466924753776643
1359466955883872257
1359466969251069953
1359466971650269184
1359466981448159233
1359466987626315778
1359466993070583809
1359467001786363908
1359467011596824576
1359467024796291078
1359467033038102533
1359467082744791040
1359467130262065152
1359467145999118338
1359467147240603650
1359467173161422848
1359467178769211393
1359467180593729543
1359467185035497474
1359467207525294087
1359467211262427137
1359467214588551168
1359467239422984193
1359467240488390660
1359467266971164682
1359467294221557766
1359467311716052992
1359467340291801088
1359467346537111556
1359467367689056260
1359467385514778629
1359467397539848193
1359467404401795073
1359467408344424450
1359467425171968001
1359467470369751042
1359467475184857089
1359467485850959872
1359467517060780033
1359467555010805767
1359467583452286979
1359467621477871622
1359467636573294597
1359467643464544257
1359467665543356419
1359467676603711488
1359467692227452929
1359467692965699585
1359467695947845638
1359467704957210627
1359467706966306817
1359467725005979649
1359467745436463107
1359467750322819074
1359467755188158469
1359467759969665024
1359467814499848192
1359467857256529921
1359467857671839744
1359467872188252160
1359467882879602691
1359467888126615552
1359467907907014657
1359467908439670786
1359467938387025920
1359467959891148802
1359467970574049286
1359467970716704768
1359467976815226882
1359467987116449794
1359467991818268676
1359468022193348609
1359468029701193732
1359468032440094726
1359468053889703937
1359468089222582274
1359468097497931777
1359468109866930177
1359468113482420224
1359468125687844866
1359468130339344384
1359468133006913536
1359468137104764929
1359468138916507655
1359468219778674690
1359468273507700737
1359468317359104001
1359468322027433984
1359468334253801472
1359468350456406018
1359468377996218369
1359468379191586819
1359468405489868802
1359468405649154049
1359468405955440643
1359468420044062725
1359468425521868802
1359468430144008192
1359468435726598147
1359468436448018432
1359468476520427523
1359468495088582661
1359468518027251712
1359468546611412992
1359468564932100101
1359468592144736256
1359468594397147142
1359468602018197507
1359468657085198336
1359468657533935621
1359468662319702019
1359468666325245957
1359468752207831041
1359468823250935808
1359468829521371137
1359468841064148994
1359468843534594050
1359468892796641288
1359468907657129985
1359468908856623104
1359468910182023169
1359468917446557697
1359468969074245632
1359469016063086592
1359469016755171328
1359469023898062849
1359469077606125572
1359469090952339456
1359469100326649858
1359469113882607616
1359469115589689346
1359469126922698758
1359469144144510976
1359469182669254663
1359469219553939458
1359469235857207297
1359469256220508162
1359469280891461632
1359469286599843842
1359469296968105991
1359469303716847618
1359469333081169924
1359469336298217476
1359469354895765507
1359469374235623424
1359469381886091265
1359469407517499394
1359469465931554819
1359469472432676865
1359469497762119682
1359469509308997635
1359469523427090434
1359469523716501505
1359469524014227457
1359469537696047104
1359469543727497218
1359469650388672512
1359469657711931392
1359469664057843719
1359469666134093826
1359469678821859328
1359469682009473036
1359469693099196423
1359469698983804929
1359469787232022530
1359469787873751041
1359469803598188546
1359469803690409986
1359469836208918535
1359469842483580933
1359469895273107459
1359469918115270657
1359469976910970882
1359469988587966465
1359469992987791362
1359470026210820096
1359470032217063429
1359470033110511617
1359470035341881344
1359470035593551880
1359470061224927234
1359470097908301826
1359470118883844100
1359470123292188674
1359470181211377665
1359470214816096256
1359470224580501504
1359470266724843524
1359470274815614976
1359470282797375490
1359470284328357889
1359470294386278401
1359470300858040320
1359470308533690369
1359470334571925509
1359470344860532738
1359470380394635267
1359470408983064583
1359470410446888962
1359470418395029507
1359470426649460739
1359470433054171137
1359470440931074050
1359470458245160960
1359470501379379200
1359470517305106434
1359470557608165376
1359470563799007232
1359470583180890112
1359470586955780096
1359470601354813441
1359470609210744835
1359470629095882757
1359470630316425219
1359470642844811267
1359470660192501764
1359470685366734850
1359470734570094593
1359470772977287170
1359470811401228293
1359470818691080194
1359470833073291272
1359470843022237700
1359470859262562312
1359470883178504193
1359470885350957064
1359470889176338435
1359470922118406145
1359470994709168129
1359470999515897859
1359471016616095746
1359471035117166592
1359471038942347270
1359471081246048257
1359471085515866112
1359471097645826053
1359471126569775105
1359471153610444802
1359471172447064068
1359471173730525188
1359471178994311170
1359471190126002177
1359471204332101638
1359471213786128385
1359471244899418114
1359471260418383872
1359471274234425349
1359471283629613062
1359471284623728644
1359471286368538625
1359471326797451266
1359471382896246785
1359471399925133316
1359471418371694592
1359471425527050242
1359471429138452483
1359471431063662597
1359471437875191811
1359471453490585602
1359471474952843265
1359471503020937224
1359471511103545346
1359471557916184576
1359471560088842243
1359471572780736512
1359471580468940801
1359471622726516738
1359471625872297985
1359471657199534081
1359471685750173696
1359471707652825090
1359471716339179521
1359471747431604227
1359471754046017536
1359471783167070215
1359471791178137608
1359471917472894976
1359471927568572416
1359471933788737539
1359471942919675906
1359471951945871363
1359471992240545796
1359472009890181120
1359472040206548992
1359472044946190336
1359472045587898371
1359472047336882176
1359472113766252546
1359472115221729281
1359472141868146688
1359472165393993731
1359472169227583491
1359472170200621057
1359472178148892672
1359472180363370499
1359472180569006081
1359472180657086465
1359472183031058434
1359472183500750851
1359472185333612546
1359472187909021702
1359472188353634308
1359472190236684289
1359472192673701888
1359472200345083905
1359472214064660482
1359472234407079948
1359472244930404352
1359472246943854595
1359472296889634816
1359472311284486145
1359472324102262787
1359472343953850372
1359472348345339908
1359472352820609030
1359472370361245697
1359472378867286017
1359472386622558210
1359472407002636289
1359472424618704899
1359472425457635330
1359472427730935808
1359472472752590848
1359472489055805447
1359472502154665988
1359472506227351558
1359472527580540934
1359472554159841284
1359472567992655874
1359472568177201152
1359472575949193221
1359472593422721024
1359472593464668162
1359472626977169409
1359472639581040640
1359472653707472896
1359472659084566534
1359472661433352192
1359472684178939909
1359472695608369152
1359472697646829569
1359472714826842112
1359472724398272513
1359472778387283970
1359472829360730116
1359472831784960008
1359472842040082437
1359472929285828613
1359472934268645377
1359472948759977991
1359472957958021123
1359472960583696385
1359472967227494402
1359472968347303936
1359472984277286915
1359472986089283586
1359473003734695936
1359473004011544576
1359473009678032897
1359473045006647296
1359473045006671876
1359473062433984514
1359473074001883144
1359473074215788545
1359473090628100107
1359473103919869953
1359473107648589824
1359473118222417923
1359473124660633600
1359473127982567426
1359473137436483585
1359473178658172930
1359473181959061507
1359473201533775881
1359473202393534469
1359473205833064450
1359473221955903492
1359473227752497154
1359473237990789120
1359473245863505924
1359473253769768961
1359473272572833795
1359473316046770177
1359473324968017922
1359473326536744962
1359473335424454657
1359473350121242624
1359473365904416770
1359473387182186498
1359473427543900161
1359473439208136709
1359473442316255234
1359473456463507458
1359473457088585730
1359473469931585540
1359473503850926081
1359473532825124864
1359473557579984898
1359473571723116546
1359473598122098688
1359473651322658816
1359473653793062915
1359473715533275140
1359473716942561282
1359473751453282305
1359473788744847362
1359473796562976769
1359473822320230401
1359473830738223106
1359473832889843712
1359473839458107392
1359473845246300161
1359473850895982594
1359473864267464706
1359473883443834883
1359473904742449156
1359473928339652608
1359473950644981764
1359473970702131201
1359473980642574340
1359474005351268352
1359474011382628357
1359474024003362817
1359474030512726021
1359474046224773124
1359474046765826050
1359474057415163906
1359474096262836229
1359474112293466115
1359474126860279810
1359474134439391232
1359474145277448195
1359474169243709442
1359474172301357056
1359474177376460802
1359474178588610560
1359474195281895425
1359474203943198722
1359474205692157953
1359474229096366088
1359474246246948867
1359474254471979012
1359474273052672001
1359474287711772675
1359474371937652737
1359474378912768003
1359474391948685316
1359474399695560707
1359474418976710658
1359474421929553923
1359474429546426376
1359474437557526530
1359474454238269440
1359474458616991744
1359474474794500099
1359474488866467841
1359474519195451392
1359474519287676929
1359474547116883969
1359474555195129865
1359474576212779008
1359474577802420225
1359474579291459584
1359474582831382530
1359474583586406408
1359474590553153539
1359474605761650691
1359474651857051650
1359474681452060675
1359474697184944129
1359474697188962310
1359474735327961089
1359474738993778692
1359474746367311873
1359474747768242181
1359474757318701058
1359474763643707393
1359474779028414465
1359474780643205120
1359474814554173441
1359474838285340674
1359474854337146883
1359474880467656706
1359474933907267587
1359474940081278977
1359474948797059072
1359474981651030019
1359474987707600896
1359475000240144385
1359475008800710657
1359475027717087232
1359475033320673284
1359475038412558338
1359475040245399552
1359475043210821633
1359475045026914305
1359475052798967810
1359475057911877633
1359475079084670979
1359475093563469825
1359475096675643394
1359475098864992258
1359475102111461383
1359475104149815299
1359475127616995339
1359475131266007045
1359475181039869953
1359475213973549059
1359475215827406851
1359475223171629056
1359475236211740673
1359475239697154055
1359475241618178052
1359475245028098048
1359475259909541891
1359475311340122115
1359475337533534212
1359475352297439232
1359475375785578498
1359475472061648896
1359475473227653123
1359475479397478401
1359475490780815368
1359475503460147200
1359475521726402560
1359475527711674369
1359475538503598080
1359475541812928514
1359475550981664769
1359475570002849794
1359475576067809288
1359475604802985985
1359475631013187587
1359475644850135046
1359475653456912385
1359475656803893248
1359475672536776707
1359475674910703623
1359475677259587586
1359475678354276354
1359475701129297920
1359475710939832320
1359475722348335108
1359475760617111560
1359475778908540928
1359475784646328322
1359475792183496706
1359475796507840512
1359475870432432128
1359475880247107589
1359475892322512899
1359475901168246787
1359475934336847872
1359475955329236993
1359475955597721611
1359475955614375938
1359475955727745025
1359475962367381506
1359475982848122885
1359475987344408577
1359475994717995010
1359476034702356480
1359476044114382850
1359476055476740098
1359476076745998336
1359476080307019777
1359476088842432513
1359476096459288577
1359476126096236549
1359476132727422977
1359476146170175489
1359476150867738624
1359476166407634947
1359476188389990403
1359476195323228160
1359476218060562433
1359476222921736192
1359476226830794755
1359476230702129154
1359476233369747457
1359476255469555713
1359476261337325569
1359476266223697921
1359476267649798145
1359476280891179012
1359476281876824067
1359476286796791809
1359476297492291585
1359476358737461249
1359476372717121541
1359476379188948998
1359476387829211142
1359476394816925696
1359476403905957888
1359476472633778183
1359476479655092226
1359476486235897859
1359476494943350788
1359476546982019073
1359476557929136129
1359476575184564224
1359476625331654658
1359476674572791811
1359476674715385860
1359476674899955714
1359476680839090178
1359476688938283011
1359476692222361600
1359476704402681857
1359476716406718464
1359476723784548352
1359476740138106886
1359476742273048577
1359476761386434560
1359476767795331073
1359476776897024003
1359476807968436224
1359476809562210305
1359476811877474307
1359476855020085248
1359476884342509569
1359476896858308610
1359476905850916864
1359476905934782464
1359476916382822407
1359476929179619328
1359476939199836161
1359476973228216322
1359477001988505604
1359477030983786499
1359477036503494657
1359477040018259969
1359477044065800194
1359477047421198337
1359477064823414784
1359477098092650498
1359477113615757312
1359477136793473024
1359477166329716742
1359477176907812864
1359477176932925443
1359477188303740928
1359477209325391873
1359477213553324041
1359477213616300034
1359477213696032768
1359477226371239939
1359477248236150784
1359477255265783811
1359477266842058753
1359477269429964801
1359477282604212224
1359477301713510403
1359477309078650880
1359477316863348738
1359477323343540229
1359477323393867780
1359477358219124739
1359477371213078528
1359477382663573508
1359477399595999232
1359477403270197249
1359477444042973187
1359477456546238464
1359477458353987588
1359477477576503298
1359477481993076736
1359477491346341888
1359477498199875590
1359477505565065226
1359477508152963072
1359477525123125251
1359477534564511745
1359477545528352771
1359477547642343424
1359477583805640705
1359477591724466176
1359477599865626627
1359477622305153026
1359477624771338243
1359477629406035969
1359477636855169031
1359477652554457088
1359477655490465795
1359477668039823362
1359477675962888193
1359477676663332866
1359477680601780231
1359477684745756675
1359477716924260356
1359477741536575489
1359477747794538500
1359477784360460290
1359477793344671744
1359477800097480704
1359477807982796801
1359477851267817474
1359477855986581504
1359477918460698626
1359477929684725761
1359477941005127682
1359477945891512324
1359477949347602438
1359477985422807040
1359477987347816448
1359477993551384576
1359478005408669696
1359478009187753985
1359478010731253761
1359478016741572609
1359478068964970496
1359478073608056833
1359478100787093509
1359478157150158852
1359478172220329986
1359478189374996481
1359478193313492993
1359478194869526535
1359478211667779587
1359478217984376834
1359478226918211594
1359478246845411331
1359478264025264131
1359478272157958146
1359478274720755712
1359478275622531076
1359478285445566466
1359478315795496960
1359478326994288642
1359478334980313091
1359478338927157248
1359478351883288577
1359478359227576323
1359478360443871238
1359478365934161920
1359478372053757953
1359478408116391945
1359478423765270530
1359478479889260549
1359478483076931585
1359478487384489988
1359478489099960322
1359478530107670528
1359478536155889670
1359478546234761216
1359478564475854850
1359478589721346051
1359478610944552961
1359478617378553860
1359478642536030211
1359478678166585346
1359478701382131714
1359478709485510660
1359478711880458246
1359478727021895681
1359478753290842113
1359478766553227264
1359478769384386565
1359478798094372864
1359478799969181706
1359478816754651136
1359478817493037065
1359478826913259522
1359478849789124610
1359478868516753408
1359478905133035529
1359478909667008515
1359478947747160066
1359478948619501569
1359478949869404162
1359478975681167360
1359478981762945028
1359478983658733571
1359479040483164160
1359479057470078979
1359479059558899715
1359479070547935234
1359479122892886016
1359479157240057858
1359479159559495680
1359479180346482688
1359479194619695104
1359479241788825600
1359479244141780992
1359479252681383948
1359479267986391042
1359479285371789313
1359479294838333443
1359479300274192384
1359479306863394818
1359479315495280651
1359479387738042368
1359479399331090432
1359479401998659585
1359479425998454786
1359479447125168129
1359479480285339649
1359479481090637829
1359479486182526976
1359479500514418689
1359479510962495491
1359479527290863616
1359479532378546178
1359479552561586179
1359479555191410691
1359479596580827138
1359479601936928768
1359479612129050628
1359479616382074880
1359479626272301058
1359479653543645187
1359479707662757892
1359479730429456385
1359479730999873541
1359479731708588033
1359479736691482625
1359479740600639489
1359479749941358593
1359479755884687364
1359479756836790280
1359479766131372038
1359479783697088514
1359479803011858437
1359479857185501184
1359479862709387266
1359479888453976067
1359479905000558593
1359479911954714629
1359479918162300932
1359479919324106752
1359479930543833091
1359479964488318982
1359479977167708162
1359479984407085056
1359480022743068674
1359480048747749377
1359480065617137669
1359480086324477952
1359480111033155588
1359480114430365703
1359480119073640453
1359480125566427137
1359480129072816130
1359480142083616768
1359480161746444289
1359480170546094083
1359480177508679684
1359480196936716292
1359480235750813696
1359480253756952576
1359480262862774278
1359480288515096577
1359480308597465094
1359480327207612418
1359480332882501637
1359480338314108928
1359480344202911747
1359480355955367938
1359480362091614209
1359480393360154627
1359480398783332354
1359480410527399938
1359480462738133001
1359480472129196033
1359480485941018624
1359480493394206729
1359480526386696193
1359480533290536963
1359480571936862208
1359480573111250947
1359480575749480451
1359480618409680901
1359480650655490050
1359480654199668739
1359480670049992712
1359480675343233028
1359480709279322113
1359480718422921219
1359480743135760385
1359480744477884424
1359480754045132808
1359480764052742144
1359480785070411779
1359480792095854593
1359480797804326923
1359480815936225280
1359480817660145664
1359480881749106690
1359480928389779463
1359480959427637250
1359480971612090369
1359480988653531139
1359481147789631488
1359481291251609600
1359481294745456641
1359481506448756739
1359482141361463297
1359482246898409473
1359482351496146948
1359482439312302080
1359482497852145664
1359482682116362249
1359482711694602241
1359482743906852869
1359482761950691334
1359483103467741184
1359483505118437385
1359485827617853445
1359486143121743872
1359487219749257219
1359487632749821960
1359488161987112966
1359488299811934208
1359488538568450049
1359488736816467972
1359488969797435394
1359489380394684417
1359489451270033408
1359492750538866692
1359493685319196676
1359493945764495360
1359494204238553088
1359494792367988740
1359494820813819913
1359494838236942337
1359495257814106113
1359495757951295489
1359497301144834052
1359497342055968770
1359497878729871360
1359498113313107969
1359498520634548228
1359498662150291463
1359500629274730504
1359501407158697984
1359501552449445895
1359501705461784587
1359501709186379778
1359501740236820487
1359501977286287360
1359502075697184772
1359502395676491777
1359502816163876866
1359502965397200898
1359503802458656768
1359504971646070785
1359505301435781124
1359506155010105344
1359506451828465665
1359506831396265984
1359506941861625857
1359507005753462785
1359507118001430528
1359507404191391753
1359507532868427781
1359507539080151042
1359507604737830914
1359507750649233409
1359508142925709314
1359508683718295554
1359508748285468673
1359509275169722370
1359509619501109248
1359510139468931075
1359510161040289793
1359510316007235589
1359510764491583492
1359511187558445057
1359511207787581440
1359512099811172354
1359512457463681026
1359512526145339396
1359512544835207172
1359512771159863301
1359513046255882244
1359513298794909699
1359513393313419268
1359514680641921025
1359516767022964741
1359516774354550787
1359516800841621505
1359517479157047297
1359517482357116936
1359517797643075588
1359517872993816579
1359518178402009099
1359518343301115906
1359518365371535361
1359519500002086914
1359519512056516614
1359519595678334981
1359520438456565760
1359520588524625928
1359520650268975106
1359521101215395842
1359521128658698240
1359521340085178370
1359521767702884353
1359522512250392580
1359523085209243656
1359523586722136065
1359524379948900352
1359524403139252224
1359525030749560836
1359525100152901634
1359525247423311881
1359525584339107842
1359525928435646469
1359526072107339781
1359526170191093760
1359526632567042053
1359527205341192192
1359527405757554691
1359528402328379395
1359528454887272451
1359529055134040070
1359529180703191042
1359529892031959042
1359531075136065542
1359531320150548482
1359531617912582150
1359532116921503746
1359533141417996290
1359533289653035010
1359533500752416777
1359533514308345858
1359533552602341388
1359533777815535618
1359534106586079233
1359534406973718530
1359534522270969859
1359534840161435652
1359534904648859648
1359535272350920713
1359535305745977345
1359535482808512514
1359535906319962113
1359536314450931714
1359536564582416387
1359537024152305665
1359537134902906883
1359537223633403904
1359537279392448512
1359537281074401282
1359537307171360776
1359537364935331840
1359537390826778627
1359537406530244610
1359537433528926212
1359537443851149312
1359537468807262211
1359537495311007747
1359537498758742022
1359537577976606729
1359537617117863937
1359537685992472582
1359537706053873668
1359537758231003138
1359537771875098626
1359537781702352909
1359537783250030592
1359537819354615809
1359537828372316161
1359537859003355141
1359537971763019790
1359537978247364617
1359538131897372673
1359538176184967174
1359538221470912516
1359538234271875074
1359538275128643586
1359538343906865157
1359538349166366721
1359538406162903047
1359538432779972620
1359538538702901248
1359538551063531520
1359538642847485956
1359538650179133446
1359538829393334274
1359538867418890247
1359538879439794179
1359539058876297219
1359539200270495745
1359539386245931008
1359539447856005123
1359539472166252546
1359539708188057600
1359539713351237638
1359539798894125059
1359539863163441153
1359539929785782272
1359539976795488268
1359540159876849667
1359540199873802247
1359540211726827523
1359540252331945989
1359540291515088896
1359540293184479238
1359540479969361920
1359540503944060928
1359540566414000129
1359540641651384322
1359540964457652228
1359541109177917442
1359541123409207305
1359541131927781381
1359541214870204426
1359541254544109569
1359541355089981441
1359541362367090690
1359541367005843457
1359541427961819136
1359541539723243532
1359541623592538120
1359541892300611587
1359541962391568384
1359541998693322753
1359542045774331908
1359542127663996928
1359542188045172736
1359542252519981061
1359542306278367235
1359542524268920836
1359542577595379721
1359542661288517633
1359542721132789760
1359542777021923328
1359542944051650562
1359542972212269056
1359543289230278659
1359543352652365824
1359543407245484034
1359543427902410754
1359543469254074376
1359543544663445504
1359543600221220866
1359543749114810375
1359543840512835589
1359543903674724357
1359543923266514945
1359544177617473540
1359544323491176448
1359544448170872834
1359544530010267660
1359544585513562116
1359544607382659076
1359544697274908672
1359544746247680006
1359544820977532928
1359544880264077316
1359544966494752770
1359545044584251399
1359545125039390728
1359545190831296514
1359545418258989062
1359545803753332740
1359545881628823555
1359545955658440704
1359545966781685763
1359546010213756929
1359546032728768517
1359546463173369859
1359546490763501571
1359546593830174724
1359546690454315014
1359546801355898883
1359546835745005572
1359546839419215873
1359546840958439427
1359547019107434497
1359547252138778626
1359547297902821378
1359547766003892227
1359547767018967040
1359547891610759171
1359547897373749250
1359547970681724932
1359548130333777921
1359548291680251904
1359548330142011402
1359548354657726468
1359548398144258056
1359548403772973057
1359548415412228101
1359548477752098824
1359548517195390983
1359548551022411787
1359548571595513858
1359548700054421508
1359548778336964616
1359548778462773253
1359549028862681088
1359549134047485952
1359549185062764549
1359549336800092162
1359549490265526277
1359549792062500872
1359549916226404355
1359549960291778567
1359549972841193473
1359550132514156554
1359550256107683842
1359550548903665665
1359550592880963584
1359551024198000642
1359551110365794308
1359551294298554370
1359551453321338880
1359551563723898880
1359551579062497283
1359551726030757901
1359551732146180101
1359551748667543557
1359552335400304642
1359552521166012422
1359552539688112135
1359552705329569797
1359552806181629959
1359552811726499842
1359552987614629890
1359553076286357514
1359553087048847361
1359553167596355584
1359553282985897987
1359553770531803137
1359553829272961028
1359553944226308097
1359554043916537859
1359554072404238337
1359554215065092096
1359554472242995201
1359554562768703492
1359554659917189122
1359554878465585154
1359554880604626944
1359555227360313353
1359555227914010631
1359555298474811403
1359555488904601601
1359555772078821379
1359555795558551564
1359555897886965762
1359556063390015491
1359556285495209984
1359556358002114565
1359556381003702278
1359556430253223941
1359556675892637703
1359556689117278213
1359556765700997135
1359557151929364481
1359557564409794571
1359557906316881922
1359558192779436034
1359558480512827397
1359558531083603975
1359558694095233025
1359558812273954826
1359558865512243205
1359558901839052800
1359559168009646085
1359559215908544513
1359559536047247363
1359559551016718338
1359559563998068736
1359560717381296131
1359560890010451974
1359560990174695428
1359561019832598534
1359561132286091271
1359561589066719233
1359561768025137158
1359561817715068929
1359562032589266945
1359562259874385929
1359562265670934531
1359562382687801351
1359562755393617934
1359562778005147655
1359562792378880000
1359562792894750723
1359562795709157377
1359562799232393216
1359562817020510208
1359562878966185988
1359562905046425606
1359562990505328646
1359563157304455168
1359563603364478981
1359563741524881408
1359563920378269696
1359564158233169923
1359564262235123713
1359564449418518532
1359564487481831430
1359564951245963267
1359565023685865477
1359565165805637632
1359565210927968259
1359565294088425474
1359566104910258177
1359566948384833544
1359567025065123843
1359567057730289667
1359567257760919553
1359567563387248647
1359567572891492355
1359567810616197120
1359567843394809856
1359568232085155844
1359568736370520068
1359568873478098945
1359569339511406592
1359569494860046337
1359569728000393217
1359569988542214145
1359570081789919234
1359570105647169544
1359570313982447616
1359570326972108803
1359570913910525956
1359570917408583689
1359571215732666372
1359571359085588485
1359571448415854598
1359571460461916168
1359571706847911936
1359571783863709698
1359571986159194113
1359572041356165120
1359572079960608769
1359572516784726022
1359572670036267008
1359572749568638978
1359572791209689095
1359573097167347713
1359573267418390528
1359573285009252353
1359573972778688516
1359574102554669057
1359574133122756609
1359574381412945920
1359574385116471304
1359574502292742144
1359574633457070082
1359574717817122825
1359574760267653122
1359575118377320451
1359575197381181441
1359575202544427008
1359575258244734983
1359575305099358215
1359575330697187329
1359575360229105665
1359575448603287556
1359575746797334529
1359575821158121477
1359575955275198472
1359576108535078913
1359576128579637248
1359576395559624713
1359576472038555653
1359576484810280964
1359576518054273025
1359577108171915264
1359577124051501057
1359577158193188870
1359577211704127492
1359577315794186247
1359577408416993280
1359577445561679874
1359577474775007236
1359577591586422787
1359577764236566528
1359577880620130305
1359577908730335242
1359577940808392710
1359578294761439237
1359578660689358858
1359578833658208259
1359578947542016000
1359578977468350466
1359579054521876488
1359579155705257984
1359579217332215810
1359579406650535937
1359579413986344964
1359579515152986117
1359579576544985101
1359579867726176259
1359580040254611461
1359580129039683584
1359580159209308160
1359580391468900354
1359580458669998087
1359580470682542087
1359580865567858689
1359580875323813889
1359580924850163714
1359580937810501634
1359581004395077637
1359581253138317317
1359581337892577280
1359581372483055619
1359581386357821440
1359581519543754766
1359581774414811136
1359581947098505220
1359581982200578050
1359581984931139584
1359582796101124096
1359582844775972866
1359582922643288068
1359582927357698050
1359583683825586179
1359584072868241411
1359584737887739908
1359584825317994498
1359585242336677891
1359585315082633223
1359586354284355590
1359586391542358018
1359586634400948229
1359586731796922368
1359586883886592006
1359587059871199232
1359587331477561350
1359587376364937221
1359587685413904386
1359587691541757953
1359587882042875904
1359587928943509512
1359587969246625799
1359588004927528962
1359588084661248003
1359588307122946053
1359588401188601858
1359588416858562569
1359588824582602757
1359588931440947210
1359588977322430466
1359589007961825281
1359589393514848263
1359589520958779399
1359589595231453185
1359589883153629184
1359590025852293122
1359590211781599243
1359590361975373826
1359590459782270978
1359590581211713536
1359590594696339466
1359590673381523458
1359590950666989570
1359591407321837570
1359591825141600257
1359591860981891075
1359591919609905158
1359591964165963802
1359592177920278531
1359592203052531716
1359592441763004421
1359592746965753858
1359592784496390144
1359592979099484167
1359593057243586562
1359593071546159113
1359593184758759429
1359593228333273092
1359593334692589575
1359593577328820229
1359593651345711110
1359593705947168769
1359593831633715205
1359593958637191177
1359594038412914688
1359594148446294019
1359594215404167184
1359594389971079187
1359594439086395400
1359595377633157129
1359595493018398720
1359595493232410628
1359595603899142144
1359595622416932872
1359595796505767937
1359596082523762693
1359596338963439617
1359596360656424963
1359596398279340036
1359596443426840579
1359596628605341698
1359596633974067209
1359596751699779586
1359596821442682882
1359597055379992578
1359597069628043268
1359597084119240704
1359597136376176644
1359597480552325120
1359597518707916803
1359597582197157888
1359597762124386313
1359598009932075009
1359598009974218760
1359598250408476672
1359598267743535107
1359598284894056451
1359598286815035393
1359598296780730368
1359598315046862849
1359598393379745792
1359598476720504833
1359598490171629576
1359598554310934529
1359598992909295623
1359599162921222144
1359599286950985739
1359599352361218052
1359599650546851850
1359600229318852608
1359600249048817667
1359600277884649478
1359600442842447878
1359600505975173132
1359600542666874882
1359600661453828099
1359600683843014658
1359600862159659013
1359600892224372737
1359601347646136326
1359601481456975878
1359601658557259777
1359601696255729668
1359601705004990471
1359601771065319437
1359601816158273542
1359601870050897925
1359602021305884674
1359602024371920901
1359602234137456645
1359602261442387971
1359602561876185088
1359602678586826754
1359602943742402564
1359603006317207560
1359603344491356164
1359603391681462274
1359604167669657601
1359604300310319111
1359604317955702785
1359604370720108544
1359604394317262856
1359604412562432007
1359604902251618304
1359604918181625862
1359605056065196042
1359605419447095302
1359605423133913097
1359605697428807681
1359606211335901190
1359606245620146177
1359606502655418368
1359606668632424450
1359606680967864324
1359606757262307333
1359607055557005312
1359607237828820997
1359607916458897412
1359608313864945669
1359608335197167618
1359608435311009802
1359608497676169218
1359608579498668032
1359608641255579652
1359608676496125953
1359608738135617545
1359608772516265986
1359608957384462336
1359609070844588033
1359609107385356289
1359609154181226497
1359609172908720129
1359609253661712386
1359609523904729088
1359609963027570694
1359610009609531393
1359610989709320196
1359611001520484354
1359611314893709320
1359611369889226754
1359611389426491394
1359611403083132928
1359611427523280900
1359611432900431873
1359611541973262350
1359611579659124738
1359611692360101889
1359611710613692416
1359611748718903297
1359612011919859717
1359612445552164866
1359612539450048517
1359612742471188482
1359612950269550598
1359612988651634689
1359613098282344449
1359613281397317633
1359613381192343554
1359613817718771715
1359614078310875142
1359614300986425344
1359614315473559553
1359614343638364163
1359614449653592074
1359615125343371270
1359615313520832519
1359615374778642436
1359615627330129921
1359615917043421184
1359615984605224965
1359616026019782659
1359616373941538816
1359616418975789057
1359616535799726081
1359616684114522118
1359616735373058050
1359616941946724356
1359617673957699584
1359618037314445313
1359618128225832963
1359618834303508487
1359618920374804481
1359619051098669060
1359619189988802565
1359619239846572035
1359619265700200448
1359620059229003776
1359620064396386308
1359620137549201412
1359620166687023104
1359620495734358020
1359620769668608000
1359621457295327240
1359621761978036225
1359621891267436545
1359622289587896323
1359622861925863425
1359623144835801093
1359623201953832961
1359623634109804553
1359623691282358273
1359623859524300809
1359623887106035713
1359623919460884490
1359624132229496833
1359624165570056194
1359624337922392071
1359625703013052416
1359625926137511939
1359625959339663364
1359626208179281922
1359626333698084865
1359626534580084738
1359626966375272449
1359626998583341056
1359627002949607427
1359627728551636994
1359627742455730177
1359627811116482565
1359627933346914308
1359628026078765056
1359628029786480641
1359628035973079043
1359628087537922048
1359628151060647936
1359628184493375498
1359628368363331594
1359628454149390338
1359628508369190915
1359628716683497474
1359628818760273926
1359628918643445765
1359628953049300995
1359629061472067588
1359629117398937612
1359629257618714626
1359629267705987072
1359629452326674434
1359629475357540355
1359629497318989827
1359629718492901377
1359629758099828737
1359629817558220807
1359629819173101570
1359629899997327362
1359629925863555079
1359629959380221953
1359629966883885056
1359629975729627137
1359630380844929026
1359630418551652364
1359630468837232640
1359630538785570818
1359630726740598787
1359630727365599232
1359630877689589760
1359631042160844803
1359631086452690944
1359631163342602249
1359631323342774280
1359631669427392514
1359631751136620558
1359631770182844417
1359631955319525379
1359632063457034240
1359632170554392576
1359632196420718602
1359632322337898508
1359632323734560772
1359632864103522308
1359632935842897926
1359632989957861379
1359633252311531527
1359633260242960386
1359633282279878658
1359633393449914368
1359633499427381260
1359633538505670660
1359633634148446211
1359633771713212416
1359633818991423494
1359634096151031812
1359634165378011141
1359634288321437696
1359634392126283781
1359634499978620930
1359634500016242690
1359634608690708481
1359634650763829250
1359634918259712001
1359634961381392385
1359635054700474371
1359635117346586628
1359635333072224256
1359635610793893898
1359635758336802816
1359636180350992384
1359636484802895872
1359637016846110720
1359637039310901248
1359637046478991361
1359637158534000640
1359637186178670598
1359637564169351172
1359637706989592579
1359638023122677762
1359638023336386562
1359638191112937475
1359638277423308807
1359638280086634506
1359638319320207362
1359638323732631555
1359638805444190208
1359639019689230338
1359639601766428675
1359639857706983425
1359639994177105927
1359640094953660418
1359640142991024128
1359640269684023298
1359640298012483584
1359640658689085443
1359640843905359874
1359641270042386439
1359641408848728070
1359641734515486724
1359642171343859713
1359642219100135426
1359642258648141826
1359642339547955201
1359642492937773057
1359642509614473216
1359642513099915268
1359642570289278976
1359642602405044227
1359642621719773189
1359642632176234496
1359642636152406017
1359642642695524355
1359642659447570432
1359642712073515008
1359642723289030659
1359642762317082625
1359642814271938562
1359642837374091266
1359642848098926594
1359642857938817024
1359642916071833600
1359642977535205378
1359642991787462656
1359642995818192896
1359643031843074049
1359643044958654467
1359643054693638149
1359643090726846465
1359643151795945473
1359643205134917641
1359643226928533505
1359643308008615941
1359643314442616840
1359643327549890565
1359643444637966336
1359643520680800256
1359643693507096587
1359643733789208583
1359643770476761106
1359643856527110148
1359643889565638665
1359643910755282951
1359643924948738050
1359643992783282183
1359644060957499394
1359644064677826566
1359644072240173056
1359644112329277443
1359644112685846530
1359644114619412495
1359644145850195969
1359644147876003840
1359644148408713220
1359644189676429312
1359644205627437059
1359644225130934275
1359644275991056389
1359644327505498112
1359644357327020033
1359644401316814851
1359644408401059843
1359644500910628865
1359644525837303809
1359644555407163398
1359644586780549120
1359644618145599489
1359644623560450050
1359644630606901250
1359644633219923969
1359644660306571264
1359644758277242886
1359644790653075461
1359644805391929346
1359644909662310407
1359644924229128195
1359644984178315264
1359644986405494788
1359644989123354632
1359645050792251396
1359645133931749379
1359645145226960898
1359645233164791811
1359645250315247618
1359645298075836416
1359645350219366400
1359645401373151235
1359645404539867140
1359645514137030657
1359645556927324161
1359645561117437954
1359645566544842755
1359645570181320704
1359645579228364802
1359645611444871173
1359645622287142917
1359645636342210561
1359645638510710784
1359645750897049601
1359645782316564481
1359645808908451843
1359645926734888960
1359646051343491076
