1372336950514884608
1372336951362224131
1372336951685046276
1372336951920009218
1372336952670834692
1372336953446727684
1372336971624878082
1372337014536863745
1372337033721606157
1372337091204485123
1372337192736018434
1372337201854484481
1372337225996861446
1372337233970225152
1372337309002178563
1372337318011494401
1372337338504912896
1372337404992950274
1372337541748289538
1372337636333998082
1372337707242885125
1372337722388590598
1372337821982339074
1372337825954299905
1372337867708567556
1372337935232688132
1372337969735073796
1372338044636954624
1372338075817361409
1372338078333997057
1372338081567801345
1372338082058493952
1372338104313520130
1372338127851941889
1372338178028363776
1372338239982424065
1372338288711860224
1372338311734382593
1372338380512575490
1372338403140853762
1372338482551660560
1372338483977715712
1372338636654579716
1372338664454377473
1372338688953356291
1372338768330555395
1372338769819488259
1372338823519158281
1372338823556964354
1372338857665044482
1372339021649707012
1372339053954220038
1372339090046255107
1372339105762271232
1372339176708968448
1372339210821251077
1372339311501316102
1372339338701312002
1372339461384769543
1372339464694071297
1372339513733828608
1372339544792694784
1372339562912055297
1372339611620446208
1372339617433858054
1372339620466335745
1372339625939898372
1372339662556172288
1372339683456282625
1372339718218727429
1372339725957267465
1372339729098625024
1372339729946009600
1372339742164054021
1372339748061200384
1372339748891734023
1372339863656222721
1372339892030746628
1372339951283617794
1372339972175499265
1372339975212122123
1372339997517430785
1372340022293237760
1372340039087239174
1372340049572986880
1372340097320951810
1372340168603107328
1372340221199720449
1372340238731907079
1372340239767900162
1372340241181372418
1372340280330964993
1372340282344284167
1372340287071215616
1372340321103790080
1372340338279526404
1372340397473693699
1372340399512113160
1372340405463834627
1372340498468380680
1372340532559642626
1372340565182971908
1372340578273333249
1372340631788486657
1372340643960393733
1372340652952928258
1372340653879885827
1372340655997997058
1372340661454827521
1372340663715520512
1372340724461604867
1372340734305710082
1372340736507719681
1372340742954319873
1372340781432762369
1372340808041558017
1372340812151984130
1372340818829271049
1372340836332142596
1372340871165796352
1372340934168416258
1372340981778022403
1372341062749073408
1372341168349065218
1372341504514097156
1372341527280824323
1372341531579977729
1372341609845653504
1372341649465085953
1372341701025611788
1372341742633058304
1372341802200629249
1372341817467883521
1372341939304079360
1372341983092609024
1372342015132893184
1372342058665512964
1372342126063800320
1372342246033473540
1372342275695640590
1372342318959841281
1372342425721655301
1372342465357832195
1372342514242482182
1372342615941742597
1372342617741131779
1372342641275367437
1372342651333320711
1372342750662774787
1372342805553631239
1372342817318637568
1372342921475809289
1372343116263526410
1372343175801606146
1372343195439353858
1372343195628150786
1372343238519050241
1372343263328415749
1372343266096656388
1372343286782889986
1372343349567496198
1372343410292633600
1372343411789946882
1372343427195678732
1372343464151638018
1372343496103886848
1372343504383447041
1372343583135694850
1372343615146627076
1372343635321180161
1372343681362059268
1372343740380106757
1372343744842895362
1372343792666296323
1372343819325349889
1372343819652435970
1372343847771123713
1372343944122617865
1372343951584329738
1372344005200121856
1372344204890935296
1372344214290370568
1372344227603087363
1372344264395534337
1372344274038194177
1372344499242889216
1372344499351908354
1372344499855233029
1372344499955933185
1372344511658127360
1372344579752660992
1372344594780860416
1372344698526916609
1372344701702049794
1372344766269165571
1372344833461919749
1372344904840589312
1372344907218759684
1372344927481438208
1372344943289761794
1372344979205591042
1372344980350627848
1372344990001676299
1372345141818691590
1372345146021449731
1372345251692699662
1372345295707766785
1372345308198416389
1372345386376044545
1372345463207247873
1372345513945747456
1372345517095718914
1372345555934924801
1372345676823154691
1372345684825899009
1372345761191628800
1372345799057760256
1372345800534097920
1372345825423134720
1372345831848869889
1372345867362045956
1372345960211288064
1372345965714288640
1372345974052507648
1372346019929858052
1372346095175671813
1372346198078717953
1372346246850080769
1372346252986347523
1372346274423435270
1372346277615271937
1372346309584293889
1372346405436727296
1372346466635816963
1372346503063347200
1372346511753904128
1372346562559545344
1372346586492248070
1372346757955338242
1372346920388198407
1372346949215657986
1372346992836378624
1372347033453989895
1372347101867298820
1372347108133638154
1372347314489196550
1372347345791291392
1372347461189181445
1372347463290527746
1372347634040573956
1372347768887517192
1372347797840785409
1372347830216630277
1372347984856371206
1372348017081212940
1372348043568295940
1372348047116668932
1372348062304198662
1372348064103608322
1372348148027420674
1372348168638189573
1372348270710816772
1372348303036325892
1372348307138359298
1372348395218726916
1372348427657445376
1372348735192203278
1372348851722596358
1372348868520669185
1372349023445745665
1372349024502755341
1372349106019041281
1372349109701578755
1372349187275243528
1372349218191503366
1372349226882113539
1372349230795403269
1372349240874135557
1372349306875830276
1372349497263730691
1372349522022690817
1372349532592308227
1372349576427008000
1372349713777881098
1372349769599815680
1372349806870413315
1372349885022867459
1372349899757531136
1372349941813682178
1372350016547872773
1372350037401989122
1372350110156390405
1372350127562711044
1372350200006737920
1372350213453721605
1372350369993527298
1372350436997537794
1372350513564553220
1372350550415716353
1372350656321712128
1372350701351886850
1372350807367155716
1372350826061164546
1372350862681649153
1372351018198040578
1372351019565338625
1372351038469107713
1372351172510691335
1372351275816353796
1372351503453855752
1372351558126604289
1372351558860603392
1372351562769653761
1372351612589637634
1372351634186063879
1372351698203779079
1372351730587951105
1372351797474525193
1372351846669488138
1372351889627570177
1372351934355623939
1372351984276283397
1372352024805842952
1372352052613943298
1372352052932734978
1372352054161666049
1372352054677499904
1372352076928389127
1372352086478884867
1372352119710318602
1372352172692738050
1372352205890682881
1372352234537779202
1372352244218204160
1372352319547916290
1372352460505890817
1372352564088410114
1372352564172267520
1372352661668958208
1372352679985475584
1372352728157069313
1372352749828984833
1372352816623288321
1372353619580829697
1372353694218473472
1372353753995706372
1372354784636854281
1372354888894648320
1372355077130829824
1372355322703142913
1372355363333402624
1372355440269529096
1372355534666469378
1372355824371134469
1372356162176290821
1372356181319163905
1372356500593782784
1372356966631272461
1372357811632476162
1372358674698620928
1372358704935411714
1372359562204962825
1372360008382431234
1372360694453125129
1372360695954731009
1372360777454215174
1372361017804656642
1372361093637668864
1372361162101288969
1372361331219824642
1372361669708500995
1372361712238800896
1372361855222579201
1372361897136287744
1372361947543433220
1372362039339925505
1372362450427912193
1372362618602668038
1372362778716016642
1372363266182242306
1372363304413319177
1372363755921756164
1372363811328462850
1372363912771993600
1372364167814909956
1372364552881455104
1372364636939517960
1372364913843257346
1372364953529761792
1372365823638179843
1372366137263063045
1372366224789794816
1372366379026939907
1372366568559099904
1372366654252986370
1372366768174419972
1372366883094167554
1372366897287720963
1372367098912067588
1372367148853645313
1372367150636265477
1372367151059894272
1372367151751856129
1372367153073115137
1372367162560614404
1372367206089117697
1372367299102060549
1372367389912924160
1372367409458388999
1372367426021642240
1372367444807933960
1372367538244435972
1372367719014752256
1372367770411806720
1372367836639809536
1372367844034416644
1372367959046430721
1372368128064303106
1372368265306062852
1372368502246490114
1372368661944565765
1372368673869021185
1372368926689091587
1372369295347490823
1372369537740505093
1372370175186599946
1372370680344289280
1372371059350007808
1372371430738952193
1372371497591930881
1372371913998266375
1372372474650759169
1372372685024489474
1372372687599898627
1372372958442835982
1372372969909936128
1372373112860385281
1372373321476628480
1372373932334931968
1372374355863298048
1372374561136775171
1372374605051142145
1372374657316364289
1372374793723510785
1372374853140025344
1372374978885255170
1372375123991404552
1372375379583852547
1372375493174034433
1372375589974331396
1372375732370964481
1372375773491965952
1372375865842147333
1372376170881236992
1372376551942193156
1372376691700498432
1372377002393616384
1372377099105886209
1372377278580195332
1372377791908478987
1372377944748875779
1372377961748430857
1372378095110471682
1372378249112748041
1372378346936483842
1372378504612941825
1372378651929497600
1372378692396183554
1372378710062546944
1372378943450443777
1372379268634796032
1372379389728600068
1372379478203248640
1372379731564367879
1372380251326664708
1372380531732676615
1372380614914084867
1372380919852642308
1372381002128097280
1372381086500712448
1372381405594976262
1372381624281788417
1372382249086152705
1372382251267321858
1372382252240236544
1372382294254759939
1372382353587367939
1372382374680522752
1372382426194923520
1372382485657620480
1372382511733600257
1372382827380158464
1372382948478099456
1372383450259468289
1372383501949997056
1372383784629338115
1372383978225811463
1372384086577274881
1372384244933267456
1372384325224763394
1372384543114727425
1372384968677146630
1372384994195353610
1372385022263627777
1372385898839617537
1372385917592293378
1372385998466867201
1372386066267832323
1372386683535175687
1372386684764106752
1372386716938551296
1372386940012662785
1372387157390790657
1372387253746593794
1372387472123031552
1372387932829585409
1372388262682230784
1372388442739462150
1372388752333680643
1372389274146979844
1372389303125442562
1372389342233104390
1372389769410400259
1372389799907094530
1372390342507569153
1372390522464124929
1372390840732123136
1372391399140823041
1372391790033174529
1372391813227503616
1372391823251939333
1372391990491549700
1372392650226216962
1372392809668444160
1372393362435796993
1372393476642516993
1372393714434334720
1372393833317740544
1372394006613745664
1372394290329030659
1372394421904375808
1372395130515251202
1372395135896588290
1372395325911089152
1372395953546756098
1372396036333969408
1372396295630028800
1372396311178321920
1372396526497103872
1372396619799334918
1372396640464691203
1372396857931018241
1372396913136435203
1372396982027829250
1372397012566544386
1372397063258963971
1372397145685377024
1372397174860959747
1372397196096724995
1372397297879941122
1372397347435646980
1372397347506819076
1372397349167886337
1372397351235694592
1372397415337230337
1372397473692549123
1372397555942879234
1372397660418756611
1372397695663493129
1372398691340886016
1372398970035658752
1372399718198878209
1372399758850023427
1372399768782135296
1372399806388305921
1372399859727265793
1372400441682694144
1372400699523338240
1372400796894134274
1372401096111616000
1372401133466103810
1372401353700610048
1372401422688468992
1372401966861717506
1372402039549009920
1372402071404691456
1372402129072185346
1372402139956441092
1372402148533764105
1372402159459966981
1372402171711475712
1372402220889743360
1372402221242052609
1372402380680101898
1372402465383931904
1372402677909499906
1372402985704292353
1372403095779561472
1372403339758071808
1372403447769624578
1372403879938293762
1372404048612229121
1372404132401848321
1372404221094596610
1372404415618027523
1372404503887155200
1372404734427074561
1372404804392206339
1372404897748951045
1372405129996070917
1372405277325148160
1372405614975012864
1372405938934722561
1372405976419205121
1372406599227224065
1372406723122724866
1372407259570003968
1372407431943364610
1372407588604682240
1372407671928803329
1372407851851845635
1372407882654814210
1372407937226866688
1372407997364908033
1372408048212353025
1372408194115506177
1372408219029606400
1372408378371280896
1372408490510147584
1372408672228233219
1372408791103324161
1372409067264741377
1372409470995865601
1372409514402664450
1372409541690851332
1372409636486270977
1372409678810943488
1372409747337584641
1372409760268443651
1372409764248948737
1372409813456588801
1372409932407050242
1372410201056350208
1372410411102920704
1372410739248533504
1372410840234782725
1372410855577546752
1372410862951092224
1372410870974791680
1372411834884575232
1372411838399451139
1372411906540122116
1372411955491831810
1372411966166294530
1372412167312510982
1372412206114082820
1372412397776998401
1372412442999992320
1372412447336857602
1372412447806550016
1372412449417138177
1372412449765269511
1372412450067210241
1372412474385784834
1372412706653888514
1372412984350359555
1372413454024278020
1372414125012303873
1372414162018594817
1372414681655218177
1372414746830503937
1372414853449711618
1372414911427530753
1372414953894854661
1372414963558481920
1372415186662006785
1372415318442844161
1372415328161046528
1372415482029031430
1372415643354550274
1372415989049135107
1372416221832830982
1372416230309646336
1372416640651046912
1372416759014244353
1372416769453920256
1372416801271873536
1372416975620743170
1372416978283941892
1372417040217219072
1372417057103491073
1372417180680208384
1372417238880432129
1372417261688999937
1372417409408245763
1372417494342860801
1372417509580767236
1372417635124658178
1372417748253487104
1372417843300564999
1372418039862419457
1372418106543513602
1372418868279382019
1372419035267272705
1372419251072557057
1372419416168742912
1372419732322848770
1372419753780854787
1372419831367098374
1372419912224870400
1372419938628087808
1372419998115848194
1372420129175265282
1372420209471074308
1372420233055592448
1372420237094707211
1372420660362944513
1372420838960549889
1372420859139403778
1372420870858276868
1372421041474183168
1372421082691538949
1372421267807166466
1372421297498697730
1372421387843993601
1372421474619887618
1372421879542210560
1372422149923774468
1372422261668478978
1372422268312293376
1372422399942098944
1372422400923594753
1372422472490958848
1372422600933191680
1372422653710118914
1372422721745924096
1372423072372961281
1372423153927000065
1372423243408216065
1372423368255758336
1372423406558253057
1372423425420050433
1372423771970097156
1372423809643462657
1372424136040013825
1372424171498655749
1372424186149404673
1372424442924634112
1372424561900281858
1372424624479293440
1372424901592768515
1372425039929303041
1372425040675934208
1372425162042212355
1372425200638263297
1372425268892209153
1372425630558588928
1372425770195419136
1372425797131243524
1372425807537246209
1372426072793419777
1372426225071886336
1372426514608832512
1372426764274786304
1372426809506209792
1372426872894656512
1372426896101810180
1372426954662633474
1372427010711154689
1372427117653295104
1372427280128094213
1372427410424147968
1372427546428534789
1372427549104603141
1372427549691813890
1372427549989511177
1372427550027362307
1372427550085947394
1372427567970541569
1372427579978813442
1372427867628261384
1372427886951546883
1372428047777947648
1372428075544178691
1372428141835214849
1372428302485499906
1372428338619383810
1372428571420069889
1372428617989251072
1372428645671727107
1372428739016073216
1372428744997093376
1372428910495944704
1372429087415894020
1372429162875617282
1372429189647892480
1372429328919756801
1372429429322964993
1372429595211862016
1372429769191608321
1372429845230129155
1372429910120235010
1372430190027112448
1372430424853598208
1372430587533869058
1372430832082763776
1372430863145783297
1372430914215624706
1372431245175623681
1372431255065755648
1372431308903882752
1372431321310527488
1372431321423695874
1372431322547777541
1372431336963776522
1372431389488992256
1372431398678769670
1372431424834392064
1372431593369956352
1372431740032147457
1372431821426810891
1372432156518187008
1372432233785614338
1372432234557411328
1372432305143300099
1372432592725803017
1372432603685470208
1372432646018625539
1372432723705479169
1372432807541272585
1372433012978294788
1372433085682307073
1372433207975628802
1372433482446733312
1372433626357452801
1372433684536684551
1372433734813814788
1372433838085791749
1372433853923655682
1372434171130486791
1372434173756116993
1372434192810844161
1372434203896381442
1372434299870457857
1372434302701604867
1372434304123482114
1372434483052429312
1372434560525434883
1372434584260984836
1372434641840406529
1372434663780798466
1372434714729013248
1372434851173863426
1372434983302922243
1372435016744062977
1372435081697099782
1372435096968388609
1372435111245971460
1372435324895436806
1372435546639904772
1372435805436837888
1372435842229276673
1372435870180110338
1372436008365649920
1372436144349143041
1372436194588495872
1372436234388320262
1372436283453288457
1372436349601652738
1372436354571862018
1372436473237139458
1372436581987065857
1372436678799941633
1372436874183184386
1372436974129319938
1372437167121784834
1372437226299256834
1372437277788491776
1372437280258940930
1372437310969688064
1372437581242249217
1372437648632115200
1372437712591065093
1372437797525540865
1372437808019804160
1372438047455899648
1372438048420593665
1372438488054910978
1372438562432503817
1372438753663455233
1372438796004958209
1372438816506716160
1372438869182939138
1372438880310415360
1372438949965225984
1372438991597940736
1372439020282728448
1372439074812887040
1372439128491634688
1372439396973211648
1372439549729718272
1372439594927595520
1372439610702303234
1372439641241051137
1372439816760082432
1372439897525653509
1372439963976015873
1372440003016601601
1372440005226999808
1372440016299945987
1372440027540692992
1372440114887061504
1372440129374203907
1372440146340106240
1372440240015704065
1372440247171231746
1372440254699962369
1372440259766714371
1372440427647864833
1372440452369158145
1372440468492066818
1372440633370058756
1372440729717456896
1372440916624076802
1372441035515781125
1372441312545419264
1372441377443827712
1372441530657554432
1372441581979066370
1372441608994631681
1372441700870844419
1372441827517808641
1372441934942310401
1372441994744717317
1372442047270035456
1372442141264338945
1372442275956015105
1372442290258599942
1372442293781868545
1372442365294690307
1372442433217257474
1372442468143267841
1372442509922668546
1372442520995692545
1372442544953552896
1372442630043402245
1372442646262788097
1372442647730692098
1372442648557064193
1372442650880708608
1372442933908111360
1372443030901362690
1372443041659768836
1372443053802319874
1372443063944163329
1372443065995165696
1372443075180699651
1372443099885142022
1372443106180796416
1372443187252461568
1372443208681148417
1372443326029438976
1372443431516180482
1372443434041147402
1372443454626729985
1372443667579932672
1372443683346333698
1372443735678726145
1372443861226770432
1372443965354606592
1372443989551501312
1372444201460375553
1372444212587864064
1372444366283935754
1372444528968396801
1372444693389316096
1372444809055592448
1372444845982224384
1372444859341082629
1372444912663343105
1372444931231510528
1372444938860957700
1372444962307121153
1372444994016006145
1372445010721873929
1372445069362466816
1372445090174537731
1372445101511823360
1372445134479036418
1372445162585141248
1372445172651425796
1372445226070065153
1372445229559730176
1372445255308611586
1372445263588114434
1372445315022868482
1372445315463327744
1372445402247618560
1372445453212643328
1372445457813811201
1372445482027483139
1372445554513485828
1372445701163122691
1372445791315398656
1372445903617933312
1372445935343693825
1372445951407894528
1372446118953508864
1372446158405111811
1372446159365607426
1372446164960747524
1372446182094540803
1372446221399437314
1372446276684496897
1372446285979136001
1372446293138804737
1372446319105691649
1372446332363870208
1372446380036390915
1372446420939067393
1372446424454082561
1372446431680794626
1372446431966027782
1372446672505212928
1372446739299450881
1372446814658568192
1372446821235224578
1372446856815464449
1372446904064348160
1372446906467618818
1372446909751828480
1372446994661261314
1372447000503926785
1372447060809682946
1372447088890454017
1372447104417865730
1372447234760060928
1372447246109773831
1372447276971421696
1372447415417122823
1372447421469446144
1372447477996064769
1372447486703452162
1372447518253068289
1372447607168061440
1372447628743544832
1372447650407145475
1372447679146557440
1372447679242932229
1372447682606870529
1372447766203539460
1372447843227738112
1372447957321064450
1372447981216141313
1372448086879039490
1372448239358709760
1372448273080979461
1372448623854813185
1372448705522110465
1372448873969516548
1372448905833689095
1372448937450205189
1372449115519524865
1372449131956998152
1372449274353565698
1372449298403631106
1372449306200903680
1372449323858939904
1372449375050416128
1372449462463950849
1372449525328138242
1372449556957253634
1372449607398084608
1372449682828451844
1372449730282786817
1372450014325260288
1372450050979336194
1372450083254460421
1372450084479205380
1372450149314801665
1372450197176004608
1372450300305543168
1372450330210881537
1372450398343213058
1372450502777135105
1372450503934816258
1372450528983183361
1372450562067853312
1372450575967776778
1372450622960717824
1372450688748417024
1372450709652832256
1372450749460930566
1372450857581752329
1372450888380510210
1372450935440572417
1372450950905008131
1372451039538987010
1372451061697482754
1372451112347955202
1372451147282276358
1372451194979946497
1372451229687746563
1372451265284820997
1372451276819202048
1372451434529234949
1372451443685400576
1372451599709306882
1372451606806028288
1372451677693968384
1372451717346963457
1372451768018288640
1372451796980011010
1372451865628188678
1372451879091892226
1372451963191898114
1372451985526562817
1372452034645987331
1372452069081288710
1372452215181426688
1372452356663750656
1372452363080990720
1372452388800454658
1372452406244564995
1372452424049393664
1372452499630796800
1372452559240187905
1372452634263707648
1372452721702408192
1372452741772161027
1372452792942653442
1372453023822266369
1372453055942246400
1372453056642703360
1372453123843821568
1372453139106922499
1372453165552054273
1372453326185500677
1372453529626030081
1372453621913243650
1372453640112369667
1372453723939745793
1372453800498315267
1372453949614227461
1372453998297505792
1372454006572863490
1372454065871937536
1372454078790434821
1372454111212371972
1372454211380776960
1372454457091457028
1372454562100092928
1372454598552739840
1372454622846148609
1372454749254062080
1372454797039796228
1372454797178191872
1372454868879876100
1372454870184292352
1372454877205520385
1372454882435825664
1372455090578198533
1372455097574305794
1372455137185300485
1372455276109049863
1372455297843888135
1372455308346413058
1372455420254547968
1372455451086950401
1372455494787297283
1372455617487642636
1372455665101328386
1372455744591835140
1372455755253747714
1372455763940155394
1372455851332661249
1372455884874526721
1372455942642663427
1372455954084683778
1372455994115166208
1372456005271965696
1372456007905865729
1372456175883669504
1372456196356124679
1372456373036982274
1372456432096976900
1372456437713080320
1372456583435812867
1372456678629769216
1372456827053608962
1372456891389906945
1372457146324029454
1372457157682151425
1372457254327250945
1372457278570336262
1372457429049442304
1372457481998376961
1372457519503785987
1372457702102814724
1372457722000605184
1372457737741799426
1372457746100973568
1372457746784645126
1372457747560685568
1372457748827316226
1372457751788490753
1372457758419791875
1372457771350814720
1372457773246652418
1372457791919644680
1372457836987379713
1372457848370823172
1372457862312628225
1372457904549326848
1372457919485255680
1372457972123762693
1372457982630506496
1372458018697322501
1372458195130540034
1372458226810286080
1372458250990452740
1372458370737782785
1372458428686274570
1372458507203706880
1372458509628014593
1372458737538117633
1372458774615707650
1372458791606874115
1372458956598181889
1372458957411905537
1372458983231983617
1372459045005754369
1372459116522827777
1372459119186223105
1372459141491478530
1372459153940217856
1372459170469978119
1372459209900630025
1372459347620605952
1372459364674633728
1372459383410548736
1372459426125385728
1372459429778624512
1372459609621925894
1372459613719773186
1372459618895552512
1372459629607796738
1372459653678968834
1372459774957260802
1372459993849606149
1372460014061895681
1372460043841515520
1372460078310301697
1372460081292455941
1372460087940415488
1372460090905739265
1372460147235287041
1372460190113656833
1372460454925193216
1372460475217289217
1372460582335619074
1372460805489360897
1372460814033154049
1372460817527025664
1372461016894873600
1372461065037025280
1372461205856608256
1372461366976598017
1372461428813275136
1372461471964205066
1372461512275673088
1372461520450322443
1372461520471224325
1372461560292081664
1372461562766753796
1372461623672254467
1372461640227168257
1372461643079282688
1372461654244478977
1372461656257789952
1372461772217614338
1372461785538772997
1372461907412709378
1372461917709725698
1372461936852492288
1372461959954698240
1372462044750954496
1372462069212123138
1372462106096902145
1372462176745709568
1372462274888278018
1372462432556359680
1372462463946481666
1372462528912101377
1372462576299298819
1372462645937369088
1372462705358036994
1372462712790380545
1372462742263758848
1372462768847253507
1372462776363405315
1372462886430208001
1372462913273925634
1372462974888185857
1372463062599499776
1372463063455121416
1372463066818957312
1372463075664789508
1372463142190641152
1372463184817356802
1372463196867547141
1372463205025521666
1372463301976809473
1372463303675494402
1372463310302556163
1372463325729198081
1372463370373324802
1372463397246230529
1372463407362887680
1372463420474286080
1372463430880350208
1372463442284720129
1372463444000055300
1372463465361707008
1372463516628697088
1372463564389244929
1372463571884511233
1372463629585555456
1372463660958949379
1372463771080359938
1372463781679366144
1372463991809835010
1372464029709578241
1372464202309373955
1372464238141247488
1372464626433208321
1372464656275628037
1372464753205989378
1372464868171907076
1372464889428639747
1372464945665826821
1372465112167149579
1372465260964233224
1372465295915327492
1372465296657707008
1372465296779350022
1372465297509150727
1372465300109676544
1372465322809290753
1372465328769351685
1372465334368763907
1372465392694784004
1372465393969811458
1372465411413905410
1372465413888544768
1372465414329012225
1372465444704153601
1372465526765727747
1372465555932909568
1372465571795763200
1372465581102923779
1372465599578800128
1372465621867323393
1372465857121640451
1372465876109303810
1372465954026889221
1372465984355844098
1372465988973821952
1372465989422620674
1372466024298205186
1372466132695793666
1372466133111029764
1372466156083286020
1372466156645322759
1372466200521900032
1372466202291937280
1372466203495698433
1372466218582544392
1372466267886600193
1372466275646115845
1372466275667095554
1372466365441904640
1372466436858388480
1372466565254426626
1372466591707754496
1372466610863280130
1372466611152687104
1372466654865686529
1372466749396881408
1372466757601009664
1372466764022476804
1372466774969573376
1372466803394412546
1372467019736580097
1372467161617158145
1372467259386499075
1372467314566762496
1372467374343999491
1372467455214432259
1372467535715524608
1372467548336365568
1372467550278316035
1372467562836074499
1372467579172818944
1372467584671612931
1372467644662702080
1372467773188800512
1372467812099268610
1372467823868579842
1372467945188823044
1372467949538267136
1372468162697031684
1372468304636416001
1372468346583707651
1372468349163167746
1372468484261736451
1372468513646993409
1372468546626850816
1372468710817067008
1372468757872922625
1372468883903373313
1372468920779743234
1372468970993942531
1372469070197587968
1372469117630963715
1372469137847517186
1372469215182065665
1372469258370842625
1372469672222855175
1372469711280148482
1372469878851039243
1372469953648066562
1372470036061958146
1372470040117846018
1372470068530053122
1372470068626472960
1372470090516545536
1372470181553922050
1372470290438103040
1372470314379149312
1372470339662270468
1372470410109980677
1372470465629945857
1372470505765224449
1372470560903553024
1372470602498461697
1372470618784944129
1372470696010526727
1372470783084232705
1372470821097193478
1372470885458792448
1372470966022905859
1372470976450027520
1372471049716174850
1372471198630699008
1372471219832905728
1372471370655879169
1372471413559468032
1372471554475429889
1372471631013105664
1372471642106957826
1372471642190966784
1372471705965371394
1372471746176106497
1372471790606385152
1372471876098871296
1372471881249521665
1372471890103709697
1372472102884884483
1372472109566459904
1372472297488052225
1372472341704376324
1372472341712797701
1372472350705352704
1372472357764354048
1372472361556054021
1372472380858146819
1372472475733348360
1372472484117766145
1372472492082745345
1372472507249348608
1372472527826587651
1372472702028689408
1372472738925981698
1372472845050200064
1372472846023282690
1372472846023294976
1372472847864639492
1372472849424863234
1372472852079812611
1372472887299477506
1372472908967260162
1372472912196816899
1372472913669074945
1372472924905607174
1372472989581725698
1372473069743247362
1372473097220153344
1372473229797904412
1372473252900175874
1372473263025176579
1372473345166471170
1372473387268837377
1372473445078929408
1372473587752448002
1372473603703377921
1372473647898710016
1372473666286538756
1372473727271759878
1372473732699189249
1372473826802548736
1372473843697221634
1372473884335874050
1372473912165027844
1372473932050235393
1372473964275101696
1372474073004052483
1372474090586537990
1372474104134000640
1372474114833846273
1372474154130227205
1372474172937547786
1372474225664086020
1372474255623999489
1372474310636548097
1372474313912254465
1372474366022316034
1372474375111385091
1372474658327572481
1372474709347086337
1372474762514010113
1372474815832059905
1372474858207055876
1372474871305879552
1372474885201616896
1372474931552862211
1372475007197134848
1372475025073319940
1372475053925928960
1372475067628711940
1372475081746747397
1372475086918324225
1372475143033872385
1372475157273513985
1372475182661656579
1372475194841915393
1372475202584580097
1372475243021922304
1372475361657765888
1372475371015274498
1372475427126714369
1372475436144398337
1372475565601652736
1372475666436866052
1372475749542858752
1372475756283097088
1372475822892720128
1372475830937346048
1372475852072566786
1372475908368519171
1372475921840635908
1372475935644061699
1372475957714554883
1372475958133981184
1372475973552246784
1372476125146923015
1372476200766046215
1372476283880419329
1372476333276733441
1372476384862478340
1372476422078406657
1372476505398210563
1372476513967349763
1372476515485679618
1372476656145682433
1372476663959785477
1372476678090469377
1372476697023541249
1372476720478052352
1372476789822488581
1372476950111993856
1372476982806654982
1372477000561090563
1372477003207741441
1372477054420185088
1372477099932532736
1372477125052227586
1372477241356079111
1372477261174108160
1372477281894010881
1372477317700784129
1372477330682155010
1372477362802147330
1372477568125898755
1372477580750823425
1372477646311931907
1372477708530298881
1372477974021296130
1372478097392537600
1372478200270438404
1372478201797152770
1372478224186359811
1372478237398421507
1372478774302892032
1372478861267632132
1372478929068564483
1372479018130358272
1372479040288854018
1372479088754106370
1372479136493543424
1372479152356347905
1372479165866381314
1372479268115087360
1372479271818645504
1372479341590876160
1372479357311143936
1372479384964239362
1372479386235113476
1372479424545841154
1372479647015960578
1372479660030885892
1372479734463016962
1372479871906160641
1372479880470925315
1372480028332687360
1372480326811975680
1372480396621975553
1372480405333479424
1372480617871519744
1372480642726965248
1372480703275921412
1372480772196737024
1372480787589828609
1372480897912557572
1372481064195796992
1372481099767635972
1372481151185645570
1372481183154536449
1372481241803591684
1372481325354119170
1372481328168439813
1372481391544446979
1372481588416630791
1372481745380118531
1372481783569203200
1372481791949430787
1372481937881858049
1372481947981783043
1372482161081716739
1372482164823093250
1372482250235854851
1372482254279208960
1372482333929054208
1372482450165751808
1372482599856267265
1372482621545054208
1372482712674648064
1372482750515703808
1372482803028361217
1372482847836110850
1372482850830884864
1372482926294753281
1372482928521924611
1372482950663655427
1372482963028512769
1372483035770318848
1372483040656642049
1372483191739670528
1372483410011230210
1372483457432059906
1372483605914644480
1372483614613643264
1372483650600759298
1372483669152165892
1372483677079343104
1372483705910988806
1372483707152515074
1372483740958621698
1372483843832352770
1372483889982279680
1372483901910814721
1372483919719890944
1372484168764911622
1372484169595555840
1372484169679261697
1372484270380494848
1372484286381690883
1372484293142937601
1372484324336009219
1372484366258044933
1372484380799729666
1372484484998819846
1372484599952109570
1372484648744407040
1372484650065666049
1372484659989331973
1372484936607924237
1372485010616385536
1372485188652007424
1372485271749545984
1372485333871435782
1372485341937074179
1372485353534291969
1372485375369809921
1372485428025073665
1372485465983553537
1372485472929210368
1372485482249093120
1372485706765979653
1372485719332155395
1372485729574617091
1372485749707264006
1372485791398703105
1372485838790135810
1372485925394128896
1372486003118723077
1372486045472862208
1372486101923999744
1372486133771333634
1372486151072849921
1372486292320227330
1372486415162937344
1372486516669317120
1372486616082694148
1372486618184085509
1372486652212486145
1372486686391771140
1372486721254866945
1372486725327589383
1372486767404802048
1372486846584909826
1372486852867940352
1372486881754112005
1372486929120251904
1372487010548654081
1372487076592123907
1372487121466925056
1372487174864666625
1372487200282132480
1372487231575891969
1372487357933486080
1372487486824353793
1372487489722667008
1372487535637696512
1372487586330083328
1372487624477306880
1372487672615170052
1372487679271653377
1372487684866867200
1372487699651788800
1372487738138767363
1372487872314499072
1372487876051664897
1372487892988219397
1372487895974436864
1372487925187887104
1372487949875605508
1372487949946822657
1372487952157323264
1372487980670185472
1372488034416009219
1372488083036385282
1372488085418688518
1372488132793360394
1372488138938007557
1372488172307894272
1372488189458452480
1372488199260545026
1372488211948310531
1372488227530141701
1372488278700658689
1372488293594636288
1372488318252896257
1372488338809184261
1372488360678338561
1372488378445348866
1372488391842013186
1372488448788066304
1372488487371472900
1372488514370203650
1372488543709323264
1372488612823072770
1372488629331841026
1372488714832740355
1372488748676616194
1372488839810347010
1372488854989574152
1372488896525783046
1372488966415466496
1372489000657813505
1372489022606573569
1372489083604381697
1372489206715539456
1372489242207776768
1372489312986656768
1372489326433566722
1372489369131622401
1372489417273794561
1372489448953417732
1372489475109003264
1372489518524346368
1372489641748750339
1372489678826434560
1372489685902188545
1372489774167101440
1372489782656438272
1372489783193264128
1372489786133520386
1372489808610791424
1372489828827271168
1372489919558529024
1372490041633746944
1372490173209059331
1372490184651116545
1372490249021034497
1372490426779889667
1372490461101715460
1372490461420552192
1372490543134076931
1372490584129163264
1372490627334733828
1372490656132820996
1372490932675883010
1372490970969825281
1372491028297515008
1372491242009980937
1372491277049167880
1372491418523086851
1372491429784788993
1372491446780108801
1372491507073175556
1372491585498255364
1372491599024951297
1372491719422353408
1372491911928418308
1372491922862977026
1372491947928121346
1372492011949981698
1372492120557293569
1372492166044467206
1372492279382949888
1372492440763043841
1372492442285584386
1372492476326551553
1372492492856250370
1372492517028069378
1372492522925228036
1372492575249154057
1372492575886688256
1372492583008563201
1372492596375879684
1372492651237404672
1372492748150951938
1372492766366867458
1372492817923203072
1372492819949105155
1372492880070242304
1372492942011723788
1372492987561820161
1372492999972827136
1372493007388344321
1372493062757302278
1372493293938950147
1372493317150281729
1372493452982808578
1372493480472236033
1372493496117030913
1372493542032048131
1372493553826476037
1372493562353434624
1372493575825485827
1372493581181669378
1372493609656852480
1372493632117309442
1372493772769083393
1372493798450794498
1372493922849669121
1372493927580831744
1372494066294874114
1372494072699555843
1372494120229425153
1372494311535878145
1372494417425207296
1372494424085762048
1372494483431038980
1372494575026192394
1372494605447479296
1372494620618321922
1372494674057953286
1372494683713191938
1372494719087968257
1372494984423825414
1372495052157693954
1372495127051005955
1372495198438178816
1372495242650345474
1372495268852154368
1372495473240633347
1372495489275473924
1372495494459621377
1372495495889756165
1372495496724418565
1372495596322443264
1372495663909453826
1372495837205573634
1372495844235227140
1372495883833634818
1372495891186262021
1372495901676163072
1372495956776718338
1372495968109748227
1372496217188409346
1372496279113236481
1372496362156171264
1372496385342386178
1372496386537750529
1372496519295811586
1372496568562163713
1372496697306329095
1372496814004375560
1372496817401827329
1372496870988218368
1372497025846046721
1372497027683192837
1372497104996810752
1372497109891579910
1372497143643189253
1372497233703268354
1372497237562040322
1372497254905344000
1372497293274976258
1372497324270882816
1372497443326148612
1372497457465135109
1372497477270654983
1372497632975851521
1372497691415052291
1372497852967051264
1372497904418631680
1372497954230128642
1372497963336019973
1372498011079602179
1372498041484247047
1372498095364247553
1372498147247849475
1372498369411751942
1372498391972904966
1372498466333675526
1372498514295492611
1372498591055544321
1372498618662457345
1372498676787126273
1372498905120833537
1372499027279937536
1372499065708105729
1372499079037587458
1372499135753039873
1372499159505281036
1372499176135741442
1372499199116337153
1372499269110890498
1372499269123461121
1372499269161193472
1372499317009833986
1372499333837434895
1372499353261252608
1372499357111566345
1372499418281299971
1372499442402742273
1372499570069008386
1372499639388241922
1372499692181856257
1372499741582495744
1372499748381470723
1372499766706311169
1372499938320510983
1372499953080283141
1372500126724456448
1372500182164725762
1372500216922963969
1372500224615329793
1372500235558195206
1372500272493305856
1372500276293341187
1372500409806372866
1372500509433729025
1372500536084328452
1372500713738272774
1372500734126743553
1372500745556267010
1372500852125093888
1372500928968978433
1372501062742065152
1372501089447260160
1372501105159106571
1372501148381368320
1372501338735710210
1372501341210300416
1372501422219071497
1372501678038126594
1372501680718249984
1372501820757659651
1372501851950743558
1372501906778591238
1372502251697225731
1372502268474503170
1372502295594864644
1372502535681011718
1372502542354165764
1372502595617619973
1372502661887574018
1372502807857795075
1372502821195681794
1372502886500986881
1372502898379272195
1372502983515246595
1372503045314084865
1372503046949797890
1372503048589774852
1372503048824627204
1372503052142342156
1372503052607918081
1372503110573248518
1372503178793644036
1372503186997710852
1372503236276588548
1372503282480996352
1372503298830430214
1372503337648717825
1372503440694386691
1372503442774691842
1372503496591826945
1372503551407226882
1372503562106720258
1372503568347987975
1372503586513489924
1372503688540008448
1372503732613738502
1372503743892230148
1372503796866224128
1372503812934664194
1372503918039736327
1372503956337856516
1372503976684441600
1372504008615727110
1372504047811448834
1372504104765956098
1372504167328153607
1372504420282470403
1372504446702346240
1372504457922109444
1372504486883778562
1372504487324229634
1372504490235023360
1372504502495031298
1372504530550677509
1372504539019018243
1372504606488592385
1372504686994063366
1372504786961117185
1372504787745378304
1372504931807150082
1372504994252005376
1372505057518776324
1372505178839121920
1372505208740220929
1372505223906930691
1372505326973501440
1372505349970931717
1372505418111594496
1372505422452682757
1372505429859786762
1372505560902365194
1372505561049268228
1372505721774993420
1372505747418976260
1372505752678629377
1372505764288475137
1372505770189815812
1372505790393810948
1372505797586997249
1372505803777744897
1372505812342468608
1372505994438307842
1372506091163156485
1372506129817817088
1372506165775585282
1372506174969540610
1372506275674783747
1372506418423734280
1372506430419394572
1372506492583112705
1372506527731433473
1372506553790648323
1372506571486461957
1372506656358158336
1372506661651353601
1372506761773649920
1372506762797068293
1372506818950397954
1372506831621402624
1372506877360279552
1372507015541579777
1372507025851179012
1372507039390384133
1372507040569028610
1372507072940494851
1372507114241990660
1372507126829043714
1372507141882449921
1372507252654018563
1372507437622788096
1372507451321417733
1372507508787527683
1372507574256406528
1372507711317889030
1372507722642493442
1372507888883798026
1372507991098920960
1372508077153468416
1372508077363138565
1372508197676843012
1372508318728663040
1372508428371910658
1372508460298993667
1372508581694672899
1372508595259117570
1372508650577784842
1372508672102912007
1372508705007271942
1372508708018679810
1372508755733184517
1372508771524706304
1372508819813711876
1372508942090305539
1372509094817456132
1372509146357100544
1372509162006052865
1372509285062676485
1372509364733538305
1372509374598545409
1372509416935800832
1372509541456285700
1372509547701616648
1372509572691238913
1372509648079761409
1372509734432038912
1372509762424868868
1372509801490571270
1372509834910793729
1372509843509116934
1372509967111106561
1372509967903825928
1372510044651143170
1372510045120966656
1372510060719566855
1372510171558252544
1372510232174297088
1372510268916256770
1372510349111533568
1372510433274429441
1372510447870574592
1372510560089161730
1372510595929477120
1372510596248129538
1372510612807413763
1372510628980666372
1372510643505483782
1372510654813384708
1372510852016922625
1372510941527560192
1372511080119930884
1372511084935049222
1372511096574259201
1372511118946672640
1372511156376641537
1372511187582251015
1372511322366152705
1372511365752098818
1372511391156998150
1372511416821948418
1372511566831181827
1372511814160941057
1372511852286988298
1372511888370757635
1372511945698467841
1372511966368043014
1372511970910474240
1372512103735693317
1372512123608256512
1372512161256382466
1372512335219277827
1372512415087202311
1372512424541224960
1372512451439263746
1372512560491159555
1372512669870219265
1372512702392848386
1372512808085024774
1372512848107220994
1372512893451841538
1372512910145155074
1372513013350215680
1372513075006431237
1372513110641283073
1372513112117673984
1372513121986826243
1372513257068593155
1372513280523132930
1372513339314745348
1372513410408181761
1372513472962035713
1372513512686247936
1372513561327583234
1372513591765704711
1372513594340995072
1372513635021504514
1372513752881451010
1372513809739485186
1372513866182234115
1372513963229990915
1372514088350330883
1372514118993842178
1372514263072391169
1372514339488477185
1372514368634593282
1372514368802332677
1372514499886997509
1372514569936117762
1372514613892366340
1372514692023848963
1372514697895890944
1372514793882587138
1372514861037588482
1372514872764862465
1372515018760130560
1372515084078039043
1372515127518498819
1372515281218768898
1372515344624013315
1372515377134047232
1372515431597146113
1372515554649604097
1372515605056794627
1372515635570343939
1372515638678327298
1372515716247789571
1372515758127865860
1372515772904407040
1372515837047836681
1372515900767801348
1372515969000730624
1372515997198991361
1372516093340815360
1372516151775928321
1372516265630298115
1372516280260042756
1372516289881706499
1372516383020441600
1372516481406222336
1372516499538206726
1372516524783775744
1372516631579070466
1372516663912972296
1372516668988067840
1372516699824619520
1372516732401823744
1372516869161283587
1372516882838863881
1372516885233827844
1372516902480842755
1372516927751475206
1372516975033921539
1372517004746317828
1372517038946725890
1372517086187159552
1372517091312553985
1372517138318168071
1372517163332943873
1372517208149090309
1372517272187768836
1372517321307271173
1372517423270739970
1372517519609712643
1372517595505692685
1372517753194745859
1372517836657209345
1372517846870339588
1372517998842552322
1372518067121614848
1372518071009693698
1372518148642070531
1372518148881063940
1372518151515107335
1372518153167777792
1372518154090520576
1372518155134853123
1372518156078444547
1372518210185011201
1372518210944262157
1372518336731480065
1372518344469966856
1372518543355482113
1372518572635869189
1372518614448840705
1372518702156025860
1372518828933005313
1372518831143448577
1372518911481057283
1372519069757411335
1372519071124762626
1372519307180134404
1372519388553809924
1372519417851088896
1372519566924988421
1372519567227027456
1372519608188551170
1372519673087016961
1372519753936424963
1372519761150668801
1372519774828302337
1372519903115284486
1372519905317122049
1372519937072275459
1372519962984714241
1372520076583243776
1372520161710858240
1372520180253921280
1372520355118612483
1372520460387282949
1372520479563612164
1372520539475083267
1372520660421910533
1372520700230123523
1372520725718958085
1372520850600165383
1372520909077155846
1372520959966642181
1372521025817223168
1372521040061022211
1372521222362251265
1372521230172049418
1372521344122896384
1372521346794721284
1372521347478392832
1372521369380950017
1372521371041984512
1372521398292385794
1372521411399581696
1372521502260744192
1372521594636144640
1372521732716822528
1372521820142903301
1372521918423830535
1372521918977347588
1372521919027818497
1372522017988210690
1372522044043235328
1372522065086062600
1372522091321298949
1372522280182550531
1372522299715420162
1372522354081927168
1372522550245347332
1372522559686778880
1372522582889558017
1372522594889502723
1372522602946826243
1372522626321616901
1372522653886521344
1372522678691622920
1372522731175022593
1372522760900083712
1372522889803616256
1372522946279788548
1372522978009878528
1372523171442741251
1372523189776097280
1372523191684505601
1372523225817710597
1372523237142331400
1372523437894332416
1372523514780073985
1372523585244397574
1372523708200456195
1372523871203696647
1372524045594419206
1372524075508195329
1372524097607979009
1372524106529308677
1372524129971232768
1372524162430951425
1372524162913275905
1372524183398195202
1372524183431770114
1372524328449900547
1372524338335846411
1372524377602994178
1372524384812998661
1372524559715426307
1372524828306071552
1372524864289001472
1372524919649669121
1372524938347782144
1372525133420752896
1372525162374041604
1372525217298403332
1372525388308623360
1372525389998923779
1372525407703068674
1372525417681326082
1372525466003894281
1372525561764003843
1372525598615216128
1372525697323970563
1372525709042847745
1372525932309835778
1372526032708861954
1372526037368770566
1372526109183635461
1372526154272362498
1372526249344663554
1372526297348464645
1372526299802173443
1372526369561837570
1372526429418745858
1372526598440640514
1372526604187021314
1372526618539925504
1372526641340104706
1372526728996880394
1372526739012907009
1372526852766580738
1372526928645787654
1372526951810928644
1372526951827701765
1372526956466540546
1372527025802592256
1372527029095120899
1372527103267250176
1372527132820316161
1372527140588167168
1372527144778276867
1372527158594301954
1372527169864413184
1372527203330576385
1372527215267753987
1372527217952104449
1372527226462306306
1372527237141004288
1372527262885670912
1372527264781451266
1372527271429427206
1372527280531070984
1372527319278100481
1372527337649139712
1372527357341405190
1372527368783470596
1372527376278634498
1372527385283809280
1372527390069514240
1372527404640563201
1372527405445824513
1372527406670561284
1372527442011770885
1372527482654572547
1372527501654786051
1372527523809132544
1372527532185096200
1372527539088941063
1372527541840396289
1372527571083128835
1372527630751301635
1372527662711848961
1372527666872598528
1372527726674984960
1372527742667870209
1372527744198774786
1372527751220060165
1372527769402314765
1372527788692008962
1372527850125950979
1372527869289766913
1372527871332392965
1372527921634676736
1372527955151368196
1372528073686593537
1372528101503209478
1372528110965510145
1372528136240390144
1372528176035954690
1372528187016630283
1372528191429033984
1372528193735962627
1372528210089373697
1372528219878920193
1372528288913108995
1372528332013768709
1372528336510062596
1372528378264350725
1372528409163804672
1372528438947549184
1372528492211019778
1372528509285982210
1372528543511556100
1372528600298229766
1372528637895970818
1372528663418314758
1372528714148364290
1372528754174660614
1372528784671444996
1372528789754945538
1372528835548315648
1372528892452438019
1372528948496711681
1372528998052413442
1372529043967520768
1372529059826130944
1372529073180839937
1372529076766978048
1372529081800126467
1372529115073499138
1372529200507322369
1372529200565874690
1372529209386622976
1372529214172372994
1372529239388532737
1372529247697395719
1372529284242345986
1372529354366984192
1372529369592303618
1372529407793987586
1372529418573348864
1372529468242202627
1372529468628029448
1372529490925064206
1372529585909338114
1372529590749515776
1372529607921037312
1372529645405487108
1372529731904622592
1372529767552016391
1372529775265382404
1372529775550603270
1372529848841867264
1372529944203517952
1372529982837301251
1372530072251416583
1372530080099020802
1372530094099562500
1372530122033627142
1372530139620384768
1372530156162711554
1372530162806501382
1372530163460796416
1372530213586894854
1372530295392587776
1372530367761108993
1372530394868891649
1372530435708829698
1372530486275416149
1372530547579351040
1372530599005683716
1372530645944176641
1372530661844717568
1372530689803960332
1372530726592245760
1372530726915039234
1372530746892640256
1372530761555935232
1372530793331974145
1372530854468186117
1372530941663580161
1372530981085806595
1372531044142956545
1372531045036351492
1372531075205976069
1372531083464609794
1372531127395651585
1372531143447351297
1372531177903566848
1372531206538006538
1372531238624432133
1372531321197694976
1372531423580672000
1372531432757850114
1372531434079072260
1372531448092184578
1372531486986022913
1372531527096143873
1372531552777822210
1372531552853311489
1372531584218374145
1372531586156134405
1372531637251158018
1372531649313972230
1372531756797202437
1372531769300418566
1372531851265462273
1372531858580381698
1372531895213420546
1372531898749218826
1372531924913303554
1372532030550982665
1372532037299625985
1372532051031818241
1372532072590479363
1372532075690139651
1372532080534556676
1372532215427575811
1372532484236251170
1372532534634942468
1372532588095627270
1372532691699109891
1372532692558970884
1372532777770496008
1372532809512988672
1372532813606572039
1372532897069031430
1372532942262693888
1372533160790134788
1372533243963174917
1372533244399214599
1372533245527609347
1372533253698064392
1372533253853253632
1372533313114681346
1372533315178217472
1372533344257327107
1372533468593332229
1372533553897082881
1372533586541297672
1372533624134832129
1372533635023265793
1372533647232925698
1372533679172562949
1372533725859287045
1372533788866179072
1372533795874824193
1372533802938068997
1372533875054903297
1372533901038600198
1372533961013002249
1372534005795594240
1372534052503314434
1372534288139350025
1372534373766025226
1372534381953363977
1372534390094450688
1372534424424886277
1372534502203953155
1372534540527403011
1372534550283350018
1372534660010500104
1372534742248271880
1372534785969692672
1372534873739689985
1372534925560266755
1372534965603295235
1372534985261998086
1372535015213531141
1372535028517896192
1372535035623006211
1372535217056055305
1372535225620824069
1372535353358356481
1372535380046647301
1372535394034663429
1372535404658884610
1372535417564717056
1372535445960060929
1372535457108611072
1372535473051217921
1372535477438406657
1372535492382707721
1372535614969688067
1372535645105762304
1372535739288850438
1372535751116795907
1372535803725942787
1372535947821219843
1372536012757475329
1372536031086534660
1372536065584721920
1372536167640526849
1372536175756476421
1372536257163755523
1372536351325880326
1372536422507417609
1372536469630431232
1372536489070977026
1372536628380581892
1372536674664742915
1372536783393669120
1372536805174689801
1372536836720095232
1372536958782685189
1372536980278546432
1372537079142449156
1372537083663908868
1372537085966614528
1372537106296344581
1372537127498620931
1372537146914045953
1372537198755581953
1372537224751943685
1372537269672763398
1372537308042424322
1372537383393107968
1372537412908290052
1372537424652406784
1372537591812263942
1372537606190333957
1372537691049492480
1372537703678554116
1372537716169138180
1372537748670836744
1372537767742296064
1372537831248302083
1372537831650889730
1372537981031047172
1372538105497010181
1372538153207267330
1372538156642340867
1372538164091498499
1372538187097239552
1372538224753700866
1372538273592045571
1372538284845498372
1372538444879122442
1372538600265502727
1372538608243122181
1372538654825062402
1372538662580330499
1372538663754682373
1372538715353006081
1372538725251563521
1372538779588694016
1372538804972703746
1372538813101314056
1372538823763234824
1372539008346173444
1372539068328910849
1372539162109304834
1372539284528504833
1372539326765076481
1372539328128225286
1372539337242513410
1372539375335178248
1372539505773797385
1372539525717757953
1372539554549350402
1372539570458296323
1372539604558037002
1372539682874134537
1372539780651749376
1372539793415012359
1372539903440003073
1372539915154685963
1372539958729265159
1372540090443051014
1372540091537719299
1372540098055565314
1372540182537330694
1372540230918623234
1372540350854758404
1372540354449317890
1372540369733304320
1372540375190097921
1372540404621524994
1372540531209871365
1372540623413207040
1372540697388191748
1372540710805770241
1372540739343765514
1372540793466982406
1372541004805517314
1372541044227768321
1372541071994064902
1372541095649873923
1372541123294597120
1372541126117355528
1372541294325731331
1372541372234874883
1372541410503749632
1372541649784614916
1372541881998061571
1372541898607460357
1372541903321903104
1372541955314450434
1372541972997677058
1372542045185662976
1372542092812107777
1372542243568037898
1372542250157273096
1372542261947416585
1372542428201254912
1372542554491785233
1372542580353871877
1372542607314812932
1372542643952103426
1372542685203038223
1372542688013258756
1372542700101242881
1372542843831599109
1372542919681454086
1372543000522416129
1372543007212339205
1372543034391429125
1372543124980039682
1372543142948446210
1372543197721804803
1372543208358604806
1372543222925393925
1372543249504743425
1372543293276426242
1372543309470654466
1372543309487427586
1372543309827039232
1372543442945990656
1372543453624557570
1372543639575007236
1372543642393513991
1372543658789117956
1372543707220697092
1372543710823604231
1372543775168421888
1372543819242176515
1372543827932762112
1372543978210402312
1372543983784759300
1372544021852217351
1372544036041547776
1372544059655458824
1372544086381576195
1372544086532579332
1372544103196540932
1372544147228221453
1372544218191781890
1372544331798740999
1372544391651426309
1372544392590938118
1372544480688144395
1372544488615383043
1372544491207426049
1372544494755835907
1372544567862562819
1372544613924405252
1372544662913875971
1372544669737975813
1372544699618189322
1372544715778883587
1372544739799539714
1372544746091122692
1372544785827950593
1372544814273683464
1372544843017240582
1372544916052672512
1372545026165780484
1372545047791550465
1372545050228445184
1372545076208005127
1372545081622822912
1372545098714583047
1372545144944259086
1372545228293484547
1372545373206630401
1372545403606929415
1372545405444096001
1372545505914462213
1372545527628275713
1372545600999276546
1372545741848260615
1372545910010384386
1372545953174061056
1372546123215290383
1372546175522459651
1372546200587624454
1372546312059637761
1372546328237064197
1372546331873513475
1372546543241326593
1372546548429623296
1372546620298981389
1372546712091426820
1372546723998994434
1372546880152989700
1372546993902473220
1372547008377057280
1372547084239310848
1372547120012664833
1372547214007021574
1372547254708535298
1372547255216013312
1372547256293941251
1372547262849630209
1372547269220786180
1372547360572780550
1372547397834969089
1372547425085308935
1372547482387947521
1372547569256181763
1372547656527003654
1372547703171874820
1372547774491852810
1372547853810294791
1372547902350839811
1372547941370621959
1372547954301620225
1372547974098657292
1372548133918490628
1372548154684497932
1372548210674298880
1372548215132852225
1372548246942404615
1372548347492323331
1372548347609767940
1372548348083806209
1372548349396541442
1372548359437873154
1372548393013235726
1372548416367132674
1372548429394685953
1372548449707687938
1372548450743681025
1372548451574108162
1372548476811280385
1372548526090108934
1372548572357464064
1372548615600807941
1372548646194012161
1372548667572371461
1372548678037159942
1372548896237453312
1372548904688975875
1372548923106193416
1372548992341585920
1372549067880992769
1372549074990338049
1372549099812192260
1372549109060624384
1372549169789931524
1372549240933777414
1372549259187355649
1372549292834095108
1372549312207581188
1372549396827672580
1372549499126743044
1372549572413816834
1372549633583550476
1372549688721879048
1372549734041272320
1372549734355853312
1372549795064205318
1372549801821270021
1372549899913416708
1372549938832347145
1372549983581437953
1372550104180199431
1372550200267583492
1372550293288857609
1372550332547497989
1372550403892592647
1372550421911339014
1372550504098697219
1372550619853111300
1372550647636185089
1372550683233243140
1372550726535233536
1372550768457355264
1372550810555588616
1372550856596463618
1372550959818231815
1372551010250543104
1372551071122534404
1372551110775468033
1372551140274020352
1372551189821276163
1372551219617628166
1372551221823832064
1372551438929387522
1372551480398450695
1372551480809553926
1372551495925833729
1372551534450520068
1372551563600887813
1372551586724073481
1372551704911171585
1372551724053979138
1372551980065914883
1372552008159350785
1372552078459990020
1372552084420182018
1372552085955346444
1372552173154885637
1372552223914352641
1372552224845496322
1372552397772427269
1372552503238266881
1372552524935397376
1372552562784808965
1372552647044165633
1372552651821436928
1372552659186647045
1372552685849874436
1372552797745512455
1372552802598281219
1372552857061367811
1372552939445874689
1372552944361607178
1372552993611079684
1372553004231098375
1372553012510666753
1372553022430191617
1372553090583441411
1372553175161577476
1372553222121009158
1372553248008192011
1372553248150859776
1372553300512497671
1372553319147831296
1372553340618481674
1372553375770812424
1372553375900835843
1372553376026800134
1372553376110505988
1372553451637461000
1372553499490279429
1372553502711500808
1372553509711667205
1372553569765883904
1372553705518686223
1372553932204040196
1372553951745302529
1372554054145077248
1372554097325436934
1372554098990587908
1372554164815937536
1372554206968737797
1372554210127056898
1372554278586494978
1372554310211485696
1372554428226678795
1372554475152490500
1372554559961305089
1372554562792480770
1372554639728578561
1372554671760490498
1372554753612394496
1372554801096036355
1372554835610976261
1372554861414350851
1372554870776066049
1372554909732777984
1372554948324552709
1372555004704387073
1372555018184835074
1372555040154648582
1372555108530196482
1372555111654957060
1372555281784303617
1372555331058950144
1372555374126108674
1372555501112856584
1372555621334196229
1372555681413357568
1372555810526609412
1372555892407734273
1372555893481615367
1372555895792631816
1372555918446112772
1372555936607387657
1372555941871243270
1372555954391252999
1372556019088392196
1372556026210304001
1372556067050299396
1372556067268395023
1372556116442423296
1372556125120385032
1372556141771755529
1372556223418097669
1372556233476046852
1372556256158871555
1372556272772468740
1372556307715227696
1372556348915912705
1372556423821938710
1372556474312953856
1372556490272337925
1372556507947139073
1372556546870288384
1372556582337323009
1372556582689632257
1372556616659243021
1372556618429267970
1372556633965010950
1372556691271716866
1372556712784371712
1372556835874553864
1372556847333396492
1372556855747170304
1372556899493761026
1372557033493389320
1372557097733345281
1372557174015193093
1372557208001601537
1372557222690099202
1372557304948789249
1372557641818464261
1372557653801455617
1372557743744294917
1372557921431740417
1372558009524686858
1372558050888925186
1372558169843630082
1372558184880209922
1372558335480885255
1372558361389056005
1372558378455724033
1372558408910467075
1372558409187344384
1372558409292128271
1372558409350971392
1372558411888537604
1372558486303834115
1372558569749504006
1372558626653667330
1372558642336169986
1372558958498623489
1372558970687266820
1372559126493024258
1372559198542819336
1372559222513209347
1372559224799166466
1372559327769341953
1372559409092685825
1372559409164005379
1372559450465308674
1372559496577433604
1372559507180679175
1372559629398474756
1372559678035656721
1372559678568345604
1372559691818012673
1372559696901595142
1372559775150526474
1372559808512020491
1372559870545776646
1372559883481022464
1372559906377711617
1372559962967277569
1372559974363230209
1372560009255649287
1372560033448407042
1372560047339868162
1372560189711388676
1372560412793782277
1372560425909358595
1372560427671027715
1372560464450846725
1372560475515457540
1372560490979848206
1372560502405136387
1372560515327725572
1372560533501710342
1372560562354335747
1372560630356525067
1372560741472034820
1372560809612742659
1372560925627154442
1372560954043535365
1372560979922464770
1372561086344523777
1372561095651692545
1372561107785818119
1372561141650632707
1372561343094620160
1372561424699043841
1372561465073360897
1372561479451484166
1372561484572725249
1372561553409605632
1372561589036068865
1372561698121515012
1372561736046411779
1372561772431958019
1372561773115670544
1372561878321401863
1372561885950795776
1372562080440709123
1372562215405023243
1372562247013314562
1372562300650061831
1372562303422496769
1372562342790184963
1372562359517073408
1372562421873803265
1372562495672573957
1372562840205324292
1372562884350373895
1372562954500079616
1372563067964383235
1372563069256265729
1372563094845673475
1372563122553241608
1372563123648004096
1372563125464133642
1372563132636348423
1372563143445078018
1372563146976727044
1372563168715800577
1372563233761062917
1372563252752879619
1372563275599261697
1372563369098629120
1372563442817662977
1372563446840037382
1372563452057636864
1372563489382879233
1372563529040076802
1372563591992385537
1372563653799600134
1372563684912955401
1372563698267602945
1372563701560131584
1372563719062970379
1372563821689200644
1372563836230893576
1372563888215109632
1372563940417306627
1372564003608748032
1372564033077968896
1372564056620597250
1372564172114907141
1372564244273709056
1372564336309366784
1372564421025935361
1372564537115873280
1372564581709705221
1372564584708648967
1372564658972979200
1372564685095063558
1372564686604996608
1372564775247429641
1372564832172511232
1372564849612443657
1372564855354429442
1372565014868074499
1372565038599389191
1372565097860710400
1372565161144414214
1372565212478517259
1372565223970848769
1372565345819635719
1372565376047939585
1372565451511844866
1372565502447472643
1372565606994751495
1372565795407007751
1372565887115538436
1372565926625837061
1372565958607335424
1372566089788399618
1372566217983152130
1372566395335151623
1372566508702990338
1372566650868891654
1372566771094405136
1372566865524953090
1372566933137190918
1372567005774118915
1372567067321335810
1372567077622591488
1372567123801874432
1372567193095917569
1372567234271354889
1372567244010557442
1372567497845706760
1372567547330113547
1372567615466582020
1372567709121179648
1372567873277853698
1372567878088597504
1372567901966905352
1372568061761445888
1372568102978871302
1372568159203508230
1372568181420740612
1372568218666209282
1372568334684856327
1372568395753926658
1372568470500618240
1372568475365953538
1372568558933307400
1372568599861338112
1372568736163581959
1372568753905500164
1372568794825101323
1372568887217299456
1372569049209667587
1372569059150159875
1372569183112794112
1372569260644564992
1372569361362337792
1372569479511736325
1372569534981279744
1372569601360465925
1372569613335138310
1372569613637197830
1372569695879057412
1372569775348531204
1372569855782752265
1372569868990623745
1372569951865815045
1372569986770817031
1372570018861436932
1372570225061814280
1372570236793196547
1372570265167745026
1372570347984326658
1372570421095186433
1372570465970094085
1372570520525373440
1372570641778495488
1372570675454566404
1372570778487635974
1372570866375069699
1372570993084932097
1372570994171318272
1372571008499089412
1372571049431293960
1372571099007975433
1372571132990218246
1372571139348774913
1372571161431801857
1372571192712962048
1372571212342308867
1372571245875757057
1372571289005682688
1372571326536355848
1372571334413324288
1372571368659808258
1372571378650648577
1372571407545143303
1372571471403433996
1372571695878438916
1372571720742277127
1372572028004413440
1372572107398348801
1372572283563339780
1372572372297977862
1372572389993820160
1372572401448456192
1372572406569697280
1372572483690373120
1372572508654817282
1372572523519475712
1372572542276407296
1372572556423794688
1372572596403896321
1372572610693902341
1372572642218278913
1372572662451568645
1372572758777942030
1372572823676391433
1372572856538832900
1372572886200938498
1372572894602129413
1372572976588148738
1372572985035460612
1372572997987487745
1372573056875528193
1372573140648345608
1372573158843281411
1372573292406530051
1372573337377968142
1372573461671972864
1372573517204627457
1372573554034769933
1372573579783532546
1372573652361838595
1372573660737794050
1372573663464153088
1372573673438244865
1372573675338264576
1372573687728197636
1372573711149191168
1372573762579791878
1372573809241419776
1372573811246239748
1372573837628469249
1372573863490560004
1372573878170583040
1372573897267220483
1372573913042026497
1372573915990654982
1372573927449452548
1372573954121023489
1372574021947121666
1372574030960689160
1372574048417415171
1372574058072711174
1372574060329062402
1372574094156255237
1372574195406766093
1372574247210647556
1372574290365808648
1372574353536221186
1372574384934809605
1372574412906586114
1372574427926380552
1372574451976564741
1372574470024667136
1372574497207947271
1372574527574704132
1372574528166096896
1372574621556428805
1372574751978356736
1372574762225045512
1372574806357520385
1372574860103327745
1372574876331032581
1372574945436373000
1372574951434289156
1372574965111914501
1372575035035095044
1372575224407941120
1372575249817088005
1372575253587759104
1372575287221829635
1372575303328002049
1372575305177694209
1372575349410762757
1372575399406927880
1372575487009165313
1372575503589253122
1372575535734390802
1372575576926662659
1372575608593600516
1372575636317999107
1372575687622725632
1372575814299058177
1372575842585444353
1372575851670335489
1372575898306813953
1372575901658005504
1372575904787013634
1372575993450401796
1372576025025118208
1372576040640466948
1372576068452954113
1372576088422035458
1372576097825648648
1372576123201130497
1372576137126248451
1372576139718361091
1372576144013328386
1372576193409597440
1372576217778561032
1372576239337103372
1372576259876749316
1372576377992527873
1372576429100179461
1372576467935170562
1372576654908882945
1372576705676775432
1372576761326796800
1372576793765511175
1372576798563794952
1372576842469801985
1372576959411200000
1372577017946836995
1372577027937738754
1372577057113317383
1372577060087070730
1372577060619759619
1372577171592638464
1372577285442834433
1372577322096865282
1372577506939797507
1372577510362382339
1372577589206913025
1372577594252660739
1372577601974329344
1372577627601563650
1372577663118946307
1372577713643470852
1372577716269154304
1372577865351462918
1372577887715528705
1372578238841634821
1372578299323555845
1372578299692601353
1372578541473128449
1372578541578055681
1372578541997486086
1372578549157167109
1372578549228523521
1372578587077935108
1372578590445993986
1372578635777990659
1372578665326911493
1372578704975597569
1372578714593193995
1372578786861023245
1372578813138337793
1372578844885069828
1372578907426336769
1372578929316405252
1372578948144582656
1372578982059778054
1372578997800943627
1372578997918400514
1372579004713213957
1372579013584117761
1372579025508569090
1372579045175607301
1372579053320953861
1372579057922146313
1372579088553156610
1372579098778800130
1372579120018825218
1372579138935136257
1372579171784855561
1372579182585249797
1372579183864524800
1372579196678062089
1372579221546094601
1372579268350332929
1372579275409391621
1372579316580646914
1372579348465778691
1372579417046794240
1372579434792943617
1372579460080406537
1372579462194343938
1372579462571786245
1372579495295729667
1372579500383408130
1372579520876777476
1372579527923265539
1372579553261019137
1372579557534879747
1372579569232973824
1372579576300371972
1372579598316179457
1372579599188701187
1372579625407221767
1372579641999945737
1372579656621293570
1372579664150069250
1372579676263157760
1372579709305896962
1372579802411114507
1372579803799429124
1372579830319964166
1372579864935550982
1372580028463079426
1372580030711263235
1372580038856601603
1372580060134277123
1372580065083547651
1372580067990196230
1372580085144948736
1372580097203580932
1372580098902228993
1372580124223287297
1372580165742645248
1372580184713527308
1372580238258008069
1372580264778563589
1372580286907695115
1372580303248691210
1372580309229780999
1372580330713063430
1372580356055052291
1372580380637855749
1372580382210678787
1372580417547739141
1372580429203660801
1372580470718918662
1372580496056725508
1372580502390067201
1372580508606009345
1372580541707485199
1372580551773847558
1372580555041116163
1372580576255938561
1372580607281262593
1372580660527906818
1372580749795266570
1372580767738560517
1372580814530220037
1372580822520315913
1372580836663525378
1372580845886828547
1372580866942242826
1372580936345341953
1372580950991851526
1372580979034963977
1372580981169852434
1372580983480979457
1372581002065944576
1372581008525123585
1372581022467035137
1372581034454302720
1372581051147689996
1372581058290487300
1372581089630371845
1372581165387898882
1372581185587703811
1372581186313281541
1372581203338006528
1372581258396639232
1372581259256360963
1372581259910729738
1372581274884452360
1372581283616989192
1372581308090699783
1372581323076931584
1372581355788365826
1372581371261161473
1372581415037120520
1372581462415904770
1372581513401929732
1372581526022590465
1372581553394626560
1372581570062786563
1372581588219879424
1372581594481983490
1372581684630147078
1372581690414137344
1372581722769010695
1372581731094650886
1372581775243890693
1372581796827832324
1372581845309734921
1372581848845533190
1372581887454089218
1372581894689275907
1372581897369493506
1372581920299704322
1372581929153880073
1372581949219483661
1372581961907236871
1372581983021379587
1372582019188805632
1372582020367409157
1372582129369034754
1372582141347954692
1372582142509776898
1372582144023887873
1372582217797533706
1372582243022016514
1372582255776923656
1372582297396994050
1372582314589446147
1372582334982193156
1372582357300023298
1372582397510889474
1372582407484936192
1372582421212893187
1372582476846096388
1372582480969089028
1372582482139250695
1372582493224890372
1372582507045122057
1372582551584440323
1372582553685753862
1372582759491891202
1372582763447123973
1372582831772291076
1372582838499966977
1372582845236051973
1372582877565706245
1372582898793070592
1372582917042544645
1372582932762787846
1372582960939999234
1372582995278856192
1372583014132240388
1372583021627457540
1372583022969634816
1372583024857128963
1372583053957156877
1372583071405461504
1372583078049296384
1372583078577725442
1372583128443801603
1372583140678598660
1372583244105969668
1372583266042183681
1372583280151834631
1372583290763407371
1372583320480059395
1372583366248312838
1372583387828006915
1372583416961589256
1372583440755920903
1372583468488613888
1372583502303133699
1372583523295580166
1372583527510851584
1372583531227013121
1372583587564896260
1372583589330698246
1372583596154875908
1372583607060070405
1372583634658586624
1372583640908070914
1372583683488628739
1372583689478094856
1372583714874605571
1372583717915537410
1372583793605931009
1372583811154911236
1372583826367516673
1372583830960410625
1372583854448459778
1372583870214893571
1372583886493003780
1372583951479545865
1372583992428535808
1372584022229069828
1372584025848696841
1372584050666377222
1372584063953952769
1372584124930752521
1372584274902257665
1372584413658222600
1372584455551004672
1372584469308264450
1372584528854781952
1372584668504207362
1372584739769565184
1372584765887500288
1372584785097453575
1372584786708008961
1372584796904374285
1372584833138913281
1372584868673163265
1372584910779785220
1372584941867925515
1372584949862313989
1372585011992485896
1372585073007022086
1372585126694125571
1372585188102922241
1372585196273475585
1372585283493978119
1372585368395087875
1372585449844277250
1372585495331541000
1372585507285262338
1372585531658362881
1372585661144907782
1372585677678911488
1372585753088245765
1372585964439240712
1372585968511938563
1372585988820758528
1372585990561411076
1372585991081504777
1372586006352912384
1372586056911044608
1372586073264680974
1372586091157544960
1372586169544933378
1372586208266743808
1372586211328557063
1372586229905162244
1372586231691943943
1372586331918979075
1372586379608272897
1372586413368225795
1372586469026627589
1372586470838562818
1372586515411390465
1372586580582481923
1372586583497527299
1372586615013576717
1372586617534361600
1372586696471109647
1372586763785535492
1372586798665375744
1372586814293299205
1372586863840665607
1372586962310332421
1372586962666848263
1372587030744600582
1372587091863953410
1372587103389949955
1372587202161573899
1372587221560201220
1372587237012090884
1372587300190830604
1372587362526584835
1372587402766790659
1372587412275269634
1372587436958748678
1372587540126040069
1372587629632491526
1372587695105568783
1372587695441072138
1372587696460345348
1372587714684588034
1372587866111545348
1372587950018543622
1372588035703996418
1372588206965788672
1372588230185517057
1372588292496056322
1372588319763267588
1372588463481049094
1372588549070057474
1372588578262429703
1372588588953522176
1372588601922424837
1372588605521203206
1372588610021646337
1372588630200483850
1372588631420964866
1372588682004340736
1372588710244540416
1372588774190952450
1372588815521624072
1372588877379158019
1372588884387897351
1372588956324405254
1372588997017546761
1372589064881381379
1372589103104073731
1372589131600134147
1372589146343104514
1372589153775411200
1372589206762102784
1372589232775127043
1372589527580168196
1372589579237212166
1372589581183422468
1372589583418941440
1372589584492679168
1372589623814328322
1372589678143102978
1372589841075036168
1372589866622488577
1372589902504861699
1372589910578884613
1372589930560557064
1372589951607578624
1372590124052135936
1372590180406861832
1372590282567475201
1372590305699057670
1372590312774860805
1372590326238605318
1372590402080022532
1372590409927507975
1372590489170497540
1372590525199564809
1372590531310682114
1372590605499518976
1372590618787127300
1372590637250412547
1372590769828139008
1372590772466356233
1372590933737414656
1372591005996888064
1372591106563710984
1372591447384408073
1372591874070999045
1372592049954959367
1372592078279086080
1372592232763682822
1372592731793600522
1372592905404186638
1372593258728206343
1372593466237190147
1372593514656239619
1372593643115134982
1372594510342062088
1372594919571922947
1372595364054892548
1372595709418016770
1372596077380177925
1372596334964920325
1372596405244682244
1372597045903626249
1372597478994894856
1372598005749194759
1372598121671364609
1372598430061707264
1372598436793565197
1372598798384517121
1372598825483964420
1372598848808423433
1372598878105698306
1372599059521941505
1372599283137064960
1372599444017872902
1372599451789971459
1372599678626365440
1372599911578013708
1372599942930399232
1372600116012519428
1372600122085900290
1372600302336159744
1372600349580754946
1372600366949359617
1372600452148256768
1372600784320401408
1372601193797713923
1372602153773174787
1372602935008501761
1372603200658935813
1372603665052278785
1372604001435447303
1372604049657323524
1372604348878962691
1372604471960829958
1372604654052372486
1372604714232258568
1372604913356791817
1372605013663617025
1372605081376464905
1372605154437050371
1372605444875825154
1372605543949418500
1372605615755956225
1372605835776565253
1372605840386093060
1372605956601880581
1372605989858504712
1372606330368843786
1372606451164839942
1372606558484447233
1372606823954530307
1372606889838718976
1372607138460229636
1372607162673983491
1372607313840865284
1372607987072835585
1372608249812291584
1372608461457006597
1372608742542430213
1372608743356002304
1372608746573209601
1372609083371569154
1372609099339300865
1372609142318305290
1372609401702465542
1372609533915332608
1372609651007746048
1372610109759717380
1372610372599943170
1372610646416707585
1372610823642841091
1372610867590787083
1372611210173165578
1372611255836540928
1372611864367144960
1372612107791953927
1372612109595475972
1372612310297149440
1372612529042653184
1372612737155661824
1372612767321034752
1372612882639241217
1372613097899319302
1372613405559902212
1372613499642384384
1372613653053202444
1372613661517307915
1372613871857438720
1372614096999362562
1372614213718392835
1372614276926603266
1372614562093105159
1372614716942614528
1372614966830845953
1372614991916978191
1372615332221845508
1372615511096360965
1372615514338516993
1372615591631187969
1372615706504785927
1372615730814984194
1372615813564411907
1372615838516269065
1372615953285013507
1372616018972016642
1372616099653681154
1372616310597824514
1372616345808949249
1372616363349585923
1372616645986942983
1372616771136540672
1372616870113730562
1372617179087175685
1372617237731831811
1372617663072059394
1372617760979759108
1372617875039662082
1372617913509744642
1372617938021330952
1372618017562054661
1372618129826852869
1372618209824755714
1372618292641333256
1372618398002257922
1372618457888473088
1372618800936407049
1372618838110568459
1372618862764646405
1372618883748786178
1372618925373030408
1372618961796399108
1372619009284259849
1372619059574022144
1372619144101818371
1372619186145533960
1372619460734021639
1372619501968166919
1372619618565685251
1372619974020378633
1372620011932639236
1372620104198983683
1372620219026436113
1372620373775286274
1372621296190816266
1372621426398797830
1372621552013967364
1372621645421109249
1372621937717960707
1372621978692124681
1372622192517726210
1372622484076441600
1372623172126666754
1372623212949934086
1372623236761014279
1372623303974731785
1372623424049274889
1372623628416733193
1372623840925384706
1372623841684451334
1372623842447921157
1372623843525861376
1372623936563916807
1372623969476620289
1372624513888829445
1372624630113009672
1372625297431015427
1372625399277031425
1372625577056866306
1372627357673086980
1372627367890456576
1372627382406950920
1372627663769243648
1372627842320719872
1372628402172276742
1372628505368875017
1372628916981149705
1372629049105862658
1372629339729227784
1372629742084571149
1372629858392682500
1372629950533099525
1372630106921959426
1372630165931589635
1372630190833217538
1372630974601834502
1372631059918098437
1372631382996959233
1372631391293353990
1372631430732390400
1372631606968647689
1372631733540110344
1372631874670039046
1372631885885665281
1372632008162217984
1372632015762259968
1372632040881987593
1372632116853346305
1372632118656954372
1372632213494317056
1372632742995841026
1372632756220465152
1372632788344713220
1372632822394028033
1372633099025199108
1372633377371734017
1372633600726867970
1372633631752065024
1372633689528672256
1372633713536860163
1372633809057939457
1372633901533958151
1372633919720468490
1372633976913940488
1372634079988961284
1372634187006640132
1372634249375981578
1372634354791366668
1372634510077087746
1372634643976105986
1372634758191153159
1372634769587060740
1372635109510295557
1372635137956065283
1372635142255169539
1372635145262497794
1372635161670651912
1372635318638292994
1372635389144530952
1372635435411902465
1372635474855071745
1372635602659721218
1372635633714364416
1372635693185429507
1372635922378981377
1372635949256036354
1372636004688015364
1372636061927637004
1372636072656658440
1372636423099064320
1372636563662848002
1372636596089069573
1372636735037919233
1372636735658688520
1372636741975298051
1372636742193414144
1372636831192387584
1372637096347906050
1372637285662007299
1372637738504179716
1372637955379056644
1372637976883294215
1372637982306537473
1372637988656717828
1372637994994253830
1372638147838930947
1372638214146686979
1372638217732644867
1372638245029302272
1372638470561267713
1372638660965851137
1372638698987270153
1372638714883682306
1372638785943568389
1372638829509816323
1372638889660313612
1372638939358621697
1372638944073019400
1372638953082347527
1372639027346685955
1372639268607303687
1372639341588193281
1372639510685696001
1372639605493800962
1372639668248907778
1372639930996899855
1372639962634596355
1372640473597284361
1372640487375519747
1372640563468599296
1372640759468466177
1372640776069521408
1372640904914276357
1372641031607492612
1372641429332320260
1372641553919979538
1372641568440586242
1372641594424311810
1372641792827490309
1372641888088522753
1372641989334798338
1372642081114619904
1372642142775033862
1372642447004688388
1372642664424869905
1372642755709710347
1372642963101220868
1372643097700675589
1372643138406379525
1372643138951598084
1372643325694644224
1372643327473037319
1372643494037176321
1372643607082045445
1372643708403847170
1372643878017191939
1372643978865168391
1372644106774720526
1372644347695525888
1372644520278556679
1372644537336803330
1372644815511425024
1372644868753870861
1372644887774994437
1372645055534559235
1372645137503948808
1372645240318750721
1372645271507701766
1372645312679047171
1372645418975256577
1372645449476104194
1372645529189023748
1372645532183707649
1372645630921863172
1372645790313816071
1372645893107748872
1372645914809143306
1372645936804065288
1372646330682777600
1372646489990647808
1372646521808809987
1372646640637640705
1372646741074345985
1372647054065856513
1372647109103607809
1372647136630804482
1372647156927062021
1372647379724275719
1372647675359821829
1372647808344457228
1372647917794779138
1372648177942331396
1372648610698035206
1372649072276951048
1372649202363293702
1372649374975721476
1372649561299247104
1372649625446977536
1372649927428440066
1372649953953202189
1372650055132397575
1372650216395042822
1372650356040200194
1372650544146345986
1372650576358555650
1372651453513367555
1372651571679535106
1372651772548935690
1372651968041193476
1372651972910850054
1372652179882979330
1372652351450968073
1372652393700196352
1372652411282714625
1372652442307952647
1372652735905079297
1372653001807167489
1372653016537513989
1372653120476565508
1372653203624357888
1372653256086859778
1372653498081406978
1372653631552520199
1372653671037730817
1372653699395420165
1372653731603419144
1372654046188822535
1372654168779931659
1372654215231893519
1372654510473089025
1372654513639800837
1372654527804026882
1372654618128310283
1372654866305314816
1372654879756464130
1372654894331617283
1372654918113329155
1372655083951902721
1372655323979386880
1372655474487746563
1372655819213447175
1372655998587002883
1372656481749843974
1372656761946185729
1372656913855418371
1372657404333207552
1372658552754556929
1372658609633525766
1372658747064061954
1372658986298773510
1372659146642841612
1372659444404850690
1372659465590349832
1372659486293385222
1372659870688772097
1372659872249098251
1372659919246262275
1372660027975172106
1372660131616468998
1372660683758784513
1372660765824536581
1372660774427037701
1372660785835610119
1372660822019821570
1372661169064980480
1372661378562064384
1372661674034016267
1372662218366578693
1372662241317822464
1372662360050110476
1372662878763937806
1372663243026669573
1372663366993338372
1372663431652839430
1372663627837235219
1372663904938172425
1372664544372342785
1372664850539814921
1372665013442207744
1372665806455201792
1372666418160926723
1372666732503048200
1372666860471250948
1372666889864904704
1372666997755023365
1372667012820959233
1372667125328928773
1372667245432819723
1372667703656386565
1372667876633640964
1372667994506063872
1372668079927349249
1372668091717582848
1372668280029122560
1372668291177709577
1372668443485409281
1372668475106283522
1372668552675790848
1372668564201730052
1372668757454286850
1372668781210841104
1372668886928158722
1372669020093218825
1372669044327866372
1372669195599683584
1372669249047646209
1372669340122808322
1372669424487047170
1372669688111624196
1372670151477313546
1372670279252647944
1372670283128115200
1372670378716377101
1372670397020135425
1372670425340186638
1372670452506767367
1372670466972868612
1372670516461502466
1372670534639611904
1372670652247904256
1372670654995165191
1372670741158715407
1372670755478069262
1372670937758318598
1372671218080419841
1372671308744564743
1372671366223257614
1372671383193411585
1372671742271963138
1372672009264578562
1372672069348028416
1372672081125588997
1372672107650375684
1372672369634906116
1372672416376315904
1372672549692207104
1372672561025323020
1372672563248259072
1372672574837116932
1372672659859902466
1372672687076696066
1372672711726665733
1372672811639136267
1372672847211036673
1372672850994327564
1372672914202394627
1372673242746392576
1372673313571491847
1372673362019909637
1372673365337604098
1372673385558384640
1372673401664442377
1372673594485006342
1372673726806945793
1372673911851204608
1372673968184889344
1372674054184960001
1372674171935809537
1372674234330324993
1372674399170613254
1372674758731571200
1372674868869804039
1372674950964871171
1372675155965673475
1372675178371633152
1372675429136486410
1372675434685607939
1372675557993762819
1372675798889603076
1372675799090925571
1372675879613177863
1372676077001269250
1372676132663828480
1372676167514341379
1372676311559385094
1372676401439080449
1372676440630644740
1372676538529878021
1372676618485923840
1372676690439065603
1372676719971344384
1372676828721246211
1372677341634293761
1372677615543332864
1372677627362820102
1372677736880279557
1372677960600260610
1372677962940747781
1372677974164701192
1372678119266615303
1372678153727000577
1372678156386238468
1372678323814465536
1372678365031886860
1372678573933350912
1372678598377754624
1372678705240281089
1372678723443433472
1372678745421660165
1372678815114223629
1372678861293563904
1372679002272374785
1372679031125123082
1372679049152200708
1372679104831627264
1372679205104754688
1372679341566492674
1372679372335935488
1372679389004070916
1372679490372046851
1372679546911215616
1372679603291049985
1372679617807548419
1372679623339864073
1372679772946497541
1372679915749916678
1372680040878575622
1372680087024369665
1372680123011465220
1372680255312429057
1372680312224890882
1372680393321631748
1372680407464939523
1372680447822544899
1372680462997483524
1372680508178595849
1372680769177522177
1372680786386817028
1372681224838393858
1372681296313470981
1372681315863175187
1372681604909383680
1372681639076171781
1372681741257822210
1372681763412185091
1372682059102228483
1372682293832220675
1372682338581282817
1372682382902493189
1372682385133862913
1372682610384703494
1372682624557273093
1372682847744618498
1372683008067637249
1372683269255356419
1372683347974094850
1372683428181737476
1372683547115405314
1372683595320545282
1372683631118970882
1372683646688169985
1372683678837567491
1372683873453228035
1372683980579946503
1372684049815326724
1372684170145763336
1372684235392352256
1372684238009597958
1372684244229701640
1372684384000692224
1372684449863897100
1372684602003886080
1372684728642453504
1372684737811189761
1372684807839305730
1372684896251080705
1372684901472997376
1372685045694132224
1372685281640525825
1372685303572484103
1372685326687342593
1372685335000387587
1372685512226570240
1372685522246701058
1372685579519983618
1372685642069643269
1372685706280247298
1372685729302712320
1372685836907646979
1372685869962907648
1372685976313733122
1372685994965745664
1372686113777852416
1372686307193982979
1372686410659065861
1372686457417170944
1372686498001223681
1372686505848758276
1372686584940785664
1372686643728121859
1372686914168487941
1372687420781690880
1372687434652221443
1372687619490996226
1372687871451234304
1372687915600461830
1372688046617989120
1372688101479440386
1372688102679060482
1372688121905750028
1372688182551138308
1372688201786200067
1372688214377562116
1372688218286657538
1372688232098455557
1372688265627701248
1372688312587149316
1372688405662941185
1372688420980527109
1372688489611993096
1372688501238550528
1372688527264247809
1372688616187691009
1372688616883945473
1372688636836261889
1372688647103918088
1372688651906396166
1372688659527438339
1372688736237072386
1372688745732964356
1372688823868649472
1372688898313355269
1372688909407289350
1372689036565954560
1372689078337081352
1372689081663127552
1372689104434044928
1372689138605039616
1372689143063531525
1372689185656745995
1372689206263300105
1372689282746494984
1372689351512035331
1372689461172178944
1372689501345173507
1372689503404589058
1372689540633264129
1372689570580594697
1372689647017558020
1372689744015077378
1372689862780989444
1372689864685129733
1372689872373350401
1372689929185148930
1372689940467814405
1372689942284021762
1372689998915457031
1372690020327419904
1372690083439075330
1372690084248576011
1372690104943321088
1372690116548911113
1372690150346604553
1372690182990929929
1372690220903202830
1372690253283266567
1372690254117933060
1372690269427134475
1372690279820578820
1372690345893462016
1372690360355459079
1372690374687395844
1372690460435681280
1372690491679109121
1372690498708717573
1372690504463319042
1372690507348971527
1372690592627589123
1372690621845147648
1372690622264541190
1372690627285155844
1372690648902565892
1372690708478496770
1372690726522327041
1372690747430993920
1372690749939138563
1372690757350531073
1372690794642046981
1372690798555373572
1372690830994067459
1372690853433511936
1372690888464404487
1372690899784888328
1372690908689403904
1372690927085625344
1372690931833569285
1372690967334117377
1372691086242643968
1372691097475018759
1372691132828749827
1372691210347896837
1372691214001115137
1372691346155257859
1372691348474757127
1372691386961686533
1372691426010611718
1372691433354825731
1372691437129699331
1372691587923316743
1372691601751965700
1372691788058787843
1372691788205420547
1372691788461273088
1372691789484806146
