1364003775644651523
1364004536147472385
1364010380268351488
1364008473789358080
1364006313068556288
1364009580238266370
1364006054124748800
1364005754773118984
1364011065554726915
1364007895545901057
1364006429720530947
1364002451767066624
1364003917537964033
1364010884134105093
1364007611520155648
1364010833156726785
1364009746106310666
1364005344347889665
1364005569632346119
1364002706675802120
1364007308527890432
1364002986570248198
1364006564995170305
1364003562339110912
1364002410188972033
1364008730178822146
1364003467707170817
1364002415377268736
1364010849292193802
1364006002069278726
1364003598028447751
1364005286621626375
1364004281674649602
1364009445508984833
1364010165016686593
1364008783794614272
1364007355638308866
1364002048451219462
1364003828601872384
1364006657785819137
1364009702946992134
1364005789908819970
1364008993669185542
1364004751390760962
1364004724517838849
1364009594503262208
1364003001225068546
1364010176752340998
1364002718231257093
1364008981258244098
1364009126104334337
1364008988791160833
1364005191125782528
1364009571455533057
1364007948683517952
1364009141182865409
1364004318559543296
1364009682499698688
1364003433737564162
1364004459043520512
1364006224816128001
1364007855846797315
1364003512225570818
1364006777759682560
1364007963564912642
1364006262334255110
1364008569625059332
1364011088480587777
1364008949624799235
1364005520273768454
1364004262309675008
1364002498227433472
1364009901157146628
1364004753592705025
1364007684740182021
1364002223827525637
1364010392926756864
1364002235873640459
1364004645899755520
1364007739228360707
1364007129380700163
1364002558260445192
1364007269650808833
1364008456085065730
1364008852535017475
1364010597239713796
1364003398681587713
1364010625555329025
1364008214946344960
1364005489944653826
1364007670441795586
1364008442135007232
1364002389582356483
1364005129180106752
1364003916694888459
1364010934658818054
1364003367643709450
1364010338530824197
1364006595953319938
1364011573652705282
1364019574371459079
1364016255858999296
1364024810683191296
1364021179477073920
1364026381382914052
1364014576040370178
1364022915839238147
1364025463287463937
1364024566004260864
1364019395547303940
1364015114307964928
1364021256111218689
1364021707498020868
1364017128001605633
1364022487416193028
1364013272903671811
1364023728930246656
1364024746300563457
1364017562560958466
1364021133461315584
1364024113422098432
1364018128125128704
1364016661553164290
1364020903198261251
1364018153479626753
1364023203065118724
1364013297176084484
1364021423778496512
1364014521673785346
1364011662282543112
1364025975390887937
1364023175156269066
1364024226198523905
1364021508012662785
1364015131940835328
1364024173320937479
1364022418763825153
1364023518262919169
1364014165388455948
1364011694930935812
1364021476035330048
1364026716771999745
1364022785920614402
1364025407348047872
1364013899612377091
1364026794677067777
1364016884954394626
1364019523519733761
1364013411302969344
1364012542943784965
1364020189143121925
1364017364124188674
1364021896187162625
1364013896969904131
1364026953670475776
1364012297971261445
1364011893350883328
1364024501277782018
1364016641361731588
1364021404384043009
1364012387813249027
1364018076258295811
1364012611872952328
1364012095759605765
1364020186500718594
1364019269151956997
1364017232217583621
1364024575521128448
1364027219694280704
1364014805548478464
1364013477124333569
1364022803230560256
1364014657372053506
1364013407117180930
1364020618262417411
1364018514294677504
1364014137894989825
1364026501553938432
1364017737182425089
1364017128869920768
1364021535963570176
1364012681771032580
1364014652183638018
1364025733476196354
1364022100974043140
1364012491706150915
1364020787519381508
1364014052683493377
1364017520471080964
1364013952095641602
1364015536305233925
1364011822999875584
1364024619552890881
1364027484648439811
1364020140505899009
1364012020618698753
1364014988789227522
1364039543809318912
1364041862697390081
1364030611430776833
1364032813016702984
1364032231866437635
1364041991881973767
1364039087997526024
1364031258255364096
1364045893092200449
1364029882569752581
1364044511974985729
1364032252745830401
1364044882835345409
1364045448781127681
1364037618355339264
1364028063915397122
1364040850569900033
1364030356454842368
1364039360585342977
1364043486635433989
1364044281187602437
1364037645366657025
1364029195765047296
1364042293976719364
1364027958910935040
1364042826699390978
1364033661708943360
1364040722102575107
1364036040688738306
1364045605430063107
1364037259574587398
1364045873123065856
1364043240899547136
1364041145207164929
1364039566701789184
1364040605542842368
1364029783928156160
1364035964650274817
1364035712627200001
1364028788695330817
1364041625031294980
1364044307863322627
1364033814612344835
1364028947785277440
1364046340406312961
1364037544296538114
1364035616988672003
1364039777549316101
1364027668056993793
1364034737749295114
1364034629129416712
1364029289025437698
1364028172111646728
1364033099533795329
1364028215254278144
1364034040815321091
1364036619372810245
1364033949790519296
1364045518368833536
1364028875374747648
1364038204777758721
1364046239558434817
1364036254359289860
1364046757760536581
1364037169569013764
1364033756370268161
1364035250830082051
1364045606528770052
1364031265272381440
1364028866273107969
1364039062336786432
1364033665102213121
1364032616366698499
1364028908904062979
1364032282475044864
1364032164489224195
1364030728539840513
1364027792728416256
1364039932302483464
1364030578845171717
1364031588590305282
1364031525407326210
1364034141344382976
1364029155063574529
1364035856349212678
1364042916272857090
1364034646447636480
1364032693705531397
1364033855301300232
1364029321606819840
1364043492708782080
1364028445206994950
1364044982852726784
1364037260782485514
1364029322240090113
1364042867069616132
1364030555310993412
1364041747127545856
1364033638904586241
1364031728260677633
1364046879437250564
1364061742200938498
1364048130468118534
1364054828251545603
1364051112702148611
1364062446370095104
1364055912391049220
1364053440721285120
1364047039198281728
1364059760778227717
1364057622584954885
1364062696258359303
1364057886507360259
1364062381572259840
1364066181934628864
1364066986213470208
1364050384562577409
1364054925529935877
1364068028753862658
1364065487722852354
1364054787772321792
1364050185710624768
1364065856699965442
1364056455356235779
1364060104421765125
1364061666930028544
1364058521495568388
1364048092950130688
1364047530825310208
1364066721754210304
1364052204919873536
1364049106415595520
1364048780409077760
1364047064301207554
1364053978447765512
1364047566594338820
1364054875550715906
1364056030926286849
1364056040237457409
1364054959575154689
1364057245420560384
1364057645351493633
1364065025292386305
1364059701781143552
1364051525274923008
1364065085140979712
1364058719915565056
1364064046073405443
1364054877161226246
1364047394556510208
1364054920433958917
1364056443532546050
1364060577719595008
1364060554592198660
1364048942003060736
1364060828601888771
1364065139226476546
1364060361285115907
1364062236088688641
1364069356875911168
1364052594482642946
1364048638893305857
1364069239523479553
1364062894888001536
1364064299656695809
1364056528064548871
1364059925652062209
1364059595317137409
1364054390206836739
1364054876171489280
1364062060326375428
1364062310478848001
1364049607353921539
1364064073441140739
1364050394918383617
1364047796295335937
1364047204651061249
1364055432139071493
1364057872846487556
1364058819840667649
1364069465491722245
1364067747584479233
1364066525427208195
1364064839782469634
1364050998570983427
1364054424004554754
1364051919581442048
1364058338057728004
1364067491597672449
1364047639084417025
1364069259928735745
1364048302547881991
1364046837360033795
1364054185503817728
1364058638634090497
1364048872142684164
1364059178155794435
1364065229269794818
1364062795873071104
1364061846454431745
1364076930337824769
1364084485197864960
1364080539116974086
1364072171505659904
1364084665787830273
1364086933849260035
1364084917651431426
1364087356752621570
1364069851149393924
1364085076418469891
1364070608171126785
1364080921268387841
1364071901690232832
1364074639618691072
1364085289677955075
1364072750902558720
1364086191574962176
1364069528359985154
1364074464812662785
1364087594007465985
1364079326753419270
1364070557579378689
1364070681433014273
1364086925695582211
1364083245869064195
1364070901977919489
1364077526369275909
1364086822243033088
1364081446718230529
1364075583232217091
1364086786822180867
1364078528262725634
1364075258282704903
1364076624002572291
1364083169197236226
1364080880508100608
1364080061738065923
1364077024143421441
1364083910230032384
1364070803030081536
1364088012737564672
1364082282873643009
1364074580571267072
1364073331385724931
1364082605038178304
1364087380303613954
1364087750354477059
1364074399985520643
1364071858396680193
1364077654320836608
1364077569025441799
1364071693384302593
1364087643928158209
1364070549903863810
1364072493158264833
1364087952805163008
1364081582810796032
1364070962950463489
1364072360563867648
1364074047110221830
1364086112969322496
1364073902251667464
1364077527401119746
1364088330300891137
1364085210422202368
1364078881913901058
1364075062471573504
1364083579890860032
1364076407907737600
1364073064363945985
1364081840454270977
1364072394676174850
1364088022149529600
1364079827612008449
1364078744365903874
1364070388272156678
1364072680081813506
1364081473654042624
1364072645340377091
1364080093920972801
1364082046482661376
1364078378412875776
1364084187540635649
1364072968704335874
1364077750366175242
1364085647766679552
1364081345253752842
1364088016088760322
1364073751311052804
1364074757944078337
1364078753475928065
1364070132088246273
1364078566258995200
1364073544028590080
1364087490672422919
1364083237090394114
1364086887661662210
1364083765681750017
1364075549644238850
1364081132774576129
1364092476492050432
1364094082499436548
1364089005378318336
1364098811891712000
1364094158256934914
1364095272968728577
1364092627679735817
1364088919588016128
1364099268412334081
1364094575296544768
1364091385054437378
1364095046711189505
1364092686148509696
1364092472834547712
1364096019198324736
1364089262002606080
1364097422436102151
1364094159364235265
1364096225860067328
1364093710653358091
1364093819122286592
1364091326166401024
1364089590781513728
1364093767414915072
1364093555116027904
1364094192499228674
1364092665600618496
1364096062739406848
1364093642827251714
1364094554631254016
1364090090163744773
1364092702929862659
1364089701020426241
1364098529052999681
1364099292768665600
1364097722744250371
1364090000313372673
1364098077469114368
1364092644117389314
1364089167576236035
1364099174308990976
1364097649989677058
1364097127039836160
1364092373744160771
1364090652137553920
1364094116662030337
1364093950592765952
1364092628099235843
1364092121125429248
1364092766922268679
1364092173549993990
1364090932417675266
1364090506070925319
1364099408544079872
1364088702792777730
1364095428116045824
1364091821043773442
1364099754276368388
1364099027831250946
1364095082203402240
1364092713738637314
1364091491006701569
1364095991092310020
1364088796321615877
1364094013817688065
1364099773859512323
1364097670017507331
1364088937921216517
1364091002676420611
1364089224153063425
1364098671894290432
1364096400531853316
1364093446793941003
1364091237935034369
1364092655915978754
1364090827425927169
1364096323394363392
1364093784171155456
1364089381687017474
1364099645811683328
1364090031174918150
1364092048614244353
1364097658860826624
1364098193630371842
1364088643334385665
1364091830497853440
1364094729386930176
1364095079103815680
1364092150850420738
1364090362046865411
1364097553151758336
1364096453149413377
1364090276986449923
1364095489168322562
1364090589566926854
1364092638257958913
1364098403664351232
1364095293864751105
1364092454165692416
1364098958256197634
1364100455631114240
1364109360071380992
1364102726603468801
1364107508017745920
1364104859134423042
1364103265835749379
1364107628159373313
1364103898672353280
1364107486152826881
1364106903358439426
1364107099119226881
1364102693489283074
1364107546831773696
1364105647374139394
1364107333970907136
1364100076411437058
1364108249906221057
1364103170008485888
1364110469154435076
1364108195103346688
1364103528235622402
1364110596669661188
1364100493274992640
1364104187282391040
1364104170354204674
1364107384080257027
1364102150595481601
1364105716894748673
1364100271543095301
1364109213086208001
1364108888518328320
1364100941528530951
1364109509338140676
1364108391543689217
1364099938007703552
1364109285559517185
1364102141506433028
1364107477000847360
1364100838646513664
1364102739001802753
1364104048383832066
1364106459068383233
1364110761174437890
1364106491159056384
1364107788901834753
1364108326280323073
1364103968910024706
1364105698020372481
1364109113668624384
1364106479607840772
1364105052542152712
1364106768872316933
1364101519281446912
1364104825563013120
1364102907738677249
1364110129063460865
1364108226132910080
1364103812084953097
1364109272762703872
1364102829644910592
1364109747327299589
1364101140321861633
1364106932567605248
1364110837632413696
1364100816647421953
1364109161928228865
1364101182151479298
1364100730332844033
1364107230501625856
1364109863220035584
1364105882229997570
1364099935365292033
1364108287835332609
1364107340585312258
1364109416786784256
1364109493907431429
1364108408157265923
1364106540878299137
1364110099162296322
1364100854207238145
1364107373971922944
1364108718846189569
1364103482056310785
1364109504443539462
1364107932619726849
1364104775046955009
1364102857637523457
1364107256015511552
1364101575363481600
1364100627752697857
1364104992555163649
1364105671919173632
1364100247052558336
1364100175489245184
1364109519828045834
1364107832946290688
1364100701861801987
1364100776331722755
1364105100420141057
1364119762129805312
1364119643565273092
1364117621344514049
1364116161789575168
1364110885120270339
1364110854954901505
1364113666661089283
1364114484692983809
1364115141063827456
1364119068832378882
1364111860954521606
1364112846922121217
1364113009975640064
1364111178033676293
1364112094250074114
1364118833561284608
1364115427593515008
1364113417519439872
1364118251882635264
1364114070002151424
1364118337580580864
1364114660031664131
1364112079150587906
1364117471486234627
1364111333009076230
1364111409710313472
1364119618172817411
1364112946117414914
1364114443186167808
1364111225508958210
1364114993038385153
1364112793574772738
1364119049962070018
1364114785235853315
1364117810373414912
1364112496123142149
1364116306170109952
1364117762151440384
1364119351058714624
1364114729816510465
1364113630506139650
1364118864699752452
1364115088945213443
1364115285071044610
1364116906131783681
1364118169447772160
1364118281682968577
1364119577605464073
1364113355309522944
1364118777357623298
1364119064688418816
1364113283796631558
1364115763347525632
1364117285917589504
1364112849795248128
1364112381215985667
1364112514905178117
1364117597348749313
1364113181359157250
1364116718495272965
1364114716453457920
1364113975944839170
1364111404991733760
1364111998057906176
1364113509290762240
1364114682991304705
1364115227583856641
1364119893893914629
1364118599053508608
1364111509811560450
1364111562580099076
1364116856878100480
1364116769124847621
1364111657094406148
1364118270756929537
1364115960509198341
1364115166305148930
1364112554365231111
1364119165385273349
1364115274824351745
1364116807674691586
1364119227133788161
1364118392228220929
1364118555076169733
1364112595439992832
1364118833779404800
1364119233425272842
1364115060419923972
1364115402725367808
1364118540417183744
1364118155602362377
1364111173478678528
1364111831703445504
1364111879665311747
1364111679114551297
1364113490529681408
1364119756358496263
1364115041826590720
1364119284557971457
1364111279087058944
1364125182546350081
1364125656477499392
1364120850161565697
1364125297503780865
1364125465766744065
1364121566317961217
1364126626435465218
1364126055926292480
1364122207388012550
1364126118081609728
1364123938008227842
1364125781052555265
1364122994495393792
1364125359994769409
1364123076632444934
1364124054014353408
1364123242617851908
1364124433997324296
1364126371728003074
1364122951193419776
1364121566322245633
1364122234676215811
1364125212166471681
1364122462255013888
1364121059251871745
1364121028373454849
1364120844188995584
1364125196932820992
1364122722897436672
1364121450840543233
1364125464533598208
1364121561222033410
1364123031396888577
1364124518051102721
1364122095265931267
1364125990553874432
1364126594613338114
1364125123603812353
1364124885136650241
1364124574892191744
1364126442909552642
1364126215154581507
1364124410211409920
1364126356565540866
1364124353554763779
1364120812261883905
1364123263341916161
1364124632949874688
1364121858153603073
1364124946612510721
1364120281216917504
1364126247803117568
1364121932006834176
1364123986486034436
1364122828891697153
1364121267260059652
1364120740069572610
1364123949962059776
1364124610833309696
1364125763243540480
1364125183540256770
1364124969605677056
1364122820360491008
1364122201256046601
1364125770294169600
1364124884390019077
1364123605269946369
1364125206856499203
1364126572932964355
1364122403819954177
1364124589459144704
1364126122598952960
1364126535452606464
1364125350444363777
1364120809082671105
1364120520371949569
1364123759825670144
1364122829281615874
1364123196337831937
1364124197727965186
1364120041730551809
1364123643970748418
1364120103881764864
1364122825536262145
1364125465770926083
1364125635854163970
1364124852454633473
1364125969376825345
1364120215160766466
1364120778858524674
1364120719655862272
1364125052556386311
1364126566146539523
1364125176544301057
1364125076413644802
1364122767755530240
1364125175785148416
1364125595114823680
1364124960533454849
1364123190671335429
1364129625119600640
1364131189531975687
1364129927457624066
1364133290098249728
1364130589083852802
1364128071897513985
1364127911960264704
1364132449039618049
1364132516450496513
1364127154523504641
1364132561300062211
1364131559012458496
1364132234811342848
1364134204481691649
1364132224367493120
1364129162391408642
1364129641892487171
1364132324204494851
1364132072189792256
1364134149318131712
1364131254644400128
1364131498392236032
1364129031852015619
1364134592916070403
1364133435745402880
1364132053785182209
1364132018590797824
1364128371165257729
1364134160990932993
1364130737805492224
1364127249557983233
1364130356450975745
1364130943334830084
1364130347890393093
1364133795394433025
1364134262514065409
1364127661069598721
1364131703837626368
1364132708960641027
1364130906412310531
1364131629711654915
1364133107989905413
1364133088268288000
1364131973967589379
1364132626819387396
1364134588499587072
1364132175969402880
1364130264016850944
1364134323662774275
1364131160872337409
1364130215862108160
1364131954858287104
1364133280849793025
1364131645280854019
1364130265409413121
1364130610940370944
1364128566225612804
1364129457875861507
1364133107893473280
1364134443670253570
1364131475298414592
1364130387744727041
1364127223993819137
1364127102916730882
1364134216687116289
1364130622004994049
1364130855459946497
1364127712189829122
1364133159370182656
1364134239504072704
1364132827034451968
1364132878616064000
1364127026215534592
1364131533544710144
1364128972062212099
1364127477925355520
1364131416372629506
1364131038126039040
1364128901014896640
1364129932243308544
1364129456093282307
1364127004405231617
1364131987544559619
1364130511866757120
1364129450804338690
1364129081659449345
1364128989627916291
1364132890955583491
1364132060349267971
1364132301718790146
1364128987585388546
1364130118529073153
1364131063879073795
1364130655110533120
1364128680876851202
1364130704297234433
1364129809941594113
1364130374901727234
1364129051657596928
1364129649266020353
1364137822261817350
1364138364459442184
1364136074176512004
1364137092276768771
1364137665831043072
1364138207969832961
1364139179098177536
1364137762664849408
1364137751873007616
1364137107409756163
1364140953385189377
1364139178229923841
1364137470300938246
1364138170548293632
1364137603143004161
1364137926712561666
1364141518219526145
1364140773718036482
1364140908451610625
1364138262449844229
1364139179039457280
1364138493535014912
1364138854962270208
1364139811112693761
1364141579716485123
1364137774211825665
1364141007625990144
1364139088559931392
1364140481568002049
1364139878750035969
1364142046525726724
1364135802436005888
1364136074503729152
1364140340949712898
1364139739968921600
1364137295918620674
1364141220616953861
1364139118876368897
1364136031835074563
1364137762862084096
1364140963678072835
1364135911181664257
1364137929505992712
1364138676100493312
1364141473852248064
1364140139191099395
1364137712584953856
1364138169646657539
1364137081459638273
1364135897986445318
1364141091600035841
1364137640547807233
1364136108196589568
1364134887943512065
1364135942508990466
1364140762707996672
1364137604241883136
1364138701111123969
1364135202986024960
1364141099309277184
1364141937310248962
1364141948563582977
1364142076301049862
1364140134434824193
1364137295100706816
1364139106779992067
1364135783809118209
1364139017080623104
1364134868536479744
1364138466708185089
1364138781717241857
1364135198003232770
1364141229257207810
1364135362889736194
1364141368172503040
1364136734678806529
1364134957690552320
1364137888011726852
1364138274944651264
1364135202965053442
1364141067264794629
1364135261576310784
1364138977171812353
1364138434667945986
1364142037143064577
1364135850142027777
1364135430837403648
1364136857458667521
1364141757718556675
1364135661062643714
1364138669515431937
1364137924988710915
1364136615627620352
1364138578805194752
1364135216231706624
1364136492227063809
1364135502794883072
1364135148485292038
1364140886767067138
1364136169450201088
1364148179671867392
1364148459620757513
1364147927506161665
1364145525990305793
1364146441191571457
1364149424851681282
1364146109778649092
1364144142952071169
1364143788525051904
1364145337443774467
1364147104684376064
1364143583079596033
1364144660638236673
1364148241248387073
1364146697346158593
1364143696162209794
1364149164725178368
1364147561888690177
1364146789369208837
1364144071116210178
1364147628494254081
1364149032071827456
1364147962780282881
1364144923151388674
1364142650572623872
1364149248728645639
1364146319141588996
1364143782225133570
1364146513342046210
1364145508177113088
1364142342102544385
1364143571083948034
1364146206201569280
1364143236923670529
1364147418728714242
1364143104153051137
1364143508072898561
1364148383292743680
1364148704886878208
1364149411048271872
1364144321646182402
1364145876877381638
1364143653220999169
1364143159672852482
1364144144713719809
1364145408885198848
1364143484232433664
1364146627917799425
1364149052145868801
1364144239035240449
1364146568438415360
1364148029180280832
1364144761184083968
1364148909489201154
1364145411087237122
1364146262489133065
1364148239444901889
1364148917085085697
1364146654388051968
1364148974874206208
1364145157466128385
1364142931007987712
1364144800879026178
1364148474976043015
1364144810114899970
1364142949345464321
1364144848194920451
1364146574587269120
1364143726801608711
1364146228980760576
1364146855999864834
1364145182300635137
1364149409798361091
1364148160516472833
1364149134496833538
1364149182211231747
1364144923444977665
1364142514459000837
1364145986914963465
1364145572698013696
1364147691563982848
1364147581165719552
1364143763522793475
1364143931261394945
1364144988934840320
1364145592193208320
1364146999877136384
1364142926293516288
1364145088981573634
1364142278860800000
1364149376776626176
1364146308089585665
1364142529298497539
1364145319563448320
1364143350320934915
1364142109146636291
1364144215647780866
1364142659644887041
1364153078102978564
1364156942743195648
1364154550458925056
1364157287363928066
1364153406512918532
1364153915436986368
1364156376688197639
1364153611891183616
1364152556650438658
1364149815727321091
1364154170341752834
1364155746565451778
1364153442760069120
1364151171431227393
1364151121770655745
1364153313051238409
1364155389596606468
1364151904511479809
1364156609388249099
1364153091310845952
1364156545995522050
1364152219927519233
1364149779547230210
1364151161763336193
1364151717802180611
1364154909843722240
1364153115893788672
1364150653686337537
1364155333590085638
1364155177838632963
1364157521385164800
1364150014096728064
1364156380568031232
1364157206522961920
1364154988054913025
1364150415361773571
1364157390514446337
1364153508086358016
1364154581647822849
1364149851491946498
1364149433005445120
1364152416581607424
1364154005841190917
1364153802417451013
1364156867681939456
1364156832063848449
1364154943293321218
1364151655386607622
1364155734221459456
1364157311313444864
1364150251402231811
1364154234397204480
1364157019213746181
1364157219739164673
1364155667699822592
1364150587361816582
1364155383263223817
1364156883309899777
1364150415814758400
1364156866784296960
1364151839923597312
1364152898372911107
1364157446751723525
1364150717586558977
1364152586849447936
1364152840810291202
1364153475546771462
1364156846139977732
1364157486811537413
1364150003799851020
1364155076231778305
1364154515914706944
1364150726147072000
1364154169544765440
1364151778627833861
1364153105617719297
1364154521946120192
1364155329781587968
1364150857772765186
1364156730859528195
1364156090557091842
1364152785600729089
1364153638172639232
1364154256366964742
1364153889759633408
1364150484609753088
1364154676099182593
1364149920056377346
1364155207882600449
1364152822040727552
1364157219139440648
1364155302505943040
1364156521286885379
1364152614640889858
1364149623447715847
1364149445315731457
1364152243524632576
1364156810668740608
1364154022832328705
1364162160675459074
1364157672971505665
1364158988573683715
1364162165347811332
1364159819444289537
1364157990572593152
1364160311742394369
1364161010966405120
1364162159387824129
1364157728910938113
1364158072269262848
1364160584997105667
1364158016782798849
1364158024559063044
1364162052726673410
1364157676658319360
1364157652973027329
1364158279543218176
1364161174296748036
1364161002628079620
1364158312678379524
1364159333714456577
1364160400003129344
1364163335126663172
1364160212312207365
1364158587979902976
1364160607449059331
1364162767536730113
1364160466537357314
1364157941025148930
1364162077854728194
1364158688899051523
1364163194521083906
1364160319535214597
1364157713295437825
1364159717908615169
1364157818983514112
1364161750673874950
1364157608093958151
1364159260842745858
1364159500031299585
1364158423336648705
1364157694332968964
1364161618310004736
1364160573550821376
1364162831239831554
1364159075852902407
1364160709140111361
1364158396010758145
1364158169015058433
1364159868098125831
1364160812785532932
1364159656847884296
1364160168318107649
1364159507664896003
1364161876171649028
1364162236030349312
1364162419484942339
1364159387728830464
1364157679824945176
1364161028456611842
1364162082120286208
1364157985480708097
1364162402330230787
1364160328792215552
1364158942402740224
1364159746874474499
1364159934179512320
1364161592812834820
1364161183729745923
1364162592785195009
1364160649446772745
1364160957669203968
1364158165751914496
1364160225666863106
1364159127086366728
1364161768633810944
1364162807588155395
1364159801782005764
1364161121784070145
1364158530643759104
1364160186156474368
1364157916928958469
1364160716383653890
1364158951458283524
1364159941259505665
1364162162726481925
1364160243391954944
1364160941156368385
1364159105917743105
1364158905606111234
1364159089522192386
1364157865578135555
1364161391016505347
1364157876206452736
1364162138340687874
1364159618285510656
1364157876277833729
1364160193173553154
1364168672592461825
1364167944721358849
1364168786908217346
1364168721653243904
1364164686313369600
1364165737485660162
1364165884521111553
1364167483771469825
1364166613151477760
1364164619842035716
1364166737902592005
1364169022556819459
1364163690417836032
1364167636205137922
1364167081831333888
1364165207036166145
1364165612520542211
1364169096133107713
1364167002554830850
1364166255964540929
1364165117445877760
1364168014757842945
1364168000065134599
1364166646655574020
1364164318410010624
1364164529446387712
1364168378999599107
1364163593315389450
1364167854778646528
1364163662806589440
1364168085926772737
1364165931438645252
1364167978116341760
1364164610430021639
1364168111742742528
1364165936513757191
1364168778561511427
1364164439143034881
1364165663904976899
1364167007797657600
1364164372000608256
1364166822854090754
1364165995800256514
1364165870872915970
1364166013588242445
1364164667267026944
1364164351557591040
1364169161195327488
1364167482169307137
1364167843135258624
1364168282476056579
1364167176219996160
1364163789537558529
1364164694131544066
1364164062578409473
1364168177027076100
1364165909552762880
1364168826062073856
1364166067933884418
1364164237208260608
1364167928866816000
1364166883868557312
1364167617662115841
1364165614819020802
1364164873639383043
1364164541613891586
1364167097371287554
1364168728900997121
1364163812807634948
1364168270912376832
1364165967341830144
1364167490767646721
1364166048526778370
1364165924488699906
1364166786711699457
1364163718293172224
1364164293122543617
1364168178042077188
1364165760252264449
1364163727449329664
1364167421452570626
1364167200735690752
1364164430179799040
1364168898858213381
1364168552002048001
1364167179910844421
1364166231130071040
1364167116438396929
1364163910266466305
1364165311310819332
1364167757411934212
1364167141218525185
1364166345135374336
1364168172534964226
1364167797094420485
1364166787789651970
1364165070775795712
1364167220285370369
1364167688172544001
1364167397784104962
1364171781133770752
1364169898289737732
1364170753202139138
1364172561144184832
1364169617283948546
1364172489123856384
1364169779288961028
1364170886614499330
1364169221446504452
1364170839969644546
1364170880365064193
1364170042959683587
1364170225479012352
1364171167548891138
1364171957911113729
1364173183704776705
1364171714079449091
1364171898431528960
1364169576251064322
1364172523257085958
1364172024487239682
1364173085226786819
1364169749404545024
1364172393040793601
1364169658048204804
1364172598695886855
1364171685943984128
1364171441151819780
1364172259506675713
1364172385415557122
1364169675555430400
1364170807308677123
1364170956089008129
1364171198003879945
1364173167309123586
1364169589505015816
1364169488518815746
1364171306007212032
1364169514968109057
1364172638608896000
1364170862702788615
1364170846206644226
1364169999485657092
1364173120572129280
1364171840386662400
1364173156261462017
1364172987646246914
1364170207695142914
1364171184238170112
1364171247026802691
1364172553707810816
1364171317411479554
1364169950173294592
1364171180878536704
1364172158042259459
1364169638213525506
1364171849941344258
1364171452161945602
1364171641627045893
1364172766061219841
1364172225222426628
1364171037777092611
1364170787435986944
1364172746482139136
1364169922096594944
1364171073227522048
1364172018107768832
1364172786391011328
1364170831258030083
1364172394705772548
1364170436997754880
1364169211476606976
1364172574704435202
1364170242029723652
1364170212451450880
1364173193116803076
1364172508803584000
1364169191155249158
1364170813142945797
1364172360757166082
1364169370717609985
1364172528726466562
1364171708421332992
1364172947842211842
1364172008595091458
1364172033463058435
1364170071569035266
1364169801191616518
1364169381803130885
1364170436607700993
1364172016555683843
1364170827957207046
1364172479451852800
1364169660325711876
1364172863750684672
1364172880519585792
1364171171009228801
1364172732703907841
1364171833512259585
1364172301453950978
1364177421260447747
1364175696705294344
1364176572454998016
1364175682138476545
1364177210186293250
1364177422845964292
1364174410354155521
1364177891957895173
1364177185741942786
1364177126174285829
1364177180243197953
1364174964123959302
1364173900880306181
1364174784402247683
1364175718058450944
1364176857663438855
1364176340891688964
1364174778828021760
1364173475846455296
1364177022096916480
1364177369116905479
1364176723772850178
1364173358011711498
1364177875210010626
1364174061874610177
1364174452301254662
1364173892030521346
1364174767364968450
1364174570605993986
1364173353469304835
1364175655290757120
1364177519780495365
1364177974329753602
1364176486543089664
1364176067901198340
1364175306022473735
1364177689859473408
1364175143870808064
1364174351021531136
1364175451690835972
1364174791012458497
1364177898752643072
1364173545463554048
1364174121094049793
1364177691856019457
1364173247760195584
1364175429477793799
1364177270454120448
1364173204353335299
1364176750519943168
1364176390120230914
1364174623978516481
1364174028899045379
1364173971156008961
1364175421349253122
1364175448557641736
1364177099607527429
1364176999531610112
1364175187093118980
1364174601215950854
1364176219189698560
1364177293841756161
1364175114380730369
1364177930365120513
1364175868956991490
1364176367189901313
1364173624215756806
1364177338179739648
1364177426247467010
1364177236161687552
1364175805178400770
1364173799885791232
1364175851911327747
1364177807094419456
1364173541659312133
1364174214924808192
1364174307774103554
1364175690703114245
1364177481436188673
1364173548546367490
1364176364656558082
1364173921076019200
1364174353609486339
1364175337152741376
1364176781800968194
1364174660531875840
1364176932779085826
1364174697362030593
1364176999200288769
1364176883009679363
1364173609527353344
1364175763306643458
1364174529610846211
1364175409680646144
1364175340688539651
1364173226214064128
1364173535896338436
1364175057208172545
1364174308898205697
1364174120448049153
1364178692822478849
1364178737319849986
1364179004723462151
1364178503135068162
1364180938981339137
1364180613675315201
1364178224561881090
1364181176773140480
1364178611922731010
1364180969398362112
1364182141203075074
1364181534056546304
1364179103872675842
1364178707888406535
1364180957251698695
1364181509238906882
1364178955427848192
1364181854836969473
1364182130729844739
1364181973808394242
1364182166876397568
1364178147122552833
1364178204978778114
1364178158719819777
1364179358907252737
1364180655559573507
1364181828261851137
1364181430960607238
1364180996845957126
1364180075994902530
1364180402873782272
1364181473520218118
1364180879782854658
1364178801098436608
1364180406820552710
1364179148638466048
1364181087988178951
1364179171010883584
1364181250773147649
1364178562081845249
1364178371509448705
1364180264025522178
1364180327942529026
1364178609427124225
1364181761253658625
1364180641064050688
1364178208279658496
1364178513796988932
1364178925656674304
1364181617770590212
1364179785077948417
1364178328584921088
1364178143691612160
1364179371188228099
1364179122126225410
1364179067327627265
1364179093244239877
1364180875127185408
1364181129226563587
1364181007453224967
1364178487624556546
1364179874039160833
1364180606997962753
1364178560659898369
1364178330925359109
1364178021326979072
1364179900098174977
1364180660345331712
1364179795832152068
1364179689397452800
1364179081764438021
1364181559532740613
1364178131158884355
1364179477257998343
1364181786775945217
1364180108802727936
1364180869850742785
1364180780667310085
1364179544278728706
1364179023736233989
1364179526067101699
1364179563341901826
1364179236295180290
1364180053647572994
1364180008026128389
1364180357382299655
1364178770521968649
1364181781394653189
1364179397553631236
1364181347154157570
1364178614833577990
1364179443506380801
1364179457997561856
1364178083377463297
1364182039092736001
1364178939409801217
1364178923534376961
1364181500854480896
1364181980649259008
1364181761182294020
1364186083412615168
1364182502705831937
1364186752009859072
1364183537491017729
1364185304135987202
1364187636311543810
1364184486271983616
1364183525067395077
1364185161496199168
1364185758521647105
1364182463988252672
1364184112605450243
1364185756797820932
1364183517022846978
1364184570262921220
1364182526655348738
1364185594625073152
1364182885079654400
1364187418715389959
1364186795752251394
1364187137822883842
1364182941941833729
1364186238249484288
1364182252977090563
1364185869498781700
1364186507620331522
1364182179123781637
1364184369011843074
1364183528511004673
1364186518928121861
1364186040106422279
1364185111403634688
1364185731137220608
1364185228525395968
1364183373657350146
1364182249156009985
1364182853647499270
1364186895769628678
1364184400662048768
1364186997594685441
1364185101119193092
1364187327044718594
1364185979771314176
1364186790484140032
1364184719349452800
1364185962310426628
1364187290428399617
1364182647107317768
1364185455672049670
1364182957351657472
1364186200672731137
1364183521246531585
1364186997586227204
1364185738590511107
1364187624320204800
1364183044047794183
1364183293026050048
1364186997699584003
1364187216289923076
1364187874686607362
1364185428635566080
1364185114322862081
1364186060318777344
1364184017726296065
1364187647623766020
1364186181840297993
1364184514596077571
1364186013518749696
1364186528113512450
1364184688575848454
1364182691839696898
1364182962380619777
1364182680590557186
1364185418296680450
1364186538368765952
1364182804549029888
1364187679806480387
1364182189554896896
1364185925387960320
1364183487369076736
1364187209520336898
1364186169437732864
1364186165629231107
1364185310393991171
1364185231104835586
1364184366939742210
1364184051318423552
1364183529089826817
1364186953378390026
1364184611304144904
1364182192742674432
1364186071593017345
1364185925446635525
1364183238269427714
1364183577311731713
1364184949016956928
1364186841667276801
1364182204985860097
1364186997473042432
1364188631930458115
1364192140717391873
1364188343253295106
1364189638957613056
1364189903613960196
1364188623915032578
1364192308493656064
1364190600166313989
1364191708871819268
1364188298562965509
1364189737758695428
1364192032101695490
1364191549760897027
1364191072608530433
1364191766421905408
1364188504322834432
1364189766665834506
1364189827244171268
1364189240968511489
1364188473918390276
1364190462706384898
1364191872567148544
1364188953839042568
1364191061078396928
1364188344016633859
1364189639955935234
1364189970244767744
1364188967013335042
1364190948805214208
1364188890404388865
1364191985553309697
1364191657802006530
1364188821798215680
1364190774645112835
1364189131820138496
1364191160219152387
1364190006131179521
1364190656596480000
1364192049998802944
1364190197177602050
1364188055180107780
1364191017524744192
1364188077955153920
1364190093532164097
1364191736759779338
1364191209586057220
1364191527556304904
1364188268368187395
1364189273616908288
1364192281188835330
1364191890845925376
1364192189329395719
1364188260801662978
1364189398590447616
1364192175395905536
1364191809879105536
1364189055559340035
1364187932169547777
1364192172795441152
1364192227388514305
1364189843283181570
1364192299543007238
1364189665822183424
1364188075044265986
1364190613667725315
1364187959436734464
1364189900791250944
1364189403464220680
1364191947867455494
1364192165434454018
1364191994017374213
1364191864748978177
1364191942754590723
1364188213099773952
1364190579832328192
1364191801121398788
1364190897043361793
1364188864521379842
1364188028382633986
1364189536897568768
1364188839359741954
1364190976651251712
1364190541848719364
1364191852212215812
1364191721668632577
1364190256229138435
1364191724000710663
1364190130530103296
1364190993927528453
1364191613631758336
1364190131381493760
1364189020633198595
1364190370259738626
1364189225206317056
1364191930008145920
1364192049768116226
1364191631503728642
1364190778998800385
1364190530977079299
1364190446512001026
1364193828115111937
1364195284033617922
1364193435679420423
1364192536508645377
1364193647722459136
1364193481632194561
1364194964935225347
1364194444849930240
1364196260807237634
1364192990940565505
1364192792734552068
1364195449247313921
1364192567206809605
1364192551486582784
1364193983585538049
1364194432141062147
1364194066527907841
1364195160406507522
1364192531819474944
1364195630013423617
1364194013872599044
1364196134047121418
1364195977742209025
1364194606846509062
1364195521016041472
1364192789030912002
1364195573503418369
1364193949179592706
1364192978789666816
1364195511436251137
1364194547589214210
1364194986426847236
1364194821766844416
1364194577947758592
1364192553457885184
1364195467035369472
1364193088747556870
1364195637290500097
1364195434911137800
1364195084825100295
1364193001774456836
1364192710131933188
1364196127214620674
1364194075105181698
1364196237407313920
1364192394313400320
1364194746286145536
1364194295088107521
1364194556066082831
1364193596447076352
1364193200773226497
1364194609698660356
1364192702112419841
1364194531701370880
1364194664589512705
1364192734890893315
1364196130695872514
1364192356992450560
1364196016736600064
1364193187007455241
1364195081507336198
1364194212221132810
1364193354226036744
1364193551333142530
1364192785444831233
1364193523092881409
1364192853631582214
1364194919456342016
1364194321470259209
1364194445068009473
1364192521887363073
1364192912788103173
1364193570987589635
1364194327677730817
1364192427523866624
1364192669996474370
1364194629042790403
1364193562749976576
1364194174241804293
1364194794046685186
1364193209883230208
1364195101896036356
1364193628462137347
1364192413548482562
1364192402001571843
1364196277957836803
1364194876280233984
1364192935269523461
1364192331436601346
1364193665116209154
1364192786539503620
1364194646746947585
1364195853674676224
1364192311685640192
1364194794008965122
1364192424126517254
1364196162534862849
1364192308816719876
1364192966240313344
1364193477223972866
1364198891483185155
1364199286158872578
1364200619024781315
1364196988699435014
1364196360950599684
1364198991043440644
1364198928971882501
1364198165595971590
1364200163561136128
1364197851434205186
1364201220819345408
1364199067178393602
1364201108609105921
1364196456249372679
1364200163988955138
1364199945688014849
1364198870197141508
1364197660782125056
1364198969337909248
1364200497230581762
1364197473019977729
1364198108482199558
1364199725185044482
1364200257685491714
1364201121795997698
1364197556348215301
1364201119145218051
1364199387748962307
1364199218458558466
1364199909491154946
1364196686927699968
1364200599953244160
1364199800305045507
1364199697083162625
1364200249569529856
1364197998834700289
1364196555822043140
1364197918870286340
1364197948922413060
1364198023371325440
1364196950028001286
1364199771859255297
1364201222153129992
1364196945632382979
1364197812024594436
1364199390672470016
1364200993009844229
1364199929468567554
1364200423926738946
1364201071590191112
1364197797751365632
1364196958341132288
1364199866486976513
1364196918000246784
1364200186839498753
1364201173398470658
1364197631615004672
1364196759002509312
1364197750632550402
1364198311926890496
1364198124424675330
1364196573408763905
1364196628458999815
1364198928971927556
1364196325336711168
1364199357298393088
1364199378924302337
1364201151936274434
1364199005174063112
1364197992325079043
1364198700155871240
1364197379461775361
1364198988824547328
1364198365580394502
1364199858094153729
1364200149275279360
1364200018660491270
1364198948399943683
1364200078488064001
1364199419109928962
1364197040314585092
1364197027026984961
1364198499978534917
1364199491486687240
1364198279391633408
1364198696917889026
1364199905942589446
1364200769885515776
1364198719315447810
1364200352774582274
1364199789274009601
1364198064299401221
1364201233163034624
1364199388487254025
1364198687463866369
1364199051730833408
1364198328817229827
1364200403265609732
1364200101166604289
1364199697120919552
1364204321974419457
1364203376892923908
1364202630667509762
1364202157348511744
1364205639904485380
1364203535387287553
1364203301688999942
1364204142504337412
1364205873468297216
1364202154584469506
1364205630379163657
1364202691312852994
1364202114545778698
1364202097642786821
1364201913961611264
1364204620621438982
1364202984884891648
1364203116544094210
1364204195163893760
1364202841347416065
1364203617415168002
1364201357683675136
1364203789121650689
1364205174647115777
1364202675898843136
1364202635247640576
1364204308867276800
1364202822577885187
1364203063221891075
1364204383496462336
1364202857591881735
1364204470016610306
1364203585836371969
1364204613575049217
1364205316058054656
1364204297743986691
1364202567111233537
1364203268096811009
1364202631900647425
1364205769231503364
1364202318485422085
1364202826038190082
1364202876608925696
1364202776218267650
1364203129382858760
1364204899051991044
1364204670386925578
1364201539074678789
1364202112960331779
1364202467773321217
1364202852567105540
1364203681311305731
1364202273946169346
1364203074349318144
1364201695123824642
1364205917164556288
1364203611991982081
1364203433025302536
1364205187905294336
1364203867429363713
1364202541836365825
1364204128382185476
1364203081785868289
1364202216517730308
1364205556731420672
1364201478324445187
1364203814522396685
1364202618915090433
1364205192523239432
1364203651670106115
1364204124456300548
1364202010124423176
1364201686974279687
1364201453955473417
1364203100920250371
1364202234930749441
1364204209063792640
1364203778338127872
1364202108459827200
1364204156630753291
1364202180127952897
1364205240271126536
1364202315574620162
1364204556159246337
1364205226639654914
1364201623548026880
1364205718182756354
1364204644696813573
1364204754516119553
1364202899400704009
1364204010710978565
1364204118328434691
1364201260946227202
1364202699877711874
1364204290328453123
1364202942123954179
1364203326133436424
1364204407269642241
1364203067885912066
1364207781071515651
1364208557395173377
1364207129742180355
1364206985298792453
1364209370037387265
1364207264358420480
1364206338822275075
1364208483701321728
1364210176576880644
1364207992976125953
1364210150274330628
1364209766852136960
1364206342764974082
1364208665268523009
1364207679191842821
1364206378919862273
1364209621347500038
1364210316956082176
1364208409692827653
1364206083166900228
1364209955788750848
1364208857757716490
1364208302343790592
1364206186829025282
1364207034569228293
1364208299873296390
1364208152003162114
1364209374999232512
1364208315757125632
1364210501245407232
1364208541331058691
1364209418913476610
1364210007206744066
1364206783938654211
1364206135398576128
1364208814782824453
1364209346780016641
1364206156697206786
1364207197362733056
1364206474726174722
1364209803296440320
1364206593441734659
1364208018947264513
1364209023239811073
1364207243655344134
1364206624592732160
1364206120177438720
1364206712572510208
1364208593877295104
1364207203218059266
1364207885295620098
1364206814020173829
1364209024300965897
1364206260359294981
1364206148052783108
1364210519318687744
1364208783254315010
1364208816418672640
1364210109048639489
1364209305851953153
1364209350475198464
1364206020621393925
1364209164277460994
1364208280617246720
1364209195181088773
1364206484679241728
1364205952212303872
1364207315952541697
1364209297849266177
1364206871402475527
1364210146117844994
1364209133977825283
1364207265419509765
1364209617883062279
1364210064656105476
1364208647862161408
1364207182036762631
1364208687372529670
1364208557542027264
1364207898436509699
1364209729904517129
1364207278262542337
1364207926127325184
1364208452508213250
1364206492610670599
1364206220391948291
1364209697230880775
1364207012645646338
1364206140196724739
1364207337679056897
1364208631919620099
1364209582332121090
1364209492376883204
1364210348551794690
1364208469243527170
1364208407197188100
1364209528917655554
1364207994330841088
1364206481919397888
1364207372512751616
1364215183539916804
1364214930774364160
1364213184165478408
1364211282472275968
1364210555628769286
1364212117168087042
1364214764046585857
1364214264412721156
1364212601446682628
1364214161350270977
1364214559683313664
1364214588766642177
1364212260932104193
1364213690631921672
1364214370796933120
1364215283662151686
1364211980010160129
1364213659111677956
1364210580647776256
1364211716029046789
1364214683612413954
1364212119751847937
1364213113646637056
1364213597648211978
1364212289575022593
1364211793858551808
1364213429473402881
1364214149560074244
1364213555734732804
1364214317638377472
1364215560649781248
1364214130144661504
1364212087631790082
1364213690652897280
1364213537367801865
1364211254043246595
1364213242168565762
1364213208609923073
1364212183614115842
1364211562014244864
1364214372248207361
1364211678448136195
1364213522721345537
1364213313937276934
1364213432128471043
1364213802384900101
1364214712863457281
1364211361937428481
1364210824856952832
1364211189899800578
1364211115421499399
1364213357016993796
1364211429444907011
1364214064906461189
1364214659276959750
1364214655837741057
1364210973515665409
1364212902593519616
1364213123603980291
1364212223598592004
1364214717477183493
1364214852693155843
1364215493297643521
1364213982228336645
1364213570624454661
1364214659310616576
1364213424750649351
1364210755059535880
1364213804117225474
1364213697913229314
1364213838401445891
1364215034923147266
1364213384229642242
1364212485390295044
1364213341066043392
1364214345111068676
1364210794913812488
1364212953055068160
1364212224743636993
1364212421032828929
1364214468935372800
1364214656429137921
1364214561059004418
1364211801823543300
1364214851212566544
1364214892446683139
1364211980295426057
1364213501183594498
1364211128109269000
1364210717109411843
1364214567539253251
1364212109551300611
1364211787747491842
1364215382299471876
1364213112363171840
1364214953826267137
1364212267584278529
1364210591502581760
1364216535435337731
1364220258425335809
1364215855735857154
1364220023888351232
1364218897436655618
1364218976297885703
1364218282555764739
1364217465832697859
1364216993503719428
1364217376586235906
1364216396637483013
1364217416763408388
1364215578228125698
1364220273768026115
1364219007235219456
1364215953555357698
1364220161931182083
1364219077112197125
1364216602175172610
1364218733548490762
1364218577491030016
1364219001207853059
1364215657081032705
1364216310918488068
1364215602974502915
1364217783882506244
1364216828399132681
1364220064535367683
1364216839669170176
1364220286388690946
1364219352677978115
1364217229928259586
1364215827592011779
1364215946508926979
1364218189442404353
1364217068174905346
1364217409649971202
1364219381153030151
1364220402034085894
1364218009112301570
1364219699412807681
1364216841627971589
1364217009551134723
1364216224268361730
1364219898612895744
1364216571149836295
1364217798860431360
1364219332331331586
1364215695979012101
1364217082217455624
1364220595861262339
1364217679486279683
1364220389950427138
1364219010460446724
1364216380829089799
1364218752418656262
1364217329937219584
1364219978665238534
1364220327648133120
1364216699474575372
1364220289320583171
1364218233612623873
1364219524212535296
1364215775704276994
1364218764217188352
1364217623421083648
1364218218982879235
1364216977024286721
1364216464316727301
1364217650415611904
1364216648467701767
1364220378428579848
1364218094441410563
1364216416707239938
1364216610836283393
1364218722471337985
1364216686711349256
1364219938416824321
1364217716052262917
1364216101211496448
1364219164592726018
1364217401550790665
1364219276329123842
1364215954201337858
1364218306207580161
1364218891132624896
1364215823351513093
1364215795354583041
1364216841409855489
1364215577888309253
1364216206425784324
1364217682413953026
1364217144003731457
1364217242838327298
1364217833828347907
1364216074393292802
1364218352806342657
1364217977504104453
1364216604880482305
1364216731791671298
1364221383497154564
1364223894802948102
1364220971402543105
1364224435914305539
1364222846096924673
1364221295567642638
1364223971525206016
1364222495079813124
1364225141220069376
1364222073413926918
1364220921293074437
1364222144658378752
1364224700604317697
1364221774838202377
1364222318537437201
1364221086934724612
1364222832180396032
1364221951179247621
1364222670867292176
1364224303483379719
1364221958842322945
1364224825355460611
1364221427650469892
1364221036242345984
1364220908089405446
1364222816405442563
1364223153883418633
1364222347721383941
1364223014460485640
1364221568289701892
1364223876880687107
1364221567295610883
1364223862540406792
1364221560504999947
1364223720143810574
1364224185061416965
1364223842487476227
1364224415727112199
1364224927574880269
1364221678524375050
1364224004408532993
1364220934106841091
1364221234792202240
1364223468359753734
1364224885258547204
1364224959334129671
1364222622557298694
1364224220981432328
1364223953196097541
1364225140649697297
1364222005734559744
1364222805181485072
1364223870341836805
1364221926378332170
1364225297822883847
1364223322171478020
1364222929907539971
1364223717178437635
1364223740049989642
1364225172576763905
1364222739536437262
1364224697227862020
1364221208330461185
1364221606961111049
1364224621738741762
1364224523239710725
1364221216509157386
1364224091801051142
1364224830023766016
1364224666391310339
1364224596463902726
1364225272052998147
1364224207207374860
1364221113002172599
1364222301642711042
1364222844696223745
1364222881639452686
1364223099567149060
1364221527588171776
1364223898410098693
1364223010773770242
1364223235940777985
1364221652817481729
1364223291796324355
1364224943882268672
1364222515430658059
1364224619696193541
1364221159105945609
1364224129570721793
1364223528128548864
1364222708947382272
1364222191915520002
1364223895532806144
1364224050927603714
1364222448040747015
1364220936942096384
1364222995384868871
1364224961704001537
1364223563444576257
1364221740268720141
1364227798957719553
1364229780078354432
1364228522357661700
1364228057402388480
1364229022297722880
1364230407928090624
1364226737425457159
1364227672352509957
1364226758799548419
1364228391650553857
1364230484742590466
1364227330697138189
1364228395194667017
1364230012019302402
1364228047495458816
1364227283863527427
1364229520392396800
1364229417413697541
1364229147376160774
1364226769763463175
1364230389087223808
1364227196676530178
1364228566054035456
1364226010003111937
1364229815113515015
1364228666180440064
1364225731908145167
1364225637976666121
1364229113884647424
1364225563896946693
1364225846681104390
1364229452817965065
1364225430278971401
1364225534859730950
1364228522219245572
1364226906208444425
1364227875570786310
1364228533166424067
1364226801636044806
1364225909813702656
1364228397371559942
1364228083499233296
1364228821734596608
1364226026000162824
1364227795547680769
1364230579206713344
1364225383365627904
1364225354139717632
1364230303255003140
1364227509085069317
1364229131022577664
1364226594139631616
1364225396237983748
1364225314574884865
1364230218525900800
1364226691065806852
1364229202661236737
1364228669481312257
1364229085967351810
1364225421886193671
1364226838277488654
1364227159892455442
1364229100441915392
1364227564202455047
1364230402353864704
1364228204135780361
1364227124912001029
1364225484054175748
1364227354726305805
1364228388752224260
1364227266444546054
1364230368119951364
1364228006609358850
1364228692793126912
1364228907361325056
1364227409935929349
1364228178806464514
1364228478044938243
1364226036020436992
1364227979346251785
1364227071443042308
1364225571006255105
1364226673659404292
1364230024375775235
1364226666625523712
1364228285782249482
1364229888333541377
1364228848758317058
1364229076131729412
1364226231558791172
1364228091405426692
1364227517410762767
1364228561368801285
1364226805981278217
1364229375529521163
1364229013837910016
1364226833709899778
1364228497393078274
1364234109128687622
1364232238276222976
1364233293558874112
1364231755788673030
1364232315023548417
1364234336564899842
1364232680259354631
1364235190755880961
1364235125505064966
1364234023959166978
1364233470994763778
1364235629404520450
1364231580840046592
1364233406054301701
1364231063791427586
1364232553587240967
1364235374235648002
1364232048072925185
1364233235291664385
1364234451102892042
1364231164014309380
1364233295018536962
1364235557644210177
1364235519639621634
1364233565312057350
1364232624286429191
1364235836221513729
1364230621589958662
1364231846427516929
1364234918302265348
1364234139617136642
1364235393168773123
1364234116791738377
1364234885729239040
1364234072831197188
1364232976716996612
1364233217440636933
1364234301458567168
1364231133370720263
1364234442961809413
1364230717576798210
1364234089784610819
1364235082219855879
1364232328520880130
1364232431709151237
1364235367206035458
1364234841210970112
1364233316753416199
1364232834051891201
1364231169030713346
1364230834409123845
1364232321998741509
1364231314417848321
1364234200761655297
1364233114378190852
1364232279682412546
1364232067207344135
1364233978694275074
1364233797424844810
1364233006009974786
1364233719112867842
1364232695631478786
1364235613105438720
1364232545433493509
1364236062671921152
1364233914194264069
1364230590950735873
1364232394430156803
1364235609913450497
1364231547658919936
1364235509950779401
1364232918344818699
1364231697043087362
1364231014667681804
1364230711134343169
1364233178345394187
1364234214170853378
1364232462356934659
1364235201119944707
1364232864301273092
1364234048655269891
1364234177449713666
1364230629253124099
1364230720533708804
1364235571409870850
1364232521446289412
1364231363533103107
1364233601450131458
1364233672078086147
1364233461310095361
1364235954941284357
1364234236430069760
1364230853564518401
1364230788846395393
1364230982635814915
1364232060513173508
1364231349067001857
1364230664942481416
1364235204777369606
1364234579360555014
1364236835019440128
1364240169361104897
1364240066860773376
1364239064388485122
1364238686334967808
1364236195413204992
1364238382143053825
1364240214860922884
1364238412774055938
1364237110253912064
1364240946360176642
1364239077906788356
1364236784633221127
1364241357146062852
1364236506592927751
1364241079747371012
1364239875067817991
1364239114531438596
1364236689477099525
1364239700530192389
1364236121497079809
1364236264673787905
1364241458639872005
1364238130312847366
1364236575903780864
1364238494776893442
1364241658997571586
1364236733064359939
1364237607123767304
1364236161267490818
1364239914376843273
1364238411352182787
1364239194328031232
1364238440196419593
1364240471002873857
1364241197062119427
1364240042533806082
1364236072453099521
1364241159028150278
1364240791498092545
1364241088593199106
1364236744800018434
1364238102726909958
1364238590616698882
1364241077872525312
1364241092124770307
1364239131686166536
1364241246634582016
1364238019503529985
1364238916438679559
1364238704026476554
1364236691553271813
1364237989119995910
1364238164685111303
1364237967645097986
1364237467306635264
1364240143020945409
1364240041514532867
1364236948232167425
1364237991582007301
1364236832922357766
1364237162762416129
1364236132800737289
1364240620861214721
1364236909795545089
1364239815269625862
1364239568535445506
1364240135932444674
1364238587579879424
1364238352195719168
1364239742167040007
1364241724378382337
1364237976725823495
1364237813135335426
1364240831746572289
1364236428058615813
1364241541217325057
1364239469398884354
1364239859431399426
1364240505610129415
1364236800865222660
1364239309147164679
1364236743592079361
1364237068927463427
1364241075385344000
1364241505699975170
1364237693694148614
1364236506672615433
1364237360553156610
1364238367710449665
1364241223918174250
1364237585376284680
1364238191667142662
1364237767698432005
1364241723334012932
1364241346874253316
1364241510733127680
1364248032695308293
1364245458189746178
1364246163063525378
1364247647889031169
1364247356863086599
1364248265978482699
1364243501077180424
1364247274394685442
1364243420089360388
1364248024508063746
1364245201892610048
1364245949091106817
1364245435230076931
1364245213158526978
1364243636989304834
1364244087268909058
1364245421397319683
1364246453275787273
1364241814870519814
1364242808589193218
1364242422897729537
1364244397869707268
1364242703576399873
1364247700066230274
1364245566339895303
1364247664230039556
1364242164650299400
1364248327357923329
1364247102411390980
1364242236913942530
1364247007397892096
1364242291834064901
1364246269028401160
1364242493525680132
1364244675859783687
1364245333035868162
1364241928024432641
1364248376804597762
1364248011128340481
1364243622879629315
1364243716572078084
1364243359070568452
1364242203560857606
1364247554926419973
1364247726368714752
1364243329156845568
1364242735335497728
1364243834826354690
1364244717224030211
1364242453792981019
1364242766855815170
1364242406275710981
1364243626390339587
1364247861953757195
1364245052432650240
1364247770618552325
1364243733806522369
1364242237677330434
1364246928461037573
1364246361345052676
1364243824478982150
1364243985267625987
1364242708240416770
1364243357686509568
1364245978535067658
1364243801792008204
1364243053515579394
1364247586144718853
1364247673788915712
1364244106327838721
1364248015083601927
1364246061062230018
1364247113132089348
1364246801059110918
1364247496009121793
1364246105123389443
1364244154490912778
1364245060762677254
1364245589970591747
1364247242325045252
1364243627413671937
1364248177893900294
1364247929431670790
1364243842346725377
1364244217485221889
1364246939907354629
1364246675506819072
1364245801082511364
1364243914329378821
1364245511247704065
1364248392994545664
1364243256247279619
1364245888026243072
1364243624981127170
1364242339217219599
1364245547088039939
1364246307355979781
1364247886532378626
1364243626390290432
1364251178478014468
1364251979434893314
1364251133284352009
1364252325821501445
1364251206005227522
1364250751694946306
1364250206536089603
1364250934281388034
1364250736847179782
1364250259598299141
1364248784520192001
1364251044268699653
1364252823479865344
1364252308956192783
1364250377718226953
1364250840299671554
1364250068778426368
1364252490884149253
1364248458727669761
1364250358382493696
1364249981461405704
1364252320213704715
1364251411626807298
1364250094166499334
1364250508286980107
1364251309919076355
1364249975291400192
1364252802218946560
1364251477607342083
1364248923217494016
1364249453687898115
1364250774247735302
1364250650712891393
1364252275359821824
1364250046183714817
1364249460734373890
1364250507817193484
1364250361079484418
1364250319325179904
1364249686094266371
1364252715463892998
1364250453362544641
1364250136059256836
1364250665971814401
1364248847560679426
1364252720228630530
1364251923000537091
1364250829725851649
1364249912263602184
1364251331528183808
1364249848669761536
1364248710616666113
1364250457896484864
1364252904064974854
1364250463877619716
1364250028097863689
1364248952980135941
1364250871949885446
1364250625467445250
1364250695449346049
1364250802827714561
1364250283015102479
1364252356855140352
1364251784554946563
1364252496995229701
1364250120078962690
1364250169366167554
1364248513652158466
1364252800939663362
1364249493336707076
1364250082120511500
1364251304734949378
1364251832579727361
1364251549443256324
1364251681559576576
1364251210602135555
1364249058110566403
1364248706011267076
1364249091656609794
1364250977935777792
1364250674431729667
1364248965802319872
1364251751117955073
1364248462611656704
1364252739312750592
1364252097236074506
1364252565286899713
1364250503056678918
1364251818839183363
1364250743063085058
1364252150919016449
1364251447207075845
1364248670116474888
1364249665525415942
1364251199806058496
1364248653951496192
1364248525417062400
1364251559438204929
1364249486940332036
1364250090072866822
1364253926292340739
1364256155703275520
1364257903868317701
1364254008026812423
1364253057278697476
1364253432736075782
1364253541687296004
1364258010500124683
1364252942061174792
1364257647168544782
1364253357225959432
1364255154585894913
1364255301562626048
1364257330389544963
1364252948885344256
1364255039703891973
1364255057361866755
1364255482203021313
1364257790575919105
1364257361993617415
1364253286728163328
1364253077579190274
1364255360962428936
1364255528243892226
1364253503430950912
1364256004905574413
1364257029234319366
1364255489618448387
1364256472515964930
1364256203262590997
1364254092906950658
1364254849026711560
1364256884895711234
1364254855955701760
1364256720529334273
1364257230594347014
1364253572754505735
1364254517261455360
1364257347468730370
1364256896870350849
1364253687028285446
1364257244817326084
1364253260308238336
1364258024789970951
1364258094868529153
1364254123743354883
1364256696185606153
1364253220495888388
1364253016270987265
1364254901254164483
1364256737403035648
1364254430791614472
1364256472448839683
1364254823596630022
1364256425044824064
1364256960833482752
1364254927762161667
1364253648696598531
1364253876711419905
1364254462668398595
1364256153333604357
1364254299220561925
1364257627404984320
1364254395039424516
1364258056553570306
1364254329985712130
1364254945416011780
1364256860879024128
1364256595132219393
1364256196602048521
1364257417081589762
1364257224432959489
1364256124006973442
1364254392367644673
1364255858297815046
1364256549900812288
1364257524887781381
1364255940694974466
1364256433437564937
1364255916791631877
1364253927559028741
1364258075667017729
1364256790171549701
1364256008131010568
1364253686977884162
1364253323159891968
1364254401012129793
1364255787653201924
1364256409475555330
1364253548792467456
1364257835643793417
1364256042973028353
1364255668342042625
1364254760287805441
1364253250715865090
1364254227514732551
1364255835707351043
1364254572466868227
1364256722722971655
1364255487236177921
1364260781890691074
1364260879294988288
1364259613114331136
1364260979815587847
1364260150446596102
1364260154271801349
1364260260085719041
1364261742554066944
1364259273220513794
1364260078849843208
1364259499578654722
1364259869608534016
1364258827961589760
1364258898849509380
1364258723611303938
1364260037099720712
1364258339929133058
1364258471357550599
1364260893031165952
1364258578450817025
1364261969293934594
1364258567361077250
1364258199646388229
1364261803769880576
1364258416949043203
1364259233928216584
1364261986511552516
1364258565184253954
1364260103382331393
1364260608200310785
1364260579737804809
1364258730364329989
1364261776318214145
1364260033597431816
1364260230230597635
1364261612912336901
1364258968646909954
1364260302922141703
1364258297017217026
1364259894526939136
1364261488043700234
1364258680665858049
1364259081851195392
1364261026200506371
1364258501594386436
1364261241745776647
1364258601569837056
1364261093984641024
1364259940475486210
1364258443197116417
1364258312854855684
1364258519302758401
1364258745505701897
1364259352127954946
1364258228335497219
1364259240425250820
1364260849347670018
1364259956183154688
1364261012904402947
1364259926835679233
1364261013261062144
1364260204129505291
1364258477737181185
1364258388666949638
1364261325334011905
1364261748275089408
1364261001185681408
1364260528911245318
1364261015580520448
1364258908420919298
1364261286096363523
1364260440239460358
1364258932047380482
1364258264163188737
1364258703352885255
1364258364574826502
1364261459576950790
1364260480148201478
1364258319867731971
1364259586795003905
1364258749360316419
1364260856419262480
1364258696780533760
1364258728678154240
1364260849356058626
1364259660484800513
1364261479227273221
1364260902728523777
1364258723984797700
1364259089409339392
1364259917658533891
1364259423452078082
1364258962367934464
1364261137701892106
1364258597178388485
1364261013227524097
1364259404527329289
1364260820650237956
1364263226268090373
1364264363327189000
1364266487951863809
1364266316568395777
1364263239941521412
1364262377525510146
1364262723354304515
1364265352595709960
1364266052583055365
1364264696241655814
1364263757078224897
1364265370073325568
1364262568496410628
1364262380029566983
1364264571687628800
1364263416274255889
1364262010024779778
1364262088651243520
1364263258736197636
1364265709191237634
1364263624668241921
1364266272519720961
1364266250516516865
1364262213071089673
1364263692645376004
1364263041651646467
1364263287576264704
1364263224053534720
1364263645253877770
1364266280925073408
1364262422157099008
1364264720090484736
1364263794071994369
1364264107608846340
1364264497221947405
1364265287659495429
1364262453505310732
1364263513917698048
1364264262139576323
1364263451384774661
1364264223417782273
1364263784429281280
1364266306858606598
1364262074088628224
1364262829268885505
1364264654621585412
1364262589807607809
1364265693814882306
1364265554434023433
1364262574997528579
1364262711564066823
1364262269354270725
1364264936805916682
1364265621198929922
1364262272458194944
1364263712836747268
1364264108661604352
1364263847213867008
1364265656414306306
1364266140571164680
1364262008749764608
1364264458688806912
1364262844863283204
1364262908478300160
1364264266497425410
1364265148861579270
1364265011619586051
1364263559463583748
1364263592514707457
1364264851669975046
1364266300638429187
1364262199506718728
1364265207300837390
1364264130706870275
1364266661054976003
1364263202360610821
1364262977403256838
1364265638236200963
1364265722873057286
1364264020983894018
1364263263953895434
1364263425526935554
1364262504411631624
1364266065748983809
1364263039386726407
1364264053539966976
1364263001725935617
1364265215903342599
1364262228946538504
1364265796848021504
1364262903126237186
1364266253548990472
1364264804853157891
1364262343371276288
1364264557225644032
1364263802414510094
1364264508215222281
1364262041356230656
1364264696229081094
1364270241866518528
1364270441095954433
1364268660945285124
1364267610200825864
1364270305531854848
1364271048502489093
1364266958439481348
1364267066170236929
1364267036256436229
1364270984182833155
1364268040599330821
1364271053325877251
1364270419184869377
1364267390176026630
1364268756084604940
1364268538492375044
1364270193522987019
1364269423218016256
1364268764146114562
1364270825692659712
1364269167516545024
1364267953986895879
1364269430780354560
1364266688561225731
1364269989885222917
1364268770445979649
1364270104305803264
1364267027037306880
1364268324788518915
1364268179799871501
1364268384460881925
1364270474893606914
1364269162554613763
1364267863687708682
1364268418745122817
1364266907860430849
1364269676407246851
1364267365869969414
1364267765914357766
1364267243828314121
1364269020460027911
1364268436193505284
1364266826151186439
1364268217213083654
1364269979395190785
1364266733524156418
1364269775120191489
1364269838852644868
1364270038862209024
1364268643882795009
1364267233585864709
1364269537974046722
1364268175400046592
1364270767488327680
1364269414913302534
1364267788416737286
1364269243013955591
1364268385941520386
1364267167244570626
1364267269421998086
1364270713230745609
1364267675497734146
1364267851654311938
1364268776959705091
1364268305217974274
1364268186263302149
1364270263039365120
1364267548120928260
1364267044422574084
1364270729773072388
1364270162048929795
1364269514054119430
1364268028435791872
1364269829553876994
1364267716610318340
1364267175398227971
1364268565168324612
1364267464150945803
1364268622328307713
1364269310563266562
1364266887979413504
1364267270176862209
1364269291621806081
1364269386807341059
1364266828340604929
1364268951061069825
1364269643226099716
1364270116490346504
1364268399870808067
1364269173673586691
1364267902111789064
1364269091482177537
1364267923016138753
1364268215770218502
1364268662182576137
1364269322458251269
1364269021428817927
1364270283100667909
1364273453675651072
1364271813321252871
1364275652300398592
1364274234252546051
1364272062651637762
1364271811547041795
1364273768101793793
1364273237702701069
1364271508743458820
1364273821163737089
1364274464381403136
1364273839262162946
1364273840465928193
1364271896603348995
1364274005084102657
1364272252087320579
1364273452090286084
1364272848022437890
1364274390221914113
1364274333712076802
1364274600050368512
1364274675463905281
1364272133199699969
1364272938514604040
1364273376563523592
1364272811141955585
1364271669695700995
1364275357357125632
1364273163086032900
1364271067506872322
1364274028085657602
1364271716722171904
1364275717404561414
1364271833361510402
1364272563686408196
1364275005954129925
1364272973839007744
1364276084792041479
1364272133535367170
1364274331979808768
1364271598925135873
1364274064228053000
1364272097988653056
1364272171250507785
1364276072909578241
1364275287421300736
1364271488841379840
1364272950552231936
1364275850602946560
1364273822468370433
1364271235950084098
1364274077964328960
1364274715280306177
1364271632060211202
1364271288907366400
1364272086336864261
1364273689253011459
1364274849796001799
1364272846168592384
1364273392011137030
1364271462245412865
1364275243444031503
1364274584837644289
1364275717890920450
1364273427109056515
1364275110761406468
1364272255077916675
1364272091726544897
1364275527650078720
1364272207715831814
1364273476966764544
1364276127125155840
1364272382664470528
1364275593383202817
1364275910271266819
1364273555354091525
1364271073219514370
1364275939350347778
1364271884284657667
1364274077687496705
1364274817856331777
1364272569801715712
1364275911168847874
1364273297249165315
1364273900067172352
1364273908892004365
1364271303189016578
1364275306123710466
1364274339311472641
1364273663357423624
1364271442343387136
1364271902173388800
1364276068211957765
1364271855377539077
1364272115432701961
1364272076786438146
1364273687470424067
1364272945988853760
1364274551421550593
1364273828730462211
1364279755672010755
1364277514357465091
1364276990275125261
1364279037263233027
1364276236915249162
1364280673129930754
1364277030083301386
1364277462474047495
1364278165309382659
1364278964462768131
1364277819799396360
1364276839510900738
1364279702584631297
1364279246735179780
1364279678857588738
1364279838190821376
1364276157613490176
1364277236547911680
1364277153802686465
1364278869159649285
1364279250891792384
1364276490884546562
1364280915829088260
1364277226167021574
1364277258572210186
1364280764469239822
1364277772588351496
1364278107281252358
1364276219638874114
1364276321099079680
1364281370147610624
1364276137631899652
1364277540001624066
1364278536761204738
1364280900305887234
1364281492126502916
1364276669922635788
1364277143392440325
1364280622919860225
1364277741340811264
1364281110293839873
1364279536742002695
1364276329282236418
1364276881281978373
1364278934557384708
1364278474266079233
1364281459519930376
1364279238635970561
1364281086709100544
1364279624805531649
1364278886540988417
1364280612492869639
1364280006948642818
1364278966694146054
1364277273449422852
1364279643889631236
1364277932697477125
1364281095949348865
1364279649501655048
1364276768153034754
1364279543486365696
1364280582822322176
1364280874024513537
1364278616448720898
1364280901899853829
1364277139785318402
1364277737821642757
1364280910917619712
1364276446991163399
1364281008363868160
1364277295331090433
1364280318170177545
1364277262527455240
1364276995857727489
1364280868991340553
1364279816237817860
1364281509730013187
1364276986210844675
1364278243721887746
1364276887808339975
1364279222576025611
1364277964674920449
1364279917744119808
1364279030187499522
1364277475287654401
1364278899090284544
1364278212323336197
1364280328035196930
1364278905163702273
1364279376129449988
1364278081838538756
1364277810815197190
1364280250310545410
1364279369015955456
1364280773600247816
1364280279087669250
1364276215985676289
1364281311360352258
1364277026153111554
1364277451468271619
1364285115015319552
1364282548562636800
1364285144777953282
1364285218811744265
1364283631380942848
1364285712674279425
1364283545091379203
1364284495109775362
1364284902145994755
1364284277249171456
1364283874172370951
1364285259265761280
1364281614457589764
1364281662553673735
1364281658023817223
1364281828887076869
1364284514407763968
1364284505905913860
1364283389562519554
1364283075065225217
1364283313154850821
1364284107371536386
1364285046203559938
1364285347455258625
1364282324708429830
1364282335718477828
1364284048571576320
1364284659232866316
1364281613954125824
1364284466458484739
1364282836694536205
1364283407166033922
1364283382167986179
1364285721922723841
1364285563382226948
1364285541928366080
1364282214565953538
1364283879817957379
1364284740669501442
1364284529872166915
1364283947027415052
1364281883849285637
1364282492174368770
1364282868835442690
1364282178721484805
1364284774907437058
1364285408092315651
1364284236925181952
1364282369277050885
1364284565897027587
1364282885667192835
1364283149195223048
1364284269313540102
1364284318458150915
1364284601963700227
1364284534339100674
1364283152840163341
1364282118638043139
1364281803721342976
1364284583416655872
1364282973600776195
1364285283978649601
1364283909274562561
1364285094874275846
1364285482620846086
1364282788485230617
1364284538965422083
1364283718593052688
1364282158781710337
1364285425746083841
1364285784367517697
1364285229100371968
1364282133498445831
1364285209034838017
1364283736670486529
1364282743052505092
1364281735207399426
1364281649165438980
1364285192920260613
1364284321222254605
1364282041320284162
1364284715876892673
1364283739837243396
1364285664758530049
1364281836143337475
1364285418489937920
1364283888445571078
1364285187446747145
1364281521088188424
1364283896666415106
1364282940654510080
1364285541160738823
1364284652610072579
1364283885945819141
1364284712827633664
1364283153284804608
1364284690421723138
1364281980817444864
1364282901660057600
1364282024345956353
1364288647235858433
1364287460683972609
1364288990384443395
1364288516784615429
1364286418407817222
1364285811139760128
1364288797446463490
1364288384735313922
1364289925294804994
1364288548275445770
1364289079932772359
1364286391962763264
1364288950362333187
1364288921794793476
1364286629163139074
1364287469399789571
1364286123053359106
1364288879503831041
1364287660798472197
1364289705626451968
1364287110883119104
1364288701308805122
1364288455291846659
1364288135014854660
1364288206951370759
1364287265728589825
1364287694222876672
1364286262962778150
1364286432349716482
1364288313402744834
1364288572124200962
1364289779576295424
1364288328028352515
1364286303379075075
1364287942148128774
1364287876519890951
1364288973468798993
1364286303836254214
1364286416457527300
1364288609726173186
1364287234174832647
1364289507831480322
1364288676298170372
1364289842235002881
1364289436880670722
1364287069548400652
1364288311204995082
1364288195089825794
1364287003425144834
1364287470549020674
1364287587062583303
1364288108087414791
1364289871939055624
1364286609869459459
1364288577329364992
1364288726696886275
1364286349185015814
1364286010138521600
1364289765319864323
1364286468160684033
1364287799327936522
1364288476053659654
1364288546060795908
1364288578793197568
1364288916782804996
1364288130170425348
1364285813526298625
1364288345350696961
1364288764881870853
1364289867421806603
1364286484812029954
1364289904382009348
1364289016145838085
1364287425560870914
1364287936070524935
1364288923338493957
1364289887780950018
1364287110996451328
1364289223008940032
1364288754756833280
1364286447029747712
1364288459230355457
1364286458656411649
1364288069340434434
1364287928592138246
1364288996940079105
1364286363059843073
1364289526680674306
1364287327242174464
1364289193942409217
1364288318578569217
1364289417721085953
1364287862477361152
1364287012820422659
1364289933209448451
1364289378516946945
1364288858007998467
1364289047720509441
1364287586018205697
1364287726237978628
1364291747933732864
1364294347034742788
1364294114825625600
1364293570086264834
1364290009780670465
1364291764308365314
1364289944919957505
1364294168164597771
1364292605937397761
1364292076272291840
1364292817393172482
1364292227334365184
1364292789668872192
1364295165490429954
1364295167226896392
1364293669952638983
1364292414836473858
1364290033860177931
1364292261098500099
1364292491772575748
1364295042525978626
1364293825385086976
1364293856070664193
1364293253651197963
1364292836930314243
1364291617004388361
1364290940253450244
1364290662334660609
1364294245683761153
1364293952824827904
1364291762039185411
1364293815826329602
1364295198407294984
1364295114986782723
1364295137048805387
1364290414791053315
1364290050964525062
1364295461327278080
1364294860891688961
1364293106275917827
1364295220033187847
1364293370605166595
1364293086524956674
1364293664621666304
1364292362877427730
1364294299714789376
1364289988821712901
1364291435852419075
1364293072197017601
1364290196150358022
1364293484098822144
1364294521148870656
1364293811959119872
1364290041107914760
1364292676619747331
1364292060409380867
1364293564482600963
1364293608829054985
1364292809390510081
1364290657486057472
1364291068053848074
1364294985714180099
1364290434504212492
1364292670584221698
1364294443680038915
1364293619465805826
1364294612379140098
1364291136475574273
1364295471422976006
1364291944785010689
1364293916359610369
1364294092805476353
1364293670263017473
1364295042249224196
1364292194622922752
1364293479703207942
1364295463801933830
1364290033138696193
1364295259639975939
1364290116177588226
1364291109497696260
1364293150722899968
1364294622416150528
1364290346302251013
1364291396765683716
1364291574335643652
1364295322273517571
1364294325945966598
1364294954562904065
1364292770626740224
1364293525081362443
1364290404699545601
1364290379416272902
1364293984470896641
1364291162362826754
1364292017342275585
1364290476841586691
1364290956967763969
1364290796229439488
1364292153988571139
1364296173683671041
1364300521172070417
1364298234756218880
1364295677266788352
1364295515656118283
1364297921173274625
1364295873065320448
1364300662486552576
1364300814945198080
1364298856540889090
1364299783217717250
1364297672048472074
1364298357712248832
1364295651824201738
1364299038124871683
1364298997716901889
1364297810317897731
1364298430433153025
1364300848818446338
1364298218415280131
1364299280798867457
1364296202544644102
1364299905464950787
1364297110972063744
1364295833940860929
1364298761233702917
1364296604317065218
1364295649341173770
1364297124553183233
1364298322283012097
1364298719378636800
1364296469251981312
1364298187553570817
1364297211409006598
1364298750726860802
1364298842959720455
1364297108174553089
1364296470455746560
1364300843059736584
1364298279660453890
1364295947761700865
1364296452256759816
1364299031657218054
1364299773973585925
1364300239159627776
1364299122354839554
1364295775228936192
1364300339407691781
1364299901161648137
1364299285542633473
1364298271833866242
1364299568234393603
1364296462641807362
1364296101105455116
1364300684020109316
1364297026209472517
1364299004532584449
1364299939732480001
1364299889841213446
1364298874794434567
1364300116920840205
1364300676780748804
1364300810839023617
1364298493842587649
1364297083704999937
1364300220809543682
1364295946344026114
1364297313687130112
1364298743118495745
1364295509750538247
1364298290116788225
1364295713614667777
1364299401716518922
1364300286647533573
1364295973711798279
1364299497325666305
1364298390985711624
1364297093783957517
1364298932415836170
1364299541537828864
1364297259219845122
1364297861337403392
1364299158660796418
1364299295382511619
1364298621143900160
1364299006847909895
1364298206067240963
1364297990635200512
1364299020466806785
1364297393303265280
1364299352706080771
1364296516924551176
1364299443600646144
1364296326385704960
1364298288896294918
1364296501011300353
1364298035296092161
1364300270470127616
1364297204517793794
1364296469566550018
1364305300363366403
1364301016049582081
1364302181864734727
1364305205236555776
1364304567597424640
1364303094645940226
1364302700918226944
1364301507143872512
1364302616390426632
1364305240095395846
1364302752860536836
1364305200840925186
1364302745268846596
1364301593194209280
1364301142310739978
1364303296106741766
1364304020379103232
1364302292778967042
1364305365618327555
1364301125499777024
1364305116787015687
1364301805564362755
1364302657469431812
1364303778615357446
1364304543304056833
1364301493348806657
1364303768855207945
1364301177177931780
1364300866157748227
1364301632431927297
1364302642562883584
1364303640505311232
1364303489510371332
1364301250502754310
1364302181365649412
1364303312510681099
1364303767013896192
1364303598704873481
1364302839443521541
1364304047830884357
1364305002089562113
1364302845147766784
1364301025142784003
1364303704099348480
1364304385338130433
1364300933992185858
1364303656036745220
1364302320427753475
1364304455844450309
1364305008582352901
1364304361480929286
1364301209708986369
1364301754070925319
1364303302175916041
1364301088019668995
1364303248350445572
1364302354988818437
1364302451227123714
1364304825417158660
1364302793046163458
1364304705724293120
1364301398389751814
1364303410594480139
1364300952375857156
1364301930726625282
1364303620867514371
1364304918329380869
1364302029196316672
1364305292360581125
1364304629358592001
1364303875721682949
1364305463437852673
1364303649447563268
1364301814594691080
1364304084166189056
1364303863541604364
1364303451669336072
1364304707854958595
1364304899975086087
1364302153033089024
1364303461303599108
1364302069587443712
1364305340678955008
1364305243601842181
1364304505534300161
1364304658274131971
1364304312185290755
1364301024945651712
1364301049218150405
1364301033640521729
1364305004543303682
1364302484886413317
1364301480992387075
1364301611607199752
1364302364098899970
1364303945938608131
1364301228423983110
1364305448338395136
1364306967775358978
1364307002781020160
1364305665150263298
1364307499965435904
1364308616480751616
1364306795360051204
1364308780788420614
1364307978359349250
1364305940770512896
1364309127602831367
1364307878832705538
1364307500334522368
1364306385979195393
1364307117327454210
1364308994114916356
1364307586804236288
1364309422529531909
1364309588942729227
1364309139598549002
1364305572154265600
1364306233973485572
1364309254484688896
1364309207856611336
1364308889915641858
1364308347445514247
1364307793503686661
1364307144334602241
1364309600099573767
1364306185583800325
1364306498306899972
1364305642752770051
1364309621603786757
1364306029941579782
1364306487921827847
1364308640048513026
1364306607224610816
1364309314350034946
1364308521144246276
1364307719625330689
1364308676261990401
1364306541042675712
1364306579793846279
1364309687311679488
1364306259281911810
1364306679224020997
1364309383425982464
1364309734279495680
1364307938333048832
1364308838611099648
1364307490549211140
1364309586094743575
1364308753236062209
1364307414141526018
1364306865304309763
1364307558777954311
1364309483065921536
1364307824315146240
1364307100604719110
1364306742440509442
1364305746712739840
1364309291923103746
1364307797005991936
1364307682308587528
1364306837445742598
1364308458753957890
1364305555624321025
1364309700100128768
1364308543705382914
1364307484400365570
1364306960393338881
1364308171129503744
1364308110421196802
1364305640693379073
1364305710813708293
1364305762391048200
1364309379567263746
1364307339675918338
1364308921998061570
1364307694555967489
1364308907426942976
1364306486474776577
1364306093338419201
1364307441777840131
1364306176742154245
1364308513753878528
1364307889209434113
1364308250947178496
1364309660631785472
1364306113781501952
1364306567080853505
1364307049987805185
1364308120655302656
1364306112024051712
1364308756054618112
1364305761967423489
1364308172358512643
1364308557345271812
1364308070835355655
1364305723493146631
1364307621843529728
1364314623894241286
1364313599146082314
1364314076336250884
1364314028252815360
1364314261464506379
1364312896973524999
1364312309133438981
1364312285880209411
1364313683023790080
1364312262828322827
1364310957938343938
1364314796376657926
1364315271587123202
1364314304019857412
1364310949725896705
1364312329274458112
1364312701607047178
1364310294223273984
1364310011451744259
1364311351598923779
1364315359302606853
1364315781174091776
1364313866474242052
1364313451330478081
1364311696010076165
1364314761664614400
1364310859342880769
1364315110898954241
1364313640887848973
1364315743936868357
1364313563293245453
1364314688742436872
1364315586713559050
1364311914495565826
1364314472794509321
1364310943501541384
1364314662041444361
1364314114068262916
1364309744962465796
1364311875152936960
1364311087202635789
1364313539293417483
1364315058831040520
1364314393593475077
1364311016587354112
1364312524645146624
1364314561537523715
1364315022579666947
1364314216207908869
1364315265757040640
1364310479359901696
1364314095563005962
1364312332193722369
1364312978846339074
1364310653792636930
1364311834636013575
1364313810371289088
1364314175959408644
1364315503431462916
1364310714316382212
1364315723821178886
1364313883020840964
1364315227278487553
1364312609156136965
1364312362061230080
1364311250730176513
1364311139857928198
1364315035837857794
1364311890495700997
1364313655362347009
1364314349347753986
1364310890829516809
1364311647574241282
1364309919126675463
1364311536806879233
1364310416894160901
1364314889511174152
1364312306264416259
1364312066119634952
1364311478946435074
1364309906044694533
1364310227710078977
1364314564041584640
1364311514514096137
1364311697310253059
1364313953757786114
1364315223226744837
1364315604992188416
1364312485734547464
1364311961744375811
1364313085205487620
1364312781378498570
1364314625475555333
1364314691456147456
1364309800633434113
1364311408247255041
1364313861202075652
1364310138782384132
1364314196003930114
1364310862379569158
1364320463942541321
1364316331571576835
1364319316003483655
1364315806432194565
1364320368761200642
1364321158745710603
1364320896522084357
1364319191021461509
1364318443152035848
1364321253390180353
1364316469815820290
1364318311509618688
1364319928216678404
1364320522822184962
1364319712818118660
1364320949705842688
1364320197511946241
1364315825755275266
1364316677421293575
1364318415691919365
1364320865219997698
1364319493053374466
1364321156694765573
1364316970779295745
1364320201815261192
1364319667406438409
1364319798683987969
1364318882631188485
1364320564878467085
1364317746599714819
1364318690859245568
1364316425041678339
1364317129886076929
1364317475714785281
1364319874089185282
1364317748768215040
1364321834058084352
1364320335772995586
1364317901730291715
1364321692315619328
1364321131470217224
1364315911755362308
1364319822209761283
1364316382603710468
1364318881234509825
1364320456933855234
1364319711794716682
1364318919583031304
1364317765541056512
1364319020195995652
1364320625012191239
1364318324176408577
1364318459086180352
1364321274814738441
1364319375889752065
1364320151626256386
1364316390602076160
1364319669017001988
1364317984429207558
1364319085413203977
1364320867593904130
1364320096383102979
1364317593201504257
1364317402859716613
1364319123329732612
1364318327959670785
1364321631187865603
1364318926390386689
1364321184096153600
1364319355043864583
1364319128606105604
1364319019734548483
1364317126178275329
1364316340195127299
1364317627968028679
1364319350648414214
1364316481727713286
1364320569286680585
1364316861614223365
1364320227379597313
1364319123451179010
1364320298821181441
1364315817811341314
1364319141121916931
1364317100874076163
1364320982014525441
1364321563412168710
1364318099131031554
1364318339766476803
1364317864048668675
1364320412016992260
1364318661264162819
1364320386486255618
1364318836460249093
1364318540568928262
1364317943371341826
1364321256510803971
1364318000715878402
1364316366791090179
1364316223194939393
1364323813207465984
1364326153448808450
1364324167680544769
1364324523894538242
1364323047549898753
1364322693554782209
1364325425804177420
1364323362592415749
1364325790897299456
1364322151524950016
1364322926716215302
1364324917051875328
1364322487232827400
1364323597196623872
1364324618706841603
1364325623313944577
1364322388125626371
1364326378678743050
1364323463821942788
1364326696468496384
1364326687106818054
1364322227081138176
1364324097619034114
1364325814100234241
1364325511460233217
1364324676785360898
1364324993044127745
1364323891682938883
1364325196736442369
1364322705584103428
1364325592875884545
1364324229257318412
1364326413394972674
1364324472182906880
1364323715241148421
1364324062340788239
1364326369023455233
1364323254547017731
1364325013113962501
1364323410554351619
1364324426003611648
1364322935591288838
1364324357997277186
1364322871871430657
1364321945408442373
1364322941803106305
1364326636892672005
1364326212399599616
1364323422692638724
1364322130075213829
1364324885875589121
1364323089341964291
1364326049673334784
1364324005415686155
1364322300301111297
1364326619599544325
1364323383668862977
1364323035201863680
1364325129950535681
1364324932671438849
1364322030473125893
1364323969097109505
1364323333874024452
1364322721421807625
1364322830310125569
1364326024012521472
1364325877799084035
1364322230746947585
1364324173426884610
1364325234044764165
1364323287908704258
1364323927896514560
1364323322545242114
1364323197500416009
1364323313007403011
1364322023124717571
1364322893346332674
1364324433826054149
1364324285435817986
1364324479044837376
1364322999827116033
1364324378503237647
1364322698726375430
1364325081531510787
1364322549828620288
1364325778993930241
1364322943585710091
1364322966843117575
1364325619622936579
1364326086943866883
1364323808006582278
1364322500474241026
1364323258175217669
1364322558393397248
1364322197528002563
1364325781359493123
1364323190005235717
1364322021329444864
1364331362619162628
1364330356384681987
1364327209671012355
1364332886674071552
1364331046335098882
1364326706203492352
1364331203512385541
1364327723959783428
1364333345950302208
1364330150939267073
1364333144682483712
1364331734297419778
1364334181526872066
1364327922723602439
1364328805297496065
1364330804390875138
1364332335412490245
1364333407908614146
1364327396774711297
1364327078477262849
1364329870457794561
1364326817608462339
1364333018995773442
1364329939131109378
1364328964949499905
1364331146969022473
1364327076585693185
1364328040625504256
1364333465982939138
1364328449859584002
1364329815340445706
1364333646530887681
1364329745035501569
1364332453280833543
1364330255540961289
1364327874283585543
1364330384918339586
1364329194365341699
1364330268824399877
1364332714715983875
1364333491173928960
1364331734842630145
1364331422425743360
1364330146325405697
1364331466075815938
1364334038148935681
1364328041925738496
1364327567432507393
1364330646093594633
1364329033803198466
1364333632777826307
1364328918317211653
1364328250844057602
1364330979217801217
1364330442631995394
1364331012000542722
1364326950416887814
1364331286236651524
1364326751267139584
1364333543791464448
1364329777394552833
1364329953538506757
1364328905293848582
1364328931046920195
1364329259133767685
1364329901197778946
1364330749994893315
1364330755057475586
1364334221851000832
1364331910747537408
1364333043331309577
1364326978325803015
1364328611055034371
1364328850516238336
1364334017663934466
1364333274504589315
1364328199572885508
1364334028099313664
1364332474411741193
1364330969583476740
1364328806195093508
1364332624634912768
1364331148592050177
1364334057962766342
1364330971022176262
1364332959264727043
1364328505786445825
1364330430829387776
1364328838524665857
1364330902046785537
1364329332877840386
1364330011684179969
1364333565585031172
1364333000356466690
1364333821802471424
1364327616979861505
1364327298258907136
1364327034143596547
1364328177284378624
1364333889125306373
1364336703054491655
1364336987088556036
1364335579668824064
1364339349635149828
1364336566924152832
1364340347292246020
1364334350649741314
1364337809167941634
1364342985933127680
1364341519654780929
1364338612544933890
1364340055532257290
1364336971133444103
1364336553376546817
1364335403495550979
1364341458325618691
1364340329122529281
1364336042279591941
1364337540631842816
1364339960061583362
1364336404298428418
1364342429156007936
1364334874614788102
1364340381165510665
1364343076739833856
1364337544146649094
1364336282395176960
1364340005984993286
1364336103000580097
1364341958701969411
1364341410011492352
1364342550782496768
1364337017434345479
1364343367883255811
1364335040012947457
1364337843200536581
1364336653918228480
1364342953028825088
1364334899285676032
1364334580464029702
1364335476388233217
1364339775495364609
1364334460016156684
1364343520098742274
1364334676035465224
1364334261789216776
1364344200024702976
1364334769669099522
1364340803850665988
1364341137788588035
1364334840095657988
1364338263314419715
1364338727280115713
1364342224490790917
1364339191274962949
1364335355357507584
1364342187467636737
1364335019314073604
1364336901432487937
1364344283977940997
1364343574087819264
1364337489268404225
1364343780925669376
1364336588499677188
1364341918965116928
1364337732206657539
1364342318669713410
1364334705529782276
1364341481998323712
1364336180372905986
1364334589548838914
1364343960290877442
1364334543604482055
1364338144175357962
1364339751428448262
1364342904911761411
1364342933340758018
1364340925284114439
1364337024627572736
1364338115603804166
1364338464783798274
1364335413196955662
1364336628475510787
1364335241087754241
1364341613078728715
1364343592421064704
1364343126790406144
1364341815588118529
1364339410486128643
1364343884843786241
1364337558294056966
1364334425710952450
1364344019413778433
1364335993512484870
1364335797961392132
1364335438824173568
1364337968685670412
1364334413488693248
1364335759973642244
1364343917186084868
1364353396195614720
1364354966014550020
1364353823230357513
1364346182475141122
1364350821622833152
1364349307764228098
1364346231951097857
1364349049529397250
1364355637258379264
1364344320862679043
1364347196733349890
1364347648799563789
1364347573411016710
1364344362138800133
1364353040518684672
1364347063492771840
1364345710905335813
1364346442744217600
1364348994852319232
1364355917693788162
1364349770643484677
1364356807850926082
1364351653810475009
1364352599579844609
1364352451151855622
1364355663716114434
1364346796835766272
1364350880137510917
1364347149652230146
1364355811766534145
1364348665037471756
1364349661591527425
1364345939490721795
1364355035115773955
1364346414831124480
1364352155591843840
1364348697971224578
1364346154033545219
1364355797401141253
1364356716712845315
1364344354857492482
1364349758597435398
1364355169492869123
1364346616145055744
1364349130332639235
1364345433678569472
1364352221148766209
1364355819744227330
1364353751730040834
1364346563544367104
1364345239763374082
1364354219126513664
1364350668996247552
1364353096013520899
1364346693781749764
1364346433713889281
1364351108626415620
1364353129874087937
1364347763388002304
1364348013150425088
1364352197849407489
1364345905227460611
1364346321746952194
1364351644394217475
1364350954586443782
1364346391879909378
1364348460745523201
1364354694932537346
1364346010353434627
1364345931789864960
1364347285967052800
1364351057808220161
1364351152830222344
1364355124022370306
1364355533793349632
1364354555484336130
1364356111789293574
1364353637506560014
1364346649468948483
1364356080592166914
1364352948365651970
1364350902329610241
1364354680122392583
1364351716544696321
1364344295860412418
1364353909658169346
1364353101528989697
1364353775964745731
1364353667382595584
1364347743850921987
1364351967712141325
1364346916713201664
1364354962306834441
1364349940198215695
1364356150016180224
1364346967309103108
1364351550223712257
1364344444275859456
1364345106933899266
