1353492781889708033
1353492783424802816
1353492783932170241
1353492784221614080
1353492784410333185
1353492798671089664
1353492808045371397
1353492842748940289
1353492884566253575
1353493039407370240
1353493040749535232
1353493920970371073
1353495028446998532
1353495045488349184
1353495208634306561
1353495297192644610
1353495468827938818
1353495517267980288
1353495559752077313
1353495561794711554
1353495617323020288
1353495968344322048
1353496555420934145
1353496807150661633
1353496911764971520
1353496991918039041
1353497156829769732
1353497216019804219
1353497225264041986
1353497237024874498
1353497481217269763
1353497612297646080
1353497707470614530
1353497928523014145
1353497949666476032
1353498988230692865
1353499144535629828
1353499468679802881
1353499572694360064
1353499759793889282
1353499890073141255
1353500330412150784
1353500330995101701
1353500509374705665
1353500951739564034
1353500959201239042
1353501049781366785
1353501401847132161
1353501499062677504
1353501537339912192
1353501686845763584
1353502313072259072
1353502387072327682
1353502452679495680
1353502595193708549
1353502595503976448
1353503044525289472
1353503090733887499
1353503107121090562
1353503402525925376
1353503427159011328
1353503470213468160
1353503792319389697
1353504044434808834
1353504274920206337
1353504278422450176
1353504595490824194
1353504678827479041
1353504688906395651
1353504783475351563
1353504827196768263
1353504975884845059
1353504990023868417
1353505083007397889
1353505085532348419
1353505363526643712
1353505414361604098
1353505772387360768
1353506044023083010
1353506108976070657
1353506114214768641
1353506139930030083
1353506272532963329
1353506287494062080
1353506783378239488
1353506834934603776
1353506926412312578
1353507126304509954
1353507379556581377
1353507607185657856
1353507607349178368
1353507899956490243
1353507911008448512
1353507974325669890
1353508103342456832
1353508307638616064
1353508366954455040
1353509374849908736
1353510396724969472
1353510879405420545
1353511212907188225
1353511221929123840
1353511445854617600
1353511716081045505
1353512202892943363
1353512227773575172
1353512516333268992
1353513549944008706
1353513702310473728
1353514182965157888
1353514380806279168
1353514651418554368
1353514831014465536
1353515184925630464
1353515238944026625
1353515430111940609
1353515430133063680
1353515485913034752
1353515642595516418
1353515912796790784
1353516481540206592
1353516487529668608
1353516913129877506
1353517694600019974
1353517916424179715
1353517952738283520
1353518234050437122
1353519364813676546
1353519779655655424
1353519883087212545
1353520846653042688
1353521252246425602
1353521408891092993
1353521415153192960
1353522745158623234
1353522746760847361
1353522979984928770
1353522980144336898
1353522980429684743
1353522982950322176
1353522996544200706
1353523016098062339
1353523313465847808
1353523338329661441
1353523695914987520
1353523794296631296
1353523836894011393
1353524027810328577
1353524031555850243
1353524089684635650
1353524505860313088
1353525496214999045
1353525496227704832
1353525562795560967
1353525635243794434
1353525998944460808
1353526114552078337
1353526522095824898
1353526754774720513
1353526765923217410
1353526827130773504
1353527285589168130
1353527740272680960
1353527763345539072
1353527896112062466
1353528077670895616
1353528096759148544
1353528531528069120
1353529506284318722
1353529923412107264
1353530529740685312
1353530530252386306
1353530530659184643
1353530654647054336
1353531284501393416
1353531429196541954
1353532319861268486
1353533120021200898
1353534128759713792
1353534304073220096
1353535144611741696
1353535371871539200
1353536673427189763
1353536866872602624
1353536969163341826
1353538079194136576
1353538079735181313
1353538080033050626
1353538080905551874
1353538081714958336
1353538098135773184
1353538143170031617
1353538200132677632
1353538392655446016
1353538710101487616
1353539032026906625
1353539579723345921
1353539612698955776
1353539837891129344
1353539974461759493
1353540065134325760
1353540343996833792
1353540408056410112
1353540458580946949
1353540470656225280
1353540796256034816
1353540843748122624
1353541317301837825
1353541998108672000
1353542158121398272
1353542468822773761
1353542874009395200
1353542956758822912
1353544005536116736
1353544079984963584
1353544100272861185
1353544513940320258
1353544615119495169
1353545446191464448
1353545563304812546
1353545629235105797
1353546612849713153
1353546813769445378
1353546983127048192
1353547177461764096
1353547603624030210
1353547628634628103
1353547826530234368
1353548070684864513
1353548131607207937
1353548145242857478
1353548608663138304
1353548966558904320
1353549008120270854
1353549151921860610
1353549344708947968
1353549402208690182
1353550145338679301
1353550350624714752
1353550466039357440
1353550473635262464
1353550512575152128
1353551206623432705
1353551329193562112
1353551508143562752
1353551510098096131
1353552053826691079
1353552309175930880
1353552976896536577
1353553097633751042
1353553178441052161
1353553178457989120
1353553180206874624
1353553180844384256
1353553181851021314
1353553182572519424
1353553286335516674
1353553321072730119
1353553380652818432
1353553386784829444
1353553439662473217
1353554130414002177
1353554410400608257
1353554850072715265
1353554978095435776
1353555169477341184
1353555690464440322
1353555885621202944
1353555946719637504
1353556354217213953
1353556473108901889
1353556608564027392
1353556931961618433
1353557505306107904
1353557538097213441
1353557661346902018
1353557674626084866
1353557736710172673
1353557892222382080
1353558088608059393
1353558155599486976
1353558211740237824
1353558221261316096
1353558307529756675
1353558523976835072
1353558813224402951
1353558900105240577
1353559046159282176
1353559339999633417
1353559352469303297
1353559370181861378
1353559475790245889
1353559572431122432
1353559851075575808
1353560179963535361
1353560491591921666
1353560735792701441
1353560964906573830
1353561650239057920
1353561796200820737
1353561820334841856
1353562199378243585
1353562200158445569
1353562378361851904
1353562516908089344
1353562685607194632
1353562907829805056
1353562993112436736
1353563185157173248
1353563200193761281
1353563200353153024
1353563244795838469
1353563328099061761
1353563493648261121
1353563518600179713
1353564037032902657
1353564063238926337
1353564069190635521
1353564236115533824
1353564598645960710
1353564800605941761
1353564995041296385
1353565114046111745
1353565226583683073
1353565270258937857
1353565313225392129
1353565364693692417
1353565464098721793
1353565578133463041
1353565618352566272
1353565723503767552
1353565869033582592
1353565933260910592
1353565955054571522
1353566090367037442
1353566468831641603
1353566653230026753
1353566775808577537
1353567394887819264
1353567418199797761
1353567461560512513
1353567540748955648
1353567550039355394
1353568046988857344
1353568172620840961
1353568187959422976
1353568277952303105
1353568277964976131
1353568278225047552
1353568278468288512
1353568278967410690
1353568279105740803
1353568279151820800
1353568398949699584
1353569161155403776
1353569188162449409
1353569238880030720
1353569298153877505
1353569563020038145
1353570047223095302
1353570238219038721
1353570289288962048
1353570328694415361
1353570366237462528
1353570434361520129
1353570528141971458
1353570542985506817
1353570672371490816
1353570799639277568
1353570815636348928
1353570935471747075
1353571006238121985
1353571096931528704
1353571223297536000
1353571238464135168
1353571280302333954
1353571308009828352
1353571342696779776
1353571409939853312
1353571677884571649
1353571748789288960
1353572068143603712
1353572127711125504
1353572365809176577
1353572427331227649
1353572539860197376
1353572559401459712
1353572610110492672
1353572862087589889
1353573059483983872
1353573192250642434
1353573269509697536
1353573323729498112
1353573555938713600
1353573598297001984
1353573644174290945
1353573661991690240
1353573668115382278
1353573671336607747
1353573728731410434
1353573760083832832
1353573879634124800
1353573984915378176
1353574085616402432
1353574308870762496
1353574491792748545
1353574569395818496
1353574594519687171
1353574648521355266
1353574727051337728
1353575035554955264
1353575047403864064
1353575072804421633
1353575385359904768
1353575415441453056
1353575584178331648
1353575693964234754
1353575827661840384
1353575827997302784
1353576331108298752
1353576393569939456
1353576459084959744
1353576517238927360
1353576719664504833
1353576845715906560
1353576857841651713
1353576935327203329
1353577020874256384
1353577091665682433
1353577130072928256
1353577145558294528
1353577165330280449
1353577167880380416
1353577209945010177
1353577251711938560
1353577283584479233
1353577284465287168
1353577286767927296
1353577326152450049
1353577351616081920
1353577389146648581
1353577397770219521
1353577407689715713
1353577527239995398
1353577598476025861
1353577633477513216
1353577986512007168
1353578170772041731
1353578344210690048
1353578384954171401
1353578447235407875
1353578515896168450
1353578523731128322
1353578524716773376
1353578756611469313
1353578774395314176
1353578902069899264
1353578940619747328
1353579007963496448
1353579031283855361
1353579084434051072
1353579165010821120
1353579240818683905
1353579264457789440
1353579264902393857
1353579306874773504
1353579312260280320
1353579350982057986
1353579361039835136
1353579384586854400
1353579567487844352
1353579592846618624
1353579617848860673
1353579655593418753
1353579836669890566
1353579899907420160
1353579938650218496
1353580018635599873
1353580049560174592
1353580064936513537
1353580082003116034
1353580137015599105
1353580144565366784
1353580165046161410
1353580176211378176
1353580212320169985
1353580216006955008
1353580252430290945
1353580281995866114
1353580458102173699
1353580562024435713
1353580571285454849
1353580718513909760
1353580757646798848
1353580806451699717
1353580937666297857
1353581234107125762
1353581270706622465
1353581353107939330
1353581398792265729
1353581413388480512
1353581462889623553
1353581827148152832
1353582081255866370
1353582088193191936
1353582307110772737
1353582435078975488
1353582466301374465
1353582816605384704
1353582881608773635
1353582934196957184
1353583065835204608
1353583086739578880
1353583105672671233
1353583198161281025
1353583216964366337
1353583239907127296
1353583240360169472
1353583285700452356
1353583377467629568
1353583378855993348
1353583379086761987
1353583379925635072
1353583381284593667
1353583404399398913
1353583424519462913
1353583491984879617
1353583606413856768
1353583811049697282
1353583948081881088
1353583961625272320
1353583982550638600
1353584086456139776
1353584176822419464
1353584315196706816
1353584486563381248
1353584487985258497
1353584502367526917
1353584529215258625
1353584562660659200
1353584586861776897
1353584635943464961
1353584636119683073
1353584636128063492
1353584641886871554
1353584646236348416
1353584684702310401
1353584700011511810
1353584734148972545
1353584734631243778
1353584743703597061
1353584757733523456
1353584795675222017
1353584824397787141
1353584863748624389
1353584880844754944
1353584886125391873
1353584887488532480
1353585063716335616
1353585264162177029
1353585277697200129
1353585278233923586
1353585282856210432
1353585420655861765
1353585455971840002
1353585469414637568
1353585499160653824
1353585505905074176
1353585606807457792
1353585607365242880
1353585637039988736
1353585673194889217
1353585702286589957
1353585712277368835
1353585720431177729
1353585745622130690
1353585757047369728
1353585761191387136
1353585818347204609
1353585823292207104
1353585894096302083
1353585894154932224
1353585904775000064
1353585910613483520
1353586007770337284
1353586029077422081
1353586030633508864
1353586057875435521
1353586067807596544
1353586076267511809
1353586166637981696
1353586236234067968
1353586240059273218
1353586255603367938
1353586286142124037
1353586312167780352
1353586327061729280
1353586363904438273
1353586375866654722
1353586410226384897
1353586450042933248
1353586459714985986
1353586459983241217
1353586479159779328
1353586520876265473
1353586583077851136
1353586594335387648
1353586597615300609
1353586607522197504
1353586611087413254
1353586620302290944
1353586620692312065
1353586639717748736
1353586657962958848
1353586669950263296
1353586700505796609
1353586767157469186
1353586792428150787
1353586812770512896
1353586821977034752
1353586852217974785
1353586923336564737
1353587040714014720
1353587092039856131
1353587102177497093
1353587106724122625
1353587135308292096
1353587136289771522
1353587136939888640
1353587152483975172
1353587152534130689
1353587168334274560
1353587168351019008
1353587184725602304
1353587224491782145
1353587242833485830
1353587293890740224
1353587393140555778
1353587411125723138
1353587425868734464
1353587498421788672
1353587550666055686
1353587564297539594
1353587571184558080
1353587576536518658
1353587618542399488
1353587631301529603
1353587635374198784
1353587767209558017
1353587773224185856
1353587790626209793
1353587805738455040
1353587823224487937
1353587848100851713
1353587957513527297
1353587992829550593
1353588006003871744
1353588029886230528
1353588035246579713
1353588086534504448
1353588101260701697
1353588112627269634
1353588120323825664
1353588131501641729
1353588133670121472
1353588159083204610
1353588159469281280
1353588216788623362
1353588230818590722
1353588248845692928
1353588301572108288
1353588323114168322
1353588349265715206
1353588359160094720
1353588410607230976
1353588443478024192
1353588496078802946
1353588517235019777
1353588522826027008
1353588534465191937
1353588542765723649
1353588556678230016
1353588557697458181
1353588580472532992
1353588746302713858
1353588750526406657
1353588751486885888
1353588779102179329
1353588840842358784
1353588864401739776
1353588871460741123
1353588892797198337
1353588908290940929
1353588939639160832
1353588941560160256
1353588943401472007
1353588953098711040
1353588991157796864
1353589019305771011
1353589040914771969
1353589047583797248
1353589094522236929
1353589095696654338
1353589162503532549
1353589165494042624
1353589174734123014
1353589189481259009
1353589198712938497
1353589200675860480
1353589219747311617
1353589241943629824
1353589241947844608
1353589321320828928
1353589345689751552
1353589381982904320
1353589420683882496
1353589437343666176
1353589489013293056
1353589551978196993
1353589658660327424
1353589712515166209
1353589776012730368
1353589800851431425
1353589820396888065
1353589906564669440
1353589909295140864
1353589932690972672
1353589941171847168
1353589946452471812
1353589961078022152
1353589973203746817
1353590004795236353
1353590013984956426
1353590073435058179
1353590152313057285
1353590159095312386
1353590195283660801
1353590254222127104
1353590273679491072
1353590274061172736
1353590280193253376
1353590349315395585
1353590390977425408
1353590450091941889
1353590477287796736
1353590484854255616
1353590595437137921
1353590722390355969
1353590814165839872
1353590833354846209
1353590895459901441
1353590908357398530
1353590918381764608
1353590927135285250
1353590927277780992
1353590928863330310
1353590937721708544
1353590950241722368
1353590954704437249
1353590990267887616
1353591048933662721
1353591053614510083
1353591071759020034
1353591100271964160
1353591173269630976
1353591186989199360
1353591228646961153
1353591268367073285
1353591295802023936
1353591365901410305
1353591375875502080
1353591394271694849
1353591464786321410
1353591479831306240
1353591589030010880
1353591607023587328
1353591612396498952
1353591641861484545
1353591688133046273
1353591690657992704
1353591710878736384
1353591781686968321
1353591866076364804
1353591869452804096
1353591878189461504
1353591881796562945
1353591910250778625
1353591918932930560
1353591937857691648
1353591950784532481
1353591980387934208
1353591981172281344
1353591994006855681
1353592022167388166
1353592022897209345
1353592080610844673
1353592098113597441
1353592165755191296
1353592183593566208
1353592200421117953
1353592218624385027
1353592273171226625
1353592290703532034
1353592302132989953
1353592392541237248
1353592396932636672
1353592430466011136
1353592437239779328
1353592440784084995
1353592520819810304
1353592527513907200
1353592553594105858
1353592584480972800
1353592621369872384
1353592698201059330
1353592702479200256
1353592702621900806
1353592795685150720
1353592808607805440
1353592895455055872
1353592922604789760
1353592966149976064
1353593011423350785
1353593030071250945
1353593047523545089
1353593067274690561
1353593079245238274
1353593086400557056
1353593191849750528
1353593201790226432
1353593206290718726
1353593216520622082
1353593350197276672
1353593375434436608
1353593387472080898
1353593395571273728
1353593443843358728
1353593462147469313
1353593467398709248
1353593481252515841
1353593493969625088
1353593514202955776
1353593537649061888
1353593541008773120
1353593542468366339
1353593549800022019
1353593594196717569
1353593687108947969
1353593695665352704
1353593704355942400
1353593708885774336
1353593713684066305
1353593730083786753
1353593769363464192
1353593779056496641
1353593792495054848
1353593817237237760
1353593826993123328
1353593871465394176
1353593927748739075
1353593933734043653
1353593941204078594
1353593942307184641
1353593952893546496
1353593989539225602
1353593998405992449
1353594040667828224
1353594059147923456
1353594075035930625
1353594086553509894
1353594088545808384
1353594105910190081
1353594111924830208
1353594172712886272
1353594174365462528
1353594183949426694
1353594223463903232
1353594249363730432
1353594251108634624
1353594264714956802
1353594281307602944
1353594319811305472
1353594342083063808
1353594422563401728
1353594428913496064
1353594453198561280
1353594454159077381
1353594462275047425
1353594462568468480
1353594506197815297
1353594545821409282
1353594569531805697
1353594663496724480
1353594702088597504
1353594706857439232
1353594738587402240
1353594804786126848
1353594809332674561
1353594819159990273
1353594831671586816
1353594906263097344
1353594946977210368
1353594956636708870
1353594991780761601
1353594999217115138
1353595009270951937
1353595015893819397
1353595024576016385
1353595135783804931
1353595200699052033
1353595216687747072
1353595231988555777
1353595241853542402
1353595242969182209
1353595243464159232
1353595244340768768
1353595286451597316
1353595296299757569
1353595300896763904
1353595409109757952
1353595413333483520
1353595566551392261
1353595635132477441
1353595677973078017
1353595684239380481
1353595684381995008
1353595858558857216
1353595889663799296
1353595903601479682
1353595933779488768
1353595958945329153
1353595960350240769
1353596013299326977
1353596211945566209
1353596259328811009
1353596274566717440
1353596314429378560
1353596328778096640
1353596345207189504
1353596476715376641
1353596482667106306
1353596497762377729
1353596537042034689
1353596609787924480
1353596616687628289
1353596618604490754
1353596621108424704
1353596670550761472
1353596699902693377
1353596731699691521
1353596746262319104
1353596766168510469
1353596771201654784
1353596788301832194
1353596793582473216
1353596797881614341
1353596798762422274
1353596819394207746
1353596850541113344
1353596855121305600
1353596856954204160
1353596862524239873
1353596973690052608
1353596981713711111
1353597005399027712
1353597046058590209
1353597149288816640
1353597159975825408
1353597177403240448
1353597186928500736
1353597205865771010
1353597212803084288
1353597215546204161
1353597282122399744
1353597307560878080
1353597388578037760
1353597393535643649
1353597510191886336
1353597511005577216
1353597588432416768
1353597627905015814
1353597664609398785
1353597664944910340
1353597666052042757
1353597672448544768
1353597722033594368
1353597755185356802
1353597759790718976
1353597832821960704
1353597882599804929
1353597923926437889
1353597952615395329
1353597952984571904
1353597980062965761
1353597987012927489
1353597988023767041
1353597998794764288
1353598002221490177
1353598014405939200
1353598024094789634
1353598025701187584
1353598034836393984
1353598064796250112
1353598088993247232
1353598111000748033
1353598115920683009
1353598142290276353
1353598143884046336
1353598160829100032
1353598161210789888
1353598162162905088
1353598171809796096
1353598185017663489
1353598228533555200
1353598235500277762
1353598247793811456
1353598271466442754
1353598279217516544
1353598301124358144
1353598323156987904
1353598328785821696
1353598342140456961
1353598385048219648
1353598390047797254
1353598435878981632
1353598459052482560
1353598476932669448
1353598477452812288
1353598480158101515
1353598482422984714
1353598492229427200
1353598561389314049
1353598580133490689
1353598598097858560
1353598608961056769
1353598612761161728
1353598613012836356
1353598629211201536
1353598629542588416
1353598629592891392
1353598631388065792
1353598657233383424
1353598674497110018
1353598724816121857
1353598728788033536
1353598733825536002
1353598763529596928
1353598801320288256
1353598884388327424
1353598907671076864
1353599032216719361
1353599041473556480
1353599064500273153
1353599069294387200
1353599072175861760
1353599090593067009
1353599100189614080
1353599116656439296
1353599123111489536
1353599125208625153
1353599129834954753
1353599149166485504
1353599150840045569
1353599159618699264
1353599160885407749
1353599163901087749
1353599182246916097
1353599201628868620
1353599207110799360
1353599212529836032
1353599216971612166
1353599239662788609
1353599243186003970
1353599286643208193
1353599306536792064
1353599313650348032
1353599343853510656
1353599343996116992
1353599371007430656
1353599371405881344
1353599380088041472
1353599387679805441
1353599398895357953
1353599426074443776
1353599427257249793
1353599434148499456
1353599452305645568
1353599454507638784
1353599482252963846
1353599489681059840
1353599557612003329
1353599685756411905
1353599744426319872
1353599774017146880
1353599774801408000
1353599847719448576
1353599866648338433
1353599877733879808
1353599885833105408
1353599897686183944
1353599928388493312
1353599981110882304
1353599997258960901
1353600003713990657
1353600014279467008
1353600061150736389
1353600084416598016
1353600092209557506
1353600109888602112
1353600152481759232
1353600159817592833
1353600208043712512
1353600243598716928
1353600250787885056
1353600259046461440
1353600330957811712
1353600410582470658
1353600437866393603
1353600475279618053
1353600524461998082
1353600537854410753
1353600551611723776
1353600592443297792
1353600615490969601
1353600628556263424
1353600638844882945
1353600672554496001
1353600688971018240
1353600769346465797
1353600777453973504
1353600800187162624
1353600848581062656
1353600860304142337
1353600875714007041
1353600917397000192
1353600969389584385
1353600971822276608
1353600993582178304
1353600996983898113
1353601026209837057
1353601046363385861
1353601076700852224
1353601085966082054
1353601106111299584
1353601111559700481
1353601131998535680
1353601141477695490
1353601176244256769
1353601198817947648
1353601230111649794
1353601254887448578
1353601254942007297
1353601295450517508
1353601315478376449
1353601332607901696
1353601352958676993
1353601376618766337
1353601413990002688
1353601451004751872
1353601471510581253
1353601482428444672
1353601499436363778
1353601504712790018
1353601531027857408
1353601583943213056
1353601603631243264
1353601633578577921
1353601640159440897
1353601650766843904
1353601700523896832
1353601712246976515
1353601745465864193
1353601748540252160
1353601774431698944
1353601859710312449
1353601861299929088
1353601977914163201
1353602006343180288
1353602057517883392
1353602084260745216
1353602095748886529
1353602120038146048
1353602125222322176
1353602133870989312
1353602138564218881
1353602159535919105
1353602163726020608
1353602201718030336
1353602237810044929
1353602252116697088
1353602310832701441
1353602315018784768
1353602331984723968
1353602395763314689
1353602422690746368
1353602460045234176
1353602478827298816
1353602488843333632
1353602503154262016
1353602507075964930
1353602517964357632
1353602521625997312
1353602541792210945
1353602571898920962
1353602575233331200
1353602585970823176
1353602630870822912
1353602754774781954
1353602786617909248
1353602799330877440
1353602801939718149
1353602805701996544
1353602937331855360
1353602946605449216
1353603034186702848
1353603037143719937
1353603056567521280
1353603061730652160
1353603099596877824
1353603101341708289
1353603126415208459
1353603189820559360
1353603201342308352
1353603258602778627
1353603267637481472
1353603287241650176
1353603298100736000
1353603354669277184
1353603380351008768
1353603383182110720
1353603433090187264
1353603444049895424
1353603450915991553
1353603503743262721
1353603510030499840
1353603510198181888
1353603510215073793
1353603510244401152
1353603517580247040
1353603573725147136
1353603647658209280
1353603772111585280
1353603784069537793
1353603802692255744
1353603808333541376
1353603834061459458
1353603914063618050
1353603933311270912
1353603936331173888
1353604028157059072
1353604046146445312
1353604073346502656
1353604073774264320
1353604080749473794
1353604133937414151
1353604149284401152
1353604149758201856
1353604151603679233
1353604182759116800
1353604188308185093
1353604264141193216
1353604283191734272
1353604321812885504
1353604335352033281
1353604340578181120
1353604365555269632
1353604385125904384
1353604432127209475
1353604436342542338
1353604462376603651
1353604515178668033
1353604556794564608
1353604589883428865
1353604591850573831
1353604608749424650
1353604613690322944
1353604646049361921
1353604654928564224
1353604657029935105
1353604705151234048
1353604728060567554
1353604737644584961
1353604796171886592
1353604830623903745
1353604882683596801
1353604888513622022
1353604977852346369
1353605035578466304
1353605058458431488
1353605059226038274
1353605101525590016
1353605101731131392
1353605109306060801
1353605115991781376
1353605134459301888
1353605141765660673
1353605156357726210
1353605194412679168
1353605211252781056
1353605222535491589
1353605235760099328
1353605244773666816
1353605269998206986
1353605288201392129
1353605311177887750
1353605322359902208
1353605327783137281
1353605328814940160
1353605336448593921
1353605356996452353
1353605404551503873
1353605407223255041
1353605419504119808
1353605438189744129
1353605503881007104
1353605544238526466
1353605563142307841
1353605573577682944
1353605591810379776
1353605603806081025
1353605613713043456
1353605635494064128
1353605649071026176
1353605663449112576
1353605685385289729
1353605748576706560
1353605759934861319
1353605760723415041
1353605787726315523
1353605833792352257
1353605841551765507
1353605873181089793
1353605875563433984
1353605891254349824
1353605904776757252
1353605910560702464
1353605948166844418
1353605984162369537
1353606006245351424
1353606013329543169
1353606020342439936
1353606026793267200
1353606027086761989
1353606028017852416
1353606028097544192
1353606028458221570
1353606045084635136
1353606052323991552
1353606073589112832
1353606079201091589
1353606166819921921
1353606182846541824
1353606222386262017
1353606247900184576
1353606254837592064
1353606278472491008
1353606298609328128
1353606301125922818
1353606394969268225
1353606400828706816
1353606412610514945
1353606460954079233
1353606482269511681
1353606517434540033
1353606528251666437
1353606545720938496
1353606613064687617
1353606678885916672
1353606760972627968
1353606770917314560
1353606773463199744
1353606816085716994
1353606816941404161
1353606874491461632
1353606919127134209
1353606922700611585
1353606938865483776
1353606954401341440
1353606982423482368
1353606988840771585
1353607066494136326
1353607175550210048
1353607175990554624
1353607223503687680
1353607235801329671
1353607285109567488
1353607287307436034
1353607319356112896
1353607319549059073
1353607360305131520
1353607371159957504
1353607384602701825
1353607387630997505
1353607408719962113
1353607409718206466
1353607432161939456
1353607510758993921
1353607534037377024
1353607545680777216
1353607593084784640
1353607625531928576
1353607673258848256
1353607733262561281
1353607740460064769
1353607771078488065
1353607823628922882
1353607837633675265
1353607853039366144
1353607875353051143
1353607877081133056
1353607905178759168
1353607961973821442
1353607992105697280
1353608014989848576
1353608026062778369
1353608046879117314
1353608067603197952
1353608115221131264
1353608125404884997
1353608126856126465
1353608154311962625
1353608174373367809
1353608175262556160
1353608185521823745
1353608230270808064
1353608235090120704
1353608284490657795
1353608285761495040
1353608289129553920
1353608303939620864
1353608342984384513
1353608351368835073
1353608398869307394
1353608402874888192
1353608451008720896
1353608465437097986
1353608485997588480
1353608518344069120
1353608520340537344
1353608534680883200
1353608543237066753
1353608543253843968
1353608543379795973
1353608543400820738
1353608549683888131
1353608561562181632
1353608612262932481
1353608618847973376
1353608623348441088
1353608671855579136
1353608683415101441
1353608713454706690
1353608719595134976
1353608763102670848
1353608825203527680
1353608850893664257
1353608872121020416
1353608875958804481
1353608898310242305
1353608905545424897
1353608919046881280
1353608967403020289
1353608981261012997
1353608995576176640
1353609026173628418
1353609084482838528
1353609084910628864
1353609090518429697
1353609096289800193
1353609105714388997
1353609144113254400
1353609163415416832
1353609224870363141
1353609231354765312
1353609260932935680
1353609277756362752
1353609291094134785
1353609296643239938
1353609316893417473
1353609341975359489
1353609391136796672
1353609392239878145
1353609411021971456
1353609414847193089
1353609428810014722
1353609440856043521
1353609448263217152
1353609461412323329
1353609463496908800
1353609491376435200
1353609499374981120
1353609517242703872
1353609521332105216
1353609525656485888
1353609530136023041
1353609531843080193
1353609584208973825
1353609649350651912
1353609668980051969
1353609670460637184
1353609715968860160
1353609735250063360
1353609752006299648
1353609753302360065
1353609779382525952
1353609782289182720
1353609784222736384
1353609794234556418
1353609801612353536
1353609801754841091
1353609801847209985
1353609852149510144
1353609868779909121
1353609877558595584
1353609954947719169
1353609968113635328
1353609997121368064
1353609999621226498
1353610028180250624
1353610038250766342
1353610058601553920
1353610078176358400
1353610082693607424
1353610099282075648
1353610112418635777
1353610119020470272
1353610131129425921
1353610142487617536
1353610202604589056
1353610254257369088
1353610283424604160
1353610358464901120
1353610366182453253
1353610380308865025
1353610407257251840
1353610486999379974
1353610511779319808
1353610524672593921
1353610535993008129
1353610572143742977
1353610572575748097
1353610582432346112
1353610630364880901
1353610637277093895
1353610646055747586
1353610647070793732
1353610654993756162
1353610742310825984
1353610764775546881
1353610766797197314
1353610842168766465
1353610843796156416
1353610898691256320
1353610924024868864
1353610941431214086
1353610953124847616
1353610966118723585
1353611035509452803
1353611060020981762
1353611060662697984
1353611071572082688
1353611071957979137
1353611078144561152
1353611090979127296
1353611093533405184
1353611100865126401
1353611161028190210
1353611172214398976
1353611177868353537
1353611214006444038
1353611232956346369
1353611314095132674
1353611317505105925
1353611327382687746
1353611331212083200
1353611351910977536
1353611369464082432
1353611400866881539
1353611430398992384
1353611444391174144
1353611545872363521
1353611546648260613
1353611551480176641
1353611560485330944
1353611564885143553
1353611610871496705
1353611612712796160
1353611643805200385
1353611645961043970
1353611663002411008
1353611685010022400
1353611714068172800
1353611716664426497
1353611769407799296
1353611816975429632
1353611848038428674
1353611853499404289
1353611858725511170
1353611889859842048
1353611925326864384
1353611964170326016
1353611975041888256
1353612011133935622
1353612026178895873
1353612038170435584
1353612044994543618
1353612070193946628
1353612070357499904
1353612086400708608
1353612088325910528
1353612094969704448
1353612162929930241
1353612163965968384
1353612170764947456
1353612182513135618
1353612185910603777
1353612239241142272
1353612240050642944
1353612246245638146
1353612252822331392
1353612268202827776
1353612286427062273
1353612311005712385
1353612322829447169
1353612374641672192
1353612432896356353
1353612451846250496
1353612476349362176
1353612480564629504
1353612486738649088
1353612528664911874
1353612529533153281
1353612571648131072
1353612576144429056
1353612578996555783
1353612608985849857
1353612634977955840
1353612639650381824
1353612688748896257
1353612691617804288
1353612693421359104
1353612706343841792
1353612708332130304
1353612742213644288
1353612762102943744
1353612807355453440
1353612837923467266
1353612855384403968
1353612879577161728
1353612902759100416
1353612928826671109
1353612941464133632
1353612958081765382
1353612962272071682
1353612985135206401
1353612989161730049
1353612995725811712
1353613035970162688
1353613038927175680
1353613055754711040
1353613088193449984
1353613131117899777
1353613153117097985
1353613161669267457
1353613162965327872
1353613174231228422
1353613198105202688
1353613207940820992
1353613228505509890
1353613248495562752
1353613304414019584
1353613312852975620
1353613315545702401
1353613324676698112
1353613337150562304
1353613374148509698
1353613424513720320
1353613432046710784
1353613458558873600
1353613488086806531
1353613491396112384
1353613497662382081
1353613512938049536
1353613549998923780
1353613577454645249
1353613577723277312
1353613578826178560
1353613579182878720
1353613579707150337
1353613580277407745
1353613580751392768
1353613580793352192
1353613581842067456
1353613582118875140
1353613584081817600
1353613595561644039
1353613600133443584
1353613622300307457
1353613635143299073
1353613644442054656
1353613674255052800
1353613677019222022
1353613680676630529
1353613685407821825
1353613694375223297
1353613699479695362
1353613715971694592
1353613735328415745
1353613755507208192
1353613760582348801
1353613765405769729
1353613776420036608
1353613808984612866
1353613811333394435
1353613813585768450
1353613813883559936
1353613848507506690
1353613856652861440
1353613857017769986
1353613932984938496
1353613935015059456
1353613936269135872
1353613939515531264
1353613942795497472
1353613973560692738
1353613985619259393
1353614105853251584
1353614106142650370
1353614111632928768
1353614168784515083
1353614177458384897
1353614194730545155
1353614222052257794
1353614229446815745
1353614237361385472
1353614280764092416
1353614308580741120
1353614315065110534
1353614345553530882
1353614346514006017
1353614369725194252
1353614396724027392
1353614412825956352
1353614469230964739
1353614472552853504
1353614472934379520
1353614528844587014
1353614540467019777
1353614576353468416
1353614610180567040
1353614616392327169
1353614627335188486
1353614638563397633
1353614643546218497
1353614660189253633
1353614680821002241
1353614711510740992
1353614733585379328
1353614736877826049
1353614751339839488
1353614767261442052
1353614768339353603
1353614835116773376
1353614835171303429
1353614865668169729
1353614875826728960
1353614918621212672
1353614933888557057
1353614971045744642
1353614974057209859
1353614974493421573
1353614975156236289
1353614976561377280
1353614997751017472
1353615065782616064
1353615070815608833
1353615072824848389
1353615091414032387
1353615117213167616
1353615134548226048
1353615155578494976
1353615239368089600
1353615257881739265
1353615273920753664
1353615311996649472
1353615327532351488
1353615358737997834
1353615377096462336
1353615403185016832
1353615432670965762
1353615447074222080
1353615447539802118
1353615459313217537
1353615478716043264
1353615498655760384
1353615525251833857
1353615559552864263
1353615580209836032
1353615598593445888
1353615601302953988
1353615627026640899
1353615637852123136
1353615647658438656
1353615649084420096
1353615665253527557
1353615726616195072
1353615738171514880
1353615772237631489
1353615825387876353
1353615841443540992
1353615848624295936
1353615865854439425
1353615875367194625
1353615903590637569
1353615911920545793
1353615915200491520
1353615933881937921
1353615942966775809
1353615954182361088
1353616032452239361
1353616040752775168
1353616085497610241
1353616092468563968
1353616093198352388
1353616093303070720
1353616097845665795
1353616120129974273
1353616147439083520
1353616161640951808
1353616176929263617
1353616185254957056
1353616193157001216
1353616195010899973
1353616199616237568
1353616201419812865
1353616235259432960
1353616237096534017
1353616238191239169
1353616255895429120
1353616258009280515
1353616298161405953
1353616364083277825
1353616373767921664
1353616385147097088
1353616427807342593
1353616431246684160
1353616454038532098
1353616455640604672
1353616510187675648
1353616552675971073
1353616553745514496
1353616575773908992
1353616596472918016
1353616631650340864
1353616669403467778
1353616709949808641
1353616716484456450
1353616748566749185
1353616781731049475
1353616788907548673
1353616789767393280
1353616834529030147
1353616849083248640
1353616863197081605
1353616864753164288
1353616906566176770
1353616910773055488
1353616958382624769
1353616985263726592
1353616986996170753
1353617003920109568
1353617014619856896
1353617030767902720
1353617051596808194
1353617108094115841
1353617147436609536
1353617153019273216
1353617154113990656
1353617163265912832
1353617180441587712
1353617183125995527
1353617211743723521
1353617226717396992
1353617262201233410
1353617279808909312
1353617304886644738
1353617308426645504
1353617324163665921
1353617331847647233
1353617347186196480
1353617351329992704
1353617351405572096
1353617351539892224
1353617364290588673
1353617381151662083
1353617398679658497
1353617425334472704
1353617439884521474
1353617454501662720
1353617467386552321
1353617487905095681
1353617515130322945
1353617532498956288
1353617549775265792
1353617587729530880
1353617601650421766
1353617604829716481
1353617620155703296
1353617645166325762
1353617682072031232
1353617708076642304
1353617729249546240
1353617743178846208
1353617743740694530
1353617757116510208
1353617760971075584
1353617770676686849
1353617772333428741
1353617782563332096
1353617787835600896
1353617801311903745
1353617816205852673
1353617833679347714
1353617849336680448
1353617852679544837
1353617864335515648
1353617865686085633
1353617881192402944
1353617896476463104
1353617907687837697
1353617915296313344
1353617932249665536
1353617957549723648
1353617963845345281
1353617978345082880
1353617978865168387
1353618002009317376
1353618009944948737
1353618015737290752
1353618043738480640
1353618047769178119
1353618051065933827
1353618089489948674
1353618091322859521
1353618103792504833
1353618106409578496
1353618161548087296
1353618176953692162
1353618197140930562
1353618252585459712
1353618263721308160
1353618279177334784
1353618282759254016
1353618283967242241
1353618291596660736
1353618297867165698
1353618366246875136
1353618366846693377
1353618380910174208
1353618426569383936
1353618459616276480
1353618460526469121
1353618504570834944
1353618520085585921
1353618566067740673
1353618579523055616
1353618717339475968
1353618717410734080
1353618735425347584
1353618766194737152
1353618775162171393
1353618802198671360
1353618802626453506
1353618833874018308
1353618837955084288
1353618878836961281
1353618881395499009
1353618883589132289
1353618916287905794
1353618926920470530
1353618934642184192
1353618945144721408
1353618977453465600
1353618978967588864
1353619031383629824
1353619038547681280
1353619111763451905
1353619126544162818
1353619156516659201
1353619165354094592
1353619169321889792
1353619198891667456
1353619240029466625
1353619242906742784
1353619254545764352
1353619271117660161
1353619274288525312
1353619287899049984
1353619314537074690
1353619324448235520
1353619326000132097
1353619331482071042
1353619378013667328
1353619380987437057
1353619388251983877
1353619392702111745
1353619395101274112
1353619404123209729
1353619404861415429
1353619437665071104
1353619456887566336
1353619538336747521
1353619555558567936
1353619600559190016
1353619626538786817
1353619633035685888
1353619649263501314
1353619656045711360
1353619656234438660
1353619661104021505
1353619693937025025
1353619701453225984
1353619703768506369
1353619706356264961
1353619715881631744
1353619730381369347
1353619734420484096
1353619735875883008
1353619739474583552
1353619744826470407
1353619744868413440
1353619775465922560
1353619804133990400
1353619819216723968
1353619822307930112
1353619823058685953
1353619824207945733
1353619825583673344
1353619828339306512
1353619870651473920
1353619893372022785
1353619902658129920
1353619951815450625
1353619955040845824
1353619981951520768
1353619990432403456
1353620011940782085
1353620025085743104
1353620041368006656
1353620049530130433
1353620054395539468
1353620063618785281
1353620086205132804
1353620095680045057
1353620098871914496
1353620105670832129
1353620119000383488
1353620135819571202
1353620153691496449
1353620160523993088
1353620172515500037
1353620174822383623
1353620178697908224
1353620183961595905
1353620186612555776
1353620208758493186
1353620237137154048
1353620262110035969
1353620262168768513
1353620265377406976
1353620271425605637
1353620276441968640
1353620302341791744
1353620319504912385
1353620326710726656
1353620338127597569
1353620347329908736
1353620370385993728
1353620378472632321
1353620401063133185
1353620407245557761
1353620412547158021
1353620420885426176
1353620425767575553
1353620430842687488
1353620437524213762
1353620440342814720
1353620443576545283
1353620476027953152
1353620481992253440
1353620499297873920
1353620499482484737
1353620527114575872
1353620527303290880
1353620544487370752
1353620559414890497
1353620559591043072
1353620559800758274
1353620568487112704
1353620577249058816
1353620578532519936
1353620580831006720
1353620582991015936
1353620611076136961
1353620633939304449
1353620634765561856
1353620637688983556
1353620651974795265
1353620663412654081
1353620670115164161
1353620724662087682
1353620741858734080
1353620745511985153
1353620755926364162
1353620756777869313
1353620757042114560
1353620770639859714
1353620794430119936
1353620804580343808
1353620825962926085
1353620835140071434
1353620838474518528
1353620866832203778
1353620877330571265
1353620892404895746
1353620901871443968
1353620910289412100
1353620915905564675
1353620928844996615
1353620982716637185
1353620994859143169
1353621020805050368
1353621028900130817
1353621036437274624
1353621065281503232
1353621102900207616
1353621105630732289
1353621126258298883
1353621126455250944
1353621126614634496
1353621126711271424
1353621127453663233
1353621127826821121
1353621127969468416
1353621129005568000
1353621132897898496
1353621159699492866
1353621177533685761
1353621177999249408
1353621180373225472
1353621189873299456
1353621195753725956
1353621198505193473
1353621236958564352
1353621238334283778
1353621246215294976
1353621263865024512
1353621268394868738
1353621269611122693
1353621277253111809
1353621322660769793
1353621363471372289
1353621370131927042
1353621377237053446
1353621384476434433
1353621387731206146
1353621401278816257
1353621448196149251
1353621449215528960
1353621454873624576
1353621460380758017
1353621468958101504
1353621469272662017
1353621471508180992
1353621496804077568
1353621504764891139
1353621525115580417
1353621549958516736
1353621550054969344
1353621554622590977
1353621595424776193
1353621653339713536
1353621656950988801
1353621664903401474
1353621720150675457
1353621720830275584
1353621747694759936
1353621755928211456
1353621778376126465
1353621787410575360
1353621801872535553
1353621823133515778
1353621837738078208
1353621842431533059
1353621842913857536
1353621843316502529
1353621858197901314
1353621890737254400
1353621894239498242
1353621915206873088
1353621957619703808
1353621966431940609
1353621970521378819
1353621973775990784
1353622028109180928
1353622030692855808
1353622046287212546
1353622108593598464
1353622114704764930
1353622115241631744
1353622130324353026
1353622136875843590
1353622144069103616
1353622147730554881
1353622167058079744
1353622180320440324
1353622188532883457
1353622233038671872
1353622252168880128
1353622265620000768
1353622267343863808
1353622279956127744
1353622342287712257
1353622349510283266
1353622357718560771
1353622365700313088
1353622369735204864
1353622374063755265
1353622382712389632
1353622384620625928
1353622390740279296
1353622390778056705
1353622401049894912
1353622412152205313
1353622414773669889
1353622423602679810
1353622456091734016
1353622473103855616
1353622516913344519
1353622519044046848
1353622564350939137
1353622570050977798
1353622589374156801
1353622590217220096
1353622604205223936
1353622636190961664
1353622669783158790
1353622686396796928
1353622729560371200
1353622730021679105
1353622766986129408
1353622818806759425
1353622835412033536
1353622888826470402
1353622891489845250
1353622947362189312
1353622994057383937
1353623013284052993
1353623056774787074
1353623076257361921
1353623083647717377
1353623090492792832
1353623098864640001
1353623112017973250
1353623114761068544
1353623168787898368
1353623186437505024
1353623276971388930
1353623297263624192
1353623313717862400
1353623333766574080
1353623349277159425
1353623349658791936
1353623351789580290
1353623361977524224
1353623379987853312
1353623399134679040
1353623407229857792
1353623452259856384
1353623460371714051
1353623487412391936
1353623510699094016
1353623546354929665
1353623546875039744
1353623555695640577
1353623555976658946
1353623561609637889
1353623569142599685
1353623586884476931
1353623595159793665
1353623657520787457
1353623698616569857
1353623741901713410
1353623746230308864
1353623778924916737
1353623797941858304
1353623800458457090
1353623830032478208
1353623833316634624
1353623841315155969
1353623860890005507
1353623877235179520
1353623921661272064
1353623939549966336
1353623991114723328
1353623996483457024
1353624001281728514
1353624005325049856
1353624024828563456
1353624040565563392
1353624044424278017
1353624079761371142
1353624092235223041
1353624106470670343
1353624146157072385
1353624158614249472
1353624165324972033
1353624170828079105
1353624197176709122
1353624209231118337
1353624210053230593
1353624227006586880
1353624228952735745
1353624252029743104
1353624265237688321
1353624284581781504
1353624288880951297
1353624292865540098
1353624292890697730
1353624307222654976
1353624332921167873
1353624340189872128
1353624362948173826
1353624370749599747
1353624384561418242
1353624392564174848
1353624422167568384
1353624426575785984
1353624426697338880
1353624476748029952
1353624493546205186
1353624506443694080
1353624523615195136
1353624534973341696
1353624550748139520
1353624559136735232
1353624561510715392
1353624596650463232
1353624603101442048
1353624620000284674
1353624624349769729
1353624649184256000
1353624670390644736
1353624671606992902
1353624677726498816
1353624679009947649
1353624722043494401
1353624722198716416
1353624730071425025
1353624771385241601
1353624792247762946
1353624795989106688
1353624806822916098
1353624819242315777
1353624822123798528
1353624890637766658
1353624912829808640
1353624915925151747
1353624941195878400
1353624980488151040
1353625005356064768
1353625012465528832
1353625030169681920
1353625042643521536
1353625070741155841
1353625070946701313
1353625116253581313
1353625158112653312
1353625170724835329
1353625172851490816
1353625173421789185
1353625174961246210
1353625175170793472
1353625175321759744
1353625177016340490
1353625177381199874
1353625178220195840
1353625178534625280
1353625180015366144
1353625222763712513
1353625234067382273
1353625271778336769
1353625281769123841
1353625322617503746
1353625334231429120
1353625347082891264
1353625360831836165
1353625428691451905
1353625448803151873
1353625460870180864
1353625473406926851
1353625555376156678
1353625611806384128
1353625613119188992
1353625652210053120
1353625662951714816
1353625670019121152
1353625787816153089
1353625800965292034
1353625824835096576
1353625824843493377
1353625836247769089
1353625864848740352
1353625871467352064
1353625933555576832
1353625988882718721
1353625995572633601
1353626010957344768
1353626014300196865
1353626046772350976
1353626069463654404
1353626108571344898
1353626109477330944
1353626133007392768
1353626142369079299
1353626143514124290
1353626158668111872
1353626210501353472
1353626218239827970
1353626269636820992
1353626276037337088
1353626288997724162
1353626327597907969
1353626330491985921
1353626371138985984
1353626400301981701
1353626461534642176
1353626520707854337
1353626520825311232
1353626583412703233
1353626596888948736
1353626609513852928
1353626610113662977
1353626618258927617
1353626622965002240
1353626658520104960
1353626677608378369
1353626695450947585
1353626701289414662
1353626735187800064
1353626807854051333
1353626877970313216
1353626968265269255
1353626983364702208
1353627044421234688
1353627052793069568
1353627063182356480
1353627067351445505
1353627109965574144
1353627125945950209
1353627133160132608
1353627150084153344
1353627199560183809
1353627208888283136
1353627210465366021
1353627244187541504
1353627309820014592
1353627315557830656
1353627331554926592
1353627385560768513
1353627445887463425
1353627447862964226
1353627473926348800
1353627503794024448
1353627526988509185
1353627549126041601
1353627550816284673
1353627575764058112
1353627583120871427
1353627592616771584
1353627596907573248
1353627606902566912
1353627670236581889
1353627699001110528
1353627709897891845
1353627720866004997
1353627727950184449
1353627740860198913
1353627749651337217
1353627787043745793
1353627803716087809
1353627811114852354
1353627857877131264
1353627882778750977
1353627904115138565
1353627905339895810
1353627916496736256
1353627935807332352
1353628045551280129
1353628060176801794
1353628087565627393
1353628094922432512
1353628111406051330
1353628123238182913
1353628191114604544
1353628193635381251
1353628218083975169
1353628222081085442
1353628229614104576
1353628247502839809
1353628256587673600
1353628277559222272
1353628294856511488
1353628297469566977
1353628299885424640
1353628299906473985
1353628310043906048
1353628322576691201
1353628391279353856
1353628411869224960
1353628413794410496
1353628436028416007
1353628469763190784
1353628476612505603
1353628504269664257
1353628531834691584
1353628540974092291
1353628548242821121
1353628570963349505
1353628587673477120
1353628591028920320
1353628602915463168
1353628621169164289
1353628621987074048
1353628627867492353
1353628646217576449
1353628665750446080
1353628671836368897
1353628675787411458
1353628676873728001
1353628682393432064
1353628685257981952
1353628708947558405
1353628713896833025
1353628733534560257
1353628736478998529
1353628739821776897
1353628759354716161
1353628761690951680
1353628764471762944
1353628822424444930
1353628835514884096
1353628838115291137
1353628844100636672
1353628846915002368
1353628857392386051
1353628886437781504
1353628887184531458
1353628909053607936
1353628911880593408
1353628919510032386
1353628921410023425
1353628923922407424
1353628925252009984
1353628940661886976
1353628949176324096
1353628954159157249
1353628970953146368
1353629161861099523
1353629167833722880
1353629198657720320
1353629200025051138
1353629251623391232
1353629252281888768
1353629265678503936
1353629269692456966
1353629286243192833
1353629291859337216
1353629299904045058
1353629300747083777
1353629308573659137
1353629314013511680
1353629329931071488
1353629360109068288
1353629397295767552
1353629422826434560
1353629434880942082
1353629541172801536
1353629541886029824
1353629542997495809
1353629543161094145
1353629545220472832
1353629579005603841
1353629589084516352
1353629602204286977
1353629643727908869
1353629657707372544
1353629676565114880
1353629684953706497
1353629687034114048
1353629821025341440
1353629844060450817
1353629866470604800
1353629910640816128
1353629917083271168
1353629954735566848
1353629984410259456
1353629991930630149
1353629992983388162
1353629997114732549
1353629997899145216
1353630032342753281
1353630047618412544
1353630071811145730
1353630094900817921
1353630125619875840
1353630135270993920
1353630160902303744
1353630174571593729
1353630201360605185
1353630207014563840
1353630226992005121
1353630233296064513
1353630233962950656
1353630324757061633
1353630330104766465
1353630342977105921
1353630369413795840
1353630384551030784
1353630410190843906
1353630437793554433
1353630443183235073
1353630444579917825
1353630462384754691
1353630463458467840
1353630467707314176
1353630482701971456
1353630491224776704
1353630552616820736
1353630558086160384
1353630589417615362
1353630600075345920
1353630611806806017
1353630611911692288
1353630659105980416
1353630668165701633
1353630682912874503
1353630688516452353
1353630708259041282
1353630772708704256
1353630819479248898
1353630838206963713
1353630870385680384
1353630887708151809
1353630910806167553
1353630918007803904
1353630969778085888
1353630972223352833
1353630974723182592
1353630981866090496
1353630994931322880
1353631015525298176
1353631030205411328
1353631046642896897
1353631096114655233
1353631181150048256
1353631192579530758
1353631192629665793
1353631193909121026
1353631199969882114
1353631215891443712
1353631243754233856
1353631283608432641
1353631287983136768
1353631294626947072
1353631327505895424
1353631395671896065
1353631400340185093
1353631499887775744
1353631513238188032
1353631520725078016
1353631593211060225
1353631610185408514
1353631615814135808
1353631668603654145
1353631681039753216
1353631703038906371
1353631717580484614
1353631783653421057
1353631889547030528
1353631891015020544
1353631912628203521
1353631950788034561
1353631955674345472
1353631983075794945
1353632007935447041
1353632027657072640
1353632054030839809
1353632092295491584
1353632136964808704
1353632145500205056
1353632221933019136
1353632227893125120
1353632259304263680
1353632289989787649
1353632327155535872
1353632330401910785
1353632360382787585
1353632363092340736
1353632364090564609
1353632372001013760
1353632450845392898
1353632451051081728
1353632461746446336
1353632522777874432
1353632542071656448
1353632576028684288
1353632654885875713
1353632670027288576
1353632694941446145
1353632702054981632
1353632725073182720
1353632769574907905
1353632773328797696
1353632795390861313
1353632817620652037
1353632824411172867
1353632883337011200
1353632889838182406
1353632909215883264
1353632928866201600
1353632980019929088
1353632988781830144
1353633035720253441
1353633078737043457
1353633080964222977
1353633161834614786
1353633162669256705
1353633179702358019
1353633181300379649
1353633220051529728
1353633266142748672
1353633315941711874
1353633382857658369
1353633399479672832
1353633405737586688
1353633410615541760
1353633426042212352
1353633479095963651
1353633488570822657
1353633509030715392
1353633511463297024
1353633539024105472
1353633543591759874
1353633599195590657
1353633601288609792
1353633613187747840
1353633622557917184
1353633641058992130
1353633672436584449
1353633675578122240
1353633706947334144
1353633709099003905
1353633709216440321
1353633709296148483
1353633709300215808
1353633709459726341
1353633719031050240
1353633722009088005
1353633728866750464
1353633761401966594
1353633764639965184
1353633837402746881
1353633837767651328
1353633843278962688
1353633928125575168
1353633936535146497
1353633937231372288
1353634000418566149
1353634008391970817
1353634023151726592
1353634100272365568
1353634168727592961
1353634197756403712
1353634212474183682
1353634212625084416
1353634241037406209
1353634248121606145
1353634301846368262
1353634388739809286
1353634403818360833
1353634436714278912
1353634443186085888
1353634456557522944
1353634464476385280
1353634474274250753
1353634523997761536
1353634539097239552
1353634544713420800
1353634589760237568
1353634598002061313
1353634627982913536
1353634628045860864
1353634671171563520
1353634694651387905
1353634718592487424
1353634725487849473
1353634744651698176
1353634759759589376
1353634770199179264
1353634860729061381
1353634876554149892
1353634896544215040
1353634899895451649
1353634971223789568
1353635009836539904
1353635038391361536
1353635045311991808
1353635046930919425
1353635051121074178
1353635101859409926
1353635128812199936
1353635139188883459
1353635157169811456
1353635161473232897
1353635176182652928
1353635195430309889
1353635213126086664
1353635266863489024
1353635267157090304
1353635279245086721
1353635291215622145
1353635307359526914
1353635309653786624
1353635337797591041
1353635361478602753
1353635407527878657
1353635419146096640
1353635443263344641
1353635446077743105
1353635458358587394
1353635490608672768
1353635496099008513
1353635497772539906
1353635531243057157
1353635553900711936
1353635554693271552
1353635573840416768
1353635623480000514
1353635665871831040
1353635670452035584
1353635684775571457
1353635751066525697
1353635757525757952
1353635767478870016
1353635774709821440
1353635804086722561
1353635824689164288
1353635861234114562
1353635889335955461
1353635910022258688
1353635942402240513
1353635961696116737
1353635966699843584
1353635989042974720
1353636017115430914
1353636051861045248
1353636063496044544
1353636086212423680
1353636086229184512
1353636097125986309
1353636099743219712
1353636115211669506
1353636116197384192
1353636151484153856
1353636184174567424
1353636195041947648
1353636203623542785
1353636206899298306
1353636226230870019
1353636227614990336
1353636228554485760
1353636233503760386
1353636247437242368
1353636250310365184
1353636260531810305
1353636269373460480
1353636310809006080
1353636324209786880
1353636480158232578
1353636506490068997
1353636509753217027
1353636525376942080
1353636539973120000
1353636540824645635
1353636552698687489
1353636554040881152
1353636563989749761
1353636576136409091
1353636619023212545
1353636640791654402
1353636654813245446
1353636671733043201
1353636703043547137
1353636713042743296
1353636778067038208
1353636780847861761
1353636848959184897
1353636877312659456
1353636915241742336
1353636925672927235
1353636941800087557
1353636944207605760
1353636956538892288
1353636958589906944
1353637023177994242
1353637029326835714
1353637078307889152
1353637081638178816
1353637090467196928
1353637121647652866
1353637181433196545
1353637194641133569
1353637218632552449
1353637224349376513
1353637227725783042
1353637253684277248
1353637267953373184
1353637300798951424
1353637349519990787
1353637378750095361
1353637429262114817
1353637436501405697
1353637451772919808
1353637460526284800
1353637498933698560
1353637609394864129
1353637617561174016
1353637628843851776
1353637668480032768
1353637678714155008
1353637692333060096
1353637752043089923
1353637753293074433
1353637766962229249
1353637799807877122
1353637802911674368
1353637803385638913
1353637810931195909
1353637828144615425
1353637842698842117
1353637847627149312
1353637921421750272
1353637923497897984
1353637938123444225
1353637961187938305
1353638047045312513
1353638058910953472
1353638083527389185
1353638120756019203
1353638166729732097
1353638180675792899
1353638197671194624
1353638220429455362
1353638221465477120
1353638257460981760
1353638266415804416
1353638273118318592
1353638281704050688
1353638298229608449
1353638302071582720
1353638306966351873
1353638363488727047
1353638497576312832
1353638515498766338
1353638580204302337
1353638594972442624
1353638649401892866
1353638674920046592
1353638683656790016
1353638686940925952
1353638704225669122
1353638713767710720
1353638715327979523
1353638719207649280
1353638720000454658
1353638742423031810
1353638742448250882
1353638742494310400
1353638742540472321
1353638756058710016
1353638773398102017
1353638792259887108
1353638830461616129
1353638875038507008
1353638912124706818
1353638965782450177
1353638966210277376
1353639034216738816
1353639052646502413
1353639061144145920
1353639062754783234
1353639067519475713
1353639113765826563
1353639172167397379
1353639283060576256
1353639283945562124
1353639356251185154
1353639419836772352
1353639425989894144
1353639438237237249
1353639456255913985
1353639474245328896
1353639493308452864
1353639528536420353
1353639547771383808
1353639551949021185
1353639553022754821
1353639642407571456
1353639649944743936
1353639654587834368
1353639691736768512
1353639701786320898
1353639764411310081
1353639784858710017
1353639858112090115
1353639872196702209
1353639898104950789
1353639917734264832
1353639933328687106
1353640000370442246
1353640000672256001
1353640004044660741
1353640010080268291
1353640086617907200
1353640129957687297
1353640145065545728
1353640195535605760
1353640323830980608
1353640334417342464
1353640350510936066
1353640379741073408
1353640388314202112
1353640401064914945
1353640418571923458
1353640432186626055
1353640510125174784
1353640519738548226
1353640527254740992
1353640528441716737
1353640529028911105
1353640561283125249
1353640587954696193
1353640598767628290
1353640623329464321
1353640625149796353
1353640628031270912
1353640663821266944
1353640664521711621
1353640669932355584
1353640698826936320
1353640699548327937
1353640717474787328
1353640737192161280
1353640775830147075
1353640803625807873
1353640830880411655
1353640836727263232
1353640855794556933
1353640913038409728
1353640917891211264
1353640934785880064
1353640950996873218
1353640980222771202
1353641028205608960
1353641032898940928
1353641034794864641
1353641043535794177
1353641048208257026
1353641056965971968
1353641059444809729
1353641069548883968
1353641073743163392
1353641079178989569
1353641091208196096
1353641129821036544
1353641132207517696
1353641134019502080
1353641148150116353
1353641153049071617
1353641164306571265
1353641168765116416
1353641177795481601
1353641180861501446
1353641244807852032
1353641258871353344
1353641272033091584
1353641283701649411
1353641298377535490
1353641314265554944
1353641337631997953
1353641398164185089
1353641417223135233
1353641427247509504
1353641470528540672
1353641543870111753
1353641545677893632
1353641549016535040
1353641550392270848
1353641575985926144
1353641612614758401
1353641624186847235
1353641628553146368
1353641630369255424
1353641663462309889
1353641692151349250
1353641697671073793
1353641768177299458
1353641781167063041
1353641804147675137
1353641829254750208
1353641859256619009
1353641865799720961
1353641914021662721
1353641943234822145
1353641958808440832
1353642006799659008
1353642016769499138
1353642053780066309
1353642055508119552
1353642059735961600
1353642099250503682
1353642108377321474
1353642117252472832
1353642169530277888
1353642172063604736
1353642190451388416
1353642200463273984
1353642245153554432
1353642290863108096
1353642293501243392
1353642301877313537
1353642323528347648
1353642329131900929
1353642343988080640
1353642399382335489
1353642409033232384
1353642411361251328
1353642416973221889
1353642441883185152
1353642446647926784
1353642469230059520
1353642472350625792
1353642496228798466
1353642544731742208
1353642554370240512
1353642609592459265
1353642627099488256
1353642634510802950
1353642640491900928
1353642644124164096
1353642677020090370
1353642689724612615
1353642698192932864
1353642711883116544
1353642732049354755
1353642842263007232
1353642872529162240
1353642874630529024
1353642885174992904
1353642898215067648
1353642989751590912
1353643030746599425
1353643038036393990
1353643039663783936
1353643068470288384
1353643088133152768
1353643108299403265
1353643122669064193
1353643133595213825
1353643134228508672
1353643150670229508
1353643166935752706
1353643169020313602
1353643198640492547
1353643218487762944
1353643231662235649
1353643240768106496
1353643240973602817
1353643266034589696
1353643278692982785
1353643308132790278
1353643367138275336
1353643415435681799
1353643425317453824
1353643430396768257
1353643450411974659
1353643456095203330
1353643491264524288
1353643523833098240
1353643561527504896
1353643595299958787
1353643598873550848
1353643632759369728
1353643633413652480
1353643646185316353
1353643646688653318
1353643658386558978
1353643669568544771
1353643775835312128
1353643776703688704
1353643778909724673
1353643816214003712
1353643817061281792
1353643817954660352
1353643825735094272
1353643826066444289
1353643842432626688
1353643844601049094
1353643850225635328
1353643868026253312
1353643889249443845
1353643890679668739
1353643893699579905
1353643911248543746
1353643933235109889
1353643935973974016
1353643939606253569
1353643941187485697
1353643970254024705
1353643988637667329
1353644001958756358
1353644002285924353
1353644004215300101
1353644005960134656
1353644026512207873
1353644039908818946
1353644058271485952
1353644073823973378
1353644106543718401
1353644133106274304
1353644151133392897
1353644170263621633
1353644173610643461
1353644207794253824
1353644235145228290
1353644279122554883
1353644332109193218
1353644338262237186
1353644345971380224
1353644386609983489
1353644443883212800
1353644486111408129
1353644497465438209
1353644499105439744
1353644501278064640
1353644516541083649
1353644525005266944
1353644530067767297
1353644545716744195
1353644549101527045
1353644555334283264
1353644556886093825
1353644591648550912
1353644593032654849
1353644599424774145
1353644660196057088
1353644715888009217
1353644717167300609
1353644749182402560
1353644788025851905
1353644788474650624
1353644794329911298
1353644826592468992
1353644828886761475
1353644854379741187
1353644886772379649
1353644896209539072
1353644904191287296
1353645019492716545
1353645034122444804
1353645034332188672
1353645034797719553
1353645054477426688
1353645065684586496
1353645075373453312
1353645095904542726
1353645099645861888
1353645128565600256
1353645152330506240
1353645203681406976
1353645247046299648
1353645322912886784
1353645327178477572
1353645345230696448
1353645372330057728
1353645427804041228
1353645489531592704
1353645506086494208
1353645521202798592
1353645525002825729
1353645545903038465
1353645585056862213
1353645590303936512
1353645604380008449
1353645648504115202
1353645661858762754
1353645667349094405
1353645686210895873
1353645721208184833
1353645722856517632
1353645764778586112
1353645790145765376
1353645805949784068
1353645922899656704
1353645932529778689
1353645944609386497
1353645949332164610
1353645965622784001
1353645972136595457
1353645993800200198
1353645999357648897
1353645999714168833
1353646009851764738
1353646028084436992
1353646080999698438
1353646086217494529
1353646101262462978
1353646141229903873
1353646143922728962
1353646192245272576
1353646200717791232
1353646207390908416
1353646212784730113
1353646226563096580
1353646229440376834
1353646239183757312
1353646262533427200
1353646292166184961
1353646292270862338
1353646309199269891
1353646401574612994
1353646458097041408
1353646469694300161
1353646477784936450
1353646507073929221
1353646518935420928
1353646527152082949
1353646601538039813
1353646605581348865
1353646649357324291
1353646657011900416
1353646685495439361
1353646740080095234
1353646747294314497
1353646756412723200
1353646824175923201
1353646851912822784
1353646873685405712
1353646903649587200
1353646918040244224
1353646925795520512
1353647001787920384
1353647047107366913
1353647141458210816
1353647191051657220
1353647211897352192
1353647214501965824
1353647232315248640
1353647240330543104
1353647242071175173
1353647248324886528
1353647262472269825
1353647262522605571
1353647324757716994
1353647325261012992
1353647327236530177
1353647327794372608
1353647340704423936
1353647365136199681
1353647376532185088
1353647380520906753
1353647398631972865
1353647436510724098
1353647438184079360
1353647446358974464
1353647446711283713
1353647505909624833
1353647550637760513
1353647577846206465
1353647592647888898
1353647601258786816
1353647619877314561
1353647623895470081
1353647635366891522
1353647647807168513
1353647665138053123
1353647682649264128
1353647784231137280
1353647812198723584
1353647827138838529
1353647829244207105
1353647850081677313
1353647925713379330
1353647932935860225
1353648005556088839
1353648017312722945
1353648044387033089
1353648052062588928
1353648076527960064
1353648092030103553
1353648114788413442
1353648123676151814
1353648150075092992
1353648180840329216
1353648181901484032
1353648184329990144
1353648189132386305
1353648216160555008
1353648244212043777
1353648244484665348
1353648244732145664
1353648261777813506
1353648306350682113
1353648319470448640
1353648355260379137
1353648384545075200
1353648398424023040
1353648438186037255
1353648469953667072
1353648470461194240
1353648536987062273
1353648546394877954
1353648576270897152
1353648590867066880
1353648601046667264
1353648619379970048
1353648619476418560
1353648641886584832
1353648655190863872
1353648669879398411
1353648691999956992
1353648693866594304
1353648723482566656
1353648744236015616
1353648758098173959
1353648808643727361
1353648808698081280
1353648815060955137
1353648851182383105
1353648878843789312
1353648928550477832
1353648938373554176
1353648951476543489
1353648995638378496
1353649016958046210
1353649025392795648
1353649028899213312
1353649039024287747
1353649051330347010
1353649056808103936
1353649057349197824
1353649085832720385
1353649126181916672
1353649146520096768
1353649234994733058
1353649257191006212
1353649259749515264
1353649290325975040
1353649294503522304
1353649311943434242
1353649313444986881
1353649325927182337
1353649328875827203
1353649362459570181
1353649386409107456
1353649408873811968
1353649474309140480
1353649479149383680
1353649501643419649
1353649534778355714
1353649542374289408
1353649545960370176
1353649559487062016
1353649588209594369
1353649599911751680
1353649612775698433
1353649638453207040
1353649642991456256
1353649685572018182
1353649697290940416
1353649698616324097
1353649712214249472
1353649715825561601
1353649716874141696
1353649726013513729
1353649753242931201
1353649790043779072
1353649816694353920
1353649863884468227
1353649871736221704
1353649886286270467
1353649888127549440
1353649895811522565
1353649896847503362
1353649903067688960
1353649939889483776
1353649963696324611
1353649977449394176
1353650010899034113
1353650042796732416
1353650047993446400
1353650067039604738
1353650070898552836
1353650091240861703
1353650134010241024
1353650153966727168
1353650172153253889
1353650189924495361
1353650191983910912
1353650239274700803
1353650280529866763
1353650298737332225
1353650313216057349
1353650328852422657
1353650346082656256
1353650364466266112
1353650365741363205
1353650375639896066
1353650386511540224
1353650396435247106
1353650413606678528
1353650424025378816
1353650430128099329
1353650461384073216
1353650477972549632
1353650479176298498
1353650513657606145
1353650589624893440
1353650602061012992
1353650681442394112
1353650693006106625
1353650699771531265
1353650712652222464
1353650716674502656
1353650722588516354
1353650745200029697
1353650768742645760
1353650778968387584
1353650806596268033
1353650816398356480
1353650821460865024
1353650872623001600
1353650873092743168
1353650891275046912
1353650904344514560
1353650909805375489
1353650911005069312
1353650956202881024
1353650958803329024
1353651001404882944
1353651038541275136
1353651065896505345
1353651089778876416
1353651153091891201
1353651158955356161
1353651186897924096
1353651205705183232
1353651221593272320
1353651268166639618
1353651300785938435
1353651310843879425
1353651325175652352
1353651326173892608
1353651326316466179
1353651326840938496
1353651327201648641
1353651378242072576
1353651378875469825
1353651403252760578
1353651408847953922
1353651413272956928
1353651452208676866
1353651498064949248
1353651553866047489
1353651586288017408
1353651587609202689
1353651590515851264
1353651612208799746
1353651618688995329
1353651648598581250
1353651691971878912
1353651703648759808
1353651703678181379
1353651731901550592
1353651741745684481
1353651743163371520
1353651747034693632
1353651861270761474
1353651877410430982
1353651885086011393
1353651940215971842
1353651975771086850
1353651983639576577
1353652020310405121
1353652034793312256
1353652072256856064
1353652127810334721
1353652144239497216
1353652151055233031
1353652188355190784
1353652195732942851
1353652202938785792
1353652226552717312
1353652283305844736
1353652321029414915
1353652340012822528
1353652344370720769
1353652349689069568
1353652379414122496
1353652405582376960
1353652440604807171
1353652454966120451
1353652459915403264
1353652469901889537
1353652473030959105
1353652565611851777
1353652572553408513
1353652583894708225
1353652638802464768
1353652651590823937
1353652723116343296
1353652732515807233
1353652736357756928
1353652743412576257
1353652783682097152
1353652804259377153
1353652807988080644
1353652814975823873
1353652825088274432
1353652845975924739
1353652853152358401
1353652898660573184
1353652904608100358
1353652944185528320
1353652958907551744
1353652998786981888
1353653003027423233
1353653005753610240
1353653016331743232
1353653032454643712
1353653039127785474
1353653086624100352
1353653086925910022
1353653100138131456
1353653134242041857
1353653139254239232
1353653155750432769
1353653205859786753
1353653221580017664
1353653248209649665
1353653254731784193
1353653266991751174
1353653341511888896
1353653348054953986
1353653353952243712
1353653396801253376
1353653406360080384
1353653427507785733
1353653458696613888
1353653467928211458
1353653501142904833
1353653520268996608
1353653533598486528
1353653544574967808
1353653561712926721
1353653597129613314
1353653600631848960
1353653603433656322
1353653615043502080
1353653620215058432
1353653630256222209
1353653685667172352
1353653737261305857
1353653739958247432
1353653796019335168
1353653797525073923
1353653806643478528
1353653841871310850
1353653841871462400
1353653859915325440
1353653881260175360
1353653890273734662
1353653911287193603
1353653917217935360
1353653980115693568
1353654001649283073
1353654028736061440
1353654032607404034
1353654131546869761
1353654147422281729
1353654175654150144
1353654198785728513
1353654228405907457
1353654274350329857
1353654313290227713
1353654316645707777
1353654338250559488
1353654338783215616
1353654360891338752
1353654391648243712
1353654430323847168
1353654444437762049
1353654536070696963
1353654710658605057
1353654718866857985
1353654744108163072
1353654782045650945
1353654825356042241
1353654848516878336
1353655049860370432
1353655100120551424
1353655112984621058
1353655113420828673
1353655163412742144
1353655196904271876
1353655485782765568
1353655532855435264
1353655609707671552
1353655676199989250
1353655828771987456
1353655870123630592
1353655872577294336
1353655919251517440
1353655974779883523
1353656251838771200
1353656304481439748
1353656362622984194
1353656363268927488
1353656364095172609
1353656548522930176
1353656601027227648
1353656609625550849
1353656707633664001
1353656717939191808
1353656762520530944
1353656965541601280
1353657007480463360
1353657218462347266
1353657246329221120
1353657376134541312
1353657470384803846
1353657526911442944
1353657531328061446
1353657763902193664
1353657851064049665
1353657942172696577
1353658018618105857
1353658251301298181
1353658307899219969
1353658333396348928
1353658417248931846
1353658430909771776
1353658500140949504
1353658510517690369
1353658560807391234
1353658594110169089
1353658608408518656
1353658625953308677
1353658744333328385
1353658745377730561
1353658864600829953
1353658875610869761
1353658876189663232
1353658882921558019
1353659109162291200
1353659109745315843
1353659181748940803
1353659402558050305
1353659476147105793
1353659536318623744
1353659545680306177
1353659572800679936
1353659792661864448
1353659840107843586
1353659853676412929
1353659866301292549
1353659923683540992
1353659976758284288
1353660049848152071
1353660133713141761
1353660189019398145
1353660195885486082
1353660264877535234
1353660292832616449
1353660294116102145
1353660329998381057
1353660339452313601
1353660340458942466
1353660558655025152
1353660567949631488
1353660636777967618
1353660760845656064
1353660782056271873
1353660850859552769
1353660884678287360
1353660910624239620
1353661071740047360
1353661215629783040
1353661391681564673
1353661391761235971
1353661403102654465
1353661442113867779
1353661458626867200
1353661494957752320
1353661540289884160
1353661577417863171
1353661683168911364
1353661809660743680
1353661969048477702
1353662066654109696
1353662386922790912
1353662578044645383
1353663006660550656
1353663157160587265
1353663313046085634
1353663956494262272
1353664217178644480
1353664772219219971
1353664835465175040
1353665685189238784
1353666641305993218
1353667497661227008
1353669051604733957
1353669138548449282
1353669223407640576
1353669229015429122
1353669776049123328
1353670401700847616
1353671024332693504
1353671207305043968
1353671690732109825
1353671700634861568
1353672539164319746
1353672771683889152
1353673891265306625
1353673974769704960
1353674037449400321
1353674323207352320
1353674784983363584
1353676544766582784
1353676594762674176
1353676745615020032
1353678398296645633
1353679411233611778
1353679920011112448
1353682279512514560
1353682583507394560
1353682782824882176
1353683082990202883
1353685741457567745
1353686379247628288
1353686762267226112
1353686866428624897
1353687687266500608
1353688350406934528
1353688491809452032
1353689110863622144
1353689311481356288
1353690227483795458
1353690545760198658
1353691674359320582
1353691889397063680
1353692130569555969
1353692257136881665
1353692299260260353
1353692372534751233
1353692731609149443
1353693385308168193
1353693466031759361
1353693557421387779
1353694551337283585
1353695155409268736
1353696044387770368
1353696483808333824
1353696654461984768
1353696667678236684
1353696793570275328
1353696949942308867
1353697037812961285
1353697199574700033
1353697322622996484
1353697466189819908
1353697511668645893
1353697558078648320
1353697628110938113
1353697763767234562
1353697806649851904
1353697862689959942
1353697950396985344
1353697982097584134
1353698114348179456
1353698250268823553
1353698578137559042
1353698659750342656
1353698814297780225
1353698861362118663
1353699096721305601
1353699103675478016
1353699276594049029
1353699380533059584
1353699506169245697
1353699537894969345
1353699779491094529
1353700485904166913
1353700585825034245
1353700745573498882
1353700916751454215
1353700949047578624
1353701170385195025
1353701224667881475
1353701456386412545
1353701859408621568
1353701899351027714
1353702164422676480
1353702554937524225
1353702602521903105
1353702643470884864
1353702690816192512
1353702827206582273
1353702939248963585
1353703193268645888
1353703382230380553
1353703678197321728
1353703753464090624
1353703758333620224
1353704175855689729
1353704176698712064
1353704195719901184
1353704227093295105
1353704268419706880
1353704287541620739
1353704495495176192
1353704500276690946
1353704690685530112
1353704861095899137
1353705007703580673
1353705018747215872
1353705057901047809
1353705065161383936
1353705142726619136
1353705240089014274
1353705417822658560
1353705579672461312
1353705692671127554
1353705783645581315
1353705785101058054
1353706289457745927
1353706359439699969
1353706447146786816
1353706542093250567
1353707111851712512
1353707493055221760
1353707995482509313
1353708005678833664
1353708247077810176
1353708570441867266
1353708809940824064
1353708867704803328
1353709363471515648
1353709616618741760
1353709935587164162
1353710149479919616
1353711190262894593
1353711330478403584
1353711724273291270
1353711725330096131
1353711803709140993
1353713117411373056
1353714239765159938
1353714239870017536
1353714474201571330
1353714667907112960
1353714865790218246
1353715331399905281
1353715437540933634
1353715987426799616
1353716681755996160
1353716781588725760
1353716871586062336
1353717056890433543
1353717272909639681
1353717527512313856
1353717915997118464
1353718002353643520
1353718157056364547
1353718284026318848
1353718568848916481
1353718776810844160
1353719036748640266
1353719234896003072
1353719273433296896
1353719281448407041
1353720381937483776
1353720407740866565
1353721075473985536
1353721242310815745
1353721275986960384
1353721600479293441
1353721662211039233
1353721797955485698
1353721802690875393
1353721839386824704
1353721849625116674
1353723048294195200
1353723269795504133
1353723508212293638
1353724088251002880
1353724089987379203
1353724306572808198
1353724435593887745
1353724544108941315
1353724692729913345
1353724700837507075
1353724921478787074
1353725176605798411
1353725672548667392
1353725742878760963
1353725859362975748
1353726234690281477
1353726753861210117
1353726803827896322
1353727408919212047
1353727769667055619
1353728412897202176
1353728751079723009
1353729045419220992
1353729251422457857
1353729549884915717
1353729990119071744
1353730824605208576
1353730974727725070
1353731052662091776
1353731192219197441
1353731553768124419
1353731774657007621
1353731890616930311
1353732246553980933
1353732535805743111
1353733028649037824
1353733042922250242
1353733420304785411
1353734449909932033
1353734628855709696
1353734730504613894
1353735060306980867
1353735453283856391
1353735661375942657
1353735709358759937
1353735718112284675
1353735971246923778
1353736296913661965
1353736489767751680
1353736950335889411
1353736953762619399
1353737123724222476
1353737264174669826
1353737627216846854
1353737636041482241
1353737639434792968
1353738530548232201
1353738844311584776
1353738939845246976
1353739338274770945
1353739418692157440
1353739617690939396
1353739750717403136
1353739888642973697
1353739892170350592
1353740173331161089
1353740379594649605
1353740548289556483
1353740901256990721
1353741159881912323
1353741189867073536
1353741478120583170
1353741739069218816
1353741765795328005
1353741971437850624
1353741991453057025
1353742004375662595
1353742166221348865
1353742282512617473
1353742296035057664
1353742450922287104
1353742539321454600
1353743215707496458
1353743244966981633
1353743389565530113
1353743650023501824
1353743673616441352
1353743835868889088
1353744012885286912
1353744114819461120
1353744438951084032
1353744559629598720
1353744923808452608
1353745269318365187
1353745375820132359
1353745522968965125
1353745697774813194
1353745741911650304
1353745855329804291
1353745983172128773
1353746144925515776
1353746155042177024
1353746212093128705
1353747058491076611
1353747216125612035
1353747461215555584
1353747903513325575
1353748042214760449
1353748096828715008
1353748273031491591
1353748357336936451
1353748596097769472
1353749383737708550
1353749590231703552
1353749600004399115
1353749662088491008
1353749664726732800
1353750136485257219
1353750487800098818
1353751038763921408
1353751210680066049
1353751358072094720
1353751459939151873
1353751623877726210
1353751758158372866
1353751816849268736
1353751931638996992
1353752125478731777
1353752364356923393
1353753247559929857
1353753411674664961
1353753531052920832
1353753773387247619
1353753961598222336
1353754018212884489
1353754228465029122
1353754585760862209
1353754729378148354
1353754873859354625
1353754926766292996
1353754931531014144
1353755454527168519
1353755499666288642
1353755519866068993
1353755710140653568
1353755771884941312
1353755968585179136
1353755998314352642
1353756140878901248
1353756198395379714
1353756477287182342
1353756486174978054
1353756625719406593
1353756631931215872
1353756672066523140
1353756968700309506
1353757023452717059
1353758033906720768
1353758115834028032
1353758971321061378
1353759538374180869
1353759692493877248
1353760164483112960
1353760190613647360
1353760323480784899
1353760479857037312
1353761028501200896
1353761045416972289
1353761293472292866
1353761434237243392
1353761495121858561
1353761571500150785
1353761584624119808
1353762142198112257
1353762178554335232
1353762453507760129
1353763003603316738
1353763061505654787
1353763077074911233
1353763272252678146
1353763574011883521
1353763710666465282
1353763809903710209
1353763902190997504
1353763908234915842
1353763912177614849
1353763957505466368
1353764447630852097
1353764484704309248
1353764522746638336
1353764577243230209
1353764585115938816
1353764749457186820
1353765002386284546
1353765159093886977
1353765363830419456
1353765390082592769
1353765584853413891
1353765779917975553
1353765863237840909
1353766221007745024
1353766302943485953
1353766528647368704
1353766793777737728
1353767285421432834
1353767901082361857
1353768015997894657
1353768322140155933
1353768504831447040
1353768743504117761
1353768926279323651
1353769043141005313
1353769180051480577
1353769226914422785
1353769248716414976
1353769403934978049
1353769608818393090
1353770027405684736
1353770279349194752
1353770301063110658
1353770745831313409
1353770997468557312
1353771474881032194
1353771651058511873
1353771664706826240
1353771840645308416
1353771909779873792
1353771931472945154
1353772425239011329
1353772474614374402
1353772479727198209
1353772520005128194
1353773052799160320
1353773456119234560
1353773970697433089
1353774144823963650
1353774214596190208
1353774261157113857
1353774513750757380
1353774623515693056
1353774643753189377
1353774797960970242
1353774864059002880
1353774968274890753
1353775135371747345
1353775216242126851
1353775444731039746
1353775472581234688
1353775473747234816
1353775560158302216
1353775754190983168
1353776264360898560
1353776373303816195
1353776375937773570
1353776407185391616
1353776642813014017
1353777231890407426
1353777257509253121
1353777487143202820
1353777637425115139
1353777695298039809
1353777798884823041
1353777817188782083
1353777883139997696
1353777893499940864
1353778338767233046
1353778409067999234
1353778565393899522
1353778878226051072
1353778976452452355
1353779066005020673
1353779212298182656
1353779253628858368
1353779312206483456
1353779410621620225
1353779610379550723
1353779673885380608
1353779721339887618
1353779729623560193
1353779824360357888
1353779920992948224
1353780169580949504
1353780267983450112
1353780336250019844
1353780512297537536
1353781156815241216
1353781202487017474
1353781359546871808
1353781518766891008
1353781878017417217
1353781941095510016
1353782131206533120
1353782182104473600
1353782338967236609
1353782521859858433
1353782675669184515
1353782838517248008
1353783008554328064
1353783034160553986
1353783374985506816
1353783445919391744
1353783577826222080
1353783620754792449
1353784031876415490
1353784649995198465
1353784704068157449
1353785115705552896
1353785204868063232
1353785565934723072
1353785883154124802
1353785927349493764
1353785962480844800
1353785971863650307
1353786177288085506
1353786262214369281
1353786908736946176
1353786986302205952
1353787162135814144
1353787220596031489
1353787263763816454
1353787867332542464
1353788097335611398
1353788187454431232
1353788187873865728
1353788195603939328
1353788220132229122
1353788334703861772
1353789014646677504
1353789122113134599
1353789157135560706
1353789234130239488
1353789425021579264
1353789599273906176
1353790019618676736
1353790464567218177
1353790624475045889
1353790932735426561
1353791023701499904
1353791519325630464
1353791724162863104
1353791749244772353
1353792131131994115
1353792385042538497
1353792545843793920
1353792644929957890
1353793381172973569
1353793763408273412
1353793857947885569
1353793894409003010
1353794048935555079
1353794107202744320
1353794267165110280
1353794313256378370
1353794339634360325
1353794361100820485
1353794393229168643
1353794412644597762
1353794664692899841
1353794770410348555
1353794773149077504
1353794881290981378
1353794930121048067
1353794930687299584
1353795578514305027
1353795636165009408
1353795642494226432
1353795659418259456
1353795950653935618
1353795994320842752
1353796260269010944
1353796836881031170
1353797188535672832
1353797254969257989
1353797308912201729
1353797357230551043
1353798012192096257
1353798166286655488
1353798267537149952
1353798298025517056
1353798467785777153
1353798481773817858
1353798593841389568
1353799340612059136
1353799382399856640
1353799557340155904
1353799612998578176
1353799624180572161
1353799883950583811
1353800038544191488
1353800490555990016
1353801002227539968
1353801021122879489
1353801102299451392
1353801214421565440
1353801294297915392
1353801351575310336
1353801364242128898
1353801476863356931
1353801726013353984
1353801728173494275
1353801914237022210
1353802060957949952
1353802275941208067
1353802320153243648
1353802321700900866
1353802327841501187
1353802385412468736
1353802654506496002
1353802738321252354
1353802981418872833
1353803231760158720
1353803250206703617
1353803293382893568
1353803392880144387
1353803578700259328
1353803656890609664
1353804213692882947
1353804597182263296
1353804815835521027
1353804848496582657
1353805237799288833
1353805247760785409
1353805530758868994
1353806070834221057
1353806298119340035
1353806521155674112
1353806615946924032
1353806880720744448
1353807233675571200
1353807449837473797
1353807562697797632
1353807569597460480
1353807739521261570
1353807799877300224
1353807876339372032
1353807984258932738
1353808052705779714
1353808399088168960
1353808471293095936
1353808655246888960
1353808767381610498
1353808914131910656
1353809286896476162
1353809469306773506
1353809618254798848
1353809667483430912
1353809820143509504
1353809825495441408
1353809871192289281
1353809874732216322
1353809876124913667
1353809993301188608
1353810032345968641
1353810052709281793
1353810110074773509
1353810296176054272
1353810316522639361
1353810352664948739
1353810586715496448
1353810604901990402
1353810644366217221
1353810670043738112
1353810929083949056
1353811018477154304
1353811057408663552
1353811152376115200
1353811223234666498
1353811230251749376
1353811379921235972
1353811574826348544
1353811647291338754
1353811671924539392
1353811736802062337
1353812207365189632
1353812395643252738
1353812445610074112
1353812689227833345
1353812734329188353
1353812773269082112
1353813094900912129
1353813506127245313
1353813736524566529
1353813856301293568
1353814094206414850
1353814112808140801
1353814347211005952
1353814591126564864
1353814596977643520
1353814626799120386
1353814727814766594
1353814737843326976
1353814807309377538
1353814823616671744
1353814844101849089
1353814850959503360
1353814857980719104
1353814862984572929
1353814980186005506
1353815018022821888
1353815164928323584
1353815686905212928
1353815724876308480
1353816014807584768
1353816110173458432
1353816117517672448
1353816421743153152
1353816648613031936
1353816947318784000
1353817003883163648
1353817107910291456
1353817248251699201
1353817369395798017
1353817374865158145
1353817420260114436
1353817465172668416
1353817467873882115
1353817481035579392
1353817805573906433
1353817907541676033
1353817922007920641
1353817965251211264
1353818133765754880
1353818137104420865
1353818270902661122
1353818456462909441
1353818873129295873
1353819936301441027
1353820072184311809
1353820472299970560
1353820653108002816
1353820864014385152
1353820904057229312
1353820927373533184
1353821270085939200
1353821314214227991
1353821316164497409
1353821446372552704
1353821506896322561
1353822583981019136
1353822640184700928
1353822703212523521
1353823282290692097
1353823379418210305
1353823822504484865
1353823975802105856
1353824135848321025
1353824262486978560
1353824322754908160
1353824749852495875
1353824828122394624
1353824831540776962
1353824951443324928
1353824969323548673
1353824971445907456
1353825061237612544
1353825219295797248
1353826158861803520
1353826261949440002
1353826437439090688
1353826571686211584
1353826628523192320
1353826695044886528
1353826929632276480
1353826998179786752
1353827005955883008
1353827015883956224
1353827175020064769
1353827310470893571
1353827361578508288
1353827485989953536
1353827540067102720
1353827732845699072
1353827822498947075
1353827858662223874
1353827866182606848
1353827918305243136
1353827998697463809
1353828038136500224
1353828067614085121
1353828353669791744
1353828740871151618
1353829001329049601
1353829004298645505
1353829470331957250
1353829513612980224
1353829570063912960
1353829718861164544
1353829900604616705
1353830015570477059
1353830107329290240
1353830396174204931
1353830433402851328
1353830739175829504
1353831261098233862
1353831344820932608
1353831376865386500
1353831436277719041
1353831442921435137
1353831494507180033
1353831565932064772
1353831692419690496
1353831702565687296
1353831748321374210
1353831760220606464
1353831782584610816
1353831869670969344
1353831947655667712
1353832229110239232
1353832280419147776
1353832280700170242
1353832394369937409
1353832453711003649
1353832505565089799
1353832520878592001
1353832520996028416
1353832521126064128
1353832548116406272
1353832771081277445
1353832786197700608
1353832813473259523
1353832907811524611
1353832995908685824
1353833004234371072
1353833011872215041
1353833126888431616
1353833330173743104
1353833435639508993
1353833489410514945
1353833508507176960
1353833514500820992
1353833635602968577
1353833722236317696
1353833755564240896
1353833851211145216
1353833990650818561
1353834105272737793
1353834167042154496
1353834267898478592
1353834401994579969
1353834415022100481
1353834450094850048
1353834455908184065
1353834488560840705
1353834558643433472
1353835035682631682
1353835055127404545
1353835123758817280
1353835144147296257
1353835551359709185
1353835557248495617
1353835743798566914
1353835781069148163
1353835980873203712
1353836059906486274
1353836221877940224
1353836274260574209
1353836408126001155
1353836507799433219
1353836609280634881
1353836903372648448
1353837028476137475
1353837156037521408
1353837199226241025
1353837338993029123
1353837361575170050
1353837484338262018
1353837552374083584
1353837552571015176
1353837755432894464
1353837894704750592
1353837938468118528
1353838210250641408
1353838416463589378
1353838601356926978
1353838991066492929
1353839000247799808
1353839263662690305
1353839545893187584
1353839780329639937
1353839885568921601
1353840069216509954
1353840071447699458
1353840072253198336
1353840073834422274
1353840074480209920
1353840094210359297
1353840123323031552
1353840330639110145
1353840585686331392
1353840591055056896
1353840607588999168
1353840667034845185
1353840687708569600
1353840765152145408
1353840792054472706
1353841395874856962
1353841591409127426
1353841833080729600
1353842102778662912
1353842119425875968
1353842178884333568
1353842205283250177
1353842261499523072
1353842601720508418
1353842999856410627
1353843148221526016
1353843566079053824
1353843763488182272
1353843772338135040
1353843787357974528
1353843829951123457
1353843926948589569
1353844057752154113
1353844142716182528
1353844143412416513
1353844184118136832
1353844240829308928
1353844242473431042
1353844246822998016
1353844287117676545
1353844360375361536
1353844398631645184
1353844469896982528
1353844511974297601
1353844575014674433
1353844595545747456
1353844652970037250
1353844672322560003
1353844772906086400
1353844776253222913
1353844779050790913
1353844902111531008
1353844932717502464
1353844956998336514
1353844966250995714
1353844967563808768
1353845041278672897
1353845047943430145
1353845102326603777
1353845108769099776
1353845116075601920
1353845173118251008
1353845260246511618
1353845300667043840
1353845320002793474
1353845363896184832
1353845397375094784
1353845398763352064
1353845411958706176
1353845476441935872
1353845513871831040
1353845526760988673
1353845530019975168
1353845538932846592
1353845542049042433
1353845682172526592
1353845688740814848
1353845706713391105
1353845726053326849
1353845767816048642
1353845788426829824
1353845868114317312
1353845871776034816
1353845946073886720
1353845955855077377
1353846014977994752
1353846053766918144
1353846185174446080
1353846205546160129
1353846228325433344
1353846235720003585
1353846253407383553
1353846268905320448
1353846395665600512
1353846415987011585
1353846462812196865
1353846487067848706
1353846534966833154
1353846560082243584
1353846584132427778
1353846603619184640
1353846620648058886
1353846653468381191
1353846685944971264
1353846731050536963
1353846741733437440
1353846749140402177
1353846749463519232
1353846757613072384
1353846770451800065
1353846772167225345
1353846777636659202
1353846814399750144
1353846876802609153
1353846883274338305
1353846951125557248
1353847026476339202
1353847081320984576
1353847136203534338
1353847179941703680
1353847253430104066
1353847254659047430
1353847308677500929
1353847325660213248
1353847364549750787
1353847376289681408
1353847434686984193
1353847446888181761
1353847496909402112
1353847534125514758
1353847589184147457
1353847610617057281
1353847619097944067
1353847619626225664
1353847619907276801
1353847635959025666
1353847738048401408
1353847855342116864
