1275573644513759232
1275545699229130753
1275368393462501376
1275525370419253248
1275520697322934278
1275568351289507840
1275551332913512449
1275478164228255745
1275468814419886082
1275509549835960321
1275386878666182656
1275453551381118978
1275353004682752005
1275381769739567112
1275328927804817408
1275455206306635778
1275451118747701261
1275474467859423233
1275549358612774913
1275370227967111169
1275544106744320002
1275433948743598080
1275570779959279622
1275545048428527624
1275450309981032455
1275413289086976002
1275545551652651009
1275542046560960515
1275513032991485958
1275462350754254848
1275527736736583686
1275549420088627202
1275388933548003328
1275519254943719425
1275458593962115072
1275554619108675587
1275368182656745472
1275547350220574729
1275468274692694016
1275550975139483654
1275488542597185536
1275548805262270465
1275409600758636544
1275494708110856193
1275521088412418055
1275568917705039873
1275548859108864002
1275576872852578304
1275460459857162242
1275471548288323584
1275431220911001601
1275546805074382855
1275573125229535234
1275379028334166016
1275515714477195264
1275460112522641408
1275487977536466945
1275569859502518273
1275515322913652737
1275574086085873669
1275567039936069632
1275507715058675714
1275413301539885056
1275476824043200513
1275491722428944384
1275379755819454464
1275471413672128515
1275579319587307523
1275536856613076992
1275456914457935875
1275555067060502528
1275379204029394945
1275536950133391360
1275353103718645761
1275557666228756480
1275432074934132741
1275548185239355392
1275547718790926336
1275434255468945410
1275480622560133127
1275558852252119042
1275471900089737219
1275494048959205379
1275459999284822018
1275542874613059586
1275544568491061251
1275555604518645761
1275488794280632325
1275450915529437185
1275563130404450305
1275505142461276162
1275461692219154432
1275410822181814273
1275511046388830209
1275375498474991617
1275527898028478464
1275557812387696641
1275455730095501313
1275480124704665605
1275531947582861313
1275521077461090304
1275389485883293696
1275557961943986176
1275509386090369026
1275461707931017220
1275409530596327436
1275525983202934786
1275516598128967680
1275543831279218694
1275451045989122056
1275424352176148480
1275458066495004681
1275511028231688195
1275547177205379072
1275519068024471556
1275450378285223937
1275544820329611264
1275560646088839168
1275476611467546628
1275222942645915651
1275363024816279553
1275451838821576707
1275545415685988354
1275544776952209409
1275424110416465921
1275451185789431813
1275453834337193987
1275449095629336576
1275574482694963206
1275505509777498112
1275509662625017856
1275556740243783683
1275517794268917760
1275526556631302144
1275543852909281280
1275540954519306240
1275534934648795138
1275442735634247683
1275480739526709248
1275549333727952897
1275284282903330818
1275503053756497921
1275453486302261249
1275557671287037955
1275505278520344581
1275504507473080323
1275480042173333512
1275461948273053697
1275562199398916098
1275566832120991746
1275507926724198401
1275489080705499136
1275551229008060421
1275522897315082241
1275497977348587527
1275564292696231937
1275261160632320000
1275399826906243078
1275568816576245769
1275520501658632194
1275475955616747520
1275557101339840512
1275256008743383042
1275577251007016963
1275540382411939840
1275566767184764928
1275555264872288258
1275458802377093121
1275428442507534340
1275455080532041734
1275493825830625280
1275507767302934528
1275245380876320774
1275506226516893696
1275540398673403905
1275545795480125443
1275547612381356037
1275449015765630978
1275544272989716481
1275471924508987396
1275383531506675712
1275565821104918531
1275554223845974018
1275461804668436483
1275532563357016064
1275406583984463873
1275448705508732930
1275489927317336066
1275513958481317888
1275544617228926983
1275554732866756614
1275513789564231682
1275463181167669249
1275536880998797318
1275531710487298053
1275513198343577600
1275523765057794050
1275571858541285378
1275521370282221569
1275537348172951553
1275551707171295232
1275452366821584897
1275451519844794370
1275473738075705344
1275549726037999618
1275410456883204098
1275359749572186112
1275544524736135171
1275505103190069248
1275379222790524930
1275568459846467585
1275545484728381442
1275532546261082112
1275574824853811200
1275558680193351682
1275457335155134464
1275566772775727104
1275464885212778498
1275457177008828417
1275326051498053637
1275547432093392898
1275548731916640256
1275515381021630467
1275353316067815426
1275391864624099329
1275549511230918661
1275425181528440832
1275462833778688000
1275545226468306946
1275509568613859329
1275477468485484545
1275578420764737536
1275242197336707073
1275478996440973313
1275525726352150528
1275414119546527745
1275574356320481281
1275412315098296320
1275417022390829056
1275468879473586177
1275560107523354625
1275464969157574660
1275462691633737728
1275523270343786496
1275551425326723077
1275389322917810177
1275477536424824837
1275377432581664773
1275550620091637767
1275461038121631744
1275471386346209283
1275511866975031296
1275353163923685376
1275506227624194049
1275560749608300544
1275549401025560576
1275516475189624833
1275513707016192000
1275576886953943040
1275390078647402502
1275464665150246913
1275506923010392066
1275570932539686919
1275569721677578243
1275555645299843077
1275440951750623232
1275479623795605509
1275495689489965056
1275474195628077060
1275510365355474950
1275526871015477252
1275534908367257602
1275250596073930752
1275486076069609475
1275543565083475968
1275413632621436929
1275507534368030723
1275462702169800708
1275490894775554050
1275521108633059328
1275567355037388806
1275560432833617920
1275410615180419072
1275549994934829057
1275534094818897920
1275517536289935361
1275498140272033793
1275546036623364097
1275262333716176897
1275457932541546497
1275450935825723393
1275497600750432258
1275482501306171392
1275449615089676291
1275458945793101829
1275566806661509122
1275343082347790336
1275465741249261570
1275513596101959681
1275519085405765633
1275556854089822209
1275447405459066882
1275554891411460097
1275545131312177156
1275555889420865536
1275493849381699585
1275569323247992832
1275552729717407746
1275502588797038595
1275451046555381764
1275438554827481088
1275570832727826432
1275496138787950592
1275503735838556162
1275574523778281473
1275421634980122626
1275551278144393217
1275340270687715328
1275517905015316480
1275554223736774657
1275573049157472256
1275418727631278083
1275522152494698497
1275494434394824707
1275379797963792386
1275504500325994498
1275520493840408578
1275454439910932480
1275308671346540544
1275559256821911552
1275547731164004352
1275526020704190464
1275454515160858630
1275460172870287362
1275486790670000128
1275415476668112896
1275417648453517313
1275451046551117825
1275473693783646209
1275397607150563328
1275451044571611136
1275567933570285568
1275309080773627904
1275490444038803458
1275453014224941056
1275549694245011456
1275546894559776769
1275483450183729159
1275464100236210176
1275436627985264640
1275239435282587649
1275548442773905409
1275534502438285313
1275529878050344966
1275409424287510528
1275568187388690432
1275480622207770624
1275458893435502594
1275518930069721092
1275469918083985410
1275566632279121920
1275536782218727424
1275554345879306241
1275543402545889280
1275551966731603975
1275571840744861697
1275471328322236427
1275451560093298690
1275574614958190593
1275556481673449477
1275555952532623360
1275458990537875456
1275524160652021761
1275419071765413894
1275555086035562500
1275554238031167492
1275499593262907392
1275560124447326213
1275250746557034497
1275557388209262592
1275455210815545344
1275462508019691520
1275540885791375363
1275502633638227969
1275534422129983489
1275572378693767168
1275501722845220864
1275569176451657732
1275488955027394568
1275547449399091202
1275475298797203456
1275410453288673283
1275559511659601921
1275547932356341760
1275405559462858752
1275548881737187330
1275552809753235466
1275490228334211072
1275551980291796993
1275473996289540099
1275349792919601160
1275417854620426240
1275561845072560133
1275565232216313856
1275393481222094851
1275388735698489345
1275423908083249152
1275547063414071296
1275569770625150978
1275554223711612929
1275371599588470785
1275548500474892288
1275486830893375489
1275570915024211971
1275516696711790592
1275495605964546050
1275556570995228672
1275491698173501440
1275366815636566016
1275549861455319041
1275490817256407051
1275535774298103808
1275564866099728385
1275545730313261062
1275413722434060292
1275546657988456448
1275490075191775232
1275461158292598786
1275562105761140740
1275449517916053508
1275530193302683648
1275461110271889411
1275492451583696896
1275547876945547264
1275399927439462402
1275560775063613445
1275496673452732416
1275528909673697280
1275512944386859016
1275530552230248449
1275450727142264833
1275330305562312706
1275556142991712263
1275269850420527104
1275485633172078593
1275499138696859649
1275575098716622854
1275277399739916288
1275482152432435202
1275556873027104774
1275275771590909952
1275553448818348033
1275414598292770816
1275578077209387012
1275366738339565573
1275276236131106817
1275494173534228481
1275453139504623616
1275473026126135296
1275491822085824517
1275571839658532869
1275518763992059904
1275564234118696963
1275555383772405767
1275486045203771393
1275520176155512832
1275444056118550535
1275506054923726849
1275548878633402368
1275487785827229696
1275548062413357056
1275481648818262017
1275551595951001604
1275342388165296129
1275499613747851266
1275379221322399744
1275551981139042306
1275448928180137991
1275299899698032640
1275504395862642693
1275428615048568832
1275501850293407744
1275461429978705923
1275497569242812420
1275545296047689734
1275488847456088064
1275473720761606153
1275491990076088325
1275561773534347264
1275458546973335552
1275376209476673536
1275476737636401153
1275518992829091841
1275478215721705472
1275549119793319936
1275559728710631430
1275508262885117955
1275523387629191173
1275313049302433792
1275571530869567488
1275366390837514240
1275506708832542720
1275534094495973376
1275493228696010752
1275472580179382273
1275473695176364033
1275540820305813505
1275548804909895681
1275553223693275136
1275403720671604741
1275297399884468224
1275513853762244614
1275570828084731911
1275413771859755008
1275450719407988739
1275578397964611584
1275562333243310080
1275377904654921729
1275411842790277120
1275376851918217217
1275523738734415874
1275511013845196800
1275550267564531712
1275469918272512001
1275399299652882432
1275451044827447296
1275555471051685889
1275461897253519360
1275554705326948353
1275520741950337024
1275500274984144896
1275550729105793025
1275471097367080960
1275464122688253953
1275553157901422596
1275513286809829378
1275555134207123461
1275359859052085249
1275481330927763462
1275558388383047682
1275268049747300353
1275300496018989056
1275524375287148546
1275564139692331009
1275477910460272640
1275448580182994944
1275493113663021056
1275412685979516928
1275544570311446530
1275555319960272896
1275478985342963715
1275463252198273029
1275558711487070220
1275558000833560576
1275470987048488964
1275561403332599811
1275484658604675073
1275534094181384192
1275517129849257987
1275411863648514050
1275381397021130753
1275520361635995649
1275397116509278209
1275575596366663684
1275572955259580421
1275415246572867589
1275451231700283396
1275299818596859904
1275493105265971200
1275575631795957760
1275438082246864896
1275469421310619649
1275494303545114632
1275514018443206657
1275552051079065603
1275548441968545793
1275517120630136832
1275551379457785862
1275517974909157376
1275505150598221826
1275399930157445120
1275319155835748352
1275474467351941120
1275570843767226369
1275390148080013314
1275475827459788801
1275451742755250179
1275561156086763531
1275413259974295553
1275523118375866368
1275512715352707078
1275569101264637952
1275474010948632576
1275538264880025602
1275560515201204224
1275486275949101061
1275387516087078912
1275250220432056321
1275407777347915777
1275515390484000771
1275530268032598017
1275522097167687681
1275524024869797888
1275563668613353475
1275461140466806785
1275368804843950081
1275383101699624960
1275552696834101248
1275540424447451137
1275354146338635776
1275556996188643328
1275570080227758080
1275541136153743363
1275551182832926722
1275553623741812737
1275563202206720002
1275561900831657984
1275465244492664833
1275464514440478720
1275537280095129600
1275520264302985217
1275503121368788992
1275565620998877196
1275266578276184065
1275574558964297731
1275394449795960832
1275492196494577664
1275401522151657473
1275521508148826113
1275356921185349632
1275493477376315393
1275354318938550272
1275500542257704960
1275528669868576768
1275456837161226240
1275469119337517056
1275545284123201538
1275499405404246020
1275473749475758080
1275449713567739904
1275458607769944064
1275520715538812932
1275472863408111616
1275530227247124482
1275525563227176967
1275407642937212930
1275578250597711883
1275558084442755075
1275571182230810624
1275571935188062208
1275303266805592065
1275495366423543808
1275556275473076227
1275464065419227147
1275524475203837952
1275474951701704706
1275476771463462914
1275357301902389248
1275479230902611969
1275551946871619585
1275570589567049729
1275473878526148610
1275499763199348738
1275479682574663682
1275569227198615557
1275431226195808256
1275462368504528901
1275467967694700544
1275538728036061184
1275479976096268292
1275545694904999937
1275574138460164098
1275541641135362054
1275466671843692548
1275344446218002432
1275559395875831808
1275350194436149249
1275549695339888641
1275480373531676674
1275480412287049730
1275566741133934593
1275465018470010880
1275491309101277184
1275513329059012608
1275572245163905024
1275561873480482816
1275488859695054852
1275474379544170499
1275467917254176768
1275502395485835264
1275564769521565697
1275557507579236359
1275466380016521216
1275520448701378560
1275388069345189888
1275464412825096196
1275531300049432579
1275533275281477632
1275562871351640065
1275551303595425794
1275463661885284352
1275497899242196997
1275549907735252999
1275536189567762436
1275577007108218880
1275426170696347648
1275574910941888513
1275400296294838277
1275553500899020801
1275571641699962881
1275465344405114880
1275488608745672705
1275494196170952705
1275563535343521792
1275540263235190785
1275543841500774408
1275499239037075457
1275494665899433984
1275575404657618944
1275390647575306240
1275458705358643203
1275548727550377986
1275408865241305091
1275385612707655681
1275468587852075008
1275509927692378115
1275450200002146304
1275453995696271360
1275554824113860610
1275275682583646209
1275405758465744896
1275520650623549440
1275487297929203712
1275372965220286464
1275452743138697217
1275534092398784512
1275520291570159617
1275527065815711745
1275520324730224641
1275548882588651521
1275463211580567554
1275482501306253313
1275351777823600640
1275462606673895425
1275545871137026050
1275452180833595402
1275466164307587072
1275512493184557058
1275555986762272769
1275369365920194560
1275567577687826433
1275505037154947078
1275532352748490753
1275564101394104320
1275481471415918599
1275558851564187648
1275481243514068992
1275438828434518016
1275502686012674048
1275414509675479041
1275488957514559488
1275574392882225152
1275545028547547143
1275433986614059010
1275472160430194688
1275467389656760320
1275490393560436739
1275458669325541379
1275563891259564035
1275524697099325443
1275349666872336386
1275508602896334848
1275386336153911296
1275564402788503557
1275457064446259201
1275506775651999746
1275559205752184838
1275487678041997313
1275555975773241345
1275558728901820416
1275420823747248129
1275408653387018241
1275532112519745537
1275398736450138112
1275510246144950272
1275574131304644614
1275461460379000833
1275510867623325697
1275437785713790982
1275489491655032839
1275406162968612864
1275507232344547328
1275448789537439756
1275489170258046978
1275556634887098369
1275455507524771841
1275536385051688961
1275574795137138688
1275515392925057024
1275572001323847685
1275522808936910851
1275544828105891840
1275484933285392391
1275413785608675328
1275527052083564548
1275461475100917761
1275518806488645632
1275531320970657793
1275546173806448641
1275492023701770242
1275555482099306496
1275569153026461698
1275569593260683264
1275474079655616514
1275547447734013960
1275462577926144001
1275497205785399296
1275513958556790784
1275565299262259201
1275410645752692736
1275509027053715456
1275416278572904448
1275467812174249987
1275442235790651392
1275506058136616963
1275485863204528131
1275526541175332869
1275574797045506050
1275552181689647106
1275481510490112001
1275543969766793218
1275518992740950017
1275418517890912262
1275559195690106880
1275503862569410564
1275500757794643968
1275546590451818498
1275505765491576834
1275368771562110976
1275567463372075008
1275518051090300929
1275453528224350218
1275558252118491136
1275543793329156099
1275390248286126081
1275518642772480005
1275514222009634819
1275413480389165058
1275485338656559107
1275554959866593286
1275556132950552576
1275524259616403458
1275492914026643456
1275545453552001024
1275497420445511681
1275512700257239040
1275573955668172806
1275449174138355712
1275576762785660929
1275541725994459138
1275416635285913600
1275495893555445766
1275535787627474945
1275501375615578112
1275565015379128321
1275409679699623937
1275507827533131776
1275548879451230209
1275383097962328065
1275564291681398790
1275376181601329154
1275538874945716225
1275555445059485696
1275546430740893698
1275565054725812224
1275442413503262720
1275373623788830721
1275450519637463042
1275394696710242304
1275402815645548544
1275502339307319297
1275560697880076288
1275575242526732290
1275450653133824005
1275410828875960320
1275522761931264000
1275466144317505538
1275461295572168707
1275451000787091456
1275510005848997888
1275519088584990721
1275484409584648194
1275461873324916736
1275523020510105603
1275458596893949952
1275549578423488512
1275398812249489408
1275448527305523200
1275494472885944320
1275481298589700096
1275544041506123776
1275553585082875904
1275551746228715520
1275471575467331584
1275477893955629056
1275521146000195584
1275537469031751680
1275468048766365696
1275489294669484033
1275494679098859523
1275403707304288256
1275453778305544192
1275545337864900609
1275490051179319298
1275562462176333826
1275568105582989312
1275548133808910337
1275360891094040581
1275307385670840320
1275545139511992320
1275551827258466304
1275463817779167238
1275485338249674756
1275500060474773504
1275435100029607937
1275577885663821831
1275483904422674432
1275508993570545664
1275519555121696768
1275570420410916864
1275349531438219266
1275481244525101058
1275477898271621120
1275411504540549121
1275550514885902340
1275374241240821760
1275486030045601795
1275505691978010624
1275520729509957636
1275551124309901313
1275546950549544960
1275573526075002880
1275553735213674496
1275501006378467328
1275567494883938306
1275477467969531904
1275542751485014025
1275533590202396673
1275552942918074368
1275511955906867211
1275412350338768897
1275479295960457217
1275524044507447302
1275545123879780362
1275552080015568902
1275472719262466048
1275547682023641088
1275475304300056577
1275502175796559874
1275549190420959232
1275477530292752387
1275566944263929856
1275492587433086980
1275328059529408518
1275502780145434626
1275492764407472132
1275556672526835713
1275455831618621443
1275465157133709312
1275507348593926148
1275534157901377536
1275563675437486082
1275559062407651330
1275467806293856257
1275452400082358272
1275354447246393344
1275489778755080193
1275281318495113220
1275467804808970241
1275477468007272448
1275518262416232448
1275511679598632963
1275542781335928838
1275565130936451076
1275467881690599428
1275486024391512064
1275513614334640128
1275577309744037889
1275509463621959681
1275512135758622721
1275528661056323585
1275510892139106304
1275551228467052544
1275481936736157701
1275557255371468800
1275308963240849409
1275510446871764996
1275564865533415430
1275508925547323408
1275394754889560065
