1241322307311845376
1241322629425963010
1241319523296387072
1241487887260094472
1241278986551992320
1241306479875022848
1241290452386680835
1241470376082837505
1241471516585406465
1241319868948938752
1241287553887723521
1241319531957583872
1241338632318914561
1241319537170997249
1241467536480370691
1241319525687218176
1241278551128752130
1241378091404070912
1241319527155195905
1241307932878397441
1241184395240898560
1241313788957245443
1241391700599324672
1241256085966725120
1241493689496731649
1241319533706690560
1241319530330296321
1241164292298354697
1241472651366780928
1241319528778338305
1241369683523182593
1241477319690260484
1241413245661044736
1241369679161184256
1241432640600891392
1241160481836077058
1241504329682620416
1241314954294239232
1241319535388561412
1241462915103850503
1241312985655717889
1241262089257320448
1241454880683933702
1241474221160660992
1241467382935236608
1241334950533660672
1241354455121104896
1241498863309111298
1241285451723440134
1241270800696705024
1241153895612776448
1241246970129321986
1241461176653033473
1241322440615223296
1241466783338565642
1241457844253347845
1241350949991481346
1241254223087570944
1241250406463942656
1241483139140202503
1241377991764172801
1241274913270517760
1241366298589827074
1241290707576512513
1241460594093498369
1241325370659483652
1241302604094885890
1241387169723244546
1241473157527220224
1241495012556378112
1241260002398154752
1241373738744066049
1241386286394548225
1241257488105852928
1241296873513717761
1241348230480367622
1241491143386415104
1241401567464562689
1241387641775575042
1241400565030060032
1241277585864232960
1241488254899228673
1241494797388398592
1241487416982228999
1241489634342944769
1241323486431383552
1241503823199420416
1241406047547461638
1241350162439692290
1241454076543598595
1241502494032871424
1241498585662992384
1241406287377772545
1241297554156986368
1241315451784790017
1241464426584313857
1241158136729403399
1241350483660472322
1241494954486247424
1241396691531706377
1241506150148976640
1241423670309982210
1241492875730444292
1241279787899015168
1241406784629342210
1241468106343616514
1241500077329453058
1241305476375154693
1241224046550880256
1241295075759529985
1241463140686143490
1241293845360447492
1241200609858068481
1241162444887777282
1241298764427661313
1241361007450247169
1241495701105844224
1241493425876275203
1241459469164392450
1241443057612001282
1241418041830727680
1241502347378831360
1241430082620657670
1241500804290314240
1241495747520081921
1241291941926535168
1241377635051147264
1241500398260756481
1241454605306941449
1241495310817468419
1241384839049146368
1241487757203189760
1241382106519011330
1241490891564597252
1241418703885021185
1241500831549198336
1241300110866292737
1241501580119113735
1241494961935331328
1241444682674188289
1241402645589393408
1241457373740511232
1241470382177206276
1241339052818698241
1241416095459926017
1241498314664742912
1241254004878786562
1241289417597292545
1241358959694483457
1241155777194332160
1241281247437078528
1241418286174294016
1241426949127516162
1241456171392917506
1241500162914226176
1241309931564937221
1241503803016384512
1241349088928567298
1241455984675098624
1241485955871145987
1241287421419040769
1241495326927749120
1241486766772752387
1241455197177761792
1241469018449592322
1241381192458534913
1241473721480687617
1241487813041885189
1241505814805970944
1241492010181279745
1241342784465965056
1241423379464413186
1241385949747011589
1241441999275937793
1241366466513047554
1241486577865560064
1241279249476132864
1241443188835078146
1241456372560134144
1241339365831446529
1241384398278332416
1241505137388146689
1241293904437219330
1241410624736964610
1241384321635811329
1241391735089102848
1241464018990174209
1241326683367538688
1241492280827150337
1241492837147049987
1241456940011737095
1241487552491802624
1241490760631017472
1241495462865252352
1241455464505843712
1241381457815273476
1241463573559349248
1241481808421715968
1241300612098260993
1241457379117535232
1241355302500474881
1241389250152730627
1241449942037790730
1241315749177839617
1241326166444781568
1241478542480859144
1241431360612466689
1241486390203953152
1241503447826018304
1241330849427177472
1241160749248131073
1241426995088687107
1241456666182209536
1241460978992197632
1241462776251498497
1241274330505494528
1241306246847791104
1241313628671938562
1241472352120115202
1241492196752310273
1241357940130447360
1241360230354759687
1241440212452102151
1241492281284276229
1241260004092579840
1241486149388025860
1241498097206923264
1241290443930898434
1241452695493447680
1241464645258526721
1241474222385438720
1241469633976094720
1241230596237557766
1241254224693997574
1241309114959101952
1241467161828302848
1241473793064869890
1241502750950776839
1241308722212765696
1241356837422759936
1241413163133874176
1241470687895789569
1241386715018862593
1241463451198926849
1241498677992177665
1241333282333233153
1241345545161134080
1241401859274878979
1241461875881230343
1241206541136678913
1241317052952072192
1241337047174066177
1241341655921373185
1241395711972970498
1241458423868293126
1241459463858655232
1241473576882049024
1241501104657096706
1241459285739134978
1241462082530234368
1241309871930212352
1241343939493482496
1241394579913478145
1241452308413759488
1241474594655043587
1241497727768420352
1241439700763770880
1241154063540027395
1241315855289458688
1241342311939923968
1241157352260284418
1241292904506839040
1241323036982145024
1241338351254372355
1241345525565337601
1241490849046974466
1241188667789651970
1241244152689541121
1241435447986991107
1241457125190180867
1241347732641628160
1241442842502987777
1241267916777099264
1241414253598425094
1241415337490423812
1241466839235993600
1241488872455970816
1241254226459856896
1241487675397472258
1241491922734153728
1241505263242412035
1241244936709816320
1241468373399212033
1241472057055031296
1241490568867385345
1241503836302385152
1241175078408196097
1241284303528562693
1241311457335218179
1241324817724440578
1241457397656420352
1241479005930426374
1241415212558880770
1241479032367017984
1241503411138420737
1241178733085589504
1241425245770321921
1241467191310123010
1241482717893742593
1241503205919522818
1241323641247236097
1241333804549226497
1241388221147250688
1241428392186085376
1241502762715746306
1241262556980928518
1241402009242275841
1241452090012073985
1241457316001652750
1241478175881715712
1241497469902618624
1241331303091503105
1241454880130076672
1241457156320354305
1241478653910884359
1241481259404099585
1241486211824463873
1241500054520807427
1241167316546654209
1241279357852823553
1241390813483094016
1241404670813372417
1241409034185592836
1241435427732684802
1241466592388698114
1241477190283395078
1241487053482872834
1241499480006053889
1241307823071526918
1241464593853153283
1241470970461855744
1241473057623072768
1241495167011622912
1241496888714633216
1241503744665280520
1241504302751002629
1241202208680456193
1241210217204977665
1241256319451103232
1241273365261963266
1241421147134197760
1241313118246092801
1241342532379869184
1241505675064291334
1241336773466341377
1241339101326049282
1241262689550286848
1241454308689940482
1241461286581436418
1241467339922640897
1241379101123981314
1241454534070652929
1241488378312474624
1241499481960521728
1241499866662084608
1241503129839063040
1241505759101423616
1241274036522569728
1241461292063391748
1241293847747080194
1241315195890343937
1241336946816770048
1241460809299083271
1241480714627026947
1241481118848880644
1241489049715646465
1241491942921441282
1241318987402805249
1241324256807567361
1241349318830968833
1241396359888080897
1241431601826992128
1241457219016839168
1241465342465056768
1241488245587881984
1241501937670987776
1241260440925229061
1241298758735970309
1241300803836575744
1241315999967830016
1241334871244619786
1241457432515223559
1241492471378518021
1241160303271968773
1241346340375928834
1241444964883664896
1241454437014650882
1241466841584762883
1241467115061854208
1241473461219885056
1241489198135349252
1241489503002472448
1241505286034259968
1241289016659439618
1241345528778145792
1241353272448950274
1241421730473824258
1241454755475525635
1241458745852538881
1241472360366182402
1241472947900030980
1241481788687634433
1241488506079326222
1241494240766590978
1241284893142929409
1241402558746419200
1241458918817255424
1241286105611341825
1241374007250898952
1241390898673524737
1241403839313522688
1241424781938962435
1241489033907355649
1241184688112308224
1241284394456940545
1241284647339864065
1241398252433481729
1241402588165218306
1241454741969948675
1241491038981808128
1241503215692263424
1241389606139985920
1241446090328756226
1241485922018955266
1241494449382993922
1241499968013307909
1241267931201318912
1241323686004736001
1241364145506783233
1241402180017545217
1241463555603542019
1241485667525373959
1241489246449475585
1241155419776651266
1241212534075674625
1241247371742392321
1241346668345413632
1241379239137550337
1241458806451777541
1241480956424458240
1241487425962225670
1241492956940468225
1241497927614377984
1241501909468487686
1241502654729256960
1241504863709585408
1241268810767884288
1241339533976899584
1241358026671632388
1241439805860429825
1241461032591208451
1241492281254789121
1241500250344390662
1241159777838923776
1241253455001501696
1241272266782052355
1241292928624066562
1241313108095913984
1241316407633207296
1241389293316251649
1241390588869652480
1241412418862972931
1241440232828022787
1241455230442770432
1241455732417052673
1241462082274578435
1241463430021865472
1241468459944415233
1241471003890458624
1241480898115186695
1241488604012204033
1241492280977944576
1241166669617250311
1241303733130145792
1241311166447661057
1241333094155792385
1241396219391459329
1241456714739826692
1241480942067363845
1241489056007180288
1241492784244285442
1241499661359333378
1241501546132713472
1241504401157771264
1241324563046313985
1241363629989117952
1241445283743047681
1241456384048324610
1241464226608304128
1241465271287775232
1241477775929692160
1241501516739076099
1241317208049016832
1241406597693353984
1241469993809776643
1241471993586860035
1241485829127704579
1241503849883611136
1241289866987679745
1241322228224008192
1241377892635992068
1241382750462017537
1241395459198980096
1241400224318468096
1241408968506978306
1241425923544682498
1241435330638741507
1241455108782776320
1241462970544242688
1241471567164555264
1241473978092453899
1241474743087308800
1241476210275819520
1241486239162925058
1241487294651158533
1241491415923855360
1241492495692959744
1241492740069867520
1241497313941561345
1241505746325590024
1241152888682020865
1241154355048247296
1241220535746473984
1241263909195198467
1241269871335419906
1241346554746802178
1241462602795892736
1241466320388005894
1241471037612711937
1241477433192099841
1241484982310273026
1241488523305385985
1241495009163182080
1241499100345966592
1241503438204219393
1241504409726713857
1241241765883121664
1241460858577772544
1241463900220121090
1241473806713135104
1241476806030606336
1241484273007427587
1241487014542876673
1241491121676660736
1241499753621393408
1241499777222795265
1241499830922477568
1241500897496256516
1241503002235744256
1241168564033400834
1241290223050514432
1241341829846622209
1241348890533732352
1241446845714444290
1241451412363587584
1241457355566481408
1241485770373857284
1241491389508136963
1241492476801810432
1241501039360184320
1241314655001350145
1241314838510477313
1241325631763361792
1241329796153577472
1241403468293832705
1241413012860395520
1241437798583894018
1241471627839373315
1241475965840171009
1241487897414569985
1241494797296136192
1241496985032626179
1241503246855876608
1241503825661394945
1241314837096992773
1241331731535405056
1241336760002543617
1241345286305386496
1241367990244909062
1241454899931549701
1241466279296471040
1241467567300128770
1241469339632578561
1241481912054468608
1241489613996392453
1241490444393091072
1241499490252660740
1241501303664267265
1241290653872672768
1241324496168071169
1241329156459200513
1241379073244434435
1241397685082611712
1241402182697656322
1241428168365441030
1241449192331063296
1241457734014435332
1241459472624685056
1241470383733252097
1241471994987716610
1241472245416914945
1241494797572952065
1241498619154509825
1241186682474508289
1241279589109948416
1241338602749079552
1241372891666681857
1241377164718739457
1241430462775603202
1241453017565663233
1241454534901346304
1241461719467253762
1241463631751065602
1241476142948892673
1241484558274629633
1241487247762808833
1241487849108779012
1241493454959640576
1241497779131777031
1241499560880623616
1241499831664668672
1241163449465475075
1241258079381008387
1241259878980648961
1241305320363884545
1241306323993743361
1241333657832427520
1241351749526523904
1241355048963145729
1241397143241449473
1241421630108246016
1241454822378831875
1241470001632198656
1241470765980987393
1241474171852541956
1241474581011062784
1241489362795323393
1241489831219335169
1241490911575580680
1241492350096064514
1241493954358644736
1241494838723272705
1241496558962536448
1241500780831670273
1241501557348335616
1241504346753425408
1241504863961391107
1241505152072404994
1241212941187325952
1241265437289205760
1241276073448529920
1241304381221474306
1241307216717676545
1241317014876102656
1241328090216792064
1241343266458603520
1241349864254066688
1241356386308685825
1241402743127973888
1241417358587150336
1241425351399616512
1241449806305910784
1241470372488384512
1241471795401822216
1241474197542580224
1241477072662470657
1241488590657458176
1241489764324442115
1241490252348489730
1241490409756508162
1241492282064371714
1241492645542756353
1241494577107828737
1241495931670999047
1241497616892006407
1241498658891325441
1241503692135845890
1241504782088425472
1241504924221034498
1241505679388614662
1241505778776891394
1241229683045400576
1241257804415066112
1241329497514835968
1241357769212641286
1241379554662498305
1241397513090936832
1241401321875558403
1241459161377968129
1241459812409528323
1241462659356053506
1241467122871455744
1241474979700641795
1241476581043965960
1241484119030276096
1241484578151436294
1241484983136632832
1241486080362401793
1241491625337028615
1241494069261582336
1241495013688836096
1241501613409185792
1241502347047481344
1241503490729336833
1241247116007288837
1241248549851009027
1241290760105975808
1241306665401692160
1241324929624219651
1241334451768102912
1241339803112804354
1241345263459016704
1241369107943096321
1241370208314494983
1241384824285335552
1241411067026313217
1241415231332667393
1241430269321764864
1241433503901892609
1241445449657192450
1241461012706078722
1241467970909540354
1241469756634513409
1241481473171095552
1241485572021125120
1241492950753980424
1241498073131606016
1241500969520771073
1241502892542091265
1241503124008960000
1241503329651474433
1241503334089064448
1241504863810236416
1241265857826783232
1241296312403984385
1241337983342608384
1241366267006722048
1241378202616029184
1241381068390969344
1241406688755933184
1241452631266144256
1241453631234289674
1241470389311635456
1241477426145832963
1241478311701774338
1241487519449059328
1241487648839081987
1241490998997516288
1241491556072411141
1241495045833994240
1241495161844240385
1241501665964032005
1241502785759305730
1241503419573121025
1241503752441511936
1241283930105536513
1241328870319689729
1241332528499380224
1241383462315143168
1241383654049357824
1241400568016502784
1241443101790609414
1241456647928758272
1241461277857325061
1241471032231374851
1241473487652499458
1241474803858649096
1241475432895205376
1241487385956925440
1241488159663423489
1241495784744521729
1241495881385496580
1241499254788624386
1241504405633073154
1241156869332373504
1241200049889165314
1241226543025860608
1241245091777429504
1241291186788339713
1241297581294129152
1241304195858391040
1241309746084405249
1241319879908691968
1241322015166005248
1241324930953875458
1241326713579220992
1241328311898423297
1241365773538545666
1241416212527144964
1241421545282646017
1241433821943418882
1241435136970952709
1241436204807204866
1241455629933383680
1241457908618940416
1241462526925254656
1241470872881422337
1241471082764304386
1241473725192712195
1241474557040623616
1241476877442863106
1241477755457413120
1241483914113429506
1241485844478939137
1241487306126655488
1241488288034275331
1241491833265553410
1241496786092597248
1241497037742510080
1241497313966575617
1241497551939031040
1241501185015775235
1241503560921202694
1241503767230648320
1241503832330436613
1241155042306068480
1241162245826117632
1241202238766415873
1241236360553476096
1241297389090201600
1241300485526695936
1241302839873417218
1241322843981459457
1241344775867043840
1241365603828596737
1241370062025560065
1241376385303707648
1241377055146721280
1241381344825028608
1241402074027429891
1241426705874595841
1241452419810234370
1241452987031134213
1241457101714665472
1241459344148963328
1241459565637574656
1241460607506960384
1241465193839894536
1241465468260683776
1241468758285324289
1241471764741439489
1241473885813583872
1241480748483444742
1241482282118062080
1241491223338192900
1241491343836413952
1241492401639882752
1241498570584469506
1241498794530942977
1241499587724169221
1241500588606722048
1241500772057190401
1241501186773180419
1241502621644599298
1241503675526402049
1241504758898274305
1241504846450176001
1241504856084537346
1241505627928739842
1241166412779008006
1241207315333820421
1241238656809086978
1241240555742547968
1241273433285066753
1241281250654109697
1241293220702834689
1241297470660976640
1241307334871318528
1241318429610708993
1241342093278220288
1241352763126267905
1241356838504935426
1241361518228316160
1241365437788684288
1241379747625656320
1241400655165771776
1241406572271730689
1241435658020892672
1241451105495777280
1241453393308258310
1241455545216892934
1241458389458223104
1241458840769626112
1241460858426925058
1241464422838796288
1241465282184581124
1241478894496010240
1241487000110346242
1241488757683113984
1241489979785838592
1241491839091380230
1241493539898433536
1241494448921628674
1241495045120851968
1241496035765223427
1241498612514856960
1241501570564571136
1241503555716034567
1241504864133316608
1241505177229721605
1241506245418397697
1241506327580590082
1241153909055512581
1241249139830243329
1241249629691359232
1241292245011226624
1241295207229988865
1241308738239303681
1241326717135978496
1241333513980428294
1241337095941165058
1241337518693535745
1241346381866045449
1241349378150891520
1241372512291880960
1241374001408217088
1241384103326502912
1241395827580559360
1241396277977513984
1241399530861596677
1241400893788033025
1241425451568037889
1241448095541493760
1241453696095080448
1241454685933928448
1241455039463464969
1241472040164626434
1241472148214034434
1241486059571159044
1241486182208491522
1241487247574052864
1241487659148562433
1241487680317333504
1241488350642688000
1241489717704753158
1241489764496400384
1241492332953903105
1241492350725169156
1241492861994119168
1241493551587954689
1241494418395406338
1241494692480589826
1241496284256763904
1241497303963373574
1241499830872150019
1241501957984079875
1241502667391807490
1241502836887879686
1241503496320450560
1241503622246039557
1241505296012529666
1241505420574887936
1241162360477437954
1241174650954092544
1241253436475269120
1241257795653185536
1241276569592750080
1241281230970257408
1241299279744032769
1241309039654510592
1241318639921291264
1241324361560264706
1241343149408206848
1241348723940167680
1241361850283044864
1241362824707915778
1241380102501552129
1241385592694476800
1241386064444612608
1241392844906127362
1241414533538893830
1241427209220481025
1241452448914518016
1241456883082432513
1241457319998885888
1241457430774546440
1241464769552560132
1241465856908906498
1241466970752585728
1241471291238080512
1241474830509072384
1241481225803612172
1241481693388775424
1241487360312909835
1241488023495286785
1241488262147031040
1241489222948786177
1241489331790974979
1241490482057949185
1241494453304668161
