1329040408198868992
1328982245793738754
1328956829011947524
1328972322980683776
1328975360982126595
1328970110145617921
1328988489015287808
1329183121246474250
1328963962159902722
1328990899192418306
1329061804312571906
1329054354918305793
1328979135914528776
1329010208799154184
1328984512022376449
1329024076644560896
1328934746299228160
1328955339576893442
1328982040973348864
1328984586169225216
1328928520593158144
1329117766436216833
1328969114124169218
1328982275824947200
1329024051176738816
1328980422492119040
1328983259137585152
1328985203495366657
1329035329127518208
1328935806560591872
1328963473213108227
1328990065977155585
1329039504376811522
1328990341752565760
1328968112746663936
1329040245283753985
1329008977217282048
1329006354921611264
1329029657254121472
1329038318886117377
1328986171989520386
1328939494641438720
1329032580386131969
1328975762272251906
1329036905497980928
1328987132501876736
1329030317647269891
1329028148613312512
1329040072918888450
1328984330123800577
1328987128349532160
1329031015478734848
1329032187451207681
1329037972629549057
1329038260228796417
1329008686405181441
1329041790058553348
1328935603971428354
1328981547354107904
1328988405020188672
1328980915721220096
1329037117545181189
1328936758378172417
1329037937552580608
1329039913392758785
1328998711238807553
1329005744503578624
1329030103397961728
1328935797400219657
1329031952125599747
1329095604107096067
1329186737571192834
1328937824549298183
1328937873488404482
1328948553067196421
1328990178032168960
1329149323217686536
1328941448260153344
1328947466364989441
1328925985245339648
1328935757382377478
1328940235250671621
1328966155936165890
1328978140924940289
1328985851993460736
1329183392487845888
1328934308657188874
1328958845436256257
1328980567556296704
1329009456072503296
1329024614714970112
1329024970857570304
1328980357006450690
1328982869415522305
1329016886336557057
1328977525083664384
1328981715428241409
1328990373629337601
1329007059644395520
1329031405796532224
1328957010285572101
1328968717292724227
1328979121859387393
1329034085898080257
1328977234971877379
1329138623036481536
1328925904559435776
1328941005786083329
1328951480041304065
1328958365561745409
1329036648634601473
1328986923797520384
1328973080614629377
1328975747290066949
1328976878514937856
1328978704534540288
1329015712187359233
1329075435116793857
1329097456253104128
1328982975959216129
1328992129381707776
1329023863288696832
1328852018505674758
1328929678107832322
1328977751659991040
1328991657883217920
1328952327458328576
1328963761256927235
1328980343190384641
1329023186768437249
1328962372560703490
1328967881233747972
1328914129600585729
1328922387975446533
1328941058227642369
1329098274771529729
1329040407968169985
1329200210711617536
1328958618889236487
1328919747598041088
1328966181009690630
1329021314544308224
1328948323219345410
1328948865140219909
1328952134323331072
1328991340038926336
1329002273465397250
1329010209025495041
1329012725649911809
1329027960704278531
1329119132005052422
1328936890767183873
1328968911514120193
1328978772826189824
1328931998073810954
1328953116788711425
1328956329852100608
1328959789477613570
1328961203931111428
1328963495384248326
1328966227767812097
1328977884153864193
1328999148411084801
1329192660968615936
1329197694296887297
1328972261378957312
1328981118884995072
1328987150382227457
1328990399009071104
1329006463789002753
1329024196203212800
1329033701297164292
1329040311847317504
1328922145192292353
1328938919010967552
1328941205816799235
1328995213243805697
1329001420796858370
1329002178393075712
1328910577679347713
1328924515850543109
1328946696550817795
1328951078675767296
1328952292230524930
1328955893631868942
1328957060676001798
1328960934392557573
1328978332956942336
1328987132271218689
1329006706681065473
1329015950113443843
1329016539421536256
1329031397055533061
1328915135704993796
1328947729578471425
1328951288525180931
1328963895848030214
1328965517458206725
1328975076105084930
1328994883345014786
1329017688300072961
1329024635221008387
1329139720237015042
1328870743480872964
1328963403151511554
1328964499571957761
1328971202413531141
1328977728247369728
1329015488454811651
1329017459769290753
1329040029335871490
1329153654348189703
1328890038747353088
1328929927178170372
1328987130262065153
1328918389939712003
1328925907118075904
1328939736363380738
1328948553062891521
1328949273661231105
1328955909549256705
1328970287023611904
1329024624647090177
1329028005327466500
1329197747430436866
1328918364346064899
1328935316007383040
1328956130475864065
1328957682406002692
1328971039217479683
1328982786162745344
1329001479387160578
1329034152109289476
1328909527656386560
1328927966450098178
1328980229222707202
1328987410139639809
1329014793404096517
1328853636567478274
1328941003206746116
1328946327288471552
1328958590015725569
1328986704896782338
1328995886303748096
1328996138175836161
1329040407867650051
1328858728448339974
1328946057062051845
1328971172273393666
1328982143532404743
1328987374098001920
1329004793248030721
1329013787245113348
1329024453985116160
1329024520129306626
1328859125003014147
1328925661067558914
1328951077874642954
1328957776035504128
1328972968018513920
1328977435392679937
1328990638386319365
1328996379402919937
1329016332503879681
1329021547684761601
1329028345619771395
1329038159896858624
1329051555455176704
1329200438315520007
1328947614335774725
1328950546959622146
1328977887408504832
1328979416861581312
1328980048687353856
1328983094276345856
1328986366903005189
1328993285185150976
1328995544031752194
1329026516198584320
1329037024297365504
1329173279895138305
1328921594027253761
1328932711201976326
1328937871705858049
1328941914381557762
1328959110658797572
1328975989943234561
1328983438054002689
1329033805647077378
1329036514291036160
1329197697736138752
1328910575691325440
1328955212246216706
1328972593894928390
1328972877694193667
1328975152332333056
1328984708491915267
1328985002533662720
1328985866547683331
1328988361718194179
1328995689477648384
1329014750165004290
1329036550215229440
1328936272128307204
1328940574414680072
1328941413590048768
1328944964861124618
1328952970101272581
1328960755841036290
1328966656283041792
1328984775500189696
1329001737382998018
1329034036958941185
1329039994229567489
1329074985600630791
1328869076949667841
1328919114694471681
1328940003997732864
1328947055126081540
1328949424287047682
1328954047160856577
1328964949574627328
1328970708068700161
1328973873484849154
1328978084935118848
1328979963614277632
1328983805991022595
1328988069517783041
1328988312498024448
1328992777779245057
1329073288371343364
1329195700970795013
1328880686938337280
1328945107857530882
1328945744850669568
1328978218876096512
1328986330156691456
1328988651364216833
1328989582302568448
1329006023823290369
1329009102203326464
1329013451704897538
1329022001613336578
1329030367530127360
1329030440607490054
1329096297207521281
1328859557590937601
1328941414026260482
1328947389592461312
1328947907282792449
1328948802083020800
1328950410447646720
1328950645316067334
1328955101789229058
1328958736543731712
1328962122085228544
1328962482027814915
1328963652075008000
1328964478025818119
1328968020996349953
1328974971893379073
1328977609775046657
1328978947305070597
1328984079677730817
1328986849352749056
1328988040585502726
1328988124358258691
1328990061531107330
1329011021944647681
1329023779989819396
1329034194186625025
1329049913469112321
1329101470541680644
1329197698952679426
1328867767504695296
1328876830049280000
1328891856361566208
1328940113972371464
1328948692695519246
1328956380024348672
1328956465177124864
1328956719289016328
1328957227516956673
1328959889213972482
1328960647862882304
1328960896274665478
1328961604373917697
1328963652515475456
1328975866416701440
1328975983093948416
1328984428157280261
1328984983827046401
1328986888540098560
1328992327306719233
1329001162071224320
1329008221957316610
1329014802736439299
1329037162818494465
1329090905442189315
1329198423401172994
1328863744965947393
1328899587344658433
1328904266807959558
1328929659724115968
1328931038249312257
1328944765065367554
1328946372041723905
1328949969798246402
1328962944655372288
1328973835010535425
1328978203474604033
1328978680643772427
1328983816036356096
1328987585138610182
1328989321026801665
1328990071253590017
1328991533505318913
1328992351491137536
1328992490549080064
1329013435338813440
1329014126895501312
1329017533077270528
1329020229880586240
1329023927205638145
1329036157414477824
1329036349412872192
1329040273113047041
1329201269479706624
1329204361881378818
1328928085543153667
1328928923049226241
1328933452889141250
1328934814293045251
1328948119153881091
1328955598810066945
1328959204825190401
1328964945619324930
1328966291407908864
1328966993245040640
1328967094411685888
1328967455310548994
1328967461643890690
1328969651045457920
1328970310226423808
1328970949966774272
1328974290402873345
1328974873893408770
1328976373449420805
1328976676672458752
1328978248303337475
1328979595123695621
1328980968456249344
1328984367004327937
1328986467138482176
1328986816050049025
1328990573739597825
1328990714378801152
1329003695028248578
1329020301565423621
1328910933121527810
1328915081367855104
1328916228472180737
1328921130615369735
1328934281746526208
1328937583695568900
1328941096521625600
1328944425863622658
1328947577941798913
1328948152087482374
1328951579328851968
1328952342021087235
1328953895071182849
1328955830843158528
1328955916637659138
1328958722371166209
1328960648454266880
1328961920699944961
1328962403724390401
1328963612803801089
1328963646148530178
1328965023729901568
1328968137207934977
1328976589917458433
1328980444768047105
1328982105662103554
1328984722886848512
1328985807307169792
1328986132277813257
1328987731783979009
1328991694675697664
1328991822899720192
1328999794682064896
1329001440367489027
1329001570193825792
1329003870291451904
1329005175755988994
1329005567780728833
1329011842212122625
1329031989744242692
1329035374606299138
1329035953437028352
1329039712565268489
1329169499283656707
1328850413785817092
1328852325310418944
1328865138313732096
1328880636292071424
1328884390693392384
1328925912000126978
1328928669415452677
1328933454243799041
1328938703146901504
1328944282921787392
1328948500193824768
1328949542486745090
1328954843927556097
1328956001349939200
1328956105058205696
1328956519673630721
1328957371478134784
1328958618939568129
1328960366680952837
1328961821441728524
1328962652815712258
1328966392876576768
1328966443967320066
1328968201993064451
1328970647394004994
1328973718366785536
1328974460628709376
1328975005305212929
1328975579648057344
1328976238602555392
1328976295292616708
1328978914396545027
1328979027571470339
1328980231596675072
1328982096849854464
1328982217503207426
1328983078203756544
1328984618419298306
1328986634054930433
1328987198289534979
1328987372281864205
1328988650776956930
1328990181521821697
1328990749267025920
1328991705325035520
1329001674443268096
1329021855336902661
1329024566438539266
1329025053858607106
1329031604379869185
1329035375000641537
1329035663098966016
1329203175761522699
1328858047335292929
1328875734773997568
1328893187256102913
1328913493341446145
1328915837214855173
1328924157145477121
1328928693574578176
1328929077420560386
1328929462424117254
1328931698839531523
1328935284805947399
1328935668467298304
1328936364453269507
1328938378419691521
1328943519285690368
1328945708834099200
1328950337617715205
1328955621383802882
1328959815910035467
1328960402340917250
1328960495739604994
1328963077556080640
1328963654914629634
1328965401649221632
1328966118816550912
1328967113881645059
1328968523067088903
1328970963254390784
1328972287152975872
1328973977428045825
1328974208592965632
1328979266961371137
1328981429255106560
1328982402262298626
1328983098009260032
1328983566697574400
1328983784834830338
1328985702781038592
1328985729238773761
1328988818037379074
1328988856218218496
1328988891043438593
1328989927460179968
1328994289477705728
1329001726532268033
1329005905174736897
1329006532743278593
1329006714822287360
1329014017470443522
1329016567426854915
1329016888417005569
1329024051952582657
1329029083045502983
1329030247258476547
1329030982150856705
1329032640746418182
1329097883740745732
1329147234831790080
1329183274569248769
1328861585012527105
1328865510524559360
1328888355204050944
1328889420334952449
1328924073427132418
1328932532306518023
1328934427158851584
1328936612374454275
1328938491724574725
1328940962178076674
1328941117467996163
1328942931428970500
1328944225036234752
1328946295378243585
1328947591485206530
1328948336053932034
1328949629195591682
1328951075710390272
1328951166055706626
1328953129073844224
1328953351418105858
1328955505151275010
1328960848149221376
1328965040008032258
1328965433567932422
1328970852487077889
1328971706866819074
1328972472931250176
1328972552333561857
1328973665262833665
1328975030693335041
1328976994521010176
1328977816260636672
1328979139777490945
1328979697569566721
1328980303038337025
1328980795248275461
1328981689197060096
1328982827682197504
1328983812454420481
1328984104847761414
1328987125430292481
1328987280388861952
1328987540662214656
1328987560106930176
1328987571846868994
1328988172949262336
1328988630656954368
1328990575555645440
1328995082238889985
1328995603905470464
1328997639170486273
1329001223991795712
1329001917880692736
1329004977193431042
1329008251850067971
1329009109891506176
1329009123728519172
1329009209288126464
1329012985663270912
1329017136421933061
1329019011569496064
1329022009930604544
1329024158337036289
1329036212376641538
1329049046116405248
1329096618159824900
1329107924074029056
1329112381843181568
1329144902375120905
1329181185717784579
1329197262313037830
1329197359188865048
1328870077261864960
1328880839602675712
1328910807095255041
1328917166641606658
1328917620733730819
1328917959327281152
1328922591545974784
1328926058960343040
1328928682744963074
1328931028367527944
1328932680147333126
1328935232087715846
1328941178688065537
1328942575055745027
1328943040317284355
1328944179104329735
1328947625618497536
1328948967078498308
1328950141198462984
1328952178061488129
1328952439438012418
1328952568190545921
1328953369646534657
1328956102130614272
1328956330477051905
1328958396163305474
1328959198911225863
1328959934550208513
1328960441960308736
1328961079389655040
1328961524183003150
1328961573621288960
1328963678872477697
1328965649012563968
1328966070603014144
1328968837182742528
1328969468437991424
1328970005992640513
1328970043653320704
1328970654624964608
1328970750573899776
1328971730442924033
1328972240969457664
1328972531198550016
1328972985034813440
1328974556627918851
1328975396868591616
1328975467743940612
1328975470008918018
1328975642491228160
1328975983244955651
1328976228653670400
1328977702670520321
1328978281383784449
1328978785824247815
1328979376181043203
1328979590262480896
1328979808269848577
1328980978384195584
1328982084413775872
1328983229618135045
1328984531639136256
1328984883012767744
1328985324291305477
1328987838646456321
1328988754434985985
1328990219815809025
1328990725443346434
1328990783043739649
1328993694444351488
1328993719757000704
1328993876737191936
1328994002356609024
1328994020253642752
1328995147120582656
1328998480543674372
1329010376659378178
1329013069171855365
1329014957145526272
1329016505330065409
1329016578067869696
1329017241132785669
1329024233620508675
1329024460175929344
1329027687399219200
1329027881893326848
1329032745109123075
1329034619598073856
1329040200199270401
1329040957241745408
1329051841414500365
1329083507801407488
1329129514522333191
1329150447077232643
1329151290207858690
1329164487966994433
1329186359874039810
1329203956803833859
1328850933661437953
1328906928555237376
1328916154698620928
1328916595587026944
1328917690610802688
1328919849507180544
1328920691261976576
1328924565939097606
1328927161617575938
1328927703966355458
1328927811239874564
1328930034510426120
1328930936386412545
1328934616368078849
1328934708198203392
1328939044798144516
1328939135999029255
1328939681044684805
1328940222365700097
1328942624225550336
1328944053862469633
1328944925879242752
1328945924232650753
1328946693094649856
1328946924620222465
1328949281940787201
1328950264980787202
1328950387475419136
1328950684989976578
1328951075953664000
1328951856027095040
1328952985389559811
1328953177970970625
1328955836505448448
1328957834202144768
1328960324641447936
1328960807422603265
1328960889622573058
1328960926087831552
1328961372487606276
1328961832447569922
1328962749112721409
1328963502971695104
1328963641673179141
1328964496732401666
1328964656862535684
1328965512685105152
1328966168368074756
1328966748058554372
1328968128840278024
1328968397959405568
1328969285214097408
1328969504739700736
1328969686713839616
1328969955098959872
1328971205076926465
1328971313667592193
1328971477329326082
1328972127278657536
1328974295335399424
1328974692372389888
1328976488532746241
1328977331499708416
1328977918828089344
1328978502511702017
1328978640890052608
1328978722511347722
1328979162120531968
1328979589973086216
1328979756805730304
1328980302493048836
1328982362223501312
1328982741166268424
1328983810080432130
1328984410335686656
1328984649478103040
1328984965862854656
1328986153878499328
1328986273969811456
1328987543845675013
1328989075190083586
1328989234825400323
1328989540866949127
1328989565974097920
1328990099951001601
1328990705495273472
1328990932641992704
1328991542053400577
1328996619036094464
1328997655612100611
1328998026795495424
1329000155165683719
1329000579461427200
1329004257190801409
1329006689224421377
1329008482033528833
1329008670319980544
1329011709370118145
1329016505158103041
1329016913167585280
1329017953183019009
1329020275384610816
1329020345576280065
1329020440371662852
1329021446560100353
1329025814701219840
1329025971882778626
1329026626395443202
1329035833308033031
1329036312100425729
1329038309155336192
1329038828338896898
1329039856073400322
1329049667632508929
1329142428557844481
1329143350553939969
1329146616125796355
1329187285057867786
1329196869302579205
1329202579738333187
1328851567504748549
1328853683614994434
1328853809083330560
1328865802838282241
1328868226395037698
1328870264273252353
1328874646096277509
1328880604729864192
1328880606818701313
1328894920820727809
1328895861632462853
1328921039586406400
1328921478654357505
1328922152008093697
1328923376434417664
1328923713048375297
1328925906224627712
1328928484761198592
1328929067475853312
1328929442127896581
1328930974063861762
1328932046195077121
1328932091568992260
1328932705099280389
1328933452893220864
1328933952229355522
1328935365680525313
1328938469650014208
1328938499505090560
1328940635731136514
1328941020608917506
1328941029614100484
1328941309042831364
1328941330165358593
1328941905611206657
1328942213808713728
1328944023051046912
1328944826134499331
1328946088590577664
1328946659447934978
1328946703651778560
1328946720131190789
1328947605238378497
1328947870830108678
1328948746453966858
1328948905397145604
1328952681872961537
1328953329855115266
1328957224107053059
1328957685883166720
1328957873368559617
1328958028822044673
1328958169096331265
1328959672225763332
1328961295450828801
1328961501550481408
1328962005093527557
1328962088404922368
1328962356282597383
1328962608016322567
1328963183248351233
1328963653098373120
1328963658618167297
1328964188635623426
1328965273899110402
1328965892307357696
1328965968983416835
1328966074113650688
1328966168510492673
1328966500397551623
1328966655800651778
1328966936919760898
1328967035481632779
1328967257821736960
1328967671585644545
1328968833059708929
1328969318894284801
1328969539623792640
1328969775825956866
1328969944340582404
1328969994806366208
1328970406443757569
1328970441634033666
1328970449536028673
1328970622685368320
1328970863757176832
1328971282956816393
1328971389534171137
1328972259592196096
1328972586580054019
1328972743581331456
1328973074339917825
1328973500074385408
1328973564050026498
