1296425095804719106
1296513637121654787
1296377776421900288
1296531278628556802
1296470993939116032
1296526952921260037
1296376587563216896
1296403855824035842
1296569268759408643
1296386494223888386
1296461832950091776
1296387512097808384
1296559712239071234
1296488986467274753
1296339417544695810
1296416770782367752
1296500170444734470
1296568916601384960
1296353128992866304
1296447156757438465
1296559903201529862
1296485890961932289
1296347522827354113
1296348802601881600
1296557236337233920
1296331271812063232
1296402106027573251
1296374998597349377
1296565765773164552
1296546703890419716
1296495566202048512
1296522234174099457
1296369532273975297
1296530895462117380
1296445145508970496
1296343608757563393
1296332244294959106
1296380645837602816
1296361413913575424
1296461996229976065
1296362941290369025
1296522177504784385
1296458249605087235
1296504116743753730
1296417727473754114
1296426914761113601
1296370026187030528
1296461264093356034
1296318840134160387
1296369728714346496
1296426224156278785
1296427621845209088
1296265856746500097
1296392127384031234
1296431798105387013
1296405616332869632
1296461831695994880
1296577020793704449
1296347845637869568
1296389637473173504
1296453163789295623
1296356560726302721
1296418329901621248
1296400321858633730
1296408223742857217
1296425393621291009
1296570969117556736
1296429809397116931
1296432353032704002
1296497947471949824
1296425329926471683
1296372819216027648
1296546262062374912
1296483437776449537
1296555751209500672
1296522589305741312
1296373489583226880
1296401713067417602
1296511985706766337
1296542798347472896
1296475373555855361
1296490269068713986
1296505360744841216
1296523911929245696
1296414926962143234
1296492196057632768
1296535628922916870
1296430460386631685
1296570203178856449
1296371608622436354
1296403893451198465
1296513002196303872
1296551987912364033
1296371433384357888
1296371397732728833
1296378109701300229
1296401456069779457
1296478859689365506
1296501215275212800
1296403701347885057
1296547190727417856
1296389353720119296
1296375959197749248
1296376417723330560
1296490500233592833
1296545621353127937
1296383368918175744
1296385469333278720
1296308474998128642
1296366369005539330
1296373240563195904
1296404654583091201
1296485637378519045
1296416740952375296
1296431876278812672
1296540656882638850
1296412378507218946
1296503189194321920
1296544567236464644
1296285326059565057
1296394301199527936
1296429294420480002
1296465765848186882
1296397561000009728
1296426332214173699
1296540925544427521
1296569571294556160
1296383787354460161
1296495161137082369
1296572220823818240
1296425021741703168
1296458832764375041
1296411457375080448
1296432115094032386
1296462233984217091
1296488930142027776
1296532860044746752
1296440133286338561
1296533384110444544
1296546433693356033
1296348840237436928
1296493019366068224
1296555407956226051
1296570456208744449
1296342226650398726
1296425552501506050
1296429536201105410
1296475106617831429
1296505663569485827
1296549259626635270
1296567806398533633
1296412739624148992
1296417413479763971
1296438681239203840
1296567073813012480
1296315047573168129
1296361249719099392
1296371521519267841
1296390742756163585
1296512113301696514
1296514192275628032
1296571687790694402
1296578757227151364
1296433952421564416
1296529141576196104
1296371415998967808
1296449310981332993
1296496864741785601
1296554229918818305
1296570288776372224
1296412133534638085
1296425162028527617
1296450228774731776
1296541368622485509
1296348872923643907
1296492765178667008
1296529391984488451
1296565093392691200
1296573555560382471
1296329754661072896
1296441441246425090
1296492194451173376
1296522392240455680
1296532128822374402
1296540186944438274
1296540409095651328
1296543159552339968
1296425556888694785
1296472273659068416
1296383562850226177
1296545037375815681
1296341198697709568
1296458198103318528
1296342738338816005
1296441939273945089
1296478331836276738
1296571918569689088
1296524983376764933
1296542072384753682
1296395627203567616
1296425838087491584
1296445836025573379
1296489233872543744
1296519888001957888
1296557920717606913
1296570121180282883
1296567774245007360
1296582789450498049
1296379817135419393
1296425083792248834
1296487220514295812
1296517355019702275
1296551100594651138
1296552450380443650
1296553478190518273
1296559424685957120
1296468945684377600
1296491730817212422
1296528075996516352
1296543257300815872
1296547577022877702
1296565170085363713
1296361352592752640
1296427023246786562
1296461025743646721
1296489672722579458
1296518627861176323
1296578523923177473
1296326097512960001
1296391622155030528
1296438537961840641
1296503815114563584
1296510668892495873
1296529771761999876
1296554950739349509
1296563387967721472
1296565565608398848
1296322599954403329
1296331640629792768
1296348864786632704
1296492189627772928
1296534994337378304
1296541162917040135
1296550499504861186
1296555993111973888
1296570081489629184
1296343461654933504
1296356338486968320
1296401523853991936
1296437024174608386
1296438686326894594
1296527202264260611
1296549490695049217
1296551077139984384
1296417525211844609
1296434537023537158
1296439637754478592
1296441505113088001
1296446916205719553
1296540693696057351
1296545038004936704
1296567827609145346
1296568153535918083
1296363881510645760
1296386743424487425
1296424180641148928
1296433049996005378
1296439393796927490
1296511063635066881
1296545510489296900
1296570691865718784
1296349291641020421
1296392784098754561
1296425911693258753
1296441438125907983
1296468114763403269
1296477548281573377
1296487537993801728
1296510685619388416
1296548505176215553
1296550070679027713
1296556237857984514
1296560137558093825
1296561525012996098
1296567383872741376
1296572554421981184
1296575524026933249
1296339480618688518
1296366937023315969
1296390258913939456
1296428503362150400
1296475982954627074
1296478413759422466
1296487339229929473
1296488100340867072
1296542191775551488
1296349813269835777
1296351743958298624
1296370344605999104
1296392641337327616
1296522388775944192
1296543782792564736
1296552012008624129
1296572963077132289
1296365705605124096
1296389463569031168
1296491397797875714
1296496848820228104
1296502919634837504
1296511568973377538
1296511582927818756
1296548516022628356
1296549875207811074
1296554302648061958
1296554402308923393
1296554871706071041
1296556444540719106
1296565798719361024
1296311277690802176
1296378233194262528
1296386498028359682
1296398113113083904
1296405664303063045
1296425833079418883
1296439045237637122
1296463248938676228
1296531254666559488
1296546571279114240
1296352491467153408
1296403271054233606
1296428377281376262
1296430042453610500
1296432377837871104
1296438951406960640
1296441857497419776
1296479588814663680
1296505731005456384
1296549851153534976
1296553632247222272
1296566945886724097
1296582004583137280
1296323487913713664
1296354218249539584
1296363383932030976
1296371438165864448
1296419912588701696
1296427912153964544
1296445509096407040
1296519521533136902
1296529602848882689
1296541606628265989
1296571846465400832
1296333424140193792
1296346350431473665
1296411313527283715
1296426786478338050
1296429333876281348
1296463558558003203
1296474596527484928
1296492531748929539
1296520703940988934
1296532786447253507
1296547473545203719
1296560158034874369
1296570057355657225
1296393303831838720
1296409976076935170
1296425409169555462
1296446986644848641
1296487302957600769
1296487666423300098
1296494121423638532
1296539406548041729
1296555908336693249
1296561258158854144
1296345632299462658
1296359850780372992
1296434372229451780
1296439710571732993
1296444399388434435
1296448149314207744
1296449566129225728
1296505767630196738
1296514839653675008
1296518425800515584
1296529959780069377
1296538244671250438
1296551898724564993
1296558687558012928
1296560796856705025
1296564076345274373
1296570210548428800
1296335784673509376
1296347024548409346
1296372765268869120
1296394165782286336
1296421871433523200
1296425234149650432
1296425342555623425
1296433272755499009
1296440428858871810
1296447365742813185
1296451881854738433
1296456888046047232
1296473877653094405
1296476071295148033
1296480892702130178
1296504318271664128
1296514851448250368
1296543527497863181
1296555745987551232
1296571174017671168
1296332579130441733
1296356296933830656
1296371758728175618
1296382717928472576
1296392243549540353
1296427050526441472
1296428428015566850
1296467352163319809
1296468876545478657
1296493470522265602
1296514107756208130
1296535830601883648
1296543768066363415
1296545253827194880
1296559471016259584
1296569242742071298
1296341194566504448
1296345706148528128
1296373191921807360
1296414907068555269
1296430428056965120
1296465086232616961
1296487017451266051
1296494844764880897
1296495324006055938
1296497754676563968
1296505696402513920
1296507540725956608
1296516162935836672
1296531730464157696
1296532454623383552
1296540380599586816
1296551067363287043
1296557150072967169
1296558030797053952
1296559648225423360
1296567686525321218
1296570232509792257
1296570905565581314
1296575158732365824
1296326096502153216
1296357895009959941
1296361610961977344
1296379751326679045
1296386533407301635
1296404711269191681
1296427506506047489
1296454440489082883
1296458110983438337
1296458603327565824
1296481044699521024
1296488984399482881
1296514911246462979
1296520619404689408
1296537492276084738
1296543948094279694
1296553544003264513
1296560293762314240
1296560353090981888
1296566858603167744
1296344991204282374
1296374087422480391
1296377630716035072
1296397889988710401
1296429275017408513
1296446213856931847
1296520232757014535
1296522888976248833
1296541744969011201
1296544917108469761
1296546895914045456
1296548568711520257
1296561299128758274
1296565476923977733
1296570138179903489
1296572730519613440
1296574870839611393
1296578435595239424
1296351285327822849
1296382636034863104
1296403300699590657
1296423997190680584
1296426563878215684
1296426913351766018
1296429408639692801
1296446152229912577
1296447544411787265
1296459522203156480
1296461995026321409
1296472090862919684
1296477091479916548
1296480298386022406
1296500040857419779
1296558087881588737
1296560054716506116
1296568138822307844
1296573645029072902
1296578167394701313
1296578276765380611
1296581427258101760
1296582356199972867
1296370023397826561
1296405595017416704
1296409141942996992
1296414175065931779
1296428603543097349
1296477868113920000
1296485472533913602
1296488979651584000
1296503823800971264
1296531196458000385
1296531196462202882
1296532107314040834
1296544797797289984
1296546295763669000
1296563918064750593
1296569530370666498
1296574163558244355
1296280796131721217
1296335000955228163
1296374209506168833
1296413083263545344
1296422960027308032
1296429874689835012
1296437287505600515
1296440182430982147
1296448278465306624
1296454981726478339
1296464148122017793
1296467057182224384
1296474573295108097
1296477334258814977
1296502348764848130
1296511249639931906
1296516719381446657
1296520201039683584
1296524140812349440
1296526586771050496
1296527871490560001
1296529762089869314
1296542268812398595
1296543501849702402
1296548744222126080
1296557620434817024
1296566189209145344
1296569144360534017
1296589283168530433
1296331617569570816
1296335204630626304
1296344380194856960
1296364391974211584
1296364749832228864
1296386737413947393
1296396559014387713
1296404708886806529
1296424244415352832
1296425413300936705
1296429329631649792
1296431839490584576
1296437974717136896
1296447741514653696
1296453321050521600
1296454345559547910
1296474883195580416
1296477354106249224
1296486925646389248
1296489521920585729
1296493719630340097
1296500822155681797
1296502062512066565
1296503513871155202
1296505820826533889
1296507887582433284
1296515816385662982
1296515975819517953
1296522183867609094
1296525392442949632
1296532399220719618
1296544078209978377
1296544255012491264
1296544401972506624
1296544642729742342
1296546324494651397
1296547326333456384
1296550068787478531
1296553403863179269
1296556689815146498
1296562382068736004
1296563951153614854
1296570459828432898
1296583072339628032
1296327844889591809
1296344672286191616
1296372207644561408
1296382087625408512
1296402698573578240
1296428066277818368
1296430223383244800
1296438624565768196
1296454864390819846
1296456957176328193
1296480961480265729
1296492391726284803
1296496565192921088
1296497572287217664
1296501434578591746
1296514516495339521
1296521129998217216
1296523282695544837
1296525786351120384
1296545164199108613
1296547619716702208
1296548826417958912
1296554901644939267
1296559815368544268
1296562118251229186
1296567832298369027
1296571072154927106
1296575304211869696
1296576140740616193
1296315525044215808
1296337419390910464
1296354471669366786
1296366806404345856
1296391901814427649
1296400184746872832
1296416622136229888
1296416971916021768
1296425940055207936
1296426343752753152
1296429251915329538
1296438227356790786
1296443604622344198
1296446895984988164
1296468091258515456
1296473822124748800
1296482380920893441
1296494342685765632
1296500816124219399
1296511123689213953
1296533551748448258
1296533655871946756
1296537588040454145
1296541309268889605
1296547605040828430
1296550414993756161
1296552707189350401
1296563790557962240
1296569865428447232
1296586520887869442
1296250600821100544
1296296839625547776
1296301602723291136
1296347737261318144
1296352648787042304
1296356744654925825
1296360068955480064
1296363843426201600
1296371889640792071
1296375184421793792
1296375453561892866
1296381496790573056
1296382410913910784
1296387892718313472
1296390882942492673
1296390942165999617
1296403233846460416
1296405109044322309
1296407296357150721
1296412122285580288
1296412916908867584
1296416695389626370
1296417942318526465
1296427529667059712
1296428032761225217
1296428200768176128
1296446500667564033
1296446551406120960
1296446895880048642
1296451142134751232
1296462998538801154
1296466683989839872
1296471018429710339
1296474170012958720
1296500914602287104
1296512909242138626
1296524789289496577
1296539433991376913
1296542828949114883
1296543863243509764
1296544614153949188
1296546201639235584
1296548080582561792
1296553845758341121
1296555207757889537
1296558794978349057
1296560784240148480
1296564562750328833
1296568190269452288
1296569898395742208
1296570203329851392
1296570338860396546
1296573705229873154
1296582820161355777
1296585020379930640
1296316650531299328
1296349370963628032
1296363764422508545
1296366894002380800
1296367821522378754
1296372344609546240
1296374899439742977
1296376094791213056
1296386495008460801
1296390651173634055
1296390955009007620
1296405385046372352
1296406549632606214
1296414472580616192
1296421239674871810
1296425978772717570
1296427392085393408
1296432380836827138
1296435178454355969
1296437911756386306
1296439288641589249
1296441326460862465
1296447467626672130
1296450671609286656
1296454095088291840
1296456796979240960
1296484788837261314
1296489562647277570
1296489926117199872
1296490476753780742
1296490761106620416
1296493430290427905
1296495983371722754
1296496722898755584
1296507300035919876
1296510106465640449
1296510189542297600
1296511519031689216
1296516414334009345
1296518613340426241
1296523857315139584
1296528504335589382
1296536543788773379
1296539946283675650
1296541014128295936
1296545266699558912
1296550720989265921
1296552909518372869
1296552922432573443
1296553696550105091
1296554634291617792
1296554732304191489
1296555895527219206
1296556102935617537
1296565954298679296
1296569675644645376
1296571630345498624
1296573958557401088
1296574261256237057
1296575076717015044
1296576504026079235
1296581943501426688
1296280799365550080
1296317010989719552
1296339344421257221
1296345017649442819
1296354121969213442
1296360779608813569
1296374604315922433
1296377218059456514
1296388542474723328
1296389655689011201
1296390532936204290
1296397348600504320
1296401643160981504
1296404108832735235
1296417537236832256
1296420183473561606
1296426052525477891
1296428016445186050
1296432854474334215
1296432886514683904
1296434307842506752
1296434642304798728
1296437578649001985
1296438695969554434
1296439202041729026
1296441794855604226
1296444291968008194
1296450474388918272
1296451279456276481
1296453476390776840
1296454581426311172
1296456811025965056
1296472083338342400
1296473781595242496
1296477801948819462
1296480243738386432
1296481178804006913
1296491197842718720
1296491390650777600
1296491969200427008
1296492557665538049
1296500968016805889
1296502572577169409
1296503304596398082
1296509118136623105
1296517474888949761
1296519576461742081
1296530064138555392
1296542020488630277
1296542521141669892
1296543234785714176
1296543404965470208
1296547256263479309
1296550247120994304
1296553052460265472
1296553935071838211
1296555866368466951
1296561211824320513
1296562164111679490
1296564211313713152
1296565432074358784
1296567691897999361
1296567765399212037
1296568721494941698
1296570156840292352
1296572830868541440
1296582117716090881
1296322539698913280
1296325758533722113
1296330486265020417
1296339218579574784
1296341198043353089
1296356691915804672
1296361738716291072
1296363442018951168
1296366831503056901
1296367347763163137
1296368876746227713
1296371219747545088
1296374726110130176
1296387229611372546
1296392278660046848
1296405848625905665
1296407810222194689
1296408699251163136
1296411086825062406
1296416930568577025
1296417376678928384
1296418778755010563
1296420726552100864
1296422936065212417
1296425470142099456
1296426426011398144
1296426466738143233
1296428221920157697
1296429766220959744
1296437109402869766
1296438360685387778
1296441396434481153
1296442458457464833
1296442567819755522
1296443046779912194
1296457468638310402
1296466531799511041
1296468555337281537
1296477097481969669
1296490045726232576
1296494694290067456
1296499164763881477
1296501879128629256
1296502255567306757
1296506691211669505
1296513390446288898
1296514978447532032
1296519592949538816
1296522544724443143
1296525397341995008
1296533712725712897
1296537153942499329
1296537489151156224
1296541160077500418
1296541529511608320
1296542192689913858
1296544618398601217
1296544947877941263
1296546063944495104
1296549316841156610
1296549882988199936
1296552588070932480
1296553857359712263
1296554782170243073
1296556362084651010
1296557267534446593
1296560099939569671
1296560787134263296
1296562394932695041
1296562906545434626
1296564302997082113
1296565102473248768
1296565130453495822
1296565351426252805
1296565454719377409
1296568070169931777
1296571216237649921
1296574272907948033
1296577014485454849
1296577162116567040
1296579667265191936
1296580316140896256
1296584745770528772
1296262375050563586
1296323660282843136
1296338677635919872
1296338980066267137
1296341480341151744
1296353720247226368
1296355573215064064
1296356300717088768
1296366800628781057
1296371769528524800
1296373150159175680
1296373235941019649
1296373790541320192
1296375168520957952
1296375772949745664
1296382307440496640
1296382539335172096
1296386294856192001
1296388263868014592
1296388452892778497
1296388604424527877
1296390174931386368
1296391213021528065
1296395925317988352
1296401136614768640
1296405040668827648
1296417507696357376
1296417817533788164
1296418453356781571
1296420451040845826
1296420467075497985
1296422726253654017
1296424244310466565
1296426861656969218
1296435109684486144
1296437707514818560
1296440375801008134
1296442650950873088
1296443283690983431
1296444028846825472
1296444771788099584
1296450027611717633
1296457169051803650
1296469851914018818
1296470574689132544
1296474296324362240
1296477096395640832
1296481478386290689
1296483381161496576
1296488708355522561
1296493027415011328
1296495820167090182
1296497305454075904
1296500997330817024
1296502265814147075
1296506401423011840
1296506661075652609
1296507376418398209
1296507867957268482
1296514840794509312
1296516026180554752
1296516082568658948
1296518241167323143
1296518706315624450
1296521060628799491
1296522392420749313
1296522462117552128
1296533025417768961
1296537762028564480
1296538113058189312
1296542616033660933
