1251750038990028800
1251853734445023233
1251950656694427651
1251804621250625539
1251942120493113345
1251826028844023808
1251852728453791744
1251761894383378432
1251894133779824645
1251902683151306752
1251971330867691522
1251958368757059588
1251959844053139456
1251858834429272066
1251773499909292032
1251791722734071810
1251940906246250499
1251800563467071489
1251826596274724866
1251749200645074944
1251748207412908032
1251867419091615745
1251944941653241857
1251973868228612097
1251884651729338370
1251954972138385408
1251827026702602240
1251903951294869508
1251886331690659842
1251790185995603968
1251885275489480704
1251948684297805824
1251954185429372928
1251847114373525504
1251812014856560640
1251764369970597891
1251761980354027521
1251829443997433856
1251827250904907776
1251968471543447555
1251994124603056132
1251786484115337216
1251816108467912704
1251932374197325827
1251983017863786499
1251982551708655617
1251951210107752449
1251996674035253249
1251905767034191873
1251809658047692801
1251963781405724674
1251754571564822533
1251995232650104833
1251944915761868804
1251887291913719809
1251852295777771520
1251951669291745280
1251939400486924289
1251891210312011776
1251817977953095680
1251960606296608772
1251975238453202953
1251906695095353346
1251970467872866311
1251964005607976964
1251955980054810624
1251892289313468417
1251958339468251139
1251910931954593794
1251966161274748930
1251978293672280066
1251927629097287680
1251853981460111361
1251953255619399690
1251762436308447233
1251751643332427776
1251835876121985024
1251867478394834945
1251970450516836352
1251894438449872898
1251827582561136645
1251963666997657600
1251906315766595585
1251809611948179456
1251828191104249856
1251840119633575936
1251971062524411907
1251873638179057664
1251973294531710977
1251829316570185730
1251952528771764225
1251994060627329026
1251847239384928256
1251976875834068993
1251852653891592194
1251986491401744385
1251861128596119552
1251856429016850434
1251966364295847937
1251946306165264388
1251850130346643457
1251942752557957125
1251899728956137474
1251913072974888963
1251828866173112320
1251956056873451520
1251960001113067520
1251953713943478272
1251954861203062784
1251770892683825152
1251951069128785923
1251867653662216192
1251808535853359104
1251763942776602625
1251855231199174657
1251916035474817026
1251829752157089793
1251888103419260928
1251878608550969344
1251970789223673856
1251994039647440901
1251854674770178048
1251944609313427464
1251876958247383041
1251828074628481031
1251867953244639232
1251775151529738243
1251990783781208065
1251893269983887362
1251963813227909121
1251693595482034176
1251770560511705088
1251857462359207936
1251950845861728263
1252001529462001665
1251851299399835648
1252008521274712066
1251803618359021568
1251875430694559744
1251970840209641473
1252005326204829696
1251834363257503746
1251895722892382214
1251952735072763905
1251967357733474306
1251950014508576768
1251923515030167552
1251990604827017216
1251787740276051974
1251837228990582784
1251762044883349505
1251774614574940160
1251953044364894208
1251963806315675649
1251966552729169920
1251948683135873025
1251823804139134976
1251853587921149953
1251931838135795712
1251834538264858625
1251903362439708675
1251829010054742016
1251805933270859777
1251887987971022849
1251929584897064961
1251940385015894016
1251973171391213570
1251809906476400640
1251869911632109568
1251939026564714505
1251958147897581569
1251976973259345921
1251985326614200324
1251958441867870209
1251992343705784321
1251993844645838849
1251761651419930624
1251809626896699393
1251893434480238593
1251940372546281473
1251813756587384832
1251872460431151104
1251763129853280256
1251952455870382080
1251956885965754369
1251762941336174594
1251948945602994177
1251747788435660800
1251999668256546817
1251807333358936064
1251868223408144385
1251967547060228099
1251976724620943360
1251963830361522177
1252009078622019587
1251853162174132224
1251878931214544897
1251952707868467200
1251852904333488129
1251962248857300995
1251973862096584705
1251998776530788354
1251999339423113218
1251890799668801539
1251948699812605957
1251959888038760451
1251976363290099713
1251800877553385473
1251831623521382401
1251854063026798592
1251857276840955905
1251864258041823233
1251890895709970432
1251908589666603009
1251935507661172737
1251967580983701505
1251929813016891400
1251945722624311300
1252005682695544835
1252009123119587330
1251823732626251777
1251952455543218176
1251849263048507392
1251908415665782785
1251951667685339142
1251989960175083522
1251978879918579719
1252003492857892866
1251858802816749571
1251908883821535233
1251988067357003777
1251795001987784705
1251945572078104577
1251963938658553865
1252006713366061057
1251793911900749826
1251849020869312513
1251988326439170049
1251995776227696642
1252004259983511553
1252009079569969153
1251790351498698753
1251816144098529280
1251855300820418562
1251932107300954112
1251938759408484352
1251824778316525572
1251832740498026496
1251948967459520512
1251952200739368969
1251757436899340288
1251778274344210432
1251909393119150082
1251925813206925313
1251965738245591045
1251954934637113345
1251745906963210240
1251863293758779398
1251892593421664256
1251893714450100232
1251996945171845123
1251999699143450625
1251875751282069505
1251970852352069633
1251991797108289537
1251842027123347457
1251956004465631232
1251961160339009538
1251984624005386240
1252006445916307458
1252006507589353473
1251954200977833985
1251856810509811713
1251941268156022784
1251978733713592326
1251830946384556034
1251937914197544964
1251976568789925890
1251823171566800896
1251935453810438144
1251958672063893506
1251965276620496896
1251997562736910336
1252009712238972931
1251754643128029184
1251969615527317507
1251986325332516867
1252004590561755137
1252005267635650560
1251816363594833920
1251941371226750976
1251964677401260033
1251974806238568449
1252007606572453890
1251803037456379904
1251855427555463171
1251865633505017857
1251913448700743680
1251957490163634176
1252004553718992898
1251791448556666881
1251896304042684417
1251908415540117507
1251976537311764481
1251750275343400961
1251812959979892736
1251857377776861184
1251965683853918209
1251982466325323777
1252009080803282945
1251844117543489537
1251850027594588162
1251860475060592641
1251906850720813063
1251948651062218752
1251953921133809666
1251955320336912385
1252005544405069824
1251830506875994115
1251886045152661504
1251954930425958400
1251961362005274624
1251789127491686404
1251814409078550528
1251951298502688773
1251975153527017472
1252000551157379073
1251774425046884354
1251832917988388865
1251838020237643776
1251853221510942720
1251956219553742850
1251958747045310465
1251822851621113863
1251953847213441026
1251956256987910145
1251963667232567296
1251970547107364864
1251993511798415361
1251800810629074945
1251884664723251206
1251900384119083011
1251961654851571712
1251985429777256450
1252001908669255684
1252002558920593414
1252003398246940677
1251773847726063617
1251800661446086656
1251810065302065157
1251885852961243138
1251944707103612936
1251949146057170946
1251963287639638017
1251965630183608320
1251968706999173121
1252006774191927297
1251798658116472832
1251846759367626753
1251885981063622657
1251917857501466627
1251963781086920704
1251989414391275532
1251996535728017409
1251779754790998021
1251800063405416454
1251812226786304000
1251852821307297794
1251854309026824192
1251898844100648960
1251918943184457730
1251955440801505280
1251788132464418816
1251788479245299713
1251964304326381570
1251987472252375042
1251990950362124288
1252002945031340033
1251737350398513152
1251773466426118145
1251777902544371713
1251785598035263489
1251795320050266113
1251910725955715072
1251929228716711937
1251937034215862273
1251986791265193984
1252005784579342336
1251826816249143297
1251853305560608769
1251887322527924225
1251950676047007744
1251956919008460800
1251971786473910274
1252001259168706562
1252006360696467458
1252011312281985030
1251767966049480704
1251806494057627648
1251852324055789569
1251876689426202624
1251919795802554368
1251961189711650817
1251962653905485824
1251969937079439363
1251988373817958400
1251995990254587912
1252004239011975180
1251803892905639936
1251809619598618625
1251892074401673216
1251911764905799683
1251948683488264192
1251948684184555521
1252005876166254595
1251773204600848385
1251790136624496640
1251867733521829888
1251949708723007491
1251763490349559814
1251814178257584128
1251852863808167937
1251868420200595461
1251924018359226369
1251947231239909387
1251955581935595521
1251971372957433856
1251990149837316097
1252001710198972419
1252008974637023236
1252013016268374018
1251772257019592704
1251786688445194241
1251799921839276033
1251861123839778819
1251862261758648320
1251948684289486848
1251961066147504145
1251974901675831298
1251978418469699585
1251980470327349253
1251992517383540736
1251999792655470592
1252001528820273153
1251749066561765376
1251846182307069957
1251854562971062272
1251882911227412481
1251930216563388420
1251950172038463488
1251950414318178304
1251963755417735169
1251967256357146625
1251987966114836480
1251988208121982979
1251998496116428801
1251999459237597184
1252001845440110592
1251736467002490885
1251746300686733313
1251806392123604992
1251883249548308483
1251899383861383175
1251951790494490628
1251954830685462533
1251956497980014593
1251958747049517056
1251959132070055947
1251976931156856832
1252002448782364672
1251767503296004097
1251854612308557825
1251879239638450176
1251947611554148352
1251948195556589570
1251948682640949248
1251948683622404096
1251975039395774464
1251985878068666376
1251988322760695811
1251992410294489088
1252008633518510081
1251791766673653760
1251850535277395968
1251854637516324865
1251887947080753154
1251962727649640448
1251971143029919744
1251988768132759553
1251994559799857154
1251777577859125252
1251948530975019008
1251951197214273537
1251974825033244676
1251983924756205571
1251993366293876743
1251767486648922113
1251820332484263938
1251852495854411778
1251869476678705153
1251873183206014977
1251949939208282112
1251963782454075393
1251974319435022339
1251978881638248448
1251981848647012359
1251997137145147399
1252005330776662016
1251766082450448386
1251770520430936064
1251812720770527233
1251824109819920384
1251856422448648192
1251867650109702145
1251868816667279362
1251879924585160706
1251892086653231104
1251964337952034816
1251985666285744133
1251992706575994881
1251778903603118082
1251800721424551939
1251931847447150592
1251946680959873025
1251949873101930498
1251967371885101057
1251972445306748929
1251979096520896513
1252009078638796801
1251792664477011968
1251820964645670913
1251869288954310657
1251912442306846720
1251952021659430926
1251958747041161217
1252014370814676993
1251803590408187907
1251816623180218368
1251852295525949446
1251865854519762946
1251918728230588421
1251958648462553095
1251958747091685382
1251969075783270401
1251973846506196992
1251997884268060675
1252001349153284100
1251929103386710017
1251950442306830337
1251950721475457029
1251954648891744272
1251956297202884611
1251964563463028737
1251988977374167040
1252005303823945728
1252008930391228416
1251762442314620928
1251890776235225090
1251909367055577090
1251951805623414785
1251958710450245636
1251973483518668801
1252004677161488389
1252015886426349568
1251770003226898433
1251853271528022017
1251858776292016128
1251892073168400384
1251895832649125888
1251925288713420802
1251925935676362752
1251971147861721090
1251972783199924224
1251984487522750471
1251990836042137600
1252001234464043008
1252002979433062401
1252009132019847169
1251707183697453056
1251791510523334663
1251852632118960129
1251888283732279300
1251950976422068226
1251978951507021833
1251987690033217536
1252001909646471179
1252003926775390218
1252004045566488579
1251748261989363712
1251752388505075712
1251760683429044224
1251837390706159618
1251896767962132481
1251908809909469186
1251933617422548993
1251948479410307073
1251954720543031297
1251959482243936256
1251960005357531136
1251965381998231552
1251970639721910274
1251978115666059264
1251988946088865797
1252001115463389184
1252002660426878977
1252005049498206209
1251760366746587137
1251767438519209984
1251786952539586560
1251812786017120256
1251841919073779714
1251887539696386050
1251927234031607809
1251948186073280517
1251953714132406272
1251956230647676930
1251957506017914880
1251974151717490694
1251982654703980544
1251986429380419586
1251995700398829572
1252001266479202304
1252001446620471298
1252013090373320706
1251762102198566913
1251777834063978496
1251846049993555968
1251852671620972545
1251883191201341442
1251928914869596167
1251938614440628224
1251941130993725440
1251949111957389312
1251954972163358720
1251956322607804418
1251958747150286848
1251961263640293376
1251978879633252352
1251988901151027205
1252003620150788099
1251761191170584577
1251781719012900866
1251827920215121920
1251850504637906944
1251871895361896450
1251873596915449858
1251894673548947456
1251904167498702848
1251906423476404227
1251937616141979649
1251950305123749888
1251963780218617856
1251979066758094848
1251984413585522692
1252000535147720704
1252009261615513601
1252011640440184832
1251763691818823681
1251784919682027520
1251853904628809728
1251854082693828611
1251888737526730753
1251896560176238594
1251920672881868801
1251966467500883974
1251974341161615360
1251999012669894657
1251767568609705984
1251788886684114944
1251818363921346563
1251831185061355521
1251851383684431872
1251852310667497472
1251853524822044675
1251871224600412166
1251883748515352578
1251906493806530567
1251953713754722305
1251967701679058944
1251982273370640391
1251984828335034368
1251989406292094977
1251989884690141184
1252005744880365569
1251775036844724224
1251822420345970688
1251827884785725440
1251853069501022210
1251892890642583552
1251917595219025922
1251925786753449986
1251990884931043329
1251991647451336707
1251998049905397760
1252009405941452800
1252012396132085768
1251764711097602048
1251782348099719169
1251798189226766336
1251818659972034561
1251831767704776706
1251854138687791104
1251857573332111361
1251885954626998274
1251895558630973440
1251900489190592514
1251941214611521536
1251947195168968705
1251958287261741056
1251963666410414091
1251964747198726147
1251970071985033221
1251979510095978496
1251985831230877697
1251988482228195328
1252005031974506496
1252006728805253120
1251797687399260161
1251804852973457408
1251811600471937025
1251827994370375681
1251829051301531649
1251844242751631360
1251857714457858049
1251948747615088646
1251963807988977664
1251963916508422151
1251966548178329600
1251969943333109763
1251991897553408001
1251993981702991872
1251757939775414274
1251790025773199363
1251800444487102464
1251805481582108672
1251809552498069504
1251860600558202894
1251873564204183553
1251881563291291649
1251928120661327873
1251948896076681216
1251952819319582722
1251954997266395138
1251955049057726465
1251965545664086024
1251968843427217411
1251992270452264960
1252005555729825801
1252008392236904450
1251762215021092864
1251782704867270657
1251784362712010755
1251789310438912002
1251840834527539202
1251848382873772034
1251910984329019392
1251927521748226050
1251936987168288777
1251942395673001994
1251950060176277504
1251957566814420992
1251967401048096769
1251968846380048384
1251971330276306944
1251973173618319365
1251974013322244096
1251984345016995840
1251998397621551104
1252002787438792705
1252002978275483650
1252003230701301763
1252005697148993536
1252012039305912328
1251754368547856386
1251789059594256384
1251794181972004864
1251797781104283648
1251822903018098689
1251823857016635392
1251850555548409856
1251853174559969280
1251861471065264128
1251869831193931777
1251904640926584835
1251923259605516294
1251948950510338055
1251957138592804864
1251957410211794945
1251960339299799040
1251966620567732229
1251967166179573766
1251969186257141761
1251971330594861056
1251976363151691778
1251997891608088577
1252003159532351491
1252005570397249536
1252005572788064262
1252013120798646272
1252014795739496453
1252016053124829184
1251748721727082496
1251762674389651456
1251762751770365959
1251782724320362498
1251797613982158848
1251798931840864261
1251807786930966528
1251809506759184385
1251844660735197185
1251852154152894464
1251861158400856065
1251883012633120769
1251884901441421319
1251893890321469447
1251918795985358848
1251933584136581122
1251944234258771970
1251961455508951042
1251974392848035840
1251976131781242880
1251977809775529985
1251978836776030210
1251983268641210370
1251988368394772488
1251996320639959042
1251769276249276416
1251788127355768834
1251795435431362560
1251850751372115968
1251853040103145472
1251887281851465728
1251895832561045509
1251898105601175552
1251913188288929792
1251928230770233345
1251943959624105989
1251948457947992065
1251953230717898753
1251957269048307713
1251969656539226112
1251974261708898304
1251979762538602496
1251991051050651651
1252005511937036290
1252007324983705600
1252011182157856769
1252014853310550018
1252015529633746949
1251703360719331332
1251717028546781184
1251757419811745792
1251780804432334857
1251781702638358544
1251792518154518529
1251828740159610882
1251851242533457922
1251869190081871875
1251879334731829249
1251899332422438912
1251900024306503683
1251908674693607424
1251910575166238723
1251918583967301633
1251921045155729409
1251929638151917568
1251933625542537216
1251936174479941634
1251937374755577863
1251944426202476545
1251949597129408512
1251950467439112192
1251959069805613056
1251961053187117059
1251965830700699653
1251989154977722369
1251991545718484993
1252009079154683904
1252011700271886336
1251754641911697408
1251765640437907456
1251809221030694912
1251820335470653445
1251834809112039424
1251843180854685696
1251851577129910274
1251852748066340864
1251855519263924224
1251856035226226689
1251878744249245698
1251879663355510784
1251884345268277248
1251893978632503298
1251916396382113793
1251925775428747264
1251941102497730576
1251946312456646658
1251949672974991360
1251954974210306050
1251955536762978307
1251962742514364417
1251973233840193537
1251973800092151809
1251975169142374401
1251976547529109506
1251978879691980800
1251982687381880834
1251983402682777602
1251995415320412160
1251999915875741697
1252007592299134976
1252009078622052352
1251689325114331136
1251719101757689857
1251772519989862401
1251810242029129728
1251833425952149504
1251855131081048065
1251855800324296704
1251871894011248641
1251879936941572097
1251886843265777665
1251903573941784576
1251917944046653443
1251930192257449984
1251948766652854272
1251950698146803716
1251951593957855233
1251952019969097729
1251955968298057729
1251961285266284544
1251963780956905472
1251970071804682241
1251970908845113348
1251976828434239492
1251981512100253698
1251987171491356674
1251992007536447493
1252000846126161922
1252009080429916162
1252010419381768199
1252013772585172995
1251759329218310145
1251838518185340928
1251854007020199939
1251857694492934145
1251870722500288513
1251873201908416512
1251885842135646208
1251901159830413313
1251909341415911425
1251910932474675202
1251914877842657283
1251920395294433280
1251938744581517313
1251948494677557248
1251948767445729291
1251955869383884807
1251968101027119106
1251969449839800327
1251975467323871241
1251978699504848896
1251981599798935555
1252006571791585283
1252010473597345792
1251666546415501312
1251780897440923655
1251789994227834881
1251795169130790917
1251805498539675656
1251858390130753537
1251859158607028224
1251873248675069952
1251893450439606272
1251893928267337734
1251909673826922496
1251917322329239555
1251924773426380800
1251933400333770753
1251933650909831170
1251938127666692099
1251956324335837187
1251957014466637827
1251957028966326272
1251957499076521991
1251958663671173127
1251966333736099841
1251967078539710464
1251977872983506944
1251979330588233730
1251979376566185989
1251979497966129152
1251983460836814849
1251985448873975809
1251986849054314498
1251999536169594880
1252003954101288966
1252004504951828481
1252005440130408449
1252006758610022403
