1231120854408421381
1231109229890752512
1231216956939829248
1231305535452065792
1231178009929035776
1231176050060607490
1231205279859167232
1231149768887480320
1231173398685986817
1231210611272552448
1231097011497263104
1231094252194746368
1231189755364331521
1231302823108861952
1231154063854768128
1231240943904403456
1231269876473454592
1231249549550850048
1231167660395835395
1231165326039093248
1231222601508360192
1231332760817741825
1231283051742842880
1231090485894242304
1231090089914257408
1231282262152445952
1231247104166764544
1231280295174975490
1231174359345221632
1231161808486006785
1231246387729354759
1231230488809033730
1231144753925885952
1231234001827921920
1231135518462750721
1231270209589215234
1231184706663854080
1231248080210665472
1231339631133831168
1231164113864286209
1231191780852469760
1231179286092173313
1231232079427522562
1231198975308566528
1231093783447687168
1231172665907589122
1231305165929635840
1231290586264588289
1231292372463575040
1231293537704185856
1231289971081797632
1231118813929844737
1231233456199389184
1231143862774697984
1231250203589607425
1231167213983408128
1231016921476321280
1231239424916279296
1231176572738121728
1231233883867418624
1231293333697433600
1231255251010887680
1231309223331536896
1231109310521978880
1231205929602998279
1231248794488102912
1231358356675272704
1231148240726298625
1231281965900484610
1231330321674559488
1231223921057333248
1231134614992932865
1231198565147516928
1231133064190885889
1231194491425607680
1231184728440680448
1231163661764481029
1231253459040710656
1231325199242530816
1231090388783509504
1231245463552241673
1231340504337526785
1231203859751677954
1231128145094377474
1231217971110055937
1231092286169243648
1231161296671969280
1231211590374084608
1231274949916184576
1231212485082013696
1231306845324795911
1231245715256565761
1231319759687471104
1231280777968656384
1231168632048279558
1231274549481635841
1231183733497245696
1231281161604825089
1231225059655766016
1231290032935206912
1231319070676484097
1231332489349812234
1231212029140258817
1231213943877705730
1231177454808715264
1231224769732915200
1231163780119375878
1231175533184114688
1231243494079049728
1231162837508198403
1231306393174650880
1231287341249110017
1231281247755784193
1231220849878892550
1231254952057692162
1231166823858610176
1231211918892969985
1231288003143905282
1231174857099898881
1231283841039511552
1231131551024533504
1231177003673489409
1231178003415171073
1231284161052315648
1231174422486188032
1231276436780208129
1231214198933393409
1231245621601935360
1231285022537109504
1231152901948502016
1231305237580992515
1231163183005622272
1231168001589645313
1231276300226252800
1231096279947776000
1231217576614621184
1231214900934053889
1231139473699807232
1231165541399900160
1231267337099239424
1231314573820649473
1231246819226771456
1231331236880228358
1231260406724878336
1231244867302576129
1231301096645197830
1231252627347968002
1231135037095059457
1231298692789022722
1231346736033083392
1231102019173330944
1231137844757962755
1231306729394188289
1231275539975024644
1231283947180625920
1231098743996526593
1231050981116387328
1231166416717590528
1231220530843471872
1231184609792200704
1231170699865268224
1231217161278033921
1231112759850545152
1231208413486604288
1231260737328340993
1231141432968273921
1231299614306861057
1231254825444052994
1231319870098345984
1231181472586969090
1231181478735810560
1231221459390955520
1231297326901350401
1231258626578427904
1231116400275705856
1231156678835310593
1231246145315393536
1231052500087836673
1231257677508022274
1231172750687002624
1231181880143368193
1231224282061115394
1231229892697710594
1231274390559522817
1231017931494043648
1231279356988809221
1231151923740446720
1231262373324869632
1231016675039903744
1231135629376925697
1231115630209830913
1231348866244644864
1231190770843103233
1231216679998427137
1231326205200228353
1231149057000853506
1231177054315479040
1231221281133121536
1231274687675719683
1231159382194446336
1231243322234220544
1231153710597918720
1231224316487970816
1231281910736982016
1231307244211441670
1231356553594359808
1231070411103834112
1231171056905465857
1231278825595637760
1231113519996850176
1231190231082307584
1231220389348544512
1231239235996454912
1231191408490532867
1231216441308913664
1231240063821979653
1231322773504614400
1231139690029428737
1231198819381121025
1231161700340158465
1231297694804664320
1231170121227493376
1231307675004284929
1231310610476011521
1231235607206166528
1231016090043588615
1231212004934897666
1231283653021458432
1231346747336744963
1231023039111925760
1231136428991664129
1231248436525174784
1231264259067305985
1231317886154805249
1231226037746401281
1231306947602849793
1231161889222205440
1231290264179924993
1231315222490689538
1231006958129418240
1231300575012237312
1231325890627489792
1231128253462564864
1231131661053632514
1231136919427387392
1231259023611170821
1231314382476521479
1231198743069954050
1231148114062475265
1231156677639987200
1231193609057206275
1231251578771955714
1231326677235634182
1231055644398116864
1231186452844863489
1231263143927730181
1231315798318297088
1231119545458417664
1231245809720659969
1231016404629020673
1231298945416126475
1231171803269259265
1231234340748701697
1231267386189283329
1231120213275488257
1231161293178114048
1231189431350108160
1231200772140011520
1231249589669421059
1231272439746830336
1231210806492192768
1231228783350423554
1231233305619595264
1231240781299683333
1231244507238346752
1231286439364714500
1231148637520093184
1231173890531110912
1231207019765489664
1231299490444906496
1231313724960583680
1231356792925511682
1231118415861100545
1231132961451520001
1231138736806809601
1231201650876047361
1231292575832846337
1231306000793296896
1231327471628378114
1231335752128192512
1231337203307098112
1231162009208619008
1231243299761029123
1231251508131442688
1231294507339206657
1231259323508105217
1231264583794528262
1231165826549657603
1231187747144118272
1231226790192066560
1231290072571445248
1231173232126025728
1231246170384670721
1231271937416011779
1231309007123632128
1231232746044915712
1231277433694949377
1231277529744510976
1231301774457344001
1231357007791362048
1231102171111882752
1231175959493124097
1231166731240067073
1231226230772551681
1231334703250255874
1231100544598626310
1231204175255687168
1231218778408726529
1231243590623514625
1231321579704999937
1231115024573267968
1231148427502923776
1231192281706831873
1231205929598799872
1231212468099305474
1231262491784753153
1231306229999439872
1231315113996627968
1231195880864321536
1231211219161362433
1231273166326181890
1231281117350723584
1231286901459558400
1231299758486147074
1231316621643395073
1231330535529684993
1231138677516050434
1231280105114214400
1231127294586036224
1231200789890260992
1231225344830705665
1231268161619681285
1231356955308019720
1231016303349071874
1231195090271580161
1231281269994119168
1231286125416898561
1231300358779146244
1231125851334467584
1231216758633226242
1231250784513335301
1231267415494930435
1231295682981629952
1231229370171346946
1231239274491793409
1231263356285325313
1231297849289269250
1231194173983858693
1231262171084001280
1231288797377155072
1231301906737377282
1231019880398442497
1231166758205173760
1231231469663801344
1231309449173884928
1231017583345836032
1231125431941783552
1231164355489738752
1231150851185614848
1231178179781517318
1231357448025452545
1231128294038343680
1231236575343906818
1231248134313062401
1231266045102563332
1231266352394096640
1231168716961984513
1231200916818268160
1231216733115035648
1231224626006634498
1231254540361588736
1231310659591135232
1231100076610605057
1231136564723486720
1231293426336923648
1231351437772365825
1231354945317801986
1231020782769229825
1231107091974250496
1231116399122288640
1231133330034319360
1231136282576932864
1231171967027482624
1231230064811008001
1231231549795979266
1231235903147868161
1231273665716719618
1231290101424173057
1231330321460649984
1231043691525148676
1231096558978060289
1231152902112038912
1231154091063201792
1231184485850517505
1231228334912221186
1231267237182480392
1231307671719956480
1231311577103634433
1231324276927627264
1231018669725102080
1231161481296859138
1231175845789806592
1231191909265223682
1231208171852701696
1231210831867764736
1231232837615063042
1231143939186601985
1231224624559427588
1231250431109582848
1231262018528829441
1231091867766448129
1231146722727952384
1231173979362201601
1231213737002045440
1231241182791028739
1231286401272045572
1231309369784127489
1231322218589827072
1231015335018586112
1231078307942281217
1231127736434843650
1231166797090557953
1231180058959785984
1231193472390041600
1231224519576227841
1231268091050504197
1231308930401394688
1231006954769829889
1231174578061357056
1231197578802450438
1231229910720634880
1231242012797612033
1231295401640239110
1231308562233724928
1231326239358582784
1231005828678901760
1231145265081483264
1231148939543486464
1231163185811611648
1231179326986620928
1231218081650937858
1231257129820082177
1231345420531486721
1231092763770474497
1231138631697469440
1231176809632423937
1231204764467310594
1231207204960817154
1231234593262534656
1231262846547308544
1231265652100489216
1231304467070537730
1231149552146812933
1231177539856424960
1231186880449908737
1231281751126925328
1231314263312084993
1231107884274081792
1231176529771581441
1231186877966954496
1231289108720431104
1231343872791470081
1231349040199151619
1231352971801382914
1231357374046384128
1231117669878730753
1231156201133608961
1231168992783609857
1231200377070071809
1231224701051195394
1231307673322315776
1231347597673205760
1231015754264383488
1231154878065631234
1231184995349401600
1231315618391109632
1231100454983098368
1231222465097031681
1231245668523573248
1231280811388870658
1231300726443433990
1231187263515656194
1231216483218468866
1231243679358046208
1231334928673132544
1231103477683834880
1231153144995942402
1231185619487019008
1231187749249650693
1231199583105114112
1231213360877834246
1231260231948263431
1231277718987268097
1231283096462462977
1231320656286973954
1231337870792765446
1231176841119043585
1231178605897621505
1231184101014753280
1231204988728336384
1231222576531361792
1231229372658585600
1231238030155014145
1231260383454859266
1231315557359800320
1231329025957691392
1231105534985670657
1231145754535874560
1231146610685612032
1231176485815377925
1231240805907648513
1231269666993078273
1231274362701045760
1231278062383325190
1231286682068115456
1231312432766836736
1231141028276703233
1231152372912664577
1231180326199873539
1231209283477483521
1231224698551382019
1231113047692980227
1231146318430658569
1231183116087316480
1231186690880004096
1231188761100324865
1231217385882968064
1231227141158653952
1231236094429204480
1231247707676778497
1231255214759522307
1231259664224018433
1231263031432183808
1231263835694211078
1231279517853011968
1231287990800076800
1231147073766117383
1231148396330782721
1231168595469783041
1231174005031424002
1231174039357526016
1231176089227210752
1231217077551345665
1231242173129031680
1231263825875415041
1231277337846702082
1231277918309011462
1231321962422636544
1231322774234267648
1231327505782575106
1231357930534047744
1231130148038115328
1231216521323700226
1231229108157374464
1231249185892175876
1231260759382011905
1231268617897103360
1231307337304027141
1231326300540936200
1231359383591931904
1231024165513199616
1231130457644859392
1231149615682146304
1231175225728995328
1231275870926581761
1231356250065166336
1231101650745659393
1231140873485914112
1231152339836375040
1231166435055022080
1231197180930797568
1231217020357791744
1231259390470164481
1231290473559580672
1231300240415830018
1231321258152878081
1231069502072164353
1231128946122665984
1231171475727622145
1231179653013999616
1231188599707701250
1231192540180877312
1231193299358228481
1231205952092811264
1231215335543574529
1231231336997949441
1231233164720459776
1231238243900891136
1231249194003914753
1231300418589818881
1231173554680369152
1231176885528297472
1231220285770100737
1231221002392264706
1231255078306222087
1231268726571491328
1231305172686692356
1231322328006643716
1231327591258361857
1231329491986866177
1231102890367909889
1231111378775265284
1231154748654587904
1231199610640748544
1231236707481214976
1231237991881957379
1231250472482328582
1231254933292404738
1231256142371852295
1231277003258634244
1231289348366225411
1231335009790910470
1231136871905927168
1231148724006588417
1231171114417692672
1231201975334776835
1231210905318445056
1231227672178679808
1231247059598090240
1231317738200518656
1231015589138878464
1231149882183954442
1231164492807069697
1231171778103455744
1231223330436534273
1231227657943240704
1231240068985163778
1231257092314587138
1231262921642192898
1231266047048798208
1231280737623650304
1231285678995959808
1231302620989607939
1231307841543245824
1231315931399409664
1231318996483526656
1231330535403933701
1231337899553103874
1231353052407484417
1231090809417674752
1231123250148716549
1231173470496722944
1231215844786659328
1231220606873612288
1231223110201987078
1231248626409725953
1231274648848957441
1231306125729058817
1231314339434573827
1231319591747493888
1231334606827216896
1231347512465936385
1231355778830868480
1231117490907942914
1231148534361198596
1231152901902491652
1231165105565511680
1231200114120822784
1231218457032757249
1231252324640870403
1231275712562241536
1231286299610533888
1231288106487369729
1231309896643174400
1231315455509438464
1231322915066564612
1231342425601380355
1231007862647934977
1231108552426696704
1231136716678991872
1231148975585157120
1231160881519759362
1231176241518194688
1231176520623960064
1231191856421097472
1231202213625769986
1231209525056811008
1231307672852615170
1231317090629562368
1231005901810753536
1231031565217607681
1231109676349128704
1231144755196813314
1231166418223271936
1231169086043938817
1231177171449806848
1231185241479483392
1231186932203446278
1231195375131877376
1231206868816736257
1231208807478460424
1231222561788305408
1231238957230362624
1231242436036485121
1231288245931081728
1231020870136717313
1231164789692477441
1231183782994157573
1231186875802619906
1231214106616705025
1231217199269855232
1231221986438926336
1231236256484544513
1231236979574104064
1231247307053551616
1231262998381109251
1231266048932007936
1231266964313640961
1231268582199349248
1231269989321232386
1231271240163319808
1231279301309456384
1231290264024682497
1231292647903502337
1231116436225040390
1231130183224168448
1231150850804002816
1231170735609126912
1231177759755505664
1231188957775486976
1231193090465107968
1231209770415247363
1231211074608869376
1231228467888476160
1231283045858234373
1231310140135165952
1231324602825093121
1231353547586965504
1231072005958578176
1231174294882914304
1231178635492675588
1231189163539599360
1231218509931253761
1231234983659962369
1231240656879837184
1231241254828068864
1231276382858203136
1231277242606669826
1231333633673355264
1231345559379812352
1231353882212814849
1231356915957063681
1231136544200646656
1231162873268899841
1231167450848342016
1231181121834160128
1231195996744486912
1231209005864902657
1231215779858743299
1231225266875371520
1231289026340106240
1231289749903679488
1231300883327193096
1231318352137617408
1231084671280328704
1231111204870987776
1231172567509143552
1231188102070272001
1231191884716003328
1231211124630196224
1231220241562243072
1231229567366553602
1231241958330376193
1231259761624125440
1231269392853487623
1231302033132707841
1231307301723742209
1231322352060915714
1231355581547655173
1231050984203288578
1231149080090488832
1231167772509507584
1231179842701451264
1231185907748950016
1231218777800478723
1231237195333324800
1231237931861454849
1231262374155431937
1231269924607127552
1231282619251294208
1231291012624113664
1231305354832728069
1231065699365326849
1231106846922022913
1231160504825077760
1231169336515158016
1231180127775662082
1231181179082231808
1231194559796981760
1231205688417890304
1231206312656166916
1231214914066374657
1231222187115339777
1231225373230276613
1231225460132139010
1231232760372760576
1231243595685990400
1231258887573118976
1231286280941555712
1231322402241568768
1231326255808745473
1231123196046462976
1231141578166722560
1231179221839597568
1231192373654433792
1231214961298432001
1231223456391475203
1231229851153108993
1231230198835752960
1231232102030553088
1231234026154930178
1231235931815993344
1231243855682527232
1231248532473991170
1231254871464140809
1231270460161241088
1231276040657358848
1231041991108067328
1231093582007853056
1231113138575233024
1231148705446793216
1231159313441460224
1231163442805067778
1231171524767502336
1231171776324833281
1231171778694672385
1231175593309474819
1231176598512185344
1231191909009223680
1231201989029244931
1231214200334233606
1231218156842160128
1231224522533220353
1231240749016141825
1231254354046443520
1231268217470976007
1231273696351965185
1231281124372090881
1231286949178159104
1231297032922361856
1231298373766045699
1231314014824734725
1231327356436066307
1231351952384106496
1231015210691039232
1231015880202555392
1231017605089169408
1231018446328082432
1231096014628519936
1231122077983346688
1231162968336891906
1231166573580345344
1231177834753691648
1231188528740151297
1231204588377853952
1231212012493066245
1231212453175988225
1231216313537847296
1231239998906740737
1231241270389084161
1231242028383711233
1231248219168034817
1231273697916284928
1231279066579374081
1231332186546151427
1231332570903826438
1231333303845871619
1231347163575312385
1231115452895694848
1231119726539149313
1231151856015040512
1231173827780075520
1231184178173153280
1231211668451008513
1231215816663691266
1231216026416750592
1231216107438166016
1231220961611046913
1231222593769918465
1231238566828740609
1231239647558324229
1231239649089261568
1231253527084793856
1231261623534473221
1231283049981251584
1231283764409618435
1231287020275863552
1231294063393067009
1231314509450694657
1231327194074484738
1231348637512486913
1231097672452329472
1231133975755796480
1231152769177923584
1231153683104256001
1231154676382433281
1231158451016957952
1231172443668205568
1231192045571788800
1231210128063582209
1231214154108866561
1231214209398181888
1231217079719616518
1231219372406067200
1231232206422650881
1231239292602720257
1231254200471912449
1231259642845593605
1231262477951913985
1231295690325753858
1231312607702900737
1231009355987869698
1231105853018734597
1231144848922677248
1231146999187156993
1231149556873801728
1231153263220809729
1231156678252359680
1231160307021688832
1231173204342923264
1231194063141048321
1231196527491715072
1231198079069687808
1231209150107004928
1231215901569159169
1231221350414635009
1231222258565308416
1231228838430085126
1231234297228603393
1231242240720281600
1231245173063114752
1231247780728975360
1231251049132052481
1231257194005442561
1231279388974514176
1231282706597777410
1231294700050690048
1231294788307210240
1231324099814789122
1231039050171273216
1231130252908298241
1231133897733394432
1231168738789076992
1231170444306325505
1231180971396849664
1231189454704041991
1231192640898633728
1231193177580822529
1231211135040245765
1231211967697821696
1231214351870234626
1231216838480158721
1231216947603308544
1231217507777814529
1231219939782090752
1231222115946389504
1231227602704179200
1231232634208083968
1231235853239963649
1231245018100326408
1231246533741465602
1231259644720447488
1231265994041151490
1231266266402447361
1231268168162795524
1231272730911178752
1231279355919204357
1231279803132719106
1231280456454299661
1231281563129741312
1231285022541303808
1231286360302137344
1231303595489923073
1231306799514574848
1231317443739635712
1231321213915586565
1231354926758027266
1231093841169612800
1231133909670354944
1231139534655623169
1231149127976681472
1231163367106187264
1231164217639788545
1231166023791005696
1231170208515096581
1231183261369602048
1231192319363289089
1231213675433922562
1231214533823344640
1231222877866930181
