1258485974067286017
1258428546722287618
1258531287830130688
1258355628914937856
1258377840418054145
1258365139734192128
1258221458150641665
1258487594591158272
1258286323523301376
1258387914444148736
1258518251648106497
1258503665591169026
1258391007235837957
1258381784364040192
1258436398148968455
1258479896545943554
1258400530474434560
1258269684878770177
1258478943709138945
1258503483189268483
1258376088922832896
1258489453343133698
1258493001153884165
1258384753117577217
1258500500305195009
1258493740517412873
1258299582519410688
1258420927911657472
1258348296252293120
1258487350709157889
1258390870170243072
1258373135969247233
1258420729013510146
1258512634892058625
1258497054822690816
1258300544579485697
1258433756110651394
1258483613634564102
1258480646923661313
1258316348473606144
1258499344665198593
1258422074776997889
1258457069327462406
1258429624700329990
1258292891027492877
1258488861069582336
1258498884147576833
1258507909656219649
1258348267466874882
1258382757014712321
1258406757879164928
1258368761150746627
1258414556004614145
1258342456174804992
1258369257253089280
1258376839099305992
1258291580324188160
1258297979645149184
1258527381859577857
1258368238326595585
1258528738150514688
1258370094167658497
1258200289661857794
1258456565327282178
1258512815100358656
1258517333464674305
1258404400290242562
1258407495791452161
1258465455469137920
1258184878769799182
1258497225744924672
1258325177273909248
1258493463601045504
1258302937073410049
1258487697297018882
1258509412185985024
1258394966751141888
1258385424571039744
1258212405194240003
1258289960072949761
1258530929053581314
1258309563306172416
1258479176899792899
1258356560641785856
1258377531213918208
1258482688979238912
1258196606437994499
1258493622971924480
1258310723379367937
1258441760801525765
1258486825041231873
1258529487265730560
1258302321156554752
1258303267005698053
1258532530292060160
1258195039437684737
1258228530636357632
1258504247571873794
1258320009723547648
1258377455200538625
1258488834658127877
1258415583080693761
1258479671907319808
1258526542579200000
1258376465307099138
1258434872173105152
1258385507756761090
1258483126013214721
1258378119137853446
1258388389394554880
1258433042772828162
1258485058832404480
1258522745626701824
1258240322561327104
1258374016848613377
1258382362699796481
1258500778735566857
1258491715771666433
1258310755105021957
1258524511487606784
1258495915679256576
1258292477271912448
1258329476175405057
1258458287072215051
1258495842585059331
1258373010303660033
1258486224513310720
1258388960419762178
1258494859331108865
1258530199945146368
1258367566189297666
1258368353200230400
1258371144283049991
1258420037670625280
1258528436961738753
1258531935640408065
1258297284829184006
1258517431313547264
1258485333357989893
1258506739546157056
1258513719916589056
1258374977084182528
1258493660041302016
1258292529491042304
1258497252009611264
1258498141747380227
1258494900859031554
1258532795170742272
1258425105639706626
1258484728426045440
1258533566515785731
1258484205761318915
1258435937492754432
1258508950380572672
1258527389065216000
1258381303914926082
1258507337397972992
1258287777642356737
1258306133917405184
1258296775057772546
1258378651013468160
1258455594094206978
1258502280137134080
1258513312129495041
1258532321151471616
1258293516284944384
1258356434275831808
1258494374121521152
1258297491092639744
1258484863809830913
1258526439327936512
1258496135649529858
1258526886809886720
1258490128340783106
1258211617520697344
1258386141486682113
1258449145226018816
1258463459701927938
1258515309104738304
1258185982781857793
1258434591855202306
1258470385118588930
1258526372458184706
1258298963834351616
1258373790163230725
1258402442984796161
1258512402301071360
1258295526111485952
1258367946977619970
1258209864700100609
1258296004819824640
1258460769483739138
1258473940084760578
1258209879191359489
1258378298331193346
1258461653622013952
1258489539770880000
1258380701642240000
1258487112652988416
1258493946524819456
1258513866570338304
1258514444184739842
1258483133579698176
1258503889755742208
1258234214593462272
1258360098877030400
1258482791668383747
1258506956215422976
1258516712544104450
1258387193615331328
1258526889636839426
1258332072629977088
1258368102716321797
1258435124393361408
1258491963382411268
1258513366827462657
1258318889286619136
1258371168349884419
1258397587889164289
1258485117917573122
1258522260169584645
1258230123377065984
1258264795482132480
1258479178640510978
1258481728789917703
1258487990806069249
1258510168167297024
1258338760808370176
1258370460242378754
1258483085219434497
1258490183395291137
1258490537021026305
1258511555538247680
1258535044638846978
1258537353473216512
1258204867400732673
1258368362385756160
1258479209221103621
1258498856435793926
1258511271969751040
1258517342943760386
1258522407192551425
1258532265144942593
1258196729247252480
1258210152244809728
1258395342569181184
1258501677684047872
1258508330508513280
1258516456280449026
1258521855725408258
1258339058868269058
1258509996888907776
1258528088280850434
1258428959466889217
1258481688268746753
1258493122352492547
1258514165112532992
1258523336990248960
1258215088361738245
1258276347979366401
1258461109654294530
1258487642448105474
1258531012734103553
1258434581293944832
1258472269694808064
1258486762017419264
1258499541432762368
1258532060278460416
1258344990943727617
1258471954509697024
1258481756686213120
1258492080508284930
1258502033692336131
1258522243170095105
1258526450946158593
1258536109509771265
1258293484836081664
1258305570357932033
1258378578829418497
1258378622844514305
1258495084913442820
1258524183643877376
1258531244372983809
1258348203386306561
1258386259887734784
1258411217464578049
1258485018059554816
1258499604137590791
1258512150999506945
1258528634538561537
1258369099945717761
1258486730837168128
1258306735334277121
1258386495406247936
1258465393083060226
1258486721177620482
1258506894580170753
1258510664861016064
1258515685627424768
1258519581598965762
1258294685388410880
1258333431785762816
1258338833734795265
1258368738165952512
1258374641355313152
1258378732819095552
1258427622586871809
1258495309338083329
1258512795160604673
1258532062144987143
1258211124023046146
1258345682026418177
1258347804457668609
1258450994926628864
1258484854741753856
1258497843880439811
1258513485496893440
1258516829976186880
1258307444893274114
1258331530411327492
1258364849500950529
1258374585013149696
1258378548856778753
1258422464067010560
1258482200892387328
1258490662623817728
1258495263204954115
1258496669462781956
1258501862145187840
1258505304972673025
1258509999468236800
1258525673464848385
1258220507318509568
1258412341508571142
1258500070938476545
1258509143251382273
1258514188189614080
1258517029054644224
1258535708551081984
1258298018702307328
1258406502228000769
1258448204632338433
1258460335629045767
1258481728873693187
1258516423728484353
1258191518545960965
1258369741758124033
1258403597982760961
1258489433910906881
1258498631021277186
1258216508951420929
1258305634140917760
1258345833537273856
1258364239883964416
1258400114722340866
1258486627011305473
1258501347785224192
1258520364038025217
1258345069494575104
1258349417389862912
1258504765346066432
1258518899793920000
1258403158369488898
1258422026588565513
1258426157197922305
1258494780583133190
1258514253021151252
1258535112842416129
1258318150778716160
1258344408354873345
1258379412699037696
1258381088642052096
1258391142724448256
1258406278516400131
1258410926069424132
1258452027434246145
1258452768915931136
1258494959008862210
1258507852605349888
1258519277830762498
1258521651416690690
1258296959300972544
1258325700517363713
1258377978322526209
1258430932182274056
1258480290726580233
1258490357047853057
1258501314516041732
1258513155669426177
1258517701347078145
1258519487474626560
1258526800935714817
1258533580109516801
1258312372109836290
1258369930824728576
1258391860697075712
1258471325120724992
1258481385792135170
1258508675561521152
1258517759303925760
1258530051739418624
1258368482527203332
1258377406706040833
1258380637968519170
1258500238140112897
1258506513485688833
1258509805435514885
1258251964556750850
1258307089866395648
1258376754869174273
1258409449993252864
1258446999839367168
1258448925163491328
1258449170496663565
1258498086336249857
1258527053374091264
1258532443797090306
1258337061112872960
1258350889938681859
1258494852049915910
1258509857478422528
1258512714466422785
1258522417300815873
1258527144050741249
1258298360538284032
1258374741297115141
1258378435354857472
1258398364896542720
1258413780943306754
1258431407451447296
1258433435133251590
1258449158026993664
1258483024670457856
1258496789658951688
1258508612537729025
1258535942924591104
1258296902598250498
1258323687209676805
1258358893740163074
1258363449467383810
1258367383351300096
1258375017412333568
1258441947376766978
1258489888036528130
1258503120012709889
1258509810107965442
1258528033801154565
1258278355016785921
1258299130545201152
1258316987706626048
1258338633918164996
1258347782139756550
1258386382554386434
1258389242067193856
1258498341689864193
1258498604265869320
1258511517466558464
1258535873504669700
1258536535219040256
1258335919121281025
1258346506077306880
1258373321101643779
1258377352767320065
1258420481797033991
1258488577467523073
1258497144488632322
1258498200350134272
1258499373555757062
1258499532796674056
1258513341699379201
1258514444210057216
1258516137425264640
1258523389683089411
1258530150079008769
1258530933558263809
1258534576915243008
1258189232776065026
1258300108338323456
1258306678111510528
1258348620899913733
1258378258690854914
1258386572581515265
1258401660902223873
1258428205716901888
1258442689638469635
1258446496569180160
1258480352332414976
1258490400953765889
1258522766606647296
1258264764230316043
1258320788672962560
1258358687837585409
1258359920614879232
1258366366555521024
1258369302518005760
1258378354107056128
1258394646457339908
1258445755104350212
1258456167006830595
1258484705449697285
1258489967149551621
1258495086599581699
1258505914157432832
1258219930325057548
1258306710827151360
1258311300670730240
1258313439950319616
1258386162504404997
1258422039439949826
1258434756535963649
1258454046366711808
1258479212148785152
1258486202354851840
1258494762027569162
1258497655451377666
1258498086357348352
1258516265838100482
1258519477395681280
1258533623889682432
1258217930984230912
1258326958858887169
1258344834559074305
1258368082847858688
1258368975056130049
1258382391774773249
1258386729465188353
1258408748118274049
1258487773964705797
1258494311739490304
1258521776193069056
1258524511063826432
1258530700363366400
1258532061373235200
1258537712748883968
1258538612099969025
1258273777567358976
1258299988918108160
1258308810965385216
1258313118058295298
1258357056807059458
1258373268609908738
1258377028912414720
1258453882797199368
1258474178937622528
1258484751264088064
1258493759848960001
1258494312305704961
1258495032123895809
1258496833770467339
1258498236232409089
1258505484442546176
1258506621061173248
1258510328234573824
1258522186622488576
1258527984803250176
1258533313322442752
1258377009715167233
1258378022685720576
1258403767780810752
1258422102002208768
1258449104117600259
1258491889734635525
1258493224450240512
1258513161906356225
1258514241490808835
1258515250887811073
1258528564275589123
1258536067960983554
1258537447169744898
1258286064302784514
1258314376039346176
1258328262528425984
1258350825564504064
1258367083378888704
1258385014930145281
1258391131705901056
1258395124419170304
1258423427473575937
1258428979779964928
1258438678109720579
1258482384414167041
1258488536367616000
1258510164518305793
1258513188238143489
1258513270689824768
1258517197229441024
1258529543658192896
1258529781177479168
1258530605530116096
1258531221488820224
1258534834256769024
1258538487269056512
1258189511286276097
1258226295613173760
1258293938269704192
1258298526284623872
1258325464785059840
1258333588443090944
1258356745577136128
1258358789398564864
1258359358771134466
1258370144813940736
1258370468228272129
1258370489971552256
1258372037950803968
1258376555421667328
1258378570642137088
1258399321403412482
1258434093013962752
1258468668490514432
1258481027451936774
1258484093395832834
1258489072856846351
1258495472219676673
1258507539022397440
1258515158319521793
1258516629400326144
1258520093450883073
1258525506082729984
1258527691193507840
1258527743844642817
1258528866965942272
1258531831974113287
1258222686104424448
1258293649693163528
1258333435300642818
1258340821449015297
1258358294940450816
1258389160349532161
1258409334905724930
1258433914927906816
1258477330575626240
1258480355570593794
1258480479419932673
1258482285608828928
1258488999934668800
1258492176398462976
1258495108984553477
1258497133537374209
1258503980503764993
1258507068148903936
1258508155920637952
1258509050200748034
1258525307083976704
1258525577994256387
1258525701835087873
1258528003522392069
1258532160203448320
1258532776405434368
1258230113033834501
1258260366875860993
1258305672103579648
1258347912251224064
1258374992561086464
1258375496020131841
1258377044154613760
1258399798396440576
1258412491731800064
1258416779606593536
1258483079846531072
1258496737444016128
1258497805401939968
1258504295198187521
1258524007105732616
1258526775283339264
1258532509698027520
1258534589259108352
1258534625376210950
1258534659803111424
1258534705168674817
1258534775939149824
1258534866041237504
1258534887969054721
1258535121205919744
1258535233667776512
1258535289917591552
1258535360251826178
1258535360285470721
1258535361782804480
1258218627649527808
1258324919848513536
1258331850700992513
1258345487968673793
1258353250077638657
1258358417917267968
1258394010349121536
1258396164761595907
1258409467697336326
1258427108042432514
1258433897895014400
1258447328811286529
1258474110830759936
1258477033195286530
1258486766945746944
1258486938962722823
1258488020455612418
1258492384733573120
1258492963702923264
1258502144195465220
1258508382350094336
1258517420152549378
1258525568032600065
1258526768308219905
1258527874379730944
1258530084601737218
1258534104296873985
1258184771781394440
1258207529395519498
1258219649021476865
1258314041732337665
1258319131004329984
1258333475490402304
1258341259141435395
1258374379609743362
1258381667384930304
1258381828198674433
1258385748237090816
1258419190668673029
1258445159445999617
1258462308210225153
1258464787031261186
1258469199170670593
1258482367477551104
1258484207975903233
1258488236143448070
1258489014702813184
1258491515539804164
1258497899543048192
1258499609124618240
1258501993443794944
1258508843081797636
1258513538881994754
1258517141633957890
1258527027260461056
1258528273404854272
1258532220882391040
1258532476881793025
1258533411519520769
1258533442767093762
1258533732606111744
1258533868170121216
1258538861094858752
1258186858670034946
1258200936809402369
1258204502307545093
1258218077826752514
1258284176899362816
1258294452864638976
1258299794713219074
1258321775588446208
1258359732492029953
1258398833568071682
1258415460204322816
1258421331038810124
1258428116499927043
1258470323495763968
1258474094758166529
1258474282839146496
1258479535915446273
1258481767348162561
1258482783820881921
1258483415340417024
1258488363570561026
1258503771245678593
1258504050544427010
1258509702142414848
1258520917866504192
1258525412985995271
1258527375924490242
1258532061800992769
1258532330001461249
1258532747070468097
1258532761167511552
1258532763893772289
1258532888284258305
1258532995415240706
1258533168778317824
1258533289997942786
1258533399465046016
1258533652633251840
1258535668411625472
1258280905396965376
1258293454532157445
1258311922669236224
1258376646169710603
1258382850463842304
1258411266390896641
1258458698671894530
1258459143393992704
1258479300841541633
1258481599458545665
1258487149273452544
1258490536794689536
1258498130527621121
1258502117628809216
1258504098044878848
1258506476689088513
1258506764447657985
1258509707313995778
1258526756350291968
1258526846515204096
1258529669193756673
1258531936655388673
1258532941283508224
1258533066865168386
1258533208833966080
1258533270834180099
1258198137073741825
1258264779761876992
1258280032025354240
1258299738904039424
1258318408367603712
1258376395262132224
1258377353245401090
1258416315376820225
1258420097670053888
1258422638571069442
1258424039686750208
1258434030967705600
1258435229204840454
1258476473444425729
1258478197756305410
1258484075767226368
1258484643478876161
1258484706628308992
1258485217007931393
1258486765360463873
1258491572016091136
1258492948267667456
1258500300031307776
1258501214825840644
1258501282232504321
1258501291338354698
1258503277467045888
1258505350078218242
1258507225800171520
1258524219370991619
1258525794915119105
1258527303178412033
1258528159944765441
1258529057089581057
1258530222573379584
1258534573111042049
1258534576843939840
1258536222101655553
1258185143090589697
1258312460735524864
1258331948067573760
1258360662243323904
1258365369548488704
1258378285207228416
1258388546588729344
1258390349069922305
1258407032576708612
1258452474886840320
1258481001120088064
1258484409038188550
1258488565010440192
1258488645515980800
1258489252695998464
1258491212887216130
1258493812109950977
1258493905877848068
1258494380786307080
1258495608412725249
1258496079999512582
1258497785906843650
1258508080871952386
1258511326831185920
1258521841137627136
1258526124298039296
1258526502120853506
1258527229270605824
1258527943904555009
1258528692130603008
1258530106118598656
1258530283713785856
1258532804872159232
1258194921644834816
1258206162803019776
1258233931268345862
1258280994651725824
1258281316690333696
1258292722110169088
1258322143399510017
1258324185178390529
1258330913718575109
1258339967945920513
1258351618833121281
1258363719962300416
1258376279730065411
1258376526107738112
1258383570743287809
1258394244261335040
1258410693470158850
1258413183552950273
1258426580528959488
1258434085770407941
1258435201518141447
1258437628610916353
1258483472202637314
1258491452134490113
1258494736916271110
1258494963333111808
1258501797976702981
1258505656371310593
1258509576460107777
1258510242507153408
1258512888207048706
1258516089907998720
1258517117516701697
1258517623328759808
1258520768591261696
1258522729206038528
1258523052721049602
1258525163005505536
1258525701554073602
1258525823998423041
1258525848266661890
1258526061660221440
1258526144523120650
1258528146418053120
1258529631159808000
1258530344304668674
1258530619425869824
1258533314882760704
1258533416955310081
1258533430989484032
1258534771472216065
1258537023083700224
1258538611504410624
1258539647132549122
1258202388168675328
1258214514052530182
1258264188478078976
1258307246963990528
1258339410879418368
1258339998379773953
1258348813129056256
1258377365044056064
1258410263721754624
1258427622759051265
1258447141825056771
1258473290085150722
1258486138198769675
1258489502278078466
1258489782944047106
1258490805448331270
1258491762609459200
1258498086575517696
1258498086613028865
1258498982407548931
1258500565023305728
1258501091697795074
1258503506971017219
1258509520805879808
1258510669348995072
1258512496484212736
1258514238328336384
1258520959541080071
1258521485087346688
1258522489853902849
1258523285509206022
1258524815029178368
1258527322879086594
1258527572373078019
1258528014461067264
1258528272020725761
1258529543708569600
1258529942091862017
1258531030786433024
1258532936288055297
1258534996479864833
1258191243751895040
1258211196278210560
1258217102286127106
1258228839861432321
1258233845352144896
1258262785877671936
1258267870473129984
1258283485397159936
1258285422796472320
1258299292734947329
1258313097577709570
1258313145036279809
1258330717647450112
1258337724605648900
1258339195678064640
1258348325788700674
1258352083041910785
1258358686604570625
1258362386496569344
1258363172572012544
1258365966058246144
1258367279135363072
1258371086846242817
1258373570067075074
1258378248662274048
1258378548802453505
1258379555406053376
