1315994001368133634
1316020119613501441
1315994683454238722
1316080593524883458
1315994020104097793
1315962263417827331
1315962987597893632
1316069220988395520
1315970124667650049
1315955088054194176
1315993219709251584
1315925242171338753
1315854609815080960
1315983911944626176
1315989929281957895
1315994107123245062
1315994288761778176
1315994623559507968
1315993186658119682
1315994447520452608
1316136610736607233
1315994552218648576
1315972855318933507
1315886630973169664
1315966597807460352
1315961231824617473
1315967213699031041
1315985334895812608
1316014343419379714
1315839242724048896
1315959805610164224
1315994233959075842
1315955739542908930
1316023359885336577
1315963592710205440
1315964729496608769
1315961348170362880
1315994268054454272
1315830565267025920
1315839701165715461
1315959213055565826
1315993102868455424
1315983864641261568
1315965463323705346
1316102619534852097
1315959924934037506
1315993596592566273
1315972026780258304
1315993964567199745
1315977163200491520
1315992856432193538
1315991004479135746
1316107832626941953
1315970020393050112
1315966519910768640
1315975927357210624
1315962102734036993
1315975457729392640
1315965919169056769
1315993625831014405
1315988539037933568
1315994290812846080
1316044278368473089
1315960128902959105
1315983730348109824
1315962717434531840
1315968156847009793
1315976355482304513
1315991286248288256
1315960590272204801
1315980008586969090
1315965895722893318
1315957817870778370
1315994087028293632
1315965717251055616
1315831445835919360
1315967852462178304
1315973059505840129
1315982073333772291
1315989160004517892
1315955374999171073
1315991511964823552
1315954934127439872
1315958374023024640
1315984288643416064
1315994454784978945
1315972343488012288
1315982139490529286
1315993129326129153
1315807784940851200
1315966258073030656
1315970622867083264
1315842694820761600
1315954685212270596
1315959505818202113
1315972365835218945
1315975581255839744
1315993917939122176
1316059892516630534
1315827092261531648
1315970505032302594
1315988675566727171
1315985668720463875
1315817025466376193
1315882275788161025
1315957084521979905
1315897539930075137
1315971568972038144
1315972349053865986
1315973109221130245
1315993237480517633
1315994638004695041
1315960495535517701
1315962903892299776
1315966948207927297
1315983398150832128
1315849741381451776
1315983524072128512
1316142696189358086
1315955525922828288
1315960586451202048
1315983016498466816
1315994007177134080
1316008414833602566
1315958526959812610
1315962655694356480
1315964962741932033
1315975860105760769
1315805701185339392
1315811993618706432
1315961554551009280
1315994220843368449
1315956800466890753
1315979316614828034
1315982581188440065
1315853613168766976
1315961092351422464
1315963017796956160
1316151734272655360
1315956131970322432
1315970181814943744
1315976147230957570
1315827029024137217
1315842031349047298
1315986716797345792
1315963105810280449
1315970340569395200
1315981103812009985
1316139624104943617
1315965870812925952
1316042367821111297
1316051248248958981
1315973127575400451
1315994088123117572
1315834010896080896
1315957520733818881
1315958910814228481
1315967248838860800
1315967747562577920
1315974818492297217
1315827708585299968
1315964834928832517
1315968403778273281
1315975998601678850
1315988775894384645
1315993546558709760
1316096177222438923
1316105307634925569
1315813035580305411
1315965597767917568
1315974897341018113
1315985679772418049
1315851951465205761
1315984852219498496
1315986620483543040
1315958502695763973
1315961201382260736
1315963075288330240
1315964810698383360
1315971472943452161
1315991369689767938
1315811993484488706
1315963366633070594
1315984951272181760
1315985642036367360
1315990471194349568
1315992041655095297
1315993789249585153
1315954522666283008
1315963544748384257
1315963812147793922
1315964353611526144
1315965442859700230
1315966395096731649
1315967821147451392
1315968661421780993
1315969646777061376
1315975999285325824
1315979091015802885
1315986470876991489
1315993786535870466
1315804442789376001
1315834904744210432
1315956524930478081
1315960340186832899
1315964913744072704
1315966932118581248
1315993652838137856
1315993961295745025
1316151540164562946
1315810734031462404
1315827092177780737
1315959927660335105
1315965178488541186
1315979088402829313
1315980627812978689
1315991251037151232
1315838714262810626
1315968269434662913
1315969935999414272
1315993657523216385
1315835807492648961
1315952920991592448
1315957291489714176
1315970003913633792
1315993090243657729
1315853585477967873
1315963836063776768
1315971233872261120
1315990716695314434
1315994444727017473
1316108272181686274
1315847749615706115
1315896624460320770
1315958354263584769
1315973274258546688
1315975702102134784
1315981493945036801
1315981570956820480
1315990760232300545
1316149044121677824
1316156764086296576
1316157434617094146
1315906079868563464
1315959249365872640
1315960470931681280
1315969185265184770
1315974230568251394
1315985175034179584
1316157388400005121
1315965828517498882
1315968999486881793
1315980950350647297
1315982819403993088
1315985789986242560
1315986434923397121
1315993186226053122
1316040265044549638
1316106432899502082
1315820310441099264
1315956696171401221
1315989480864612352
1315992436250996741
1316136631837978624
1316141665036439552
1315970268532289537
1315973448204726273
1315977709827379200
1315983441289261058
1316134210705465345
1316139148181291009
1315821506161770497
1315870632077336577
1315960980116066304
1315968832113123335
1315971614178267143
1315975570656645120
1315984421259022337
1315989542000889857
1315993969554264065
1316013610473197571
1316062280254214144
1315811819794169858
1315955268530905090
1315962546831208448
1315964555030339585
1315966032285229057
1315970207177945088
1315971424113381378
1315974346549137411
1315975792216748033
1315975964216700932
1315976105321549825
1315979515567452161
1315981980891254786
1315982649631158277
1315994654446366729
1315804539795234817
1315954620041179138
1315958335284416513
1315958968817119234
1315963298337226753
1315966994882191360
1315967078822809602
1315967327964467201
1315967971806900224
1315970666030682115
1315971441947561988
1315979521565261826
1315980622268182528
1315982142313201664
1315984892073775105
1315986446768054273
1315986479483686913
1315986884322119680
1315991561335959552
1315994385583144961
1316110257370824706
1315834496508465156
1315834497720516612
1315849580039331841
1315955456846827521
1315957793644597248
1315964397769158657
1315967291042009089
1315967880119439362
1315972953683693568
1315976520444379137
1315977217634177024
1315986220451868675
1315989411784343552
1315989505992728576
1315992111595089922
1315993397463744523
1315994152795082754
1315994175041613825
1315849745093529600
1315956387634122753
1315960470667489284
1315966517654114304
1315974592284983297
1315976434209501185
1315983874980081664
1315984727397011456
1315988549586620416
1315991968204324864
1316112812775800834
1315956820373049346
1315957253682483201
1315958113711919105
1315959974644903936
1315969955754651648
1315972689094467589
1315973001985359878
1315974743573569536
1315987984362213376
1315819546339549186
1315829608449597442
1315954682234384385
1315957637721346048
1315959621341851648
1315960644018024448
1315962884015480833
1315964703240269824
1315966849075621889
1315967111920078849
1315968359830257664
1315969201023127552
1315970214685802497
1315972585465749507
1315975250560126976
1315975457292967936
1315976793774587906
1315977130254258176
1315977754328862725
1315978962460389378
1315979483183230976
1315979995194576897
1315984430763302912
1315985449907826688
1315987891642867717
1316004434384769025
1316026511288270848
1316121970778550272
1316152650275213312
1315852208718503938
1315866853894320128
1315954921473224704
1315955060610945024
1315964714749489152
1315966587774607360
1315966702417575937
1315968111233904640
1315968775695474688
1315969687285641217
1315973522985046016
1315974020785897472
1315975695424724994
1315980496652980226
1315982291248852994
1315983336582545408
1315985897989574656
1315986659633029123
1315988414412533761
1315988656520396800
1315989129897955328
1316056856633257987
1316142925957533696
1315842191147765761
1315955072308776960
1315955476081922050
1315961252963909632
1315965462270754816
1315969762539843586
1315972420914872323
1315973835410288641
1315976828637519873
1315977974789758983
1315978927257661446
1315981099974131713
1315981611628978176
1315982451077009418
1315985973612818435
1315988039374532609
1315988757204611072
1315991172968579073
1315993439385812992
1316002959361224704
1316009506216714241
1315833084109967360
1315957091316772865
1315965000503103488
1315965847744270336
1315967709755080706
1315967915578011648
1315970937448280065
1315976487502254080
1315976833817600007
1315982213486383104
1315985081937387521
1315985355426934784
1315985367208730624
1315986830874075136
1315990425430306816
1315990557001502721
1315994269744857093
1316106732612059136
1316128958363115521
1315853587289907201
1315855025487384576
1315864164494200832
1315869853346136064
1315957802368741377
1315959471915429888
1315959504865984512
1315963392943960066
1315965883521654785
1315966270710448128
1315969649436131328
1315971868751523840
1315981551331573760
1315983071464820736
1315983083766779904
1315985158969925633
1315985995339358208
1315987400619941888
1315989743818215424
1315990489301164032
1315993642520190976
1315996153842987008
1316114118181519360
1316156225101406209
1316156764212137989
1315956952590159872
1315957662543220743
1315958410949558274
1315959212548055045
1315964565105119232
1315965305567535104
1315966209570082816
1315966762383482881
1315970367610073088
1315971794516488193
1315974469970788352
1315975997225947137
1315976270963003392
1315981483669159937
1315982266368172032
1315983513875820545
1315986906723872768
1315987370525720576
1315988924427374593
1315994609080770560
1315997297923284993
1316106358266236929
1316108823271215104
1316114816260608000
1316131615693651969
1316152674782453760
1315805961962106880
1315824575276408832
1315829008320270336
1315830179453829121
1315836216286248960
1315876128414932997
1315955658076950529
1315957835717632000
1315958580655394817
1315959497395965953
1315961576323719169
1315966828573863937
1315967235199041536
1315967401788354560
1315968264317607937
1315968969757659136
1315969888184344576
1315970222793330693
1315972322944262144
1315972553035395073
1315976956668710913
1315977976794746880
1315979981512638464
1315980213298368512
1315981358594834433
1315981951707340801
1315982717666893825
1315983623246491649
1315985641209958401
1315985961998790656
1315986463507582976
1315986873173651456
1315986978333097984
1315990556108115968
1315991319307866112
1315992200656936960
1315992878792011776
1316033995348553729
1316079113690640387
1316092858248695809
1316093361166733314
1316120772084199427
1316153111476568065
1316157894753234947
1315804463173574658
1315823931245424642
1315824031543758848
1315826575787667462
1315827164433068032
1315834908162560000
1315842191974182915
1315865675026624513
1315900495349846016
1315954890980708353
1315956415698173952
1315956461655261186
1315956916800106496
1315956937469591552
1315957016372940800
1315957759112773632
1315958661626429440
1315960014381744129
1315960133437009920
1315960506822406145
1315961054791372800
1315961858147454976
1315962307223138304
1315963762881499136
1315964078435766273
1315964241225158656
1315964419189415936
1315965043679387649
1315965986529587200
1315966762169630722
1315967814071615488
1315968021253566465
1315969682437005317
1315969859457552384
1315972011991224320
1315972079481749504
1315973116041064461
1315973777591762946
1315974611968897025
1315975479522979840
1315978870739423233
1315979404175118336
1315979848385359872
1315981320053493760
1315981581673271303
1315981861798047744
1315981883218382848
1315983638715142144
1315984000838705152
1315984941860126724
1315985404827402241
1315986300684636160
1315987475429498882
1315988659871645697
1315989411516100608
1315991985002610691
1315992231925428225
1315994019550330882
1315994629532274688
1315994890820620289
1315995475326259203
1316115568643182592
1316128116746616835
1316143593183158272
1316158364200599553
1315811992419151878
1315819329477316608
1315831100959264769
1315853942300045313
1315875744980045826
1315954423521312769
1315955260465319937
1315955305008844800
1315956696414470144
1315957418770214912
1315958161472356354
1315959004368195585
1315959718347763714
1315963041687711745
1315965344595480576
1315966237327982593
1315966485169352704
1315966897083609088
1315967101434241026
1315967193541226496
1315968092812578817
1315969792528928769
1315970865985658880
1315971154969063431
1315974536647639042
1315974613613060098
1315974660425646082
1315975461890129921
1315977700193034240
1315979967252094980
1315980421960740865
1315981937824104448
1315983448843128833
1315984007130210304
1315985644854931457
1315985925218996225
1315987918218055683
1315989945727713281
1315992322467860480
1315994365211312128
1315998301775429632
1316000383005798400
1316004732629061634
1316022224906645514
1316039660771192832
1316109753446215682
1316127068711727104
1316137022067793921
1316151545076092928
1316157407559585797
1315826336796078080
1315827112704643072
1315834644764348420
1315843012862373889
1315860363368378368
1315880127734128640
1315954416021893121
1315955609666191360
1315956447545569280
1315959212292399104
1315960581929791488
1315961873767043075
1315962023935705088
1315963518085206016
1315963777246990336
1315965430859730945
1315965919802404865
1315967023848083458
1315967357152526339
1315967644508585984
1315967667203960832
1315968322303737856
1315968419397857280
1315969167636402177
1315969583107452935
1315970378779570181
1315970543045107712
1315970577002266625
1315971005274304514
1315971871377100806
1315972035869319170
1315973063373131778
1315973926804221954
1315974791158001666
1315975528369840128
1315975935712268288
1315976996971835392
1315977136256282624
1315977279240048641
1315977296080252928
1315977634443153411
1315977921501302787
1315978647740862465
1315979161152876545
1315979832409423872
1315981052624670721
1315982019734712320
1315982342499033089
1315982701476929536
1315984972977704962
1315985643248312322
1315985748689027079
1315985757765611521
1315986740734238721
1315986748934062081
1315987761103605760
1315987890162282497
1315988990315712513
1315989443141079043
1315989484429864960
1315990027051171840
1315991897295421440
1315993072593969157
1315993083675369472
1315993364693766149
1315993529597014017
1315993536937037827
1315994085493268481
1316083907050303489
1316101518253199362
1316141732291989504
1316144182218633217
1316147518586093569
1316147962632953856
1316156764161822720
1316157511477624835
1315807676803223552
1315819482342985729
1315826146538385410
1315834642164068357
1315834668965535744
1315836393080475649
1315842609655377920
1315844255101997056
1315851495192096768
1315853794702430219
1315890006381211649
1315899756439310336
1315954589003386880
1315954670456786946
1315954865890357249
1315955163715244032
1315956836084797440
1315958007260475392
1315958039430692864
1315958414816743426
1315958593233985536
1315958825648881664
1315959348309487617
1315959720386195456
1315959780163416064
1315959783753756673
1315960464644476929
1315960470680072195
1315960639173656576
1315960746312957952
1315960792316080133
1315961175369281542
1315961334580891648
1315961538000322563
1315962054885466112
1315962099760332800
1315962601894019073
1315963937494626305
1315965864261431297
1315966009522651139
1315966927156776960
1315967885169307649
1315968740211777542
1315969290542239744
1315969296187576320
1315969344346750977
1315970303814754307
1315970540226527232
1315971244869681155
1315971644809269250
1315971955766579200
1315973560171724803
1315974415906156544
1315974508470251521
1315974752008273920
1315975570467905537
1315976838796251137
1315977301058818053
1315978072424878082
1315978089910861825
1315979093628858370
1315979735047041025
1315980326552965120
1315980736982388737
1315981344015560704
1315981836942741506
1315981862146174976
1315982700273115143
1315982797161537537
1315982967362195463
1315983925920108544
1315984874709356544
1315985190569865227
1315986302911815680
1315986999728377860
1315987406168915969
1315987909665853444
1315988214323306498
1315988458758955019
1315988610714341376
1315988634709954560
1315989422492594178
1315989594228359174
1315989680014471168
1315989908431962113
1315990987320197121
1315991044874539008
1315991316925501440
1315992181920989184
1315992188568956935
1315992543398592514
1315993469903663106
1315993625206165506
1315994101821603843
1315994210806435847
1315994334102204419
1315994428142759936
1315994895606263808
1316066421240193024
1316101562683490304
1316118496154132480
1316121532628959232
1316142427460296707
1316145685109014530
1316147369294077955
1316151955232825346
1315868464674897921
1315940463308935168
1315955310515847169
1315956406474944512
1315956490256232448
1315958099883315200
1315958164303552513
1315958598887976960
1315958932284887045
1315959295691886592
1315960260537049088
1315960457694453760
1315960961568845824
1315961143593242624
1315961636197457921
1315961665427562496
1315962344485380098
1315962392174628865
1315962504456163329
1315962540892073985
1315962703207378951
1315962920879173632
1315963001850204161
1315963369275432960
1315963787439210499
1315963975641821185
1315964091362615303
1315964267489878016
1315964431281590273
1315964450336378881
1315964480187232258
1315964931267866624
1315965401633783819
1315965915754885120
1315966385542107137
1315966627251396608
1315966667973890048
1315966693412425730
1315967113463554051
1315967114927394821
1315967556243673088
1315967782861889537
1315967902051446784
1315968418680578050
1315968684062638082
1315968714748186627
1315968828099244032
1315968929030901760
1315969009280520193
1315969107326631938
1315969910468640774
1315970385213562880
1315971514903166978
1315971521307979778
1315972317487468544
1315973052967071744
1315973659278929920
1315974311828688898
1315974500719132672
1315974776872153088
1315975110424227840
1315975121320980481
1315975622062157824
1315976210187345920
1315976471975002116
1315977857080987648
1315977897753092096
1315978912158101504
1315979383149129735
1315979646903693314
1315979703589703681
1315980376339251200
1315980614458368000
1315980742590189573
1315981570319282176
1315982019948548097
1315982597915320321
1315982929814843394
1315983315996995586
1315983461363089414
1315983498663153664
1315984059064029184
1315984204480512000
1315984264962293760
1315984303218724864
1315984354695360513
1315984482969833473
1315984973183229953
1315985307788087297
1315985366722195457
1315985555289780225
1315985636592029698
1315987918700322816
1315988209462059009
1315988300084187137
1315988617114812416
1315988675633831940
1315989027225567232
1315989399541370881
1315989423805300736
1315991464464261120
1315991477940518914
1315992078246129666
1315992350347399171
1315992623732195333
1315992726589059072
1315993173068517376
1315993189178843140
1315993224746536966
1315993532109291520
1315993602745675782
1315993887454961665
1315993919122026496
1315993937337896960
1315993952831578123
1315993979536711681
1315994291442003968
1315994388745650176
1315994487492141056
1315994520002146305
1316003300727291905
1316026251769909255
1316046038189441025
1316061377887436808
1316074888483008513
1316112800008335362
1316121368992374789
1316134961246867458
1316143390753513473
1316144181887238147
1316147284808212480
1316157675487535109
1316158077629014017
1316159146698379264
1315811993635430400
1315819546150928385
1315821332253290499
1315836395307634692
1315849762168541184
1315866278708613121
1315873088291078144
1315876080755015680
1315886176260296704
1315954553947410432
1315955173865541633
1315955302278234112
1315955469350055937
1315956201218338816
1315956338942504964
1315956385507573762
1315956459126087681
1315956618568372224
1315957132379000832
1315957188687519745
1315957194391719936
1315957300562100224
1315957434763087872
1315957641550745606
1315957939052728323
1315958201330921472
