1276977024494682113
1276945021334425600
1276954404403531782
1276941470675722240
1276837259980025857
1276920189490249736
1276953844858138635
1276975095584563201
1276923544975310848
1276802539963297792
1276988091048361985
1276912169846747138
1276967105217380358
1276932106787094529
1276848158056878081
1276849759962255361
1276923715129880577
1276925771894927361
1276943274587164674
1276795010139078656
1276985951630307331
1276954184529707008
1276887867395096577
1277000441352597504
1276963716974641156
1277019677449957376
1276896843553820672
1277012984083230720
1276827384910618624
1276941291633479686
1276964182328594432
1276998100419325952
1276991192568221698
1276913250312093699
1276939170053787649
1276925760960421888
1277011628601552896
1276874771377111040
1277008429161369600
1277016027172306946
1276857323714207744
1276902677272834048
1276934528364404736
1276802601653174273
1276889447125090305
1277012755875332098
1276847054816530433
1276936443206799361
1276906723949850624
1276935364352053248
1276947285906202625
1277001525240442881
1276954152590024705
1276837041913974784
1276978855744606211
1276889620559650818
1276836092260605953
1276954502231400448
1276930796536897538
1276957835012734979
1276912640967802880
1276855892340867079
1276814344911806465
1276896820434661377
1276932533637263361
1276950868806586368
1276926070609055744
1276984518734426113
1276912882383544322
1276911085241667585
1276860760300425217
1276782627798867969
1277005052608208897
1276806921421496323
1276892933963362306
1276949158931374081
1276899471104843776
1276978207749783553
1276991468134174723
1276922030621896706
1276930875494731776
1276966028505948167
1276957550097899525
1276977535759331328
1276849335771283458
1277002992147988486
1277006523584188417
1277016305888100354
1276924574643429376
1277006129441263620
1277020490046021635
1276918842237816832
1276996196951867396
1276856433246601217
1276931163534262273
1277007554149826562
1277004900103225346
1276925691838300160
1277007410419453956
1276964199231602689
1276919874116354049
1276838285005000704
1276905628536123395
1276931192391163904
1276985307091460096
1276998745754746880
1276999631034032129
1276858307890872327
1276905836112154626
1276931400961347584
1276754198156238854
1276802824404209664
1276838239458988032
1276930794087309313
1276952293804572673
1276961507918655490
1276930877197557766
1276917921541955585
1276857429901348864
1276896578117271552
1276938136157904897
1276953195542188043
1276983642426765312
1276920990740762625
1276894388178825216
1276922359245606912
1276929535968067585
1276954537509732354
1276779799151882240
1276903801182658566
1276945110715039745
1276947836115062785
1276931514127781891
1276947133044842498
1276969359991283712
1276910151501479937
1276942118926209025
1276967350726688769
1277014639914688513
1276941752495149061
1276958297397100544
1276802803055292416
1276949672133828612
1276937164685803520
1276954572985073664
1276931260632399874
1276951114039078912
1276906262060564481
1276809327689465856
1276893203598360577
1277009213387087873
1276855813378891776
1276896936503717888
1276916342646603776
1276923937771999239
1276911747031498753
1276975524200550400
1276777014914146304
1276787643880275968
1276802627674619905
1276838680871743489
1276892886907453441
1276911405858467840
1276919441033498626
1277009176812716032
1276808805926473733
1276837047190392834
1276923190711812096
1276944379899510785
1276930911959842818
1276958979860467712
1276986805192196098
1276911832255672320
1276928762576285697
1276856517338238976
1276906974022598657
1276965442091966469
1276969817535393794
1276980859804037121
1276992821547995136
1276943772207788033
1276840275835588609
1276975940912975873
1276991136532508672
1277000198548570112
1276893253804199936
1276897008633229312
1276930795416870912
1276936957940113413
1276958415974252544
1276986841791639554
1276909368496328704
1276917647263793159
1276929798049234944
1276864347852214273
1276879204559187969
1276944531355774981
1276945476428992512
1276949197036625921
1276807985344516096
1276900185596100609
1276948454808391680
1277004278561779714
1276838184098263041
1276857068650147840
1276921380626403330
1276957158043799554
1276999026567766021
1277001050600464386
1276743650043715586
1276860926134812673
1276866203458449410
1276919585724411904
1276932923078385666
1276954673107349505
1276959564286644224
1277006964309086208
1277013428872282120
1277017857256239105
1276860898632708096
1276931420502601729
1276931913446539264
1276861748642033668
1276935747191406592
1276969930336976896
1276993708773322752
1277005607338377222
1276816592102457344
1276913713484881920
1276931536248504322
1276950650899894272
1276999077348151296
1276747586989326338
1276804546929414145
1276809069857329154
1276900366236483584
1276901365776879616
1276919656985571328
1276923275902418944
1276964902159241217
1277013925649940482
1277015688687816709
1276918863024791552
1276941446948556806
1276987517770829824
1277001568303398913
1277010066575519744
1276809998182445057
1276847806129549314
1276897912103059456
1276930703263969280
1276931033301241858
1276958328917307392
1276972536409075712
1276896842656165889
1276896893268787205
1276901543216889857
1276920963402268673
1276788931405787136
1276867016222216195
1276920336517402624
1276931351736958979
1276948185076895748
1276972317864792064
1276983642426761218
1276994664495808512
1276998999455731715
1276804551316631553
1276891605979586561
1276896240207355906
1276898863270572034
1276904223922434048
1276932615732330498
1276939737564053505
1276972697961074688
1277003791158706179
1277009777881747457
1276809351072710657
1276838001004482560
1276893046978695168
1276927118807572480
1276931892898643969
1276960993772556288
1277011655076044800
1276839593367744512
1276893279209033728
1277005127778553857
1276908004487684097
1276913165540958208
1276915568080293888
1276937659076796417
1276944177545252864
1276945893703335936
1277014334955192320
1276926484058382339
1276937323125628928
1276938348045561858
1276938774606422017
1276950322771038210
1276959125159673857
1276964768008376325
1276964942760026112
1276992450624491520
1276696754386280455
1276915694769106947
1276952185092345856
1276960993134796800
1276981629089652736
1277001577728016384
1277006576956645377
1276714699325833216
1276906527589367812
1276933490475499520
1276947463933493251
1276986526648406021
1277005848397611008
1276757242373648384
1276855332862656512
1276858316702879745
1276912225123553280
1276940608813195265
1276945622793433089
1277006291597025281
1277010901145661442
1277017747826901004
1277018119328935941
1276931206869901314
1276961955668996103
1276983643487911937
1277020177939542023
1276803707116687360
1276824128658563072
1276950422436171779
1276984182963687426
1276988551549386753
1276991536291549185
1277001255693496321
1277012011935809536
1277013842183086080
1276837283627499522
1276878401517862912
1276915739434287109
1276949431540211717
1276956170226470914
1276960198717030402
1276963092413513728
1276964183851053058
1277000045129347072
1277007195062915076
1277009061914071044
1276916245535825923
1276928884936671233
1276932494500249605
1276932639342108673
1276934589093752839
1276951854564376576
1276957689831215106
1276999046830358528
1276999326565269504
1276733161171562497
1276773954376564737
1276819973961330689
1276837275863834648
1276889501013553152
1276889522236612608
1276892886341165062
1276908146821402625
1276970066018476034
1276971319318458375
1276803274318811138
1276860127509970949
1276913358646784000
1276930794867605504
1276941638162677765
1276964357457547264
1276976092931211266
1276982273775108096
1276985594401501184
1276987302636552193
1277004824236752896
1277011302565715974
1276814986115985409
1276899747123679232
1276909210819796997
1276959461782040576
1276964908421320704
1276979928051957760
1276980923045724160
1276981576551878661
1276984904153288706
1276989194712293383
1276996239914041349
1277002361043550210
1277014451049369600
1276666554772529152
1276797484153667585
1276802845329592320
1276891375468982272
1276893101139865600
1276926868667748355
1276950852763353096
1276965153087598593
1276986475045928963
1277010525638070280
1277012924075315205
1277013273905377283
1276761782560985089
1276855777203011584
1276898241649545217
1276913687060795398
1276916953169506306
1276933363807465477
1276936149412597760
1276949668740530176
1276955793577910272
1276978609211748352
1276983919762706435
1276987438880129027
1276987807932780544
1277002700786450432
1277011716786794504
1277013112940572672
1277019839501144075
1276886064364429312
1276891821143142400
1276909625414123523
1276919979691122689
1276932563572084737
1276932918791847937
1276933378810548224
1276936894878822401
1276939381157306368
1276943443709833217
1276956933816299520
1276957746827595776
1276962921814413312
1276980375739392006
1276999747480489986
1277003000821809153
1277010846103764992
1276787351952535554
1276854300719841280
1276907641596456960
1276908150763909121
1276919469638512640
1276927971685797888
1276930260207046661
1276931996070051840
1276941754068086793
1276951020153851904
1276951941491408896
1276968618211901441
1276968674583289856
1276974118877794304
1276991085550669829
1276991247731888128
1277008193089134592
1277014603369795585
1277015774574641153
1277017167129645056
1277018740664778752
1276697741167603714
1276781605630218240
1276873306667388928
1276889536086315009
1276893188217856001
1276894163208994818
1276895312997646337
1276900643979042818
1276908936260726784
1276910116734976007
1276910552514691072
1276938744277458952
1276948997735886848
1276958208930824193
1276958979927625728
1276967595661578241
1276969342362664962
1276970149984206848
1276993608688832517
1277003656114642948
1277010725563744256
1277012702167252993
1277012805028364289
1276828580639621122
1276834727052402688
1276852468874383360
1276872051240951808
1276891343495876608
1276909437182189568
1276911649778094081
1276914949453905920
1276923246613536768
1276924503038193664
1276929343109902336
1276931576207736834
1276933328382418951
1276934569082544130
1276944598925967363
1276944879655010309
1276945913920000001
1276948964735098880
1276999472447401995
1277001258499543040
1277010014033580033
1277011806972772353
1276775779737702400
1276785228523147265
1276808369332944896
1276815174830370816
1276893049461731328
1276903200919085058
1276909349986852865
1276913019646291968
1276913429723283456
1276919469877669895
1276923248580624384
1276943266248876032
1276951031054839810
1276955306673819648
1276961408777891841
1276987516680355840
1276994896046546951
1277001554382524417
1277006537672855553
1277007780541579265
1277009803974500353
1277016394450767872
1276794202223935488
1276797011153620992
1276905857108901888
1276907159251562497
1276907196970946565
1276910424433348611
1276918463013851136
1276925749325258752
1276929825937244160
1276941764373471232
1276944483184185344
1276951429194883072
1276956992985280513
1276958066269917185
1276975863863676928
1276998744391573504
1277000324746817536
1277002754062528512
1277004885494501377
1277005177183178752
1277009969859223558
1277016756759003137
1276734800573927424
1276769022286102529
1276804237024878592
1276804311884820480
1276807821703741440
1276850074216259584
1276858116827643904
1276889770162098178
1276890625200271361
1276902308350251008
1276911178015543302
1276921619143852032
1276925357267070977
1276926767857496064
1276927128412577793
1276933017546653698
1276934685319467009
1276945667508879361
1276946849987989504
1276955334582718465
1276956192821182464
1276959523786407936
1276967465570971655
1276998304526667776
1276999475123404806
1277002450927583232
1277005640754434048
1277006774080540673
1277007233491009536
1277011272794603521
1277012205066731520
1277013116493205506
1277014512697323520
1277016159762755584
1277016206072057863
1277016240549175297
1276708317805641729
1276795947603935232
1276798320313163777
1276885009245319169
1276893889669013504
1276904383566020608
1276910464870604800
1276915482432548865
1276924311966756864
1276925134738198531
1276927979608772609
1276930213427974144
1276934987711987712
1276938623905075204
1276940417485996034
1276941300638629890
1276945673200586758
1276947673556361216
1276955119842660364
1276956294885314561
1276956385666834437
1276957340571443200
1276957545035431936
1276961247557300225
1276963488741625857
1276964585480871936
1276965186184916992
1276999048675893249
1277000266517282819
1277005899765293057
1277011791051194370
1277011792259145728
1277011999709331457
1277013022222008320
1277013394260996097
1277013785295929346
1277015841020805120
1277016357922582529
1277016358123962371
1277017250143272960
1276686257972744198
1276776779353485315
1276798759708418048
1276832974219157504
1276836320896319488
1276843676065574913
1276853077946126336
1276860980966850563
1276900615088734208
1276908310554390528
1276918993446674436
1276933032776253440
1276937089796444161
1276939779016478720
1276945390466711552
1276951604076437504
1276961532308529154
1276966753986322432
1276968576574984192
1276969801605357573
1276971139189874690
1276973576155889665
1276999228460544010
1276999524897230855
1276999887834550273
1277000434406887425
1277003046178959365
1277004448896876544
1277011164417994755
1277011687275708417
1277011804619706371
1277011941245009921
1277012919381786627
1277013263784579073
1277013293899681792
1277013301290033153
1277013303303327745
1277013699992195072
1277014056931639299
1277015605657337862
1277015966115926017
1277016205535203329
1277016387488305153
1277016535622660096
1277016625091424256
1277019190742978560
1276749366976557056
1276810022706720768
1276812773566156802
1276824732168486912
1276830130992631809
1276840032792391685
1276859733857775631
1276884685470171137
1276900596063272960
1276903111945097216
1276909873868034049
1276914222438535169
1276914630686912518
1276915108862668802
1276915128458412032
1276915694911750147
1276915695184498688
1276916413329014789
1276921835255410691
1276925708917448704
1276929406221660160
1276934450329391105
1276938349530341377
1276944635483602944
1276945893787402242
1276951948986638336
1276955371022794757
1276961117928112128
1276961954008104961
1276968798332084227
1276981797033828353
1276982751523201032
1276988487108001803
1276995231414616064
1276995488705904640
1276999487110754305
1276999540105715713
1277001258642087936
1277002870655782913
1277007991515029508
1277009405909905408
1277011324921245698
1277011851654635527
1277012993868541952
1277013062827073538
1277013844012019728
1277014917984501760
1277015220326674435
1277016843920834560
1277017188919054336
1276689495228850178
1276770168266514432
1276805692465336321
1276818738826940416
1276822628326608898
1276838711976775684
1276844327579287553
1276844723127357440
1276844935069786113
1276876651188695040
1276882623994957824
1276890887856029696
1276895078724894721
1276898999925178369
1276900054780055553
1276905057963958273
1276917455374385152
1276918138647597058
1276918234114113537
1276919691492065282
1276921538101600256
1276924997962018816
1276926456338268161
1276930485713862656
1276931622210883584
1276935461093748745
1276937275100839936
1276944322802470914
1276952779022614530
1276957020420296712
1276959734948642822
1276962273370800132
1276966145338245121
1276967432167579653
1276967787991310344
1276969035880640516
1276969350721933315
1276971694805090306
1276974941225848839
1276980254196858881
1276983319125786625
1276988675620913152
1276994014537908225
1276994095953727490
1276994283812331522
1276999203412156418
1277001360794402818
1277003899031953409
1277007031036084224
1277007925609934854
1277009896576372738
1277010101249941506
1277012115941965829
1277012193373032448
1277012560324300802
1277012878478970881
1277013139155030017
1277013161351303168
1277013303382945792
1277013362036137984
1277013610569568256
1277014081392738305
1277014502379315201
1277015262097813504
1277016181568933888
1277016659774058497
1276795076077932544
1276805522625368064
1276824952474304514
1276827326848925699
1276846730244481026
1276866265248915457
1276880047585050624
1276890529041485824
1276893271655100416
1276905587410964482
1276907257125580800
1276909347965190144
1276909731823718400
1276912086774415360
1276912188851175426
1276916554362478592
1276923483159760898
1276928277735706625
1276928845682270210
1276931284820951042
1276931835579314178
1276934204148920320
1276935600785043456
1276938401636388870
1276940898077749250
1276941390820360194
1276944283698900992
1276949100353765377
1276953447011684352
1276954985079672832
1276958491278704640
1276965896792281089
1276966535022759937
1276967284527915008
1276967629341831169
1276967984750354434
1276968371263856642
1276968420940984321
1276970473058787328
1276976092738289664
1276976274561552385
1276994813267771392
1277002426923565056
1277004339379343360
1277004610109145094
1277006947921821696
1277007567265435649
1277008910059257856
1277009279581593605
1277009557810749440
1277010132250091520
1277010162084130817
1277010778269323271
1277011487148642304
1277011667558313984
1277013091608387584
1277013162374594561
1277013208386109441
1277013642886762499
1277014251731894272
1277014282752983040
1277014916063465474
1277016185247326208
1277016263311724545
1277016657605640193
1277016756498939909
1277017589181566977
1277018128237703168
1277018139335761920
1276672617639010306
1276675406133895168
1276697581863596033
1276718646203527168
1276772252734930944
1276787598233608195
1276810783297601536
1276813132548227072
1276833714463367168
1276835162677030912
1276842984940744709
1276846630705278976
1276854996475183121
1276859258580189184
1276859589540143111
1276864408032075776
1276865363121041409
1276865965062533120
1276866621462601728
1276869433328390145
1276890542585057283
1276891744194486272
1276894120594886661
1276894304183693312
1276894892330037248
1276900742390067208
1276903700343250944
1276906259661246467
1276909468513710080
1276913011559710721
1276913178346049537
1276915546488012801
1276915695851393024
1276918451131559936
1276923089201266694
1276925928992641028
1276931405243703296
1276931405314957313
1276932116442501121
1276932192971743238
1276935335008755712
1276939739267022849
1276940563695222784
1276941911459315712
1276944185178849281
1276944886852354051
1276962876087992322
1276967267423735808
1276969841992388608
1276971059661672448
1276971076266967040
1276975763699490816
1276977005242744839
1276994849548439554
1276999029570879489
1277000392887459841
1277000600518111235
1277003451457822721
1277006562142420992
1277007725650685952
1277008588360335366
1277009470116298757
1277010080806903810
1277011756347424768
1277011808004513793
1277011813763289089
1277011827906445313
1277011857866461190
1277011971913715713
1277012123286208512
1277012663264964608
1277012932484882432
1277013215084412928
1277013228812480512
1277013270738669568
1277013643830362114
1277013693289676807
1277014753358024710
1277015598694903811
1277015667607248898
1277016386015985665
1277016525753462785
1277016681433436164
1276668790424600577
1276791773055066112
1276799990052970496
1276818987133870085
1276829500593115137
1276856161132830722
1276858539420647426
1276874372817567744
1276882906053517319
1276893047918399490
1276894536879521792
1276896504519811072
1276896554163548161
1276901872771780608
1276906234516582407
1276906826550960129
1276911942318292992
1276912095343316992
1276925784754720769
1276926566300356615
1276927073358094339
1276930368868884480
1276932593737437184
1276934278962700292
1276935087465127940
1276938345252184064
1276940860546940929
1276942131228225539
1276943103652478978
1276943377276248066
1276945105186947073
1276945662949691395
1276952946362716167
1276954779252596739
1276955019204534273
1276955098913091587
1276955128541712384
1276957709619933186
1276958810884710402
1276961774378668032
1276962770760560640
1276966786978676736
1276967452551917568
1276972663450329089
1276974778532978690
1276979145612963840
1276981059360632832
1276988755367387136
1276989692521721856
1276995383261106178
1277000237643706368
1277000516665585665
1277002065353617409
1277003573319159817
1277003625072676864
1277003830840999943
1277004877525323776
1277005789459341322
1277010206506049536
1277010339754803200
