1230015765006495744
1230046218153316353
1230034512547110912
1230164110895132672
1230106551802847233
1230014719857250304
1230097676529782784
1230167776792326150
1230165223631441921
1230044460509204480
1230014989748068352
1230096571729162240
1230021246491992065
1230095007195058176
1230061963666972673
1230217230052478978
1230238302869106688
1229977334553378817
1230078733308092416
1230123228204609545
1230103487582654465
1230258318058426373
1230169403431571460
1230027443307720704
1230188181053722624
1230218659353780224
1230053000699416576
1230266389782573056
1230115790503976960
1230109876824739841
1230036512433111040
1230111311075401728
1230155679027081218
1230052641897623553
1230032137790918656
1230217929045794818
1230047375592501248
1230010070672584704
1230214434557243395
1230192617918533632
1230139008719687681
1230173495931346945
1230018843168428033
1230209310556348416
1229975141398011904
1230002593134329856
1230137312912297984
1229992324643655680
1230225961980977152
1230155938197319682
1230168491929612291
1230115397493493761
1230037091079331844
1230072172779048960
1230207726904643585
1230219702913437701
1230138933981450241
1230063923266818048
1230060851878514688
1230168993882869767
1230034720223891456
1229982691094720513
1230175213947670530
1229950303748993025
1230168163565785093
1230125798297866241
1230058571079000064
1230058188743086080
1230183771909099522
1230234544088985602
1230119290415783936
1230208808657543175
1230160718672093184
1230045258223902720
1230068990480920576
1230228057979379712
1230243821532872706
1230091164218515457
1229940032473047040
1230049241319473152
1230189717515272194
1230018955542171649
1230063749685481472
1230054416042135553
1230072278882422788
1230162191741018112
1230145011725021184
1230218327227678722
1230158107344539650
1230045991866421252
1230058587151589382
1230108749823541249
1230119885188947968
1230262858325295105
1230025127783489536
1230143405361156097
1230031807082573824
1230092496774082560
1230088407939977217
1229980147387895808
1230097195908550657
1230180243496951808
1230234702092566529
1230053471258337280
1230186212792655872
1230176724220096513
1230208292229656581
1230034942756827136
1229994016168648704
1230043089181560832
1230038894105759745
1230130941219266560
1230055597783048192
1230211405401534464
1229978218507177985
1230075043054526466
1230102414663016448
1230133593864884224
1230059837184081920
1230069515351810048
1230033462377271296
1230070216610209793
1230240106042228736
1230190310245924865
1230045864208609280
1230199262392279042
1229992522581192704
1230120984843292672
1230258256985018368
1230095642858577920
1230220509159313413
1229926069387456513
1230000200502128641
1230068085245304832
1230143740070768640
1230189734678450176
1230221660445388800
1230039465697173504
1230167283928047616
1230035539551756289
1230046016881098752
1230113608215990276
1230163366976655366
1230250708865187841
1230061963796828160
1230124463909462016
1230209819254104066
1229960443281780736
1230116047409340418
1230212760635617282
1230238837575647232
1230144830820560898
1230160362416332800
1230263303529795586
1230002823955386370
1230007615066951682
1230072382079078400
1230099787367755776
1230152562189488129
1230169333114048513
1230185715847368705
1230031804477865984
1230137117369683969
1230235696260141056
1230084352744267781
1230118911741513729
1230217740025155585
1230041300172443650
1230155419709997058
1230177506042531847
1230048191141249024
1230102029927841792
1230109801755160576
1230167662182879236
1229946200834465792
1230139977528266753
1230180266343309312
1230183652874690561
1230024497782128640
1230234070329720832
1230098109436506115
1230132111358791680
1230187793256677376
1230054940661493760
1230114485156757504
1230119262544711680
1230125333921378304
1230159510225985538
1230189775874863104
1229951233911349248
1230061963524263936
1230077064188919808
1230085276908781568
1230098226969292800
1230116934861103105
1230122780760379394
1230164427162427392
1230167617912135680
1230231451532222468
1230233607450644481
1230238959667679232
1230074376810352640
1230122663466721281
1230158118581153800
1230209941354557440
1230023236567519235
1230044024205185025
1230070771843616769
1230119537204453376
1230175189486514176
1230223091042848768
1229933617767313412
1230090271389450240
1230093538957942784
1230143903183048704
1230183071191851008
1230195168453824512
1230267100708712449
1229938352138280960
1230039349871464448
1230129106102214656
1230236363276062724
1230077063748562944
1230151340489396230
1229970230849523713
1230034318132752385
1230145015902429184
1230165143595540480
1230268717818372096
1229963818857619456
1230046286025494529
1230057301765230592
1230057379233964032
1230100084672561153
1230172896565301249
1230176064527306752
1229963664045805573
1230063694739935232
1230102229115375616
1230150791685603328
1230158046866952194
1230161204221554689
1230179819972972544
1230190100597870595
1230210101128114177
1230024370455744512
1230064823133712386
1230088139357802497
1230114813491073024
1230209799914229761
1230235844927262720
1229986465947385858
1230082572509728770
1230097195803774978
1230106489722982400
1230127883735240704
1230129911240609792
1230143834685874176
1230238199726866435
1229971345322102784
1230003916416409600
1230101614855364610
1230162886464589825
1230186534394978305
1230196116496539648
1230212693723959297
1230258322835722241
1229926068846579714
1230042011052445696
1230077313775214593
1230143292702154752
1230167607640297472
1229964109367709697
1229990241051795456
1230033100002013184
1230047578781372416
1230058188575109124
1230069860572565504
1230079579622035456
1230081403913723906
1230174120438116359
1230203852001103872
1229971933413937152
1229986428974706689
1230065220845895680
1230076412683587585
1230081893242195969
1230065203351629824
1230148747738386432
1230151305617952768
1230190900812435458
1230196592428408837
1230205412596690949
1230231921927622656
1230052221255081984
1230054225692053510
1230065864294240256
1230092162664206337
1230127395069280262
1230202847255355392
1230220557691576320
1229923957974994944
1230001565768933380
1230039314257653761
1230046724816855040
1230095386561388546
1230185404634222599
1229958822128545793
1229969349383000064
1230112099516502019
1230113680152518656
1230117624513777672
1230165143859924992
1230181218240561153
1230250746895126532
1229922006046408705
1229958329671340033
1230034649751130113
1230172835827634178
1230204535018270721
1229965567987200006
1229978656740708352
1230027989724823552
1230063642659430401
1230089433556361216
1230136998532390918
1230221340768178177
1230228153169272832
1230039593841504258
1230072124339105792
1230111037048971269
1230188303560957954
1230207741383364614
1230209800476221442
1230247474394226688
1230019343188217856
1230046864096915456
1230075339294093312
1230114258337267712
1230140079491948544
1230158215935090689
1230168011501338629
1230174131427168258
1230249009618530304
1229940792212377601
1229958888495230976
1229976649325780993
1230026295830089728
1230044347644686337
1230081876322398208
1230092163679047681
1230099713061507077
1230103487490469891
1230139997552095243
1229921056766427138
1230049973586317316
1230054413844144131
1230099774931718149
1230127359400898565
1230134944615165952
1230186492498206722
1230188927182610432
1230216813444681728
1230241845189447683
1229953427641335809
1230000432895987712
1230001771738796039
1230013531761700864
1230028656443043840
1230055311496613889
1230084615706161152
1230111350187315200
1230112331071401984
1230114823943245825
1230120752843763713
1230136405780836353
1230140262502031361
1230141857981579264
1230142171812155393
1230148785780559872
1230238051072344064
1230244667373035520
1230254402478444544
1229978917546557443
1230009116757643265
1230027308448309248
1230071005319704577
1230078431267901440
1230084616272392192
1230106909472108544
1230129727744155649
1230179178722578433
1230184455836487680
1230193820421251072
1230201559373565952
1230201633813884928
1230231602162262017
1229965084182614022
1229985920432123904
1229994096086876160
1229997231228563458
1230024321160155140
1230035118892429313
1230066179500314624
1230066995435053056
1230076300305498112
1230088387715092481
1230113570962067457
1230115610757074944
1230121423915618306
1230137819902988288
1230140253689798656
1230144346239983616
1230162815387828232
1230191896561057792
1230225562070851589
1230225582388105217
1230226799738540032
1230228058981961731
1230261511505006592
1230262659687337985
1229984994858323968
1230013321346154496
1230078902518910976
1230098634596851715
1230123075477307397
1230135363961683969
1230178656619659264
1230225541380235264
1230254775163400192
1230261481125613568
1230262887517741056
1230017902176239616
1230054417447079943
1230065738498494465
1230082298105810945
1230086334846586880
1230097194646200320
1230103147827408896
1230113392180023296
1230125694706999296
1230156139586822145
1230157511807963136
1230160152021655553
1230162828906110976
1230164356958216200
1230168489576587265
1230169009858981889
1230170668697825285
1230175214660542464
1230182823115575296
1230186724065718272
1230194084150566912
1230197860467138561
1230229071361171459
1230229239493988357
1230234549986217985
1230237974379614208
1230245580737216513
1230246833949204481
1229920806408466434
1229944942514130944
1229956267193532417
1229959324883181568
1229963818425442308
1229973529635852288
1230009115344240640
1230012890263908352
1230049538263703552
1230064427912835072
1230074558071418880
1230098017782583297
1230099713732464641
1230120632051847168
1230164772991180803
1230168196600205313
1230190310225039360
1230243690557431813
1230252684617318400
1230257297328427013
1229918707931058177
1230017567168876545
1230027897546649600
1230074568624214021
1230082804639313929
1230099772696154113
1230111545700601858
1230118587379134464
1230129875685715974
1230130261976911873
1230156513374875648
1230158354418425857
1230158453919961088
1230163658312908802
1230175176224124929
1230191878819262466
1230193025193848832
1230213965302636546
1230214279770648584
1230256961150767117
1229920037047275522
1229967601469706240
1229973883169624064
1229978960194363393
1229998876695855104
1230031764699144193
1230043968467087361
1230044347556671488
1230072029937692672
1230075572996325376
1230075690059325441
1230084741187043328
1230117466136858624
1230118586804527104
1230130008472965120
1230153302370848771
1230159159779348480
1230174126834438144
1230182760461012993
1230203183827443714
1230220375247728640
1230223749766680576
1230250708949241859
1229929490329063424
1229942273892323331
1229965084639801344
1230005340332126208
1230023204699361280
1230042289164226560
1230042458026844160
1230051988416524288
1230066007546437634
1230070923530772480
1230072817007439872
1230084639710175232
1230087395745443840
1230090661862477824
1230094914618261504
1230097049540014085
1230097114618847233
1230098515281444864
1230099713099067394
1230100365024092160
1230136664116383747
1230153180442497024
1230158361611718656
1230183116700033026
1230188234191364102
1230194084800688130
1230204150392094720
1230206667029196800
1230209383973445636
1230211494492680198
1230222113409126401
1230234912021712902
1230258258021056512
1229921317308305408
1229931301735522304
1229948750082301952
1229952492328439808
1229980231458533376
1229986330676998144
1229987610308816896
1229991760207785984
1230037723903406080
1230054416465747968
1230056972755578881
1230064259603849218
1230085675652874240
1230092499538128901
1230107262221504517
1230128010889748481
1230157405826289666
1230159688404217857
1230163042320736257
1230164341053362176
1230184829658058753
1230187775728680965
1230188386109067265
1230212828424015872
1230212958426296321
1230220259099062272
1230222524887203840
1230224283479105536
1230228773720776704
1230231437120614401
1230242826136571905
1230245370048978948
1230256823980167169
1230268288883666945
1229930010531835906
1229934017547571200
1229941200251228160
1229960041962311681
1229968850097229824
1229976992264654854
1229982634668937216
1230004382667886598
1230008287153750016
1230017256609980422
1230043077659840512
1230060183340146688
1230063549583708161
1230071032494665730
1230079682172850176
1230088267036491777
1230089096472731648
1230090607617597441
1230115333714956288
1230115362731110408
1230115832950382592
1230118383569588224
1230122361766268930
1230131078620491777
1230152561111355392
1230160112934744064
1230165408629559299
1230166325596688391
1230169631643623424
1230171829601472515
1230171911113641986
1230172767485677570
1230175215243542529
1230178485194366980
1230184904664764417
1230191837471748096
1230195342576144385
1230201633897730048
1230228059237711872
1230235611807641600
1230246932414652421
1230261873326665731
1230261878871511040
1230262603458498562
1230269581706637313
1230271940780331010
1229952907870687240
1229973637911973891
1229991735364898816
1230009200388034561
1230016663346610177
1230018688801222656
1230019065151967232
1230022657145528320
1230025208238608386
1230036099558453249
1230039070593572864
1230047050617716737
1230050639054503937
1230055720281923584
1230059447008907264
1230076911855865856
1230081611493969925
1230083211990048768
1230083749494345728
1230094261405786112
1230114813411348480
1230117208719863808
1230117677525544963
1230120892589580294
1230126967774687232
1230134761991090178
1230140894680092673
1230142993077882880
1230146659444719628
1230166672075563008
1230168392440655872
1230175579032473601
1230188180315496448
1230188668171751430
1230191895768420358
1230192432077295622
1230199808897449984
1230205410633801729
1230209258437906438
1230210018626228225
1230213530328141824
1230225562289033217
1230235610096508929
1230236639957520384
1230238140566319111
1230250708382842882
1230254352918552577
1230262935559143424
1229924664304119809
1229933749413957633
1229986775701041153
1230016722104717313
1230020439860109312
1230021963415863296
1230040588877090816
1230043269096255489
1230044270469566464
1230069897780219905
1230070854249336833
1230073728496816138
1230079644994613248
1230082951867592705
1230087172331626496
1230098904747827200
1230114440835686402
1230118450426716160
1230134343919599616
1230137775179124736
1230160830563602432
1230162220463611906
1230163689250213890
1230165294490038273
1230168879693017090
1230173390708846593
1230182901393829888
1230186534579646464
1230190577498632192
1230195009556811778
1230199430835560450
1230212959323881472
1230219833196908551
1230222891247075328
1230230380877434880
1230243158455271424
1230267840663605251
1229926321196863488
1229930690596233221
1229931304642367488
1229939405282037760
1229951987854323712
1229953929775079424
1229963818672914433
1229988876149719041
1230010128360972288
1230021922941030400
1230043209805520896
1230044371682254848
1230047364066545664
1230064437681369088
1230069517503680514
1230069747905126403
1230072633057779712
1230073007265210368
1230091027656200192
1230091506146512897
1230095802758057984
1230099713157980161
1230112176934879232
1230112293096247296
1230115945517060098
1230119061499138058
1230122478715965441
1230130288078008322
1230138719547490307
1230158032816017410
1230158232037011456
1230160450526105600
1230160499947589633
1230166975374090240
1230185292780507137
1230191476820398080
1230194054203396097
1230204150526418945
1230212018726219777
1230214329645109250
1230220462820642818
1230220527719063552
1230228058822582278
1230232266284183553
1230236725554941952
1230240265807507457
1230241873597472769
1230246733365628928
1229921038747590656
1229931101247827968
1229948719241388033
1229950379045146625
1229952218977226754
1229956291600187392
1229963818484129792
1230027989842305024
1230035873837830150
1230044171450355715
1230048805896228864
1230050404920107008
1230052957170937856
1230058387695640576
1230060020525666304
1230062467176423425
1230064820331913216
1230064901231710213
1230067020512800769
1230070096711778306
1230070148087844869
1230070332192690177
1230076374238388224
1230080358466686976
1230081826468900865
1230083082788724738
1230093861730603008
1230096958683066369
1230098952156073986
1230101091993427968
1230107438550061059
1230109976858853376
1230110282128687104
1230110834443083776
1230111168712318980
1230113297141293056
1230118627254337536
1230119854151258112
1230126349874057216
1230158051799371781
1230158204392427521
1230158235597967360
1230158628004515840
1230159296954077184
1230160116097273856
1230162291158585344
1230162675444916224
1230163134465396737
1230190765332144128
1230204257804148757
1230213473507971072
1230218015947546625
1230226492707221507
1230227722900844553
1230237479942402048
1230238173579685889
1230253900973903873
1230265911803809795
1230267596055945217
1230269581584789504
1229954940807925761
1229971614772670464
1229974752737005568
1229986569966190593
1229988715759575041
1229994458525130753
1230004082242289664
1230019443369140224
1230025083109945344
1230028371851169793
1230030506307178496
1230031531541958656
1230040535999696896
1230043996493418496
1230044896469422081
1230046055573737472
1230048118344949760
1230055544788078592
1230056175380467712
1230064318424678400
1230066381107978241
1230067849835765760
1230078200589537281
1230084984645541888
1230085871505821696
1230087151431430144
1230088682625028096
1230090269732876291
1230091681351045120
1230093421139808258
1230094036951797760
1230095005177589760
1230096120350724096
1230099714231742471
1230100951983435777
1230102772416229376
1230102933192216578
1230104614944563200
1230106237716615168
1230107262200557568
1230118329504948232
1230119474650636290
1230126355494457345
1230134072900452355
1230137134977253377
1230143694394793990
1230144116597698562
1230149924001656833
1230152570636832771
1230152800799248385
1230156746628501504
1230157245649997824
1230159499987767296
1230160111106187264
1230162989585698818
1230169165673177090
1230170623210663936
1230175212722774016
1230182951222034432
1230187585294782470
1230189740995022848
1230190094176464897
1230194620736380929
1230197348183179271
1230202374913957888
1230209887864598528
1230217991742091265
1230220295304368128
1230227348806565889
1230229084556419073
1230236144014692352
1230237604228091909
1230253359774474240
1230256640806604805
1230257130390851584
1230261433029533701
1230264081623519232
1230267191343403011
1230267466028396544
1229918690533150720
1229921294700949505
1229929514299543553
1229966526129766402
1229968980640747522
1229988558192234496
1229989044551069703
1230003994455662594
1230010051546558464
1230018624297078785
1230019872949776384
1230022542401863680
1230029699310653441
1230031711204970498
1230032008274939904
1230034850578599936
1230049158100389888
1230052932286132224
1230053910020345856
1230054417195577345
1230057715717812224
1230068248407891968
1230070598711336960
1230075711806898177
1230077063639465990
1230080982545584129
1230083742498160640
1230084613978173440
1230087513122971648
1230090954914357248
1230095077067890688
1230096696119525376
1230097255811747840
1230098737793523712
1230105842596360192
1230105892441460747
1230106341601161216
1230109029625667585
1230109217304064001
1230110988973879299
1230111299356499974
1230113667980681216
1230114423349575683
1230117265288368128
1230120622140854273
1230123553372221441
1230133866792411144
1230134385367666688
1230134444125757441
1230143569505202176
1230145221733818369
1230156190195363842
1230157619102470144
1230158200474886151
1230171674894573571
1230172400798572544
1230176350646022144
1230176699461111808
1230177371522830336
1230178086811062273
1230179614997217281
1230183742058057728
1230184163623481345
1230191178492137479
1230203028432728066
1230205010836934658
1230205224691912704
1230210442099736577
1230222131537031169
1230227303067717632
1230230607885688838
1230230761623691267
1230237574326677504
1230239260365803523
1230244684221603841
1230248447049109507
1230255614552629251
1230268528818819072
1230270381648490496
1229919790518689794
1229921500762976256
1229940306889580550
1229959773258440706
1229992675488813056
1229993512495484928
1229994821953171456
1230011794481172480
1230016258797600768
1230017192458178562
1230023749279371272
1230025096217145344
1230026246127529984
