1282378053386149889
1282331456434507782
1282270219474472961
1282238274287931394
1282311887758209024
1282316383917924355
1282253564639948807
1282343101265326087
1282312285688606722
1282362322024046593
1282424493751906306
1282306561709346816
1282333390251986946
1282439961267118080
1282435381355520001
1282201656298536961
1282298338461790209
1282313690948096003
1282308730915221504
1282335417002532864
1282370336302993408
1282358181872771072
1282409558426759168
1282330380855578624
1282377936826499074
1282317170232393729
1282301922180030464
1282357065684602880
1282270022635859968
1282385487030890497
1282419463162228736
1282415211903885314
1282238317598314496
1282343963161231360
1282299267596587008
1282449156091473920
1282339519552008194
1282450431801794560
1282234705367244800
1282328870780313601
1282410438454583301
1282343574743535618
1282430115188813824
1282232903418740737
1282302670351601664
1282306296436469761
1282265314542194688
1282271106699862017
1282105925789261825
1282339658144382976
1282312178092199936
1282334150855479297
1282424321252753412
1282301051966824448
1282347737841901569
1282347175415095297
1282334208711688192
1282333392877555714
1282349303697203203
1282335966087217152
1282324424319012864
1282189372859674624
1282317002993020929
1282346615131512835
1282369209528442880
1282429526811738123
1282391695016054784
1282396267470094336
1282447981384536064
1282301354321616897
1282356590557958146
1282234665047330816
1282332264899248128
1282424651243814914
1282431513716494336
1282373926765694976
1282409130091839489
1282335156389412865
1282421751356547075
1282423632262828032
1282434621020483584
1282402048047276037
1282233676626046976
1282335492902735872
1282339051065024512
1282296832450846721
1282441368359641089
1282170319369723904
1282357087360737283
1282310376533745664
1282330953805856770
1282376611912876033
1282405397391986694
1282437660536115200
1282318409947066368
1282408135886426112
1282375470416363521
1282407022068150274
1282320494876860418
1282360521853992960
1282405294597910530
1282395531235532801
1282266855944663040
1282352201462145024
1282234631069339648
1282309762890203136
1282351323900448769
1282409285335560192
1282302153919475713
1282375105276973057
1282332205084221441
1282359821338128384
1282427011449921537
1282439075081986051
1282307803269521408
1282342903516454918
1282352801448898561
1282339189762281472
1282394148839084039
1282215357864968192
1282241258770112514
1282290856872030208
1282311152047980544
1282363499776278530
1282363961715949568
1282425086016991242
1282443906215546880
1282332625894612993
1282342595872555008
1282404953986863104
1282315047272960001
1282362257247264769
1282314083765751813
1282333399848550401
1282346165665779712
1282409349638434816
1282198884194942977
1282259427782004741
1282322823709462529
1282351912738791424
1282376731920408577
1282220222758313985
1282238658528055296
1282335120364634115
1282337630651404288
1282448276994887682
1282452275001200642
1282355591202078720
1282396400047849472
1282418841302306817
1282307114099183617
1282311124260724736
1282311692387520512
1282402747804012545
1282306639639576577
1282349247942275074
1282405316764864512
1282268090928115712
1282323686624759808
1282333896722362371
1282405613872582656
1282441077694369793
1282193796118319105
1282345317845917696
1282437225570066432
1282339064751038464
1282343909826482181
1282351581363658758
1282421735913070593
1282239406393503744
1282246964621574155
1282301844690210817
1282315658311675906
1282320218849763329
1282336852536627203
1282359067290165248
1282421216343719938
1282423412393218050
1282366612083892224
1282263441512771584
1282274030465187841
1282344736209227776
1282351134582202368
1282351512790786048
1282392024629551104
1282206172746055680
1282328167617908737
1282339671415103488
1282366603523481603
1282374161906536448
1282299262861279237
1282311002671980544
1282311987314204673
1282336566774566912
1282426127294902272
1282304701237792774
1282306465928302593
1282420763409227776
1282441078952660992
1282360515063435265
1282366968344072195
1282406943655632899
1282436841115996160
1282238390247792640
1282396811118821376
1282438961496043523
1282324860459520001
1282332101627580422
1282333404793536513
1282377707360329728
1282230968896630784
1282312897251676160
1282322001969983488
1282329214319054857
1282333919480864772
1282339404556783619
1282353908703285248
1282423235368361984
1282439604340236288
1282281339706920965
1282300830629146624
1282333896961437697
1282348821448663041
1282381711641210880
1282385784440586243
1282393036287246336
1282426166595526660
1282245945607041026
1282328861016031241
1282333830205120514
1282337395535486976
1282341909273489413
1282372576388554753
1282406110952120325
1282312438059274243
1282353044513009665
1282359003541118977
1282378620242219008
1282392215076077569
1282424465561919493
1282433359445217280
1282441482536914944
1282300426382012416
1282357738065088514
1282302172751953920
1282309989391048707
1282323274106576898
1282404684129591296
1282413923900293120
1282425010804662272
1282428973356666883
1282444626310434816
1282273516428173315
1282302328113176576
1282307186140549122
1282336935990763521
1282337273569316866
1282348611444125697
1282425605712236544
1282427412945473536
1282442110281502720
1282442864958615552
1282447239634354178
1282309235246850048
1282331380215668738
1282339788679450624
1282344576213299201
1282384228236136449
1282406892686528513
1282418017318641670
1282424083909677058
1282236157904982017
1282259143538216960
1282291937643569152
1282321925528866816
1282324164532228096
1282327665643487234
1282345313894895623
1282345541490348032
1282361578982002696
1282363000226291714
1282409051448659969
1282416780602937345
1282426089533562880
1282434725580353537
1282243933930696704
1282315105384968192
1282342767243468801
1282430042547642370
1282447129689165826
1282234677936431104
1282268518222901249
1282313269307465728
1282361328552771590
1282371833430519808
1282399955446124549
1282408787656179713
1282428651187974144
1282244519380082690
1282306607985184771
1282346828558729223
1282374314260443136
1282390711632109570
1282402491464851457
1282409126442799107
1282424807628382209
1282126093814763520
1282243323911114752
1282286214087938051
1282306695583211520
1282310769820995585
1282311313960718337
1282327765287567367
1282342823816318987
1282348628439437317
1282351046040453120
1282374454895616001
1282403857897750530
1282305622676054018
1282308172309499906
1282318731272691712
1282336530414161920
1282386586689298432
1282414529016717328
1282429020337049600
1282432049798938626
1282434593128419329
1282439291629707274
1282235977117962240
1282299554621272066
1282300950888284163
1282315080466563072
1282356062637760518
1282396811127209984
1282431516895776770
1282234981205647362
1282239388773232640
1282258411770523648
1282265317566296064
1282300043236696066
1282308112817373185
1282318272755531783
1282323965525012482
1282326150669377537
1282328943794835460
1282351512732098560
1282417493244612617
1282299801124704261
1282306617476812800
1282310189450956802
1282334037135286272
1282357368823611393
1282363151871336450
1282365354019303427
1282367997009629185
1282375493040381959
1282405686358552578
1282416729507987458
1282437357518704640
1282442987117715458
1282107862513262592
1282311336165347328
1282320995479674880
1282321314032672768
1282326155161415681
1282329385077551104
1282338163839635456
1282371529649672197
1282435944063348736
1282442806120906757
1282177220082110465
1282235248823218177
1282274431130390528
1282288533336621056
1282300528559566848
1282320333874376706
1282333675070328833
1282336414177177601
1282387824319311872
1282389198906052608
1282425520035106821
1282444636863238144
1282312679009525763
1282320800264192001
1282359063389646849
1282365025441767424
1282445806763683840
1282317060282908673
1282322084295737344
1282333413710663691
1282359628974743553
1282423354310512644
1282427922704474112
1282442626894110720
1282451375159480328
1282239795335434241
1282289763207307264
1282309405514641410
1282312145707950080
1282343315841654786
1282346479550640129
1282372552720101377
1282406330704306177
1282428472187654145
1282434661495574531
1282202650935808003
1282310503260467208
1282320913355153408
1282325895970271233
1282338982865534977
1282358904622657536
1282388224741179394
1282418593196576770
1282106512744349701
1282165755182751745
1282299291286016000
1282313086037381121
1282320183902834688
1282322851098501120
1282323949846700032
1282343265216364547
1282359490743095296
1282372828113797122
1282375797039411201
1282389265809203201
1282397453342461952
1282397884273565696
1282404075418640387
1282425537135247362
1282427058870779904
1282448278462902273
1282448569505644544
1282268076004835329
1282287243017834499
1282291539885121536
1282298074497515522
1282303600874655746
1282311052407996417
1282311787841454081
1282315602523234305
1282317963794821120
1282320371920842754
1282346883587940352
1282350234820063232
1282369128817295366
1282370785093574656
1282389855310417923
1282393407470678018
1282394673143861249
1282408741183291392
1282411911070412802
1282418064466862080
1282428617352413186
1282433022277619715
1282438424679583745
1282298514714906624
1282302993715605504
1282306283819995137
1282309989042925575
1282311688184791040
1282314503909183488
1282328729210028033
1282351724834041858
1282371749275983872
1282379365322354688
1282379470230478850
1282382459825520644
1282388216184803328
1282390593709146112
1282402156969164805
1282409797405605888
1282430303756267520
1282430794028535810
1282447721014726656
1282289604780077057
1282298665340678144
1282313766613299203
1282323417585377280
1282329238352396288
1282339289481838598
1282353418905038848
1282353764985458689
1282374225345617920
1282379837412442112
1282381311840333825
1282406970557947909
1282409155626774529
1282420976198836231
1282424113622024197
1282441909525504002
1282227111273603074
1282242772502814720
1282261658426122241
1282309642123718656
1282315583174975488
1282316870373142528
1282336413191733249
1282339320834207745
1282370778458140673
1282381773008248838
1282383145107689472
1282390436129234944
1282423738626002944
1282424996946538496
1282429074691035136
1282434046233120768
1282194114247905280
1282265320619728896
1282265336096731136
1282312079643496454
1282315169285246978
1282329087084826625
1282330794720206852
1282333255333806087
1282333402432184320
1282340002022785024
1282351485502853120
1282351924063416321
1282358609599442946
1282359063897092102
1282359066677977088
1282361788286328834
1282379195146878976
1282381327338213377
1282405539532681217
1282420451520794631
1282440579956248579
1282211183827836928
1282219647010570240
1282247787984424960
1282276015843221508
1282299315986341893
1282300969431203843
1282302330935877635
1282315478791331841
1282317241523081217
1282322118911418368
1282324665285914624
1282324932299456519
1282343800262873088
1282347142670147584
1282377391525040128
1282387646715695106
1282405178029879296
1282413289239195650
1282435377597423619
1282436231029284864
1282443819489918977
1282444274362191872
1282450953317351424
1282102370957049857
1282141156378378241
1282148173230641153
1282234898695290881
1282239674791190528
1282248501552918528
1282265330912559106
1282302722054774785
1282309989080502272
1282311126546554883
1282321878372188164
1282322946049159171
1282328865591959559
1282331792633192449
1282336304064278531
1282340188065107974
1282346498311827456
1282350731358539787
1282353295617593344
1282357390072053761
1282363840915804161
1282366638730379266
1282379812414390274
1282381926544875520
1282382802810540033
1282389264102125568
1282390966549327872
1282391778218455041
1282402517482078208
1282417082974568448
1282425765322280960
1282428143018455040
1282436440614412295
1282439604986171393
1282439618735026176
1282238392143613952
1282238508695015425
1282265325040476160
1282271263105470466
1282302575497420801
1282302729554210828
1282303630759141379
1282310088594731008
1282311346084880384
1282315091573198848
1282326746184986625
1282332526934208512
1282335140556025857
1282348064712187904
1282348733938704385
1282348996246167553
1282354924026724352
1282355812334280708
1282358031142051840
1282367990625906689
1282370741741260811
1282379195218374659
1282384200738447365
1282396005741334535
1282396812041650176
1282397358874071049
1282411897560510465
1282416231178547203
1282425872226619398
1282439672581554178
1282440891114950656
1282441395958095873
1282444799455502336
1282444806879424514
1282170335190753280
1282253360196988929
1282274166582935552
1282288867564032000
1282299298160545792
1282300237772513281
1282300896102285314
1282315386243944457
1282316549563482113
1282317445479440389
1282317500613566466
1282330304401858560
1282333692346630144
1282335096922615808
1282336465079476232
1282345216909942784
1282350448473772036
1282356460895313924
1282359067101388805
1282366087301128193
1282379005816168448
1282404599253565440
1282409537794764800
1282418876593176577
1282424255385415682
1282425941256527873
1282426895762460673
1282430784947642368
1282433993728811008
1282451119613116418
1282183530601119744
1282229286741725184
1282250337370484737
1282255807283957761
1282264378155376642
1282266903625510912
1282299803972431874
1282310444468887553
1282316280679108608
1282316848151879682
1282322255331028994
1282323830426353664
1282325013786394628
1282326359927398401
1282329149936410625
1282330842501652482
1282343967653195777
1282344167906127872
1282350531571257345
1282353052167667715
1282363428062011393
1282388369696272397
1282389327650193411
1282389653551751168
1282406791360413696
1282418060784291842
1282424392992149510
1282426839961677824
1282427642852134913
1282430070397837312
1282434547137810433
1282435681546047488
1282444747903307783
1282445387622518786
1282446015593938944
1282446343932387328
1282447759824519169
1282450857305542656
1282451608115261442
1282454777016848387
1282162769983180801
1282198919519313921
1282234018000506880
1282234787349004290
1282245708666601474
1282283601720225793
1282287976521883653
1282299443291791361
1282300277270470665
1282300434078736384
1282302189868920833
1282306215134007299
1282312202725330945
1282312877718810629
1282314931044519936
1282314943090626560
1282315022555729921
1282317311567855616
1282321565586092032
1282326969800105990
1282335424128614401
1282343964885037056
1282362648059838464
1282372748333977601
1282387248122658818
1282399344994455552
1282406785433964551
1282408135886376961
1282409774257188864
1282411556249231361
1282427044723294208
1282427253809451009
1282432632559677450
1282436945885487106
1282440147020242946
1282440604916613130
1282450789013819393
1282111389218332673
1282156078093012993
1282240794833891328
1282243557827514373
1282257577196359681
1282275817456832518
1282299348303454208
1282303697691779073
1282305556934471682
1282312380815421440
1282332638519242755
1282343171159199744
1282344324668293120
1282350515234504710
1282354535319719939
1282359522703691776
1282379195067387909
1282389155557847040
1282392694384472064
1282428189428637699
1282429526677401601
1282430721303416834
1282435176845447169
1282444626293473282
1282445884610027521
1282446892337696768
1282190068749414401
1282205645182304256
1282240500595130368
1282243916935421952
1282246419345219585
1282259618731708417
1282260336851091457
1282286977761632257
1282290713644982273
1282292837376303105
1282306723127189504
1282310187735490560
1282310245000318976
1282313763773837313
1282314229425602560
1282314604098596864
1282319601670316033
1282321779697033216
1282323781013458944
1282325402594299905
1282325701325193216
1282326346924912640
1282327105871794176
1282334590183657473
1282341816415719424
1282345128141697031
1282347195161812992
1282349527383638018
1282351512732172289
1282351554687840257
1282352643864776712
1282355287647805441
1282357270207176710
1282359366730100739
1282361774331899904
1282374162825146370
1282374164729430019
1282386755187089408
1282394309359210496
1282394814823182336
1282399287364788231
1282403729724125191
1282428906738311168
1282429037189771268
1282430785044320256
1282437208809648128
1282446038335393799
1282117470439039006
1282154202618195968
1282185698053967872
1282186899210170368
1282191803828109314
1282200843991814145
1282220562283220992
1282232871785308161
1282239828806049798
1282243692800225281
1282253406556626951
1282258007787819009
1282273553023406080
1282301990010327040
1282304398748721152
1282308691279196160
1282309989197950982
1282316687057072129
1282316887989325825
1282319093924868107
1282322018982035463
1282324522046296066
1282328867701587969
1282328874819432448
1282330702084804609
1282336194060328965
1282344647843602433
1282349505782874114
1282353003106893825
1282359320554987521
1282362614157369350
1282366793730985985
1282370635621191680
1282372262839177216
1282373588025253888
1282373998853132288
1282376586919059456
1282377936864268297
1282388690657058816
1282392767956758530
1282394145831759873
1282400769128439808
1282404364368465920
1282405986884608001
1282407692959715331
1282411911397572608
1282412210489307137
1282413169328234498
1282413520689205249
1282417082815086593
1282419387467796481
1282420095172653057
1282421063184519168
1282421145971707905
1282424147251953665
1282426987664093187
1282429494276558854
1282429674099023873
1282432642638635014
1282433128787841029
1282434513440854020
1282437826538287105
1282446665350369284
1282447947901341696
1282448613906448385
1282450107154268161
1282147964539084807
1282166150940565505
1282184159998423041
1282210475628003328
1282229378928214017
1282232707498426368
1282234980069003264
1282237316904488960
1282263685923209218
1282272474269470720
1282282949283663872
1282290580782022656
1282291357642567681
1282293534972882944
1282302028144836610
1282303575549456384
1282308190923886593
1282311750235426816
1282312149910654977
1282313467035365381
1282314275789385734
1282315508256301057
1282317032831225856
1282317817438666753
1282318645989986304
1282320883688837120
1282323038575325184
1282323830317473794
1282325088633794565
1282328867370196993
1282330129881092098
1282331152695595015
1282332638682984450
1282334121730150401
1282335279433633792
1282336213412786176
1282344664348200961
1282345589129261056
1282348179053322241
1282353022715166720
1282359164770168837
1282360409455026178
1282362382698909697
1282374177752666114
1282374418455502848
1282374827215671300
1282383198102618112
1282393855619473409
1282402008951975937
1282403212671188992
1282403415860150273
1282404946239987717
1282405035587100672
1282407144416043009
1282416943979302912
1282419970329260033
1282420789552263172
1282424493705768961
1282425556848582656
1282426948577366016
1282427178358050820
1282427928102473728
1282429411468419073
1282431722068508672
1282435746360700933
1282435996081102854
1282437456504258567
1282439923220480001
1282440529968496645
1282441778130554883
1282443745955323906
1282446179939295232
1282446284637581313
1282449661274361859
1282452211931525120
1282118887987912704
1282127536927805440
1282258325133053952
1282271035275042817
1282278056506175488
1282296969784897541
1282302942767468544
1282303302999388161
1282308966048038912
1282310277296463874
1282310294811873282
1282310518057951233
1282315801601740800
1282316317924753409
1282321314783657986
1282321594128502785
1282322338764206081
1282325407694499840
1282327605312737285
1282327652683198465
1282328817030385664
1282328865461817344
1282334305142833154
1282334856400297985
1282335028727500809
1282337561252376576
1282342704639352833
1282347738018045953
1282350129689890817
1282354935993180170
1282355129275031558
1282355513557229578
1282355748736061440
1282362114464722946
1282368098864189441
1282380453404536832
1282382759625928704
1282382995329032195
1282385827075686403
1282389261782847488
1282393865522118656
1282396496789372930
1282401937938436097
1282411665699606531
1282414518459600898
1282420807222820864
1282423319996833794
1282423519327014914
1282423872214781953
1282424174548574210
1282424317675003904
1282424722047803393
1282424843447795713
1282425015498047492
1282426443524460544
1282426606359896070
1282427368699822080
1282430177453244417
1282431210887798794
1282431490345885696
