1225126128068825093
1225173295789682689
1225158668003545088
1225136652475097089
1224948736461287424
1225115285700726785
1225116911199039488
1225154482121641985
1224917947505872897
1225177509060390912
1225125211605020672
1225127862514135045
1225127394962497536
1225026983588962304
1225182919561502723
1225124413659586561
1225171944330448897
1225163604158222337
1225157197887426560
1225162733378662401
1225198038941126656
1225071014305886210
1225114516771475456
1225184727625281543
1224941681130250240
1225135768806531072
1225128017397276673
1225103549606047744
1225171445564743680
1225195899850252289
1224956153127292928
1225102922889023488
1225132809607634947
1225057608123457538
1225115087867789313
1225177280244322304
1225160396392275969
1225135753656721409
1225179709199331328
1225030091446669313
1225184827223109632
1225008217148862464
1225115112832491520
1225184734080389121
1225110294558625794
1225129357578055681
1225189079391916032
1225117827528609795
1225121690713280512
1225180575230840833
1225136162127384576
1225182411455188992
1225105880917708801
1225123562761203712
1225153583034912773
1225187633783103489
1224954565893640193
1225128927988981760
1225110900354551810
1225134889948852224
1225177875697098753
1225128218589569025
1225152769079894017
1224945260020883456
1225164945731526657
1224956121284259840
1225192987765956608
1225129446941908998
1225110026303524870
1225130750468673539
1225172244122521601
1225127674076712961
1225137029924691969
1225164437822300160
1225095993462525965
1225107568214925312
1225104661977489409
1225155761531170819
1225019356821803008
1225125192936062976
1224993566771965952
1225124428872159233
1225180376949313537
1225201667248926720
1225204959706275840
1225180093435273216
1225128934989357059
1225187931343802371
1225034679646072832
1225146568522850305
1225127937164369921
1225103635010543617
1225155350048972800
1225185420838948865
1225028681179062273
1225109803648847872
1225142645791522816
1225174061552193537
1225109329361035264
1225031587059945473
1225154628238630918
1224980986544279552
1225134060336549897
1225008668829241344
1225056486109384709
1225117131118788609
1225147082215788544
1225026282389295106
1225104296342999040
1225105644363055105
1225192649793187845
1225156766729691136
1225186512976908297
1225057739937865728
1225129478705360897
1225038461884911617
1225131186542071814
1225182881871466496
1225185060967665664
1225205218301947906
1224939536976896000
1225116882270900225
1225176935388655618
1225205338372214784
1225113597866586114
1225184646750666752
1225107481514463233
1225118106907021312
1225187912725041152
1224933911614119943
1225120739361247232
1225180569086177281
1225185042755878917
1225137959202148352
1225141015171956737
1225157144762339332
1225020000840404993
1225134855958093824
1225111845960241153
1225132561032261633
1225144561648824320
1225179720700047360
1224954979364081672
1225008798701686785
1225115550461964293
1224963928159137792
1225109329583341568
1225112301843382272
1225117658275860482
1225133365394845697
1225171934167650314
1225192406003392513
1225018409240399872
1225129172479070208
1225194910057406470
1225197783436668930
1225017181810937856
1225158403120488448
1225135263984365568
1225145421435154432
1225156512919756800
1224963367544053760
1225113446603206656
1225118137714003969
1225121940479889410
1225144726631911425
1225163504937766912
1225170950775361536
1225105644212178953
1225146446007193603
1224845787202347009
1224944510708453376
1225162930854989824
1225183828915953666
1225038865167212544
1225116099232051210
1225136111846076416
1225141541708214272
1224983136095866880
1225126026759548928
1225130939568852992
1225184777675984896
1224983500572569600
1225029873984516096
1225106723331022850
1225123099789725696
1225147426639695876
1225164694433955840
1225166779393114116
1225196364654665730
1225143572900524034
1225178515252895744
1225100978774577152
1225160922936872960
1225185929104674816
1225015275722092547
1225079443980529666
1225118313111523329
1225120738463666176
1225148593394331650
1225177123301810180
1224967342905491456
1225102802508222464
1225116990848872448
1225123292874518528
1225129155521585153
1225186410682101762
1225041936127528962
1225113091752497153
1225123843641171969
1225126971182592007
1225146628295856129
1225149988470239234
1225186530295271425
1225008909368381441
1225122170176708610
1225139528467451910
1225145580810383362
1225154750494040064
1225181078811488257
1225106697468903424
1225114660158001153
1225123742508077057
1225126311745806337
1225140853968179204
1225159760615526401
1225178384336138249
1224875287801999365
1225036387386302464
1225048931366789120
1225117797119877123
1225126625664069632
1225126945492389891
1225128880194891779
1225131979575910400
1225166947362529280
1225194926301962241
1225114856086540289
1225128764000100353
1225141794503118848
1225164104505028608
1225183060620083206
1225195076495781894
1224920663451815937
1224978499225735170
1225112588905861123
1225116295047368704
1225119406445027330
1225126620668866560
1225127280554455040
1225136314246422529
1225140602729390087
1225150263465521152
1225161213316947970
1225182219028901888
1225007458990592000
1225008146227376129
1225070714941661185
1225095015866736640
1225105646422499330
1225126659864649728
1225141333444218883
1225172280021520384
1225193342373441537
1225207323863314432
1224966095855136768
1225049995897864197
1225060934760239104
1225118038531493890
1225131267114655745
1225139311001178113
1225139874837286914
1225153339639377920
1225157894741643264
1225168806366130178
1225182336255393793
1225191215492104194
1225192585670598661
1224886633645989888
1224926243390357504
1224944570674417665
1224947018621169664
1225003315253125120
1225044623103578112
1225052441881628673
1225113007543537670
1225115486951804929
1225131875481636866
1225148355656978433
1225165746168303616
1224889906192760832
1224961269687558144
1224961527960215552
1225011184820195328
1225026289473507329
1225043898449317888
1225115134999162880
1225148158415638528
1225192210515124224
1224905155499479040
1224967337968852992
1224993936042795008
1225010939130515456
1225104800074862594
1225106223797821440
1225109330300674049
1225109780248846336
1225128271903436806
1225140786724917248
1225143752764936193
1225149594834698240
1225150853574623232
1225155428859949058
1225160692317200386
1225162631457255426
1225182301920907264
1225193755805962240
1225197883382730757
1224954559673569280
1224999991246303233
1225005445766635520
1225112935179128832
1225115456845025287
1225158003290185730
1225169727305256960
1225182669845204992
1225203022923550720
1224891027066146822
1224939074315849729
1224939460284030977
1224988533749944321
1225065311461953536
1225084181950205954
1225087098283347968
1225094400524668929
1225106548843859968
1225111161605173248
1225147079296598016
1225157249301172224
1225157755830444040
1225163687658500096
1225203152925941760
1224861489326186496
1224925714480279553
1224994083543842816
1225002005963452417
1225067672683143169
1225126521775566848
1225132237856870400
1225141880796733440
1225173486051741697
1225174699568783366
1225185721826152448
1225194774258421760
1224942992714346496
1224943069088436224
1224976064763645952
1224977250187120641
1225029560053399553
1225064728390721536
1225104802029490182
1225109652763004930
1225116879783518209
1225118554099503105
1225118772425560064
1225121322495287297
1225128798758240256
1225164567187206144
1225184605298483200
1225187568549056513
1225192378165678080
1224928135604555776
1224947009695567872
1224981849224753154
1225022074630086656
1225032330110210049
1225043909237182464
1225047418707828736
1225094247247945730
1225094826703630337
1225107749551464448
1225109330497662976
1225117864199442433
1225120964494667784
1225122641607983104
1225137390106312704
1225138819575377920
1225145279038529537
1225173728050499584
1225179193417310216
1225187698186518528
1225199637834928134
1225205012508311553
1224953746335109120
1224959891351179265
1224961510671310848
1224987371432706048
1225030057078312960
1225041395800518658
1225105083718885376
1225105598594928640
1225106288914333700
1225107379848695809
1225116443504791553
1225117751561412609
1225118485241630726
1225127640610242560
1225129353119326208
1225133240966664192
1225134530522050560
1225136300996681729
1225138187401515010
1225142772283342848
1225164694325026821
1225169033626038273
1225171462992093190
1225176727443464199
1225184224141041665
1225189991673925633
1225192844996071426
1225193994147237893
1224943625756344327
1225011185986068481
1225052520822779905
1225071157151485953
1225093206502793223
1225106308380217345
1225116746765557760
1225117809895755777
1225121102093062144
1225128203804536834
1225133678176718850
1225138594148495360
1225138826542288897
1225139246870224896
1225142671821496326
1225151403972354050
1225152421355294720
1225171949577523201
1225193266888335360
1225201730620710913
1225202221001986049
1224957775417094145
1225015446304428033
1225028380115992576
1225032828007657472
1225099517730738176
1225103744267956225
1225109983047639040
1225113566736474114
1225127133606858752
1225129885187878916
1225133301993758720
1225137181049675777
1225138352149737472
1225138402879778819
1225139528991510528
1225139582158532609
1225141452415610881
1225142369047207938
1225147238734876673
1225152959199219712
1225155910449807360
1225158021090811905
1225160357322403840
1225162746213404672
1225166312378372098
1225166929956085761
1225175806495817729
1225195607263870977
1225197887824580609
1224860295085977600
1224867390221103105
1224869039870300161
1224944493159280641
1224951884185849857
1224956449220067329
1224972383703924736
1225102509724721153
1225103300275642369
1225104115623235586
1225104804604710912
1225105033286639618
1225117203940413442
1225119850634317824
1225121579576778752
1225122568027475968
1225122938258644992
1225131982918766598
1225135009570279424
1225137354379354119
1225148635823968256
1225151349475741697
1225154286155333635
1225156998850850817
1225161001240354818
1225163337857671171
1225163857053790212
1225175230232121345
1225175619031437329
1225182331876663297
1225183597562355712
1225199534168518657
1224852638744772608
1224857668340330496
1224890387665489922
1224951501052895233
1224973821280706561
1224980382484979715
1224983517450375170
1224985641638866945
1225009699675934720
1225017116920811520
1225037784441933826
1225043707780632576
1225078945856598016
1225084171774619648
1225090874155114496
1225099822924955654
1225102539974160388
1225102795658805248
1225103494350360577
1225105173741297665
1225105923334725634
1225114927934922754
1225115558548512769
1225117767340371968
1225120905732546560
1225121863656988675
1225122837196877824
1225126406360911873
1225127858462478337
1225131751586062343
1225139361362202630
1225140781180248064
1225146776044343297
1225146969615687680
1225152355139833865
1225153391397085186
1225153682523770887
1225156830550163457
1225163561187651590
1225175670021595142
1225178599533301764
1225184290251644930
1225186518744096769
1225192437863403520
1225194847599984641
1225202947845492736
1224848147672961026
1224851531461095430
1224876742587899904
1224913101255888896
1224923609111650309
1224969180300173312
1224979669562331137
1224985359769133056
1224996618925113344
1225003130502467585
1225013656469020672
1225113131556528130
1225115979811840005
1225121283941322752
1225121634274762753
1225121869474553858
1225125209134522369
1225127898463424512
1225128977997684737
1225129185976430595
1225132058277707781
1225132636500373504
1225135517274181633
1225136963562414085
1225144372133535745
1225146524054761474
1225149494700007424
1225162509310726145
1225163714162233347
1225164794979868672
1225167376913780736
1225184572448571393
1224899753428881409
1224908007286374401
1224925311004884992
1224933468704051203
1224937382480424960
1224942707489083392
1224961597547913216
1224987308811747328
1224996792242253829
1225003633504219136
1225026715476357125
1225046176589926400
1225065614311612416
1225079768514748422
1225108579528728577
1225109182984093696
1225109595586207744
1225113449606406144
1225113685980565504
1225117233694703616
1225118081384579072
1225119713790963713
1225123099248660482
1225128907076182023
1225129070104600576
1225130182341734400
1225130471597559809
1225130533472153601
1225132069082234882
1225135567077244928
1225136650533187584
1225137550676889600
1225138819583954946
1225139018750484486
1225141378042208256
1225141405108129792
1225141787028791296
1225147342682279937
1225149249551306752
1225149275702730756
1225153852657324032
1225154073206427653
1225154628985217030
1225156095515205632
1225157181496086530
1225158620725305345
1225162113938870273
1225163986720653314
1225164974621892608
1225172295779602432
1225175682055135232
1225176630584152065
1225177780695863297
1225178574891687936
1225180974025265153
1225185902701531137
1225186493016223750
1225192596135346176
1225194893204692992
1225195434395807744
1225202146246832128
1225202282641477633
1224849622054641664
1224894777067556864
1224901517456695296
1224937495105822720
1224944987932184576
1224961431789064192
1224969153452429312
1224978334968315908
1224980129727885312
1224980375564443648
1224982616761421824
1225001755538329600
1225002490803998720
1225018407881408512
1225022588440674304
1225029671462539265
1225051013062766593
1225056325975060481
1225069059328311296
1225069163628105741
1225077894474555394
1225092502694309888
1225105554781229058
1225110693910908928
1225112628437143555
1225112778916188160
1225114977180299271
1225115512763494401
1225115864225198081
1225121833143480320
1225122508266967040
1225124026743492609
1225124428792512515
1225124638486908935
1225126019323047937
1225126818149257216
1225127052392660992
1225127582577963013
1225128204165439488
1225130334028795904
1225132967653265413
1225135422193504256
1225138224089178113
1225139528404353024
1225142336549720066
1225144366152454150
1225145626339553281
1225146826606682113
1225147304128262144
1225148780741320704
1225149446901641224
1225149542997381123
1225154195247988737
1225154816315482119
1225155816749256704
1225157597126328320
1225158665637855237
1225159484131201025
1225160568300036101
1225160746742566918
1225162084884910080
1225163140150808578
1225164327839203329
1225166918967009281
1225167465304465410
1225169303072362497
1225171163497877505
1225189494661484544
1225195532043288577
1225195646220677121
1225206388596576258
1224857048619372544
1224898559893483521
1224920503359541249
1224946908352917504
1224957631166582784
1224958102182748160
1224963451333857280
1224969914622062592
1224972936987148288
1224984033664360448
1224988933139943425
1224999409307607041
1225011185323474944
1225029581830270977
1225034862190649345
1225038677467979782
1225042601780400129
1225056297726423042
1225058784374071297
1225072875549401088
1225074020711915521
1225074734200692736
1225103027612409859
1225108397567234049
1225109178231947265
1225110047669223426
1225110329492897793
1225113104520032260
1225113918613479424
1225116144404762625
1225118044462239751
1225118937614028801
1225119465496551424
1225120188074528768
1225120654036361216
1225120698739445760
1225123354274947072
1225124188287066112
1225125572537245696
1225127708226740226
1225127808755806208
1225128282166829061
1225130141883551745
1225130384846938118
1225131312824180742
1225133630596534272
1225134959138082816
1225134960681594881
1225135786779185155
1225136860470501377
1225138599861071872
1225138870666182657
1225139528924401665
1225143717834772481
1225144929481121792
1225147265498714114
1225148786445553665
1225150557847019520
1225150638138503169
1225150853750849536
1225151016779354118
1225152111261839360
1225155192422830081
1225155597890400263
1225157901754544133
1225159020425682944
1225160595583963139
1225163316483493889
1225164240585138177
1225165101965152258
1225169643125514240
1225170639142772737
1225172016090755072
1225173408889044992
1225173419815325701
1225173738666196992
1225176112067751936
1225183755687596032
1225186124521406471
1225189882055839746
1225191101520326656
1225197820162060294
1225199162305785857
1225202558668460032
1225204984335208448
1225203498544979968
1225204740864303105
1224857553957478400
1224890388814663680
1224914740000051200
1224931158837862400
1224938610698395649
1224941915428261889
1224948655834255360
1224949767832104960
1224956168734412802
1224971094966358017
1224973454522363906
1224973730327269376
1224973767643820032
1224977688475074561
1224985561087111168
1224990731565178880
1225013699288674304
1225013843505577984
1225016836024082444
1225018571245395968
1225024285783330816
1225027938489421824
1225030418262626307
1225033904387764227
1225060452130066433
1225064303209996295
1225078754910838784
1225083485083394048
1225097027610083328
1225098662872862720
1225102592579076096
1225104821214154760
1225105555074584576
1225107958704545793
1225109644009447429
1225111219981426689
1225111616762544128
1225112007868809217
1225113427380752384
1225114618177126403
1225116796488908800
1225116898343505920
1225117067994640384
1225120995868053511
1225123696228126723
1225125133922246658
1225125493386682369
1225128637726326784
1225131705973051394
1225132657878732803
1225134998300364800
1225136439513567235
1225139800078016518
1225140206334021633
1225142539889582080
1225144117258334210
1225144410926723073
1225144717454778368
1225144884388081665
1225146241958535169
1225146444912517125
1225149033443995648
1225151749834596352
1225153066258894853
1225153486976843776
1225157146758828032
1225158875055300614
1225159337984823296
1225161097730125825
1225161127899926530
1225165135263817731
1225170759607373824
1225171697067753473
1225171999254814721
1225172440738881549
1225174145081794561
1225174959758172162
1225175423841132546
1225179793748037634
1225180301929992192
1225181378356051973
1225182404073132041
1225184324196208640
1225186090316914688
1225187852872507393
1225188603002785794
1225189775101112321
1225191333687590912
1225192205717037056
1225192600757510145
1225195659277418498
1225196647510089729
1225198450289057797
1225199901312798720
1225203163365543937
1224857503709745153
1224881102474633217
1224885986150273024
1224901799112531969
1224911800883433474
1224933115635826688
1224938141909495808
1224943221224198146
1224945613269360640
1224948163603247104
1224951535542644736
1224952068118589440
1224953601635901440
1224955684044910592
1224958629096382464
1224962762276667393
1224965090757222400
1224965886907301894
1224969793675190273
1224970554538713089
1224979080124227584
1224982310350618624
1224987807602692096
1224988393400041472
1224992769338421249
1224994222736101378
1224996629461291008
1224998222785064960
1225034892259614726
1225039440743149568
1225046379262828549
1225049719568830464
1225055554252550145
1225061478216146944
1225071142223917057
1225074214035763201
1225076681494474752
1225084670691487746
1225087048438120455
1225088462749143040
1225092982552002560
1225095290362961922
1225099935982477312
1225100060809138177
1225104452329361409
1225106691924078592
1225106812946399232
1225108362377023488
1225109353830764544
1225109380347179008
1225109390367301632
1225111175559622656
1225111726238130177
1225113965560201217
1225113976004018178
1225114291591884810
1225115151558496257
1225116389171699713
1225116867678887937
1225118483622645766
1225118944098430977
1225119455430225921
1225119556085088258
1225120501410017280
1225122003046273024
1225123252219019264
1225123812137676803
1225125871826194435
1225127252838551554
1225127310921281536
1225127840498081792
1225128449762910211
1225129298098561024
1225129858138804230
1225129858155663360
1225130637302075393
1225130892198391808
1225132380438040577
1225132654011527170
1225132851168935937
1225133300395757571
1225133878781841409
1225135143628787717
1225135391788949507
1225136626680188933
1225138328330211328
1225138578902130688
1225140970775367682
1225141450180059137
1225141507830796288
1225143315479265284
1225146322719772678
1225146760521232384
1225146830742282243
1225147087677018112
1225147292740661249
1225148002576158721
1225150988090257409
1225151216147144704
1225152277947781120
1225152835404345344
1225153490554642439
1225154551617150977
1225154659796574210
