1301498898641555456
1301444281761226753
1301624420277145600
1301442564390899712
1301507028783902720
1301605531090649088
1301434781796904960
1301612500165816320
1301437233224966144
1301485246932811778
1301420217541767168
1301459980000911360
1301444283011129345
1301435768104275968
1301432959036280838
1301641104991948801
1301322309047857152
1301475108264042496
1301467802830864385
1301436377893081088
1301419484310372352
1301428388574486528
1301445767534649344
1301442502877163520
1301445253044539392
1301536955910553601
1301419796534304768
1301458641376161792
1301496828379230209
1301473468978999296
1301474481655947265
1301488132492271617
1301454057723305984
1301378296626765824
1301321529855275008
1301429773961486336
1301649172043632645
1301426291711901699
1301481739571920901
1301451288421560321
1301421785817190406
1301608995208265729
1301423807903805440
1301473872290742272
1301434610505588736
1301422397250174977
1301459331343429633
1301445820928196609
1301455258892238850
1301487347758964741
1301439128928690176
1301409872341237760
1301433470368055296
1301446403210829825
1301448001634865153
1301451822775795713
1301459661204455424
1301432762843500545
1301481004805300224
1301450455818657792
1301428464793382912
1301468804581658627
1301406324450906112
1301438582326988801
1301360014905487361
1301444823702937600
1301441364266283008
1301416370274525189
1301423439694254082
1301370802441465856
1301420362320809984
1301364121158463488
1301432368432115712
1301460117112737793
1301492015696351233
1301405061302554625
1301371842494595072
1301429876340162560
1301480415388143618
1301424690142105600
1301454414973218816
1301463440222040064
1301492506408951808
1301599543717363712
1301616155283554307
1301423293719814144
1301443040251392000
1301437386434531329
1301430909669986304
1301445587359989760
1301448465751388160
1301455632206368768
1301418498057527297
1301442737657520128
1301420453886603264
1301426934254055425
1301446669922426880
1301397683752632320
1301450395580014592
1301421955522985993
1301431412285988865
1301439362509479937
1301449610184056833
1301457393449136128
1301433926846689282
1301419785645895683
1301428457881178113
1301434500229091329
1301440735082930176
1301452220093915136
1301496375541215232
1301411384656183296
1301418515136688129
1301471499082035201
1301445629697306624
1301469801664184320
1301639725657268224
1301436070832345088
1301438591600599041
1301439120594677767
1301371842523873281
1301402041412190209
1301414791312015360
1301442551715713026
1301451366708195328
1301457405683945479
1301498789728002048
1301312702820814853
1301338021900546048
1301354327169273861
1301480789171937281
1301426805857976320
1301433761633050624
1301439439068110848
1301459735577796608
1301427911384326144
1301425642999816192
1301467641278799878
1301498577806659591
1301605726977228801
1301429998805549057
1301431297152372738
1301444145744154626
1301391975615049730
1301395749998137345
1301439491111104514
1301481230500847618
1301376088090738688
1301451816710950912
1301464833230077952
1301499061468622848
1301429131192807425
1301459472892727298
1301465127137554433
1301491792513302533
1301433646105190400
1301645662392590342
1301427932242620417
1301487265068257280
1301646150001278978
1301435654841290752
1301440514101739520
1301458100046700549
1301466722654969859
1301389144074186752
1301401275796516864
1301454989718704135
1301463665233797121
1301465776289918978
1301432301386162184
1301445921801207810
1301481608869019648
1301422698363580416
1301428004816642049
1301459036714471424
1301481715966279682
1301419424063389696
1301424700984352768
1301425609017565184
1301427660854382592
1301473599568646144
1301498895130931201
1301379175773859840
1301426135633453059
1301454911209701376
1301462102444576769
1301489281878437893
1301424564690391042
1301425306809532421
1301427177649565696
1301436589546012672
1301470001656934401
1301426418610507777
1301443055199940609
1301480362892316672
1301496339507941376
1301330821341679616
1301354241018269697
1301433873704857600
1301440008684011520
1301446930275459072
1301449166154092544
1301464219112681473
1301473517645565952
1301420247434629120
1301456605997871105
1301428280353009665
1301430511781511168
1301456795051765760
1301421084844199936
1301423254930960384
1301424444733378560
1301428407847260160
1301448731791851520
1301463570140606469
1301474744483696640
1301477311477362689
1301495670281580544
1301344663454887955
1301406942137548803
1301414624303120385
1301421544409911296
1301431651436826626
1301432404616384512
1301460117330821121
1301463362635694080
1301426584671444997
1301437051087314944
1301444850202693632
1301447121447661568
1301458259346366464
1301498770459430912
1301342778476113922
1301413216921190400
1301436423137103873
1301449739670638593
1301452349928607745
1301462058018451456
1301423432744267776
1301425457510875136
1301492646620299264
1301439329236135937
1301443963862347776
1301438003630440448
1301427373401833472
1301429479752044545
1301439807084781568
1301487640382861319
1301490203593510912
1301491470235508736
1301414804024946695
1301421852133384193
1301424690645233664
1301426393079832577
1301428112614469632
1301429119981363202
1301434490640838656
1301446138462117888
1301452362855469056
1301414625339211777
1301434345450803200
1301441619380654082
1301455578372374528
1301456850353819648
1301463642924298241
1301646887133614080
1301378545659379713
1301424701391155202
1301425710851129349
1301434685004939264
1301438922770317313
1301466537166020608
1301471919615676422
1301490736026787841
1301308969567358978
1301334617182613514
1301424722639454208
1301426668486221826
1301438136841535489
1301449706564923393
1301453772925919233
1301459954944167936
1301492308425297921
1301419680016617472
1301425194628771842
1301454625812418561
1301462624912146432
1301491635591745536
1301437845408800768
1301454463497105409
1301469738997084160
1301480548867731457
1301484293248741378
1301379056043163649
1301422076541235200
1301424324214095872
1301434041166635008
1301436024279752705
1301438118705475584
1301445117920915456
1301447928024829952
1301454889625755659
1301491837727920130
1301497488776597504
1301402140074749952
1301430442084773888
1301434681808891904
1301437733068562432
1301454778690498561
1301468390620573696
1301482572678148097
1301487811758096384
1301496807835471879
1301503085387419649
1301364735468863488
1301377703321493504
1301424543383330821
1301432307686027267
1301443509220712449
1301449956360937473
1301455983407923201
1301463988354441216
1301497932622028802
1301335854850420737
1301399527165886464
1301422380217032705
1301427660892053509
1301427754106327040
1301428158613336064
1301429302509080576
1301434276026757120
1301437532840787975
1301450094504546311
1301451885786918913
1301471082667487232
1301473223201230848
1301475100143882241
1301476081963335681
1301486510768783363
1301489221446840321
1301339168098967553
1301358521057976321
1301433083565084672
1301434340698714112
1301438711968784384
1301439543401426944
1301444601161678849
1301453764843442182
1301455228429107201
1301455437464821760
1301459209612075008
1301461354524610560
1301462618322997248
1301483807317659650
1301490148279025664
1301648096972214272
1301381919532371970
1301401768228564998
1301422174603935744
1301428185654009857
1301432991303032832
1301435837956067328
1301447169594011648
1301455561171578880
1301461891433345029
1301655233907617797
1301356194267758595
1301369911231623168
1301415090223276032
1301425739686965249
1301429936473989120
1301430046448590849
1301433145582120967
1301434199908515841
1301434883483594752
1301435041487237120
1301436635687661568
1301436673646039043
1301437274253676544
1301443398814101504
1301444801976578049
1301450893234262017
1301453100616691712
1301457238968729602
1301466100400558080
1301469989120208897
1301497675305480193
1301498740595884033
1301661752720084993
1301388639142916097
1301422454859010048
1301424071687757825
1301426268647370758
1301429933244403712
1301431946673881088
1301432401864921088
1301445097444212741
1301484936633999360
1301644899373256707
1301410706231885826
1301416298128257024
1301419657581268992
1301420842295926786
1301423395557515264
1301429249086234626
1301435987097276417
1301436297366720512
1301482487428911106
1301486781502820353
1301497673544015874
1301654137889751041
1301410246120873984
1301424779904380929
1301425714290397184
1301425755197452288
1301430640336920576
1301430678790246401
1301433514110394374
1301441651420921856
1301442342126260224
1301443287845404672
1301443714125049856
1301445838053478401
1301457212037095426
1301462439364624385
1301463800235909122
1301479899681693696
1301584251633242112
1301659460323209217
1301379143439970304
1301407202633187328
1301416235498967041
1301418399159824386
1301427742207029248
1301430630295777281
1301431904600817664
1301434461956050945
1301435674701320193
1301437782288728065
1301453641304477697
1301455658345267203
1301461818725072897
1301462320435081217
1301646913142489089
1301369041261600769
1301423292264349696
1301429200826642432
1301429364870045696
1301429923568070657
1301431721146146816
1301435024106024960
1301435742682583042
1301436025189920768
1301440306840244224
1301454638030487552
1301457270572752896
1301458479429963777
1301460166282534912
1301466560951988224
1301474696869941248
1301480938719895552
1301483339828920320
1301485519596064769
1301493792621690886
1301494544731705351
1301496925137571842
1301535800341991424
1301645640896782338
1301347934995390464
1301404293489201152
1301424217066557440
1301426219582357504
1301426517889691648
1301439514389426176
1301439790164914177
1301442306793381888
1301446973153841154
1301447339945734144
1301449266855063557
1301451366490083328
1301453899337994241
1301455090868510720
1301455141241905152
1301455505538387969
1301458034087079937
1301467598312411137
1301476382179028993
1301490122509225984
1301598091322306560
1301607102993936385
1301641781470203909
1301317864817938434
1301324370950922242
1301404570971762688
1301408074071248898
1301409738379403264
1301410395060539392
1301418983497793537
1301420979390947331
1301427084456333312
1301428309432193024
1301431459648077825
1301433157380698112
1301434490913521664
1301440488369778689
1301440696835072001
1301444869152440320
1301447519432474625
1301448645561249798
1301448656109940736
1301452280865193984
1301453181495500800
1301454388792307714
1301456171937796096
1301456779105116160
1301457406220742656
1301457738288037888
1301464193082757121
1301464198266982400
1301466193484750849
1301479434940280833
1301492606816391171
1301496006241071108
1301609751177039873
1301646292062527488
1301350607035523074
1301372809080434690
1301384427105181700
1301392068024074240
1301407090343280640
1301408332905877506
1301422142307930112
1301428127340670981
1301428454420865024
1301428517457072129
1301428555142881281
1301431418254512128
1301433269309681665
1301433512206180352
1301434505299779584
1301434757079683074
1301435260375162880
1301438253963317248
1301440632200851456
1301441054000979969
1301443201371340800
1301450342584942593
1301452072622137345
1301453631531614209
1301455667967004672
1301462568851116034
1301471813394890752
1301477408772685824
1301479401801093121
1301504519579332616
1301637188774436864
1301645125186093061
1301339127229673473
1301390167635308545
1301419627600400384
1301421073435635712
1301423393439440896
1301425652692910080
1301425855542038529
1301428292512296961
1301430216947097600
1301431470658125825
1301434706987290624
1301440042171330562
1301440298594246656
1301443787038830592
1301447335931715584
1301451922210254848
1301453641245696000
1301460078055378944
1301465321191206912
1301478918722072577
1301481777580695553
1301482572401324039
1301485766066003969
1301497090841993217
1301497107640090626
1301351450568798209
1301388073465458689
1301393736673435650
1301398360759336962
1301404623006306306
1301406223145852929
1301418994856058881
1301420811744665600
1301421167429943297
1301421438990192645
1301421995419107328
1301424441910603777
1301426258404954113
1301429725538127873
1301430742228955136
1301431269352525824
1301431306044215297
1301432660577914881
1301433498780139520
1301434505698435072
1301436763886546944
1301437579871559680
1301439055742332929
1301439517925269504
1301439538435444742
1301441320247066624
1301442133367369728
1301442771316813825
1301448036409921537
1301450958044573701
1301453382566268928
1301453769692057600
1301455359568211969
1301455635486248960
1301462988587753473
1301471699473502210
1301472381924454400
1301482710112841729
1301489646078230530
1301580876925620224
1301652965439295488
1301660622791290886
1301661414575288320
1301352968231374848
1301369303351136256
1301382412086149120
1301384476996644864
1301412107678896128
1301412107708227585
1301418147526914048
1301418399226970112
1301420618534072321
1301421862157783045
1301422310822469633
1301422952437755904
1301424190906667011
1301424520130170881
1301425781550313473
1301429801564151808
1301430201864388608
1301431707405619200
1301432489576214530
1301432880145534977
1301432926513573888
1301433473425694720
1301434423330701312
1301436748204052480
1301440571341516801
1301444452637122560
1301446191914323968
1301447576705798150
1301449981149278208
1301450379549437957
1301451114873847808
1301452833187942400
1301454732439977984
1301454913659117569
1301456106473086977
1301464610726449154
1301467472885723137
1301477539022540801
1301479308280635392
1301517910335205383
1301540347894468608
1301644891806629890
1301313997958983681
1301318604474986497
1301324029249359872
1301326798010146817
1301331295642030082
1301397511517634560
1301410553873805314
1301418195769872385
1301418323461144576
1301419704586768385
1301421460351856641
1301422174306291712
1301422281261019136
1301424927183175680
1301424953477271552
1301427453919928322
1301428213080621057
1301430915332075520
1301430986266337280
1301432010817392640
1301432562091425792
1301433179304267776
1301436174196789248
1301437179600797696
1301437194511486976
1301437561085267968
1301437679054327808
1301438491365183488
1301439656484057088
1301440397982535680
1301441714171924480
1301444022649716736
1301445945654161408
1301448883378229250
1301450108190494720
1301451736121585664
1301452722642849792
1301455035713368065
1301457406291918848
1301458466419159041
1301462966563414016
1301463447218130951
1301463949511143424
1301465324274016258
1301471044394418176
1301474262801362945
1301477035575967744
1301480465883451393
1301482062956855297
1301482363940032512
1301486247223980033
1301489841184608256
1301491883580022785
1301492304553873411
1301495228164173828
1301497604312829955
1301543969541718018
1301663237671354369
1301347860592685057
1301376718192680960
1301383020327428097
1301397200417816578
1301401072020402176
1301405672857382913
1301405963241439233
1301412027760607232
1301412143447904257
1301414630212861952
1301415247786409985
1301416684956381184
1301419267385176064
1301419343926919168
1301420168011116544
1301420455618916352
1301421935566499840
1301424596080627717
1301427818300157952
1301427965721489411
1301429456888909824
1301429618797416449
1301429837157015553
1301430153080340485
1301430218624765952
1301430403350384640
1301430881589092357
1301431855560916997
1301432128064847873
1301433055350001665
1301433390843990016
1301433989740326912
1301437899553026048
1301441505115213824
1301441734107435009
1301441789547687937
1301444823279304706
1301445543583977473
1301445985495851009
1301448135399673856
1301448534361767936
1301450020378546176
1301450197457866753
1301450369604767746
1301450488286715907
1301451937183928320
1301454299466215430
1301454534351499264
1301455882287484928
1301456335649808385
1301456509336006661
1301456909170548736
1301457406417928192
1301458177133871104
1301458664440696833
1301459427145506816
1301460410256756736
1301461223368724480
1301462439465111552
1301463697987174402
1301464476332457985
1301467978194710529
1301469880626147328
1301471766309744640
1301472505937276930
1301472772661612544
1301477311485804546
1301477538946977793
1301484511885221890
1301485290431930369
1301486878659686401
1301488108572151810
1301491403361525760
1301495078662352896
1301511419167412224
1301530577137545218
1301598335267008512
1301623308530733057
1301644901113835521
1301648576909631490
1301659991477108736
1301327082434318337
1301381810241392650
1301386941930319873
1301392883963121664
1301397466433097728
1301402500432621573
1301404818314006528
1301406188500922368
1301409693408137216
1301414804159115265
1301418040756666368
1301418100697501697
1301419518242291712
1301420043553714176
1301420191612416000
1301422727518191617
1301422982955446272
1301423655075930112
1301423832939532288
1301424650019274757
1301424791631536128
1301426330500767746
1301427435645399040
1301427614503055365
1301427983631040514
1301429135454109697
1301430294977949697
1301431838209126400
1301432639912636417
1301433793522339842
1301433817518006273
1301434757100769281
1301435676458651649
1301435762328645632
1301435944302714881
1301436063244787713
1301437066509770753
1301437406697189376
1301437500750278657
1301437730124165120
1301438492501782529
1301438848304656384
1301439320692338688
1301439419300425728
1301439476082913282
1301440796802142208
1301441829972447240
1301442864409227264
1301444095689269248
1301444331178516481
1301444381396918280
1301445078767095809
1301446761253347328
1301447050471628802
1301447565095960577
1301447964787957760
1301449238803484672
1301449549995741186
1301451478448697345
1301451487831351297
1301451787740811267
1301452869384777730
1301453582265454593
1301453703942213632
1301454999956926464
1301455139421683714
1301455246317760512
1301455492301103105
1301455854034616320
1301456627724423168
1301457895150751750
1301459162430406656
1301459884861534209
1301460500388237314
1301465738956374017
1301466311185186816
1301467472873304064
1301471247990247424
1301473225562521600
1301479366795423744
1301480252439498754
1301482572065550343
1301482572338221057
1301485997306380288
1301494078539005952
1301494086508085252
1301497325723037699
1301498279478296576
1301498392951107584
1301543039060652035
1301584954158182400
1301643913627926531
1301645395051896832
1301646983371816962
1301652441407148032
1301662587566817280
1301310160909017094
1301311240707493889
1301330117801762816
1301372708052230145
1301381472952164353
1301391787689476097
1301391975267143680
1301396709742964741
1301400426529644546
1301400594515660800
1301406944868081665
1301409774630776832
1301414789533425664
1301418819836170241
1301420882829676544
1301423432450490369
1301423560209108992
1301423776572284928
1301423821359124483
1301424690586693634
1301424814322839553
1301425881882206209
1301426821943050240
1301426916390567938
1301427324429176838
1301427406021033986
1301427583645618176
1301427807067811842
1301429448785485825
1301429795323097088
1301429860208959489
1301430650482962432
1301431370850459648
1301431507509293056
1301432205063925762
1301432336605761537
1301432502133895168
1301433596088123399
1301434757134376960
1301435975390945280
1301436061768450048
1301436904907436033
1301437023941783553
1301437218079281152
1301439201154662401
1301439729724989441
1301439990006788096
1301440957699817472
1301441627450470401
1301442465489182723
1301443631740579841
1301443762518994946
1301445048538718208
1301445550496256001
1301445732440961024
1301445758382747650
1301448029501902848
1301448168127823872
1301449364951400448
1301449512246968320
1301453141284737025
1301453631464656896
1301454390776270848
1301454420920631296
1301454565351526401
1301454654186848256
1301454817143984128
1301454875524554753
1301456425709981696
1301457018356723712
1301457084278599680
1301457691890593792
1301457947139158016
1301459115210870784
1301459924535443456
1301460742244368384
1301463003884331009
1301463305874214917
1301463474514649088
1301463642123186176
1301464110610161664
1301465277767585792
1301465327071645696
1301465430729592838
1301467345387388928
1301467418322235392
1301471247507681281
1301473093723004928
1301475135774437377
1301478095489323008
1301480127277289473
1301480775712493568
1301480785170649088
1301481313891950599
1301485093811351558
1301493478548017153
1301498511394041857
1301498842819461122
