1239667510481477635
1239638610669899776
1239570340512174082
1239546406211334145
1239623319646875648
1239639982467317763
1239647501407453186
1239634858143559682
1239618456527478792
1239437792016547840
1239550280661905414
1239623818257346561
1239552990836637696
1239492464941174790
1239663928227094530
1239651385022590976
1239459230651998208
1239666534466887683
1239671030555250696
1239667735652638720
1239393152949276672
1239637423107330057
1239421784035921920
1239536551685763080
1239672569680232449
1239467477039566849
1239680920094937089
1239626680592982019
1239653737171468290
1239623297601593347
1239654131138211840
1239493638251524096
1239692390576697344
1239544155753385987
1239615665931239424
1239666059357179904
1239568745036754945
1239588130702884866
1239649815002099714
1239430090905305088
1239577307351842817
1239608244877828097
1239652963439841280
1239652285812281344
1239633719276851201
1239684896932745216
1239549588815708160
1239626052084936706
1239634050010296320
1239667163985858562
1239628454548692993
1239649957075968005
1239634861935165441
1239683201259487237
1239613714418057216
1239618709410533386
1239606359710105606
1239611863362609153
1239405235468152834
1239682339908857856
1239575917472690178
1239626668102356992
1239478688548368386
1239684317141438466
1239637148585861127
1239682141430169601
1239651696760049664
1239668758404349954
1239630816923262976
1239669016802856962
1239636764664438785
1239401792825425920
1239420779600715777
1239561340840222720
1239622623316840451
1239651478450638849
1239627532208607233
1239641861448482820
1239415352674697216
1239379401218953218
1239627765831393283
1239571009063325697
1239431485192634368
1239624033907486720
1239493035114688513
1239485005790928897
1239641989127290881
1239644339384373248
1239584192884887554
1239659427101360128
1239684214943072256
1239678781075456001
1239647104294948864
1239587620553924611
1239584188908666881
1239394702740402176
1239638417132212225
1239529762676256768
1239646108483072001
1239623194207813634
1239630437649190919
1239588489827622913
1239550855977881603
1239398930040983553
1239572186962317314
1239626227289374725
1239462920624443392
1239621078420533248
1239641080720756738
1239561983755771906
1239665242847797249
1239668336985849857
1239479052316086273
1239451711489654795
1239637177442729985
1239524846075338754
1239444253002158082
1239547786271621121
1239657841000165377
1239660889915129856
1239672809397379073
1239475660516724737
1239342188800114692
1239457295706267650
1239569129109151746
1239643152992161800
1239674121446965258
1239383919021129729
1239623806496497670
1239664574678421504
1239692966068772864
1239644573821022209
1239452507287453696
1239547507522375681
1239504950012633088
1239608431272775681
1239667037347119104
1239665852678537223
1239475906164506630
1239597623671230471
1239645744191193092
1239676794086752260
1239370009375318017
1239666252727095296
1239622960136228865
1239669198768476163
1239672793844912135
1239677893560741890
1239591577707859970
1239393363016777728
1239536694761832449
1239625365829664770
1239447344619368454
1239633839615610881
1239670334623752193
1239614385246666752
1239675308573417472
1239647000385257474
1239691793387716610
1239444536096677888
1239585791757692930
1239676617271754754
1239694394636283905
1239583192228802561
1239645785601355776
1239673340723449857
1239632783913504768
1239642716910153728
1239646254193352704
1239655707688960000
1239669695525027843
1239512745139200003
1239593911410135042
1239630978882187264
1239651622453760006
1239669157089640450
1239672823049867271
1239684300817252354
1239669024193155073
1239552556248051712
1239620187432812544
1239670647959289857
1239568688455483392
1239635439205724160
1239639894747742208
1239670832949051392
1239685912105189378
1239674269111590912
1239678799039651840
1239413672352628736
1239429808427339776
1239580036270886912
1239597253578444803
1239640848108838913
1239668582000320512
1239676736360587266
1239678126592077838
1239532107602505731
1239684088665161729
1239655248689496066
1239438369446416384
1239503375219163136
1239627721560535040
1239636757303496705
1239659738192916480
1239376027140460545
1239666664670744578
1239409055820546048
1239526278493024256
1239565448636698625
1239646505876717570
1239682604074483714
1239609288185843714
1239677359139192833
1239501812241035264
1239595563865255943
1239513078817083392
1239687951346544640
1239564529157189634
1239344743118712835
1239642641156812803
1239691126002659328
1239624172017455107
1239671929780477953
1239677115940954114
1239679404437102595
1239354763181010946
1239436080555884544
1239628810473164800
1239689485568409600
1239372928560570368
1239548416277045249
1239627119346561024
1239646765231542280
1239673920711725061
1239639664430067712
1239654931004567560
1239657601828356101
1239666918178598912
1239688170318544896
1239340636849012743
1239465736617242625
1239513758432722945
1239631921317109764
1239643963746930688
1239662314326036480
1239677086639546369
1239690278837129216
1239422367727849472
1239517340527661056
1239561665311584261
1239557458433097729
1239592042805760000
1239656464358297603
1239670366286614528
1239343137086230530
1239579555721089024
1239600613757014018
1239636392013111298
1239677849667239940
1239687601696788480
1239577306261315590
1239668443726610433
1239671288479846403
1239672905044234240
1239646753319772161
1239666797583966208
1239668410377740290
1239509277913616386
1239581358181187585
1239585483711229953
1239672167987589122
1239457108900417537
1239603008524206083
1239642354782547971
1239651929195675649
1239655249771724807
1239669268805038082
1239680457186443268
1239389487429562368
1239617990200627201
1239628554436042754
1239630368195727360
1239484657168715777
1239523597393281024
1239624184906604545
1239604622182035457
1239628428019748865
1239649270665547784
1239375695261958144
1239568425854406658
1239634084978139145
1239635056941039618
1239640252198903808
1239642793443840007
1239661970489393152
1239676261733203969
1239590136540610569
1239668189715402753
1239682142772363264
1239488299791720453
1239625027860955138
1239658170865369090
1239628245462589443
1239644641751969793
1239464960134205441
1239627231514812422
1239660626827493376
1239633008317140992
1239661184015532032
1239668107465154562
1239672794226388992
1239684209049993223
1239524343996198913
1239548412070170624
1239667652030758913
1239670275303559168
1239678271404625926
1239488450019164161
1239650249683210240
1239693987692281859
1239396832666693632
1239425385005285376
1239567315286609927
1239622487048105985
1239630747176243203
1239668390035443713
1239683146318217217
1239683787811893253
1239692147219206150
1239436373981102080
1239656264331862018
1239672332135862272
1239676694807613440
1239445103439200256
1239478094320328704
1239581700998549504
1239583537981988866
1239666114017341440
1239666195386830848
1239685391759876099
1239610043709808642
1239624229202595841
1239656838410522632
1239672866796376072
1239675415670784002
1239676192699056128
1239455662658240515
1239579305123946502
1239662740937093121
1239677492149071880
1239684712735674373
1239605438976589825
1239623610622410761
1239637693589487616
1239660209011818497
1239676639426084871
1239399385546592256
1239432365216276480
1239433447862685696
1239523335014318081
1239657493179125761
1239401043366199299
1239625826238332936
1239636436577595392
1239647402484797441
1239687526178336768
1239634095178727424
1239688537102049281
1239440954651746304
1239479571931676674
1239575554594086917
1239614334952710145
1239627749192581120
1239408903374454784
1239644770802286595
1239676115905662980
1239691666136727552
1239389208256675840
1239455003246501888
1239459611754868737
1239551380022538244
1239613153870319617
1239639944907366402
1239659755959988230
1239676102991364096
1239683203776106496
1239690420092723200
1239414896569266176
1239586576033775617
1239624356868874241
1239627496414478339
1239675308456005636
1239678146925989890
1239687996137517057
1239408123045183489
1239432855874416642
1239548160353107969
1239570648344780806
1239585701559181312
1239623559120588801
1239627345562152961
1239667788815503360
1239669606937214982
1239674753490845696
1239675553231372289
1239681541460103169
1239684797926117381
1239532878117187590
1239549321110081536
1239598308789755904
1239613040947068928
1239656266387070985
1239666694047621120
1239681235133349900
1239522012940374021
1239583032648126467
1239613164804804617
1239642249236852738
1239674928242319368
1239675696244576256
1239678417110532102
1239497079204065281
1239520383855988736
1239577417917882368
1239583253306236933
1239598355195539460
1239616734035873796
1239626129188818951
1239633682966687745
1239645421481459714
1239653012093763590
1239654142009921536
1239675805241876482
1239416618926702593
1239556438000840705
1239579725435211777
1239585926495506439
1239589310149660675
1239627848777957377
1239641093102321665
1239647610379649026
1239669255387385856
1239684243367833602
1239404346418368513
1239639675146579975
1239673632982532098
1239676140169633797
1239690216480407552
1239426766118281218
1239456179497156608
1239595461700472832
1239648747476393986
1239683488984510467
1239690407979757569
1239515578987053056
1239563427904917506
1239631646774697986
1239642595254349828
1239680860552560650
1239600453521944578
1239617657340600320
1239623934842155008
1239630947340947459
1239658172337528837
1239665913965744130
1239671048142020614
1239673690901667840
1239681647781519363
1239681960903131144
1239376590078914561
1239536815159287811
1239541491485343745
1239635092315783172
1239649019598643201
1239656353968332804
1239411712933183488
1239590706899030017
1239629275982180354
1239635815174754306
1239636474045157376
1239675688556396547
1239678443744346117
1239353444001034241
1239563252113293313
1239605165889634304
1239629866410090498
1239631062655012864
1239632057900437507
1239672317183234048
1239677028019965954
1239689061767487494
1239435228940308481
1239588525256904704
1239668245310976004
1239673373719920641
1239679124806995974
1239679314498592769
1239682359827496962
1239691643940462593
1239489906818322433
1239628770941849601
1239643095924445184
1239646228759089154
1239652008707178501
1239673932577476608
1239679895850139651
1239690568567009284
1239693395355975681
1239509875450941441
1239521373158023170
1239544651964702720
1239637991766851584
1239674582124150784
1239445773579886592
1239526339851452420
1239526729821102082
1239534710155612160
1239565678321053696
1239575637192585217
1239584419142422528
1239623185588502528
1239629046083977216
1239672053793464321
1239678840861069312
1239413393339101185
1239447227136765952
1239611603122864129
1239623395345661954
1239637341641326594
1239673880970702852
1239675675675590656
1239690407866441728
1239525793547591681
1239535695489896449
1239544804062769152
1239570383969431553
1239581118275477508
1239626493409603598
1239627713125761026
1239654090818363397
1239656783771287554
1239671549206069249
1239674772671401984
1239450361011884034
1239557250232000513
1239563669408829442
1239593730845233152
1239608664652210178
1239617149771145216
1239625856726818822
1239645088973807616
1239655097023463424
1239668554187841537
1239676149250363393
1239676581653733387
1239385038329909248
1239394405221642242
1239429174122741760
1239515227194101761
1239561328748003328
1239573425464594432
1239576994905559041
1239628867112927232
1239629932025823234
1239639558444195842
1239639879832735744
1239665371201880064
1239680132173967364
1239682946451345408
1239417440989335554
1239500670253903873
1239628041938243585
1239631268867911680
1239663261945139205
1239669101154492417
1239681177293897728
1239688861409849344
1239343623575089152
1239348618110394370
1239504427775602688
1239523300927299586
1239561527704850432
1239622925893935110
1239651923822772224
1239671443077685249
1239686030594396160
1239686971343220737
1239691696293793793
1239691785028370432
1239383197458333696
1239468677637996544
1239485013332316160
1239510366746480640
1239535320040955914
1239568163831984130
1239620911692681216
1239627384581652480
1239641788706689025
1239645969869930498
1239651289207836673
1239659095814176769
1239663369860325381
1239668052146507777
1239675568083341313
1239690560895627264
1239345137165250569
1239375588319727617
1239443921727619073
1239577374133563395
1239584665469673472
1239595510211776513
1239597350244540416
1239605775867301889
1239622463258079236
1239628312873484289
1239638547340165120
1239650172008792130
1239652244850696199
1239668184304750596
1239669548107915264
1239678882917298180
1239692192953876481
1239422684112568322
1239542638832951296
1239586113544769538
1239647622723522568
1239652903721340929
1239665402529091584
1239668790994120704
1239673458981773314
1239688335007850496
1239363463656374273
1239394172655804417
1239438330439311360
1239462814177210368
1239534813574565890
1239572433595662336
1239583846716276737
1239586824546324480
1239623003937406976
1239623391604244480
1239661921617547265
1239670907490230273
1239671770967310344
1239674991198822406
1239561425573601280
1239580806848356353
1239591766304722946
1239603898257674242
1239630452757053446
1239640392229883905
1239643059824066561
1239644320648646663
1239652670530564096
1239653575468425218
1239667359620743170
1239668879770730497
1239669162810773507
1239672101432328192
1239672833808220169
1239687148355362823
1239687297873969152
1239380036886630400
1239382837108899840
1239384227566755847
1239510712579493888
1239573403704705025
1239577428017717248
1239594431621337088
1239595489202442246
1239597558856650752
1239608366223314947
1239628731418902528
1239628967696650241
1239630249073221632
1239636144855355397
1239636289164652546
1239640523406807041
1239658097959997446
1239669466964856839
1239669559055040513
1239673067569373185
1239684106880942081
1239360379907645442
1239464122141618177
1239536718681976835
1239623372318937088
1239640071982243840
1239647651894886400
1239652376665042947
1239653575346851840
1239666080789991425
1239670936544186373
1239690890861522944
1239397273416667136
1239442831938371590
1239460034536488960
1239492926964629505
1239572513165905920
1239573246569263104
1239579021500911617
1239585053182746626
1239591428000485376
1239598461454037006
1239628582999207938
1239629223305916417
1239641375638990849
1239647238923698177
1239650068409602053
1239651440487993344
1239656591810576385
1239666168438325251
1239669033642921989
1239671606865256460
1239676710565621765
1239680459375874049
1239685231491383297
1239689427208810496
1239692294388961285
1239425855090286593
1239484571688853505
1239611713500168192
1239613294681493505
1239630009855143936
1239639525628002305
1239640749722959882
1239652983320850433
1239656226172133387
1239662949096194050
1239666574124072963
1239675768860540928
1239677863927984136
1239682309961506818
1239690097517363200
1239691123863453696
1239386553832607746
1239458084268978177
1239552226852573185
1239563126993010690
1239578472932093952
1239599269532897281
1239623786070237188
1239633753074470919
1239636395020386304
1239637380874883072
1239654515143565316
1239655422417649664
1239657759055978500
1239669617297108992
1239670719669207042
1239671941008633856
1239676811916840962
1239676833748193282
1239677399417094145
1239685843905896449
1239686668417994754
1239692871407734784
1239396587450912775
1239490345429340161
1239512399755063297
1239514189028360192
1239555104195428355
1239591940330590217
1239601767605821441
1239647851069784064
1239657368255901696
1239660077453369344
1239678100595712008
1239681234546147328
1239682202012696579
1239687893901139968
1239692924679528448
1239694437279846408
1239478809415626757
1239563774098575363
1239579536980926466
1239599780692623364
1239623270997114882
1239638409267863555
1239641493515710465
1239645658602246144
1239646631492026368
1239661198649561091
1239675653672374272
1239688972458172419
1239690001954361344
1239491728521990144
1239499902478168065
1239520888502071299
1239524788973993985
1239551677654581249
1239578240194433028
1239581132301258752
1239581376577515520
1239588772943183872
1239612846281023493
1239615779290501120
1239622916423258112
1239627792234483713
1239652509737799686
1239657694656712707
1239666747676012544
1239669016920313856
1239672634994044928
1239683967927955461
1239684957792079872
1239368882806231042
1239392185008652288
1239452972008046592
1239496352050151425
1239513144072044544
1239568256748474369
1239569610862669825
1239572090837020672
1239574133895200770
1239583233118896128
1239586013833506818
1239587619039838215
1239605557792780289
1239627923197394947
1239634681894707208
1239640494831001604
1239640733201694725
1239644045762322434
1239646271033483264
1239652475482836993
1239652998701363200
1239654332364193797
1239654924440473603
1239661550706790402
1239670353816891394
1239692419219759107
1239381949967409158
1239402617396236288
1239506265484734465
1239567362954854400
1239620915488534530
1239623000401600512
1239623718508400643
1239631945694351360
1239645062184816642
1239646951966216194
1239663175546609664
1239670296854048768
1239670326633603073
1239674293065265152
1239687893402017793
1239361337115004929
1239402011877093378
1239468748848889856
1239482156709302273
1239504279909654529
1239509399007346688
1239563540412928000
1239566986759360513
1239579290544615426
1239580614266957824
1239584711439073281
1239593977755701249
1239625980211232771
1239628769318580224
1239630267649753089
1239634401643966464
1239637195276709888
1239638818673827844
1239642749709811712
1239644519173324800
1239662821891178496
1239664204719759361
1239667714555338752
1239668628183711745
1239669290409787394
1239673172439506946
1239680225556017153
1239682064389148672
1239683589429760002
1239689018771636230
1239690427378348040
1239374376874708992
1239384981081915392
1239489427933667328
1239501729202425856
1239520402805850117
1239555254984806402
1239562329525714947
1239566105041125377
1239573233059401728
1239589128573984772
1239598771169878020
1239629232759803905
1239642095306059792
1239645950613782533
1239646357901709312
1239647810657619968
1239651195964338180
1239655349965205504
1239656540073754624
1239678999816744961
1239681603795849219
1239686254180159492
1239689257331105795
1239694062954971137
1239387277001981952
1239388969873350656
1239409044303085569
1239558576865193986
1239579943694204928
1239590031116972033
1239602231768424457
1239607075866578948
1239630532683739142
1239640401981714435
1239642740293591041
1239644368769822727
1239647751039643648
1239659580394803201
1239666961090523137
1239669368948170753
1239669589795102724
1239670200452157445
1239671203410870274
1239671551651385349
1239675326378184712
1239676430595887104
1239678030525726727
1239679559232077831
1239682368757252096
1239689284803858437
1239692049303121921
1239459461707829250
1239460609315438592
1239465128657072128
1239495930556145665
1239559019783741443
1239574166350807041
1239581658468270080
1239596826946416641
1239598565967695872
1239601430534725638
1239609092529950720
1239622414855782401
1239622748541878272
1239627461148672006
1239632104146812933
1239642177644507142
1239648587505709058
1239649376416473090
1239650124932026378
1239658371520827393
1239658869854547969
1239662847258431488
1239663621791236098
1239666257479204865
1239669894871998464
1239676211342839809
1239684862317154305
1239687940542017536
1239688993781891072
1239691141055987713
1239692255918686210
1239411714027859969
1239414656617320449
1239443965176356864
1239492867216871425
1239563281628639233
1239578061844230149
1239592874552983552
1239608922845196293
1239617417900371971
1239623604247150596
1239625333495775233
1239628028415807491
1239630981553938432
1239632979649052672
1239634807853899777
1239635018907037698
1239635240190185474
1239636757685174272
1239638143269326851
1239653455024791557
1239665303203852288
1239667559038889990
1239670936724357120
1239674050185768962
1239680341499170818
1239684940960317441
1239686510468894725
1239688974727290881
1239690422747889666
1239692703660638213
1239412282947403778
1239417369975537664
1239428059922608128
1239430207532150790
1239453318067478530
1239487569454301185
1239512620996202496
1239529410044321794
1239537804281077760
