1265218544507240450
1265168142139035648
1265265403779002370
1265221981366112256
1265337417734774784
1265270494657470464
1265351865065263105
1265343423252434945
1265375662233341952
1265152262646771718
1265346462499602433
1265279352259801088
1265381401437880320
1265393036114231299
1265256760211918849
1265344135445254151
1265275831141593094
1265344448944168960
1265343503753777155
1265343493825859587
1265265540223942658
1265328500006936579
1265328242061455361
1265222042812649477
1265374305996734471
1265297283702231040
1265258491264016384
1265346193225330692
1265378343538622464
1265362053021282310
1265286270026240000
1265388010880798721
1265390710683033602
1265357206775570444
1265352513349394432
1265358362448822272
1265288468869132299
1265365357084147715
1265345486468382720
1265265762538790915
1265259393291038723
1265297234180165632
1265375142206754822
1265328333400748032
1265264795823071235
1265269368721747968
1265414726617456640
1265327357835034624
1265411558013841410
1265411071080267784
1265178100893179905
1265271044396417024
1265265470695002115
1265349483660890113
1265379680892252160
1265411838147207170
1265333485344038912
1265083474916016134
1265243133287321601
1265316068177969152
1265366568713818112
1265415941757833222
1265105546320973824
1265385021348761601
1265342995164954625
1265078132912148482
1265337356787372034
1265383876676988928
1265348210740035584
1265094606196219904
1265382473623535626
1265222202909171712
1265351402345414656
1265390111014952961
1265382858698391554
1265388100555018243
1265232242487562241
1265410179065090049
1265258494330056705
1265366239498637313
1265222407020859393
1265325574471528449
1265372143652679681
1265386335575199744
1265232549179273216
1265380143473790976
1265394781179441153
1265356737281916929
1265278562661093376
1265353414533353473
1265334122026762246
1265389544540692480
1265394610756620294
1265306913048231936
1265360842993864704
1265363918605737984
1265104795171463169
1265336464793128962
1265360569756004352
1265361397384429568
1265211769175314432
1265352188462878731
1265356196334182400
1265312524779556870
1265313828599930886
1265358824682258435
1265293315655729159
1265377364449660929
1265348038815514626
1265390474954760193
1265399778692792322
1265299042382180353
1265379062387822594
1265398682163326976
1265418969873362944
1265337891389083657
1265379521173377024
1265353955514757121
1265339974083280897
1265411585260077058
1265352598036635650
1265344940546174977
1265367920714092547
1265265090959478785
1265270695703072773
1265341275768786945
1265233743758884864
1265307821287116801
1265361870501883909
1265380985602027520
1265380990681317384
1265392120887721986
1265417532665667588
1265340271195275264
1265383538360291328
1265384714472509446
1265082723091329025
1265298162232721408
1265374899452825601
1265141353429839872
1265332159998500869
1265358548596396032
1265412364888932354
1265337219650170881
1265362097120124929
1265385414199738369
1265101805823971329
1265319283132960770
1265230507295608837
1265265822563471361
1265342472269508609
1265346925160796160
1265356999564410883
1265361677731627008
1265161331877036032
1265265672952651776
1265351856269733889
1265366867113361414
1265387700720369664
1265389027739516928
1265220884848971777
1265391136002146304
1265206249949401089
1265225767849529344
1265345424254283776
1265085311224340482
1265161801202835456
1265280739962167297
1265341937361416193
1265351998729142272
1265341177294921728
1265368333894987783
1265198609500438530
1265334383633989633
1265347353822855170
1265386821598527492
1265392820078227457
1265401376898777095
1265194772353953792
1265339738715815938
1265351894240804864
1265361430116798464
1265406297278742529
1265103644313214976
1265191015482261505
1265212332080279552
1265338043923382274
1265365189030969346
1265367178016100353
1265383908549541890
1265387394381029377
1265183388287348736
1265206038057201664
1265295981140115456
1265379510247137288
1265330740813869058
1265309216883052545
1265319283141283840
1265370604745736192
1265375985769349122
1265388709089869827
1265374413400268803
1265274775628206082
1265322241983684609
1265180195276890112
1265225819292667904
1265298239651282946
1265335343424946177
1265364581670584320
1265254669120614402
1265259010007105536
1265363006915043329
1265406105196220417
1265104857784090624
1265171671872307201
1265185474685087745
1265346950653714433
1265350082972483584
1265357230146310145
1265103081534107648
1265269301566738432
1265313229082955779
1265337558420127744
1265353858701824006
1265361149236850688
1265386212572962816
1265209635230932992
1265266148913938434
1265336573329096704
1265347613991337995
1265377677038542849
1265231516113743872
1265339491344097285
1265351998691565572
1265115508577308672
1265217500662423553
1265312749904637953
1265357565623500800
1265377768214335490
1265382073893826561
1265199547392933888
1265222531876823040
1265338959292489731
1265370035306053632
1265387865095225345
1265413831871922176
1265357914035965953
1265398702916673537
1265412191290785794
1265181409733496836
1265292754940239874
1265309290748919808
1265362371142393857
1265364455136940033
1265402668459196416
1265085353825894400
1265313500848689152
1265326374279094274
1265415878239272960
1265417125130309637
1265306701982392321
1265316899191238664
1265361800360603648
1265367406471532544
1265146269141532686
1265197245957378049
1265337331789303808
1265340307543150599
1265349481882693632
1265373033809752064
1265377162686758913
1265399355256770560
1265417632829919233
1265423073001590787
1265423854958247937
1265241002949971968
1265314249938591746
1265357578151825409
1265374851600130048
1265376014395375617
1265100224512634881
1265212925393932288
1265341408187166721
1265393635736129542
1265394882253815808
1265350548657668097
1265377234350727170
1265393905656307713
1265399290035343368
1265403955565211648
1265417431973081090
1265186211427233797
1265216225849888768
1265265983805100032
1265367098232115203
1265395253906939905
1265409289113554947
1265154893494583296
1265304185781620736
1265338491065577473
1265372095002935297
1265375906501136386
1265400398799659013
1265411977381281793
1265081946587246592
1265277709208268803
1265299878185521153
1265308516732059648
1265372133972078598
1265310774215524352
1265334047515054080
1265356339301298176
1265356357596839937
1265365978654937088
1265391005752328192
1265412396669165573
1265413666712817665
1265099085423542272
1265183387473633281
1265280603198554117
1265337155724992513
1265377246883254274
1265224625857970176
1265321475470483460
1265336762940997640
1265344845985525761
1265358723536629766
1265170863348948992
1265223140340269056
1265282462705303552
1265369235582304258
1265403794160041984
1265243786579333120
1265105241281826816
1265234494895927296
1265314476359856129
1265314693255741440
1265341816825696258
1265348674244263937
1265354414900068352
1265397994347810822
1265409576045871105
1265421348211503108
1265134944109592576
1265259586862428165
1265267110206484480
1265326833416863744
1265355375164952581
1265377836556267521
1265382928395182080
1265396872400842752
1265399813639675905
1265409834909872136
1265409881215062027
1265214204077920256
1265292104080769024
1265297333660590081
1265303239815200769
1265354880182517761
1265401174766878725
1265132627239079944
1265186938241331203
1265223590246522887
1265331444089532416
1265349736892112897
1265355656825110528
1265376168724889600
1265387231604326403
1265396039030374405
1265194192504004608
1265238316158418945
1265296824803328001
1265375216005496833
1265378367215468552
1265402231660126214
1265417430085414914
1265130849797836802
1265332388269350913
1265346033611091969
1265387230601846784
1265339613381615617
1265354529077370880
1265399711848189959
1265216597796573184
1265266678713192455
1265267007802531841
1265324316570214400
1265348988863156225
1265350956637655040
1265360071216836609
1265373035747573760
1265381104527253507
1265221408067661825
1265229355384311811
1265282695493550080
1265294635058028545
1265332812837793792
1265336696457003012
1265341653163925504
1265345426506555396
1265346146291134464
1265360693114605579
1265364774092709891
1265374068976517123
1265414913142460416
1265422593634566144
1265181374354305024
1265217574914207747
1265236405875355650
1265236991081406464
1265302040303075328
1265303385131155459
1265316182325952513
1265332369289969664
1265348389539123200
1265349985362751494
1265399702293446657
1265412396606251008
1265413965573750786
1265277004800131078
1265314423859810304
1265330627878047744
1265341316176715777
1265348221515321351
1265355236279046144
1265373346407026689
1265377319176323074
1265399764591562754
1265410307981283329
1265422732344377349
1265115705919315968
1265266572773507072
1265306232472166403
1265332333114163202
1265336899373334532
1265339727462400002
1265339912531959808
1265343974786596867
1265367851071942657
1265375940323966977
1265380940282396672
1265399655787114504
1265172906931302400
1265190939204694017
1265266332779544576
1265286673400762369
1265292663672246272
1265334803261534210
1265345693675327488
1265346809486020609
1265354328035995655
1265362310517964800
1265365918454108165
1265387322381676545
1265417541939277826
1265336899234861065
1265340092262027265
1265342532948500483
1265345707315269632
1265352316577894411
1265352987825881088
1265357031717761026
1265362674700992515
1265362915110146048
1265364915109445632
1265365882710249472
1265370932757123079
1265092710840569856
1265198488507334658
1265205970692714497
1265252522287083522
1265342492569997318
1265346127500640257
1265349251426549760
1265357475349499907
1265363654528163842
1265394714540478464
1265412530672984064
1265413353784193027
1265415456875261955
1265417432828710920
1265419254238765059
1265243291341205506
1265256892118556673
1265267391438770176
1265268828562489344
1265306110669533185
1265313595027529729
1265357033491984384
1265361939531735046
1265375193628901377
1265402096179982339
1265407706921414656
1265246122647277568
1265254748657254401
1265281931996024833
1265337828218753030
1265346047208878081
1265347558597066753
1265362364918042626
1265365391599173633
1265367182336294919
1265372134508916736
1265387108325380096
1265389072979238912
1265404019062845449
1265097443202473987
1265132594481582080
1265217714743840770
1265220225479462912
1265229345070682113
1265251338331451392
1265277673497980929
1265303914674622466
1265336899108888577
1265338835170406402
1265354401537036288
1265355819245338625
1265372145867206656
1265372174568886278
1265379393356128261
1265394739089674242
1265410269028724741
1265418819243130880
1265421204724342784
1265096991467614209
1265203173385535489
1265290844174770179
1265294568590843905
1265305233200209920
1265309960877019139
1265338642538606592
1265339356040040448
1265339686718976002
1265347692089180160
1265356810946588677
1265360806755086338
1265389323894964224
1265408712656723968
1265420301392887808
1265119278505684992
1265177178884489218
1265200802613911552
1265201925902958599
1265208394895568896
1265222201743233025
1265245557397782534
1265264852123205632
1265266503118700546
1265274566277861377
1265315716607152130
1265336857354698758
1265344730747088904
1265348380198350851
1265375062858883072
1265375541944897543
1265381768691097601
1265394193062596610
1265396840809353216
1265398999399501825
1265411286923436035
1265418288089219073
1265104492485316608
1265109886871969792
1265173114503208960
1265193318281027584
1265269651333931012
1265307203470348295
1265331866028015617
1265347011412398082
1265350372111142915
1265357225004015616
1265357823032135681
1265367168620924928
1265404206128734208
1265407364154314752
1265412631407575041
1265415515280945153
1265416209358602240
1265421140102647808
1265178264278126594
1265219555338727424
1265225100401524738
1265230106383040512
1265275849097375744
1265337692885262337
1265338154179067905
1265341934475907080
1265342750129623040
1265348868272795649
1265350387730702337
1265351477964357632
1265357036079869952
1265367269196079107
1265369554122932226
1265385686879948800
1265387602238222336
1265397297258651648
1265411747072147462
1265412545520828418
1265421224810885120
1265109637629644800
1265161222250512385
1265222419775709185
1265237801462874114
1265263525607464961
1265273985010294784
1265311931621048320
1265316052587687944
1265333598795808769
1265334567793242112
1265352886126551042
1265356061365743622
1265362560339116033
1265370815501152265
1265378422856900608
1265380061831667712
1265391025058656261
1265402661236506633
1265411386412347395
1265412735661211648
1265418405399715840
1265103823510605824
1265107435636707330
1265178606046711816
1265231730996199425
1265266012892680192
1265266215959900161
1265266436659752968
1265267424670158849
1265332798774292482
1265334240880836608
1265345625442463752
1265347398123077632
1265357871635673088
1265360051725877248
1265372149096857609
1265409552205430784
1265411024821334017
1265417256613314568
1265419761770528773
1265420498478993408
1265135341532581888
1265165098261381120
1265180038166728711
1265228478007386114
1265245541648216064
1265269040714584065
1265273630923067392
1265279169908232193
1265336899171954692
1265337470511648771
1265339023679160324
1265341935260229633
1265341992227221509
1265346313685798912
1265347979059347460
1265351147830808576
1265354994825539588
1265361704386527234
1265363484801478662
1265369088089640961
1265372131984117760
1265372147511328768
1265372158034837511
1265375466631958529
1265380202743508995
1265382931989741568
1265384989509726218
1265387233135206401
1265394781842296832
1265402330167439360
1265409156154109952
1265410339220357122
1265411865015975937
1265417194428682240
1265094315694579719
1265098154824916993
1265191132096614401
1265194723649740802
1265225493701439488
1265258937559003136
1265264422286696450
1265266746946093056
1265266787903512577
1265268899395878915
1265274402192719872
1265276711161249792
1265277077537689600
1265286092732932096
1265345563316359170
1265350854976167937
1265372152712368130
1265372154511732748
1265373339973025796
1265379910392205312
1265383214538993666
1265386682779676672
1265415401334345728
1265070226053509121
1265123811877404673
1265139665331458048
1265187338528927745
1265189495785259008
1265192361518391296
1265208514231795713
1265229342575132673
1265265801583616001
1265270671262781441
1265271893671604226
1265281788202700801
1265294352022208515
1265305032058159110
1265312991924359169
1265331669424373761
1265334119204106242
1265335327511674883
1265348298203856896
1265348359910457346
1265361313091510272
1265364934029987842
1265371016781594625
1265372156319465473
1265374573320704006
1265376388321816577
1265377719157751813
1265384194966016000
1265386414914617344
1265387539055235078
1265394377519771651
1265411581954981889
1265411744069046273
1265412282504433666
1265413037399388160
1265413392266821634
1265109516800200705
1265124376065781760
1265225651541495809
1265268994463993857
1265276546652098563
1265281540021510144
1265318417013395457
1265325031825047553
1265330805682954246
1265331541217021954
1265346923776610305
1265350213780340738
1265351452714848256
1265360717965938688
1265363003924451328
1265363409899528192
1265371892682194946
1265372150950739968
1265374295942889472
1265385629371764736
1265389655371001859
1265401072010424320
1265408363950637057
1265411234167472130
1265412877961306113
1265415032202055687
1265417874727993348
1265418315264077824
1265418600103456770
1265179627846340609
1265191013699801088
1265213586495791105
1265222119215886337
1265229594526912513
1265240747239968773
1265247560572297216
1265265933725073408
1265266660140888065
1265285941612158978
1265287978303307776
1265295216782856192
1265301283671597056
1265308965220605952
1265313422670999553
1265334218109878281
1265336442668146691
1265336446015213573
1265337167452258306
1265343062961729541
1265344335345782793
1265346332413304835
1265353256982638594
1265361053065654272
1265372263337144320
1265383744887836672
1265383823224770560
1265388238023294987
1265402237381115907
1265407488804958209
1265409881386946563
1265410464953118720
1265410771447623683
1265417843992137739
1265418320838303746
1265419364209221635
1265422969377095681
1265141864060956672
1265148619356876800
1265204707481526272
1265223253674602498
1265265287273816066
1265265946559688704
1265267574482354176
1265334260841488385
1265341702212071425
1265344396037365760
1265346342479593474
1265347495531614208
1265353257355890690
1265354583594938369
1265355097082679298
1265357674658566145
1265358300012515328
1265364725677862912
1265364826181775367
1265366204807602182
1265366968837775360
1265371879528939521
1265377164352000007
1265379717722636296
1265382197751504896
1265387377255747584
1265391005605511168
1265409900567502848
1265410213093478401
1265410784504483840
1265411078449700864
1265413770924437506
1265414616882057218
1265415217955119104
1265416936155840512
1265420585691201536
1265421169735409664
1265192737156063232
1265200184016977920
1265207563118837760
1265207585881370630
1265213897461637120
1265218047398359040
1265221634581037056
1265222077835067392
1265223871378194432
1265226931882070018
1265230053060861952
1265236813221892099
1265246867266338817
1265276010368360450
1265287429172461570
1265304107570606081
1265331988518645763
1265343430990979073
1265348277354082305
1265352356310454272
1265355308139974661
1265355787699920905
1265357019063750658
1265360806671192065
1265361173681262592
1265362136391393285
1265363798950580228
1265365318056247296
1265366670664708102
1265367934106587144
1265368442510749703
1265369521818394628
1265369614793560064
1265384456979914756
1265386727641960449
1265393947725135872
1265396622453850113
1265396962720874499
1265407705499480066
1265410483747786753
1265413226780676096
1265414755604410370
1265417429917691905
1265418048418328577
1265418054625824772
1265418124683329536
1265418688192106499
1265420872409546753
1265111552505470976
1265178018269585414
1265188044816121857
1265192862309683200
1265212827662536705
1265217365924610048
1265225713235505152
1265227823415013377
1265243649580978177
1265245338757222400
1265255761552302081
1265269714835644417
1265270209780133888
1265270576702201856
1265279576311320577
1265282498839351296
1265307430751293446
1265314045067960326
1265326278762278912
1265336852506083329
1265344048195407873
1265345349620817922
1265352552188649473
1265355549849399296
1265355725032820742
1265363802570330121
1265364943492259841
1265371920758984704
1265375830391304192
1265377438982340610
1265377658701045769
1265382212243001345
1265384714925457411
1265384820160507909
1265387630583218179
1265389813450055680
1265398041596637186
1265402331572535296
1265409033554493440
1265411582647025671
1265412396585291777
1265413095922507780
1265413720316030976
1265415232836579328
1265416133626204161
1265417933200650240
1265418038368706563
1265418043863244807
1265418045826236417
1265418047000625157
1265418047164239877
1265418049907286025
1265418052159647745
1265418052247719936
1265422239886913539
1265422671682113542
1265422752355319808
1265073916529111040
1265122989546373121
1265140995433299969
1265153188585332736
1265181283598184453
1265202164621852674
1265213707103145984
1265218759972749312
1265224190690557952
1265228485112614912
1265237994010705925
1265240717976272902
1265245328913113089
1265266015073701888
1265266914466635777
1265272787502944265
1265282234329649152
1265285410420334593
1265295711635214337
1265338697840541698
1265339472331321346
1265341934807117824
1265343649400999937
1265344851333218304
1265346882869563394
1265348014903889921
1265348266813804549
1265350315399958529
1265352084624494594
1265354092739788801
1265356679148961792
1265357052005634048
1265362807534600195
1265368047105314818
1265368619996889088
1265374959754309632
1265375906366775296
1265378055717076993
1265381765847318530
1265383799598329858
1265391757115744256
1265393377924845570
1265395049413652485
1265396977883381762
1265397336370544641
1265397639199285248
1265402955894861826
1265407403442556928
1265407507679391744
1265409719499448322
1265410918315372544
1265411894766186498
1265415974116823043
1265418767955361798
1265418880714969094
1265419302494253056
1265420926595760128
