1273644159203753989
1273665345547579394
1273556057332252672
1273708173896101890
1273446999191244801
1273521094251745280
1273729877469016066
1273736303314681856
1273571961260646400
1273683957272412161
1273703463785041924
1273693172959453192
1273689189402509313
1273658700968988675
1273725178934149121
1273737457687814144
1273737793676738564
1273682016031162369
1273684367026651137
1273521238913187840
1273741067444195330
1273654109791543303
1273610414874669056
1273715784292995075
1273754711821344769
1273699956340281362
1273750638745321472
1273733776091291648
1273663033005522946
1273728951442161665
1273649945392951300
1273687839813885952
1273636950466068480
1273619484692094980
1273706349231251457
1273686525964926977
1273714388982280196
1273655844631121921
1273736279239331842
1273677977042247682
1273664161877237760
1273521755408281601
1273647017194127361
1273717179897253889
1273568934617321472
1273652277228769280
1273657161264951296
1273503431764979712
1273720187553005571
1273594119328235522
1273685856289685505
1273650073663135744
1273503945365864448
1273661757106425857
1273681760589680642
1273735634088230912
1273660499343872000
1273641634085900288
1273683576832380928
1273614707606392833
1273586781854859265
1273678189668286466
1273741155604324353
1273699785585852417
1273586258653016065
1273644138127335426
1273706520644124674
1273739483276591104
1273735403711991814
1273641273812017152
1273669513746288641
1273650069804285954
1273553885131612160
1273642709702623232
1273521239353634817
1273540550759759872
1273706630136434689
1273733166679949313
1273662599557758979
1273659023884275713
1273671427028377603
1273575263960473605
1273650362688376832
1273675453203648512
1273699590915702787
1273730576688787458
1273501549772312578
1273668550650142722
1273756399466614784
1273600758903181312
1273517220820332544
1273701997066227714
1273690259231068166
1273708773249613831
1273714603697078276
1273558154656309249
1273659561543598083
1273735218382417922
1273605244362952704
1273601241529167873
1273679058820268035
1273586908548018179
1273691137090428929
1273666492589133824
1273684153062633478
1273735537573183489
1273405325262061575
1273518061799313408
1273644844011917317
1273653089258614785
1273654605717667846
1273713770632818701
1273713157643677708
1273596201036926976
1273723410661564417
1273744756112228358
1273680031261298696
1273687099640885249
1273653893306744832
1273715023223885824
1273643734601736192
1273747175609118720
1273424020856324097
1273664557421035521
1273668533101223938
1273742524570533890
1273663663048658946
1273702459479900166
1273691701169852418
1273732564805705728
1273732739607511040
1273749600894169088
1273549253449842696
1273638048580997121
1273660978979393536
1273737887427760128
1273709856801853447
1273707326818725891
1273571555461804032
1273708013245861893
1273651224122925057
1273663030983823363
1273595115676725248
1273637308315701248
1273726495685595138
1273728385957625856
1273734601773637632
1273425698338697216
1273547198790275072
1273637851352174595
1273659810840563714
1273686885852946442
1273753354313830400
1273411175989096451
1273625450326241283
1273661754384343040
1273675471553802240
1273720976967155712
1273595084068524032
1273699504064131072
1273659469944193027
1273679091405926406
1273660738855469058
1273743045691834368
1273611568639606784
1273651572904529921
1273708837229428744
1273654894478663687
1273694489794748416
1273651785216020485
1273666433289990147
1273689343870238727
1273712085545791488
1273575373457051648
1273612952453742593
1273691958179921924
1273753765154361347
1273646875007234054
1273649170985951233
1273652709468573702
1273689925414723587
1273741964417142785
1273744826761129986
1273748371182845953
1273687473311318020
1273741040579678208
1273746317848780800
1273572192513638400
1273717429450006529
1273724956296298501
1273736713584758786
1273743216622403586
1273753352606814208
1273442811606642688
1273544929109856256
1273586558914957312
1273708733403725825
1273711212820410382
1273650548231856129
1273657119833808897
1273667576342745089
1273678532481294336
1273697680070410240
1273739647894593536
1273440797636071429
1273545890863689733
1273642879286575104
1273743559926124544
1273756384119709698
1273603033025388544
1273689436115439616
1273701829294133255
1273739047496794113
1273740025986011137
1273752884111384579
1273668173070503943
1273701372630913025
1273716495747551233
1273749876837363712
1273655808702787584
1273724553810849792
1273728482518933506
1273735992797573120
1273736618097213442
1273591625739010049
1273663283044761600
1273668585500618754
1273673317237604352
1273695286653845505
1273714575817560065
1273580298731732993
1273675999771856897
1273737251730710531
1273739000583467008
1273751659680800776
1273756497604993024
1273545815177469952
1273548977879822337
1273597557080539143
1273627700247355392
1273651326333980674
1273652743769591808
1273661499953856514
1273677475097317377
1273699503304916994
1273702712874602497
1273718589648965632
1273737824207060996
1273569624240664577
1273652880290074626
1273669304651616257
1273711422984409089
1273740711012323330
1273444794736545792
1273566202217013249
1273677549500092417
1273712694303109134
1273721476445876226
1273655043401617414
1273685463681961988
1273691121005322242
1273691957882056704
1273712979830325249
1273590703642345472
1273662938528833541
1273675431124893696
1273691618126843904
1273708898873114627
1273742541360422913
1273747317842219008
1273427712095354880
1273581170945675264
1273652269788127232
1273672093574615040
1273680258995281922
1273681041769795585
1273681213534978051
1273719022694076416
1273728109750206474
1273735999865135105
1273742284677210112
1273744802320805888
1273751318067400706
1273408817305354240
1273428515317329920
1273532928342077446
1273533306315907074
1273591792810811398
1273618279542730767
1273642676286562312
1273659080918302722
1273665153809121282
1273669314764312576
1273671820147736582
1273697767379161088
1273702605374586881
1273703049660370950
1273708053137960961
1273736312198176773
1273737253915774976
1273751288182976512
1273629328056766465
1273644137653256199
1273670936907087872
1273702561611223040
1273750223941181446
1273642269485289472
1273650429562253317
1273663803834748931
1273665957022621701
1273740983365185537
1273752192957235200
1273457911616790531
1273599577367740418
1273659612986773505
1273663741767421953
1273692012730961920
1273723608465096706
1273727829683953664
1273735091479621633
1273522027509567488
1273642525958516739
1273643083410952196
1273646068354502659
1273652502894960640
1273652940855705602
1273663584929751043
1273672810959904769
1273675844112842754
1273677672040861698
1273692094612340736
1273737072050872325
1273739106418384897
1273740879019286528
1273741732132380672
1273756354973401089
1273551424618729474
1273566056137793541
1273576664069439488
1273599476477894656
1273633661762572288
1273657775051157504
1273684502376783874
1273687233921499137
1273688497069703169
1273689460589428740
1273698279193280514
1273700901807624192
1273716238141853696
1273737641826156545
1273742411605381126
1273747059036827648
1273569626144878599
1273647183926112256
1273659872874299393
1273662261446553607
1273669305532583938
1273677445728817155
1273682043143102469
1273686396931366914
1273702667198574592
1273707799592255490
1273714785977327620
1273722080840888321
1273727587236433921
1273736960734101506
1273746169924145159
1273493200980885506
1273507692695486464
1273545139571642375
1273592392105558016
1273602286187679746
1273656354889248771
1273670518252744707
1273676365653577733
1273682777309880320
1273700566846275585
1273703285703262208
1273708187758342148
1273739844678758407
1273754933758697474
1273483443121328128
1273517982929399809
1273533147343437824
1273535763200839681
1273557310858760192
1273575864500969472
1273657537158668290
1273664787323420672
1273675336706928644
1273737981656956928
1273747344161411078
1273752099071778816
1273752197705216000
1273560917935116293
1273641055490052101
1273646582035030017
1273653294322405376
1273692694372589568
1273695570872471552
1273742433239646210
1273755331559129088
1273585885217513473
1273627540079468546
1273641626628509697
1273645048832368642
1273648065145180166
1273654513573023746
1273658980456443904
1273721879098990592
1273735914485882886
1273756206033768451
1273529683976609793
1273568993807265793
1273595582972657665
1273653534152699905
1273654204134014978
1273657505701408779
1273668710251847680
1273675342931210242
1273679181033943047
1273692915081138176
1273701725669556225
1273704629298253825
1273707053316370433
1273734444101271553
1273736927037075459
1273748185228468226
1273558357710946309
1273567465071616001
1273594008569339906
1273607737319063552
1273646657922629634
1273646661269504000
1273655447841648641
1273665160608169984
1273674657334546433
1273676855069966336
1273687508950409218
1273695727890378752
1273705868559814656
1273731594562473986
1273736134254870530
1273745762523009024
1273618163209469954
1273640382195273731
1273652803442036736
1273654290272452609
1273665528754823173
1273669305213673474
1273670289054937088
1273675958260826113
1273676739617722369
1273678810119053314
1273688502350360576
1273694469506940934
1273704535706365953
1273729251066421250
1273732872218775555
1273737389295513600
1273738432859254792
1273745385895407624
1273748998327803909
1273750382905262081
1273513196788334592
1273556306989854726
1273600512911462401
1273602479905804290
1273648765145100290
1273658636473176067
1273673958378942474
1273675403954130946
1273679432952295425
1273684402942275584
1273689863657848835
1273691920913620997
1273694726831644672
1273699337642655752
1273701652160221184
1273705199870361602
1273710909421236231
1273711323176751108
1273724163115622400
1273726268408766472
1273727290292219909
1273735100451217408
1273738243712770049
1273742187700903941
1273752354181877765
1273553587055013888
1273581682956939264
1273665454297538562
1273673448154370054
1273673536754847744
1273676985399681027
1273680508875157504
1273691677975285760
1273698244376137729
1273703396416126982
1273709286481432576
1273709615038050309
1273713232142905348
1273722219521290245
1273739303911333900
1273742378873094145
1273745739101999105
1273756127138926594
1273529912352280576
1273545967275556866
1273553719511007232
1273585922513219586
1273642926372007938
1273651984806150144
1273669193225904129
1273675215063711744
1273679904316567552
1273680676324356097
1273702131825029120
1273706738378838021
1273714741018591232
1273735956982620161
1273737638294335488
1273739264715522052
1273587246818643971
1273605069368438784
1273621488785141760
1273626444627935234
1273641266425868288
1273646492516077574
1273651388506083328
1273658348404080642
1273661895275397120
1273668397050585089
1273668709987516416
1273669252944482307
1273671820130938881
1273673790032134145
1273679621595303936
1273690458506567682
1273702484566052871
1273736928144363520
1273739421813297153
1273739536384897025
1273742175482908672
1273747586810286081
1273748216920576001
1273748436161101824
1273749101834690561
1273753502326706183
1273755632877756416
1273755931499732992
1273413783004811264
1273425070850035713
1273532570228097024
1273536159394811904
1273545543453683719
1273549622267518979
1273590904499077122
1273594290225270785
1273599432798470144
1273619729324945408
1273633252943765504
1273647367464632321
1273654083275100160
1273657586374660097
1273673958924210181
1273687497290153984
1273690735364145152
1273691959740321794
1273697977891241984
1273710827049111554
1273716675532271621
1273728479138394116
1273734882267668487
1273735821783371776
1273737813826174978
1273739791662710784
1273750388009820161
1273751166766272517
1273752350872817666
1273430703229861888
1273443124753453057
1273521889663758336
1273539660921348097
1273603144665182209
1273632104610439168
1273638248246587396
1273646024813416453
1273649480169127938
1273659828913819649
1273664768549834752
1273665342347399169
1273673251189817347
1273679247538880512
1273683055484510208
1273685369448468483
1273688179363713031
1273690460951887876
1273692014962331649
1273698348063690753
1273706087452155907
1273706517913575424
1273709514739589123
1273722501038817285
1273723410275692545
1273729634136477698
1273730450113155072
1273739199980679170
1273739318687907841
1273744800831791106
1273749728455462913
1273749854137745408
1273750353280995329
1273756846684352512
1273518380251742209
1273526315044519938
1273533785909444612
1273543683783168001
1273556634644762624
1273559082050428933
1273581985076850688
1273593450466861057
1273602843027607552
1273650429377892352
1273654205790793731
1273654617591681026
1273655994644561922
1273656563941756931
1273658770112086016
1273660855964651526
1273661513048489985
1273663164538851333
1273663263696228354
1273664300289327109
1273665137010933760
1273669304869744640
1273672044882857984
1273674023419904006
1273678251014176775
1273694737996877826
1273701888668635136
1273711047782916096
1273711350766882821
1273712228408217600
1273713195199475727
1273714602619088901
1273724778063560704
1273726693337968642
1273729085819232258
1273729762893103104
1273730093593042947
1273734444302696450
1273737175511826433
1273741317886152710
1273742501384458240
1273744801377247233
1273748575906721792
1273751514474037250
1273753926895108097
1273754551292739585
1273755398810546178
1273756628848787456
1273409180779626496
1273539904346247168
1273563608274759681
1273582325520048128
1273583933591113729
1273595059691118592
1273612986305970179
1273646585637933058
1273647600684728327
1273654205979361283
1273654206168068097
1273654799234465792
1273657842868858880
1273658290925449223
1273676591382528001
1273676614610583558
1273678355523678208
1273679505169747969
1273684592579563520
1273685870500024322
1273689883660423168
1273691957416452096
1273692102740905991
1273694939902328832
1273722945848909824
1273727232146657282
1273732605628887042
1273737022381928450
1273739322362134531
1273741698418520065
1273742284379619328
1273744775833935872
1273744778094665728
1273746511315316736
1273747188401782787
1273748357983408129
1273752401770614786
1273472444267933696
1273509759845568513
1273529009381543937
1273543012195450881
1273543490111180801
1273562425518940162
1273571690564464640
1273597405963968513
1273603065959120903
1273612961798635523
1273620447406575616
1273632732220985344
1273645193187729408
1273646085966376961
1273651786973413378
1273651817142980608
1273655790759489536
1273659984761565190
1273661897234157568
1273676972242153481
1273681507404648448
1273686489570910210
1273696653552291843
1273696928728059906
1273702880147636224
1273705374508605441
1273705743775121409
1273708106875146241
1273709669782032384
1273709694973095945
1273710271492751362
1273714401535832084
1273714602967105536
1273714758462648321
1273715826466656260
1273722221647847424
1273727184998449159
1273736399297150977
1273739307182850048
1273743148238475264
1273745314084724743
1273750426559614984
1273752346208714759
1273752901161308161
1273435394475003904
1273461694702989312
1273495886237179904
1273564812153434118
1273572142463025152
1273625903776641029
1273641887858130944
1273644417748959235
1273644713107734534
1273647912963026944
1273654204209360897
1273654468920344577
1273656555209142272
1273656873636462593
1273657978915348481
1273659748202819584
1273661755814625282
1273673546351476737
1273675138198888450
1273684069906354176
1273685147280379906
1273685619156402176
1273689231320387584
1273689866950324231
1273692221003444226
1273694469150236672
1273704012638978049
1273705038800654337
1273705131385720832
1273705779711881217
1273707052494397440
1273710385548472326
1273716072408121350
1273717121843789824
1273718014765137920
1273719500207206404
1273720910768418824
1273725182557982723
1273730569948585989
1273737305627537409
1273738508579098629
1273739449768312834
1273739911628292100
1273740629382750208
1273741466091782145
1273741540662394881
1273742979786833920
1273745149395337216
1273748090407837696
1273749220869079042
1273750273001996290
1273753602235027457
1273756982042939393
1273757613155586051
1273445876548210688
1273467797583081473
1273480712805548033
1273526617021788161
1273538719476330498
1273539016026140672
1273540663682961410
1273560063538532352
1273573995523321857
1273578432560082944
1273593578741272576
1273597118813548544
1273607276725665797
1273608906523246593
1273638986620248070
1273643876075606021
1273644696607371266
1273645502609928193
1273646486077812738
1273651176022642689
1273651449264779269
1273652548063412225
1273658539630829568
1273661497986736129
1273662418967822336
1273663857693777920
1273664445563142144
1273667942190907392
1273671553419444226
1273676692419215362
1273677254414028804
1273680628609773568
1273690470326194181
1273700908208193547
1273702267770765318
1273702389527252993
1273702981309956099
1273710075438411787
1273710685634146307
1273711525136674828
1273714673045721090
1273718144054562816
1273724372289814528
1273726316190236683
1273728161944133632
1273733140541050880
1273736231243919362
1273736910154891267
1273738091401039873
1273740194685075457
1273740250049908740
1273741574518853634
1273742284341813248
1273743406133542913
1273744639636525056
1273745739798241283
1273746828408864768
1273747364549922822
1273748737362472962
1273749304113598464
1273749629381881857
1273752184166010880
1273752354886565888
1273752843917438977
1273755829980856321
1273756283615748098
1273757397820084224
1273511069630246912
1273518160914890753
1273522196703404033
1273552589771149312
1273556484241195009
1273563827725053953
1273569046362021888
1273572580612624384
1273592116988567559
1273600729886883841
1273608710854782976
1273624005874982912
1273643243717214208
1273645715718393858
1273651915692412928
1273653317252648961
1273654121946656771
1273655924352221184
1273656720741380097
1273657086543646720
1273663017830559744
1273664993507127296
1273667423326085120
1273672853502734338
1273674549188591616
1273675512896991232
1273676856181624834
1273678262720516096
1273679751832637440
1273684519556612096
1273699200086298630
1273703197601914881
1273704681743757313
1273706113435918336
1273712070551384076
1273719875815571456
1273722151716052992
1273723228234620929
1273724420713058305
1273726852612399104
1273728251018477579
1273728427930062849
1273734979978174464
1273735084923904001
1273737722818187265
1273738769695375362
1273739070582251520
1273739607893573633
1273742284371132417
1273743183730683905
1273743568163811332
1273744408190558215
1273744506077286400
1273745524198440961
1273745572080517122
1273745838225817600
1273745945390391304
1273746301012922368
1273746783076782085
1273746783571673089
1273747544154267656
1273747929036206084
1273748067544715264
1273748942828830720
1273751322001637379
1273751838693654530
1273446552145588226
1273461608031887361
1273463599692804098
1273496827405443077
1273500692364136449
1273517302106009601
1273521734021459968
1273521749062189057
1273526287299215362
1273541736376213504
1273548661788749824
1273552034331938816
1273553727446814727
1273557104541007872
1273557337526149121
1273584678050684928
1273597085158273025
1273607663604191232
1273641600212664321
1273641725890871297
1273646126671986694
1273647633878470670
1273649154703712263
1273650791673401346
1273652062060937216
1273654073020088326
1273655035587710976
1273655150956199936
1273658605007441925
1273659173327298560
1273665244733284354
1273667826969120768
1273669731216695296
1273670494223503366
1273671975844622337
1273672164227547137
1273673835519377414
1273674337497673728
1273681826352189441
1273683670243651585
1273685808835420161
1273687889558331393
1273688820366671872
1273689679196553216
1273695400613027840
1273696326874775552
1273702501464801280
1273706308630446081
1273707054646132736
1273708307161788430
1273709204801564684
1273709267854536713
1273709415078780930
1273709672348999685
1273709881019838471
1273717596584644611
1273719404623167490
1273720650541207553
1273720893328560131
1273722569405927430
1273725926774378498
1273726863857328131
1273731038032859142
1273732517582065664
1273735230621351936
1273736147752058881
1273736304191250432
1273736665983565824
1273736867452719104
1273736879263944704
