1311645355457605633
1311555684618702850
1311646547101339648
1311499458329432064
1311456502721449985
1311577771970187264
1311629464128966658
1311544777381470208
1311462243134066688
1311557062762156033
1311585101638139904
1311712681251016706
1311628671166427136
1311798195324887041
1311593108937814017
1311606333364465664
1311463291563241474
1311584164399976448
1311629593720360967
1311496528909959168
1311589587039531008
1311615156921737216
1311533518531555328
1311497591776063488
1311476603860529152
1311620930066681857
1311564306782314497
1311605873211514880
1311630447886114816
1311571578283528194
1311644573605789698
1311628064934117376
1311584170905415680
1311474839245512704
1311602549426999296
1311460583053512704
1311631202089086976
1311614153392640000
1311557187169288192
1311728348754837505
1311742683640213505
1311585024387551237
1311568031991160832
1311574684790644737
1311623051558166530
1311467896560902146
1311555099202813952
1311570362593955840
1311463883698245632
1311500929456365574
1311619122355220487
1311566715730440194
1311578154084032512
1311600471229059072
1311643282011828224
1311644748181131264
1311493511712305152
1311746888081825793
1311768102166827010
1311499146868731904
1311486014288990210
1311571109645619201
1311621631794610180
1311636966887301120
1311645525599547398
1311566835993718785
1311795528284409857
1311571982618521601
1311606476222455811
1311459167253733376
1311501198000783366
1311485989874003969
1311577877624819713
1311720334886871040
1311461201541464065
1311469255532175360
1311470891642040320
1311540821812969472
1311566728904704000
1311508636384911363
1311533517336129537
1311590086430130176
1311599090082471937
1311611838556184576
1311644533965443076
1311552279267495936
1311600579119063040
1311614924481802240
1311637639544672256
1311476424147038210
1311798872033951745
1311570133681397760
1311606810906853376
1311458923434708992
1311498067779227648
1311601776190197760
1311609670461722634
1311473728212144128
1311493304320655360
1311564361199222786
1311618148429451264
1311627387323510785
1311466808872968193
1311493093808640005
1311564984065945601
1311798557133934592
1311625709639606273
1311492446275002368
1311553955122606081
1311614333793628160
1311687809871286277
1311473878385020929
1311490841471483905
1311555835596877825
1311584632815661056
1311596730018942976
1311757782765502465
1311508636422766592
1311571775457767430
1311629219718475776
1311455788200845314
1311523736420601862
1311568878800179200
1311626537796595715
1311463377248686082
1311516186878844929
1311559062656634881
1311570292662325248
1311614243175829505
1311625824328708098
1311557630586953729
1311589167130800128
1311619044018135040
1311456856196493314
1311515593510653952
1311586895768563712
1311621632339963910
1311726321085579271
1311459905530925056
1311555587512115200
1311793513474916355
1311616621656657920
1311564865128071168
1311580372455567360
1311589395544317958
1311613491967655936
1311694762194489346
1311459388952117256
1311462446373236737
1311496018811289600
1311589067713318914
1311606276892364801
1311797653789962241
1311516468757102592
1311586360449470464
1311614037235564549
1311633173902774274
1311675513048571905
1311470937758408711
1311504270521520128
1311557430350811136
1311590559312752645
1311718433621409792
1311794646528397313
1311796001242570754
1311513964023549952
1311548639798538240
1311596161778802688
1311604044067110913
1311630175944278019
1311644821447151619
1311471161587499008
1311550498965782528
1311575092762226688
1311601455191777281
1311602252742905856
1311603650100420608
1311630336263061504
1311496053368160257
1311527226941353985
1311586016281714690
1311610933576376321
1311617439587872770
1311727663845957632
1311469638899970049
1311470892069777408
1311488816809570304
1311522477638447104
1311593628138196993
1311618459965558785
1311636067146227713
1311741992175534089
1311749748563546112
1311800570064318464
1311463215570841600
1311464002053169153
1311494291504738306
1311560233584599040
1311576586668441600
1311601749938114561
1311627820964229125
1311631247882563590
1311631541152423939
1311636184226033664
1311636966614671360
1311753593754718214
1311803738802225159
1311458525776957441
1311485897125363712
1311564037910560768
1311585376172224514
1311591940991918080
1311600456574042112
1311607936624492547
1311609425044611074
1311609518082666497
1311455916697554944
1311457046806618112
1311470095219261442
1311541745512046592
1311554577012068352
1311591434139701248
1311595054729961474
1311596388220891136
1311634335347494913
1311723661708201985
1311725392760365056
1311467429776818177
1311473404319420416
1311482435260084225
1311488503721517056
1311501109278773249
1311518774714085376
1311565845068472320
1311569878508359680
1311578133603274752
1311579906166476800
1311606101977292800
1311632441447256064
1311638296154513408
1311641571251695617
1311645332632219648
1311745006072467456
1311802589076357120
1311455795343695874
1311459048622039040
1311464032528990208
1311465488258666500
1311494795357941760
1311513496660717568
1311536115539759105
1311553955051253760
1311574067460419585
1311593426836770816
1311620485374005249
1311630230491103232
1311631949245673473
1311641132980412418
1311716135818190853
1311467358435913728
1311470887627964417
1311488847658782720
1311529067108331521
1311550395056041985
1311553911459917824
1311556710046281728
1311585201521340418
1311587716367355904
1311602216244043777
1311608597852422149
1311639053431762945
1311642809192067076
1311648076289933319
1311655413209804800
1311470902111096832
1311485987130945541
1311489238970621953
1311508414770679809
1311556291144421376
1311560243311185921
1311567776033595393
1311569957982007296
1311572787790778368
1311582188916350977
1311597862237724673
1311598374060261376
1311616651742400512
1311643589802373121
1311791606098530305
1311455921915088896
1311456044229554178
1311461213830819842
1311465854450585601
1311468246332252160
1311469405289746434
1311471498276806657
1311478079664070656
1311486465998811138
1311489016055824384
1311528676501131264
1311536832795086850
1311545120823611392
1311546388048605184
1311546459267969025
1311560976630767619
1311561485445988354
1311562604574371840
1311570981908090880
1311599233997266945
1311600097965281282
1311607222741405701
1311612085642629120
1311615288316760070
1311618108436680704
1311622509536698368
1311624999195860997
1311629283341852673
1311727802287300608
1311457598277857283
1311461077197221893
1311475294767853569
1311480981153406978
1311491020392071168
1311516186656550912
1311522701207629824
1311522784913301505
1311531572668006402
1311546524283801600
1311550160057454592
1311564001290133506
1311572842471985154
1311576979016241152
1311586212394815488
1311589410144686081
1311620718581473286
1311620880334757889
1311620917307432960
1311622436429930496
1311622791519768583
1311624707591024645
1311636823651880962
1311643271245058048
1311797869792301056
1311803175700176897
1311457957863976966
1311462463200727040
1311463230607372291
1311469638895767552
1311470647063633920
1311475617771278336
1311481248649547777
1311482044489363457
1311482489689591808
1311494800311554048
1311496565333393408
1311501087375986696
1311541085764759552
1311548920980439046
1311565259547836423
1311568338343034880
1311572083575533575
1311582443858800642
1311584135257890816
1311586087144480768
1311587439031582725
1311591683516231681
1311591886092726272
1311596106741092353
1311610496366391298
1311614333760266242
1311615147245436929
1311615331849457664
1311618108042342400
1311623966189121537
1311628135557926912
1311636507053223937
1311741505472733184
1311785383374532608
1311794497626480642
1311456913889124352
1311476547602219010
1311479590351765505
1311484063782498305
1311493798397173761
1311495556779380737
1311535853529968641
1311540885675487232
1311551607063097344
1311557709704167424
1311558648058064899
1311558943475404805
1311575663225327616
1311584133743865857
1311590042243129345
1311595458591105024
1311595643912310784
1311596860390494210
1311601031525076994
1311604080196956160
1311606179571871745
1311608757626056704
1311617131260379136
1311620455313399808
1311621153803378688
1311628810522169345
1311629684665315328
1311629729787764737
1311637307334811649
1311638694093299716
1311644088970682368
1311671426253041666
1311675145279471623
1311729758452019200
1311744712609591309
1311752956627365888
1311771552006975495
1311799378353573891
1311808088056500226
1311808353845284872
1311455964550266881
1311460842978840576
1311463285489840128
1311463350027669511
1311475431347048455
1311477395140927489
1311480116653051904
1311482378011979777
1311485878167101446
1311487702705999872
1311493222892527618
1311542610205396992
1311551257727971328
1311552004343443456
1311553934733897728
1311558968032915457
1311560407941869570
1311565007952343041
1311566080012410883
1311568633508888581
1311570169689518080
1311570261154639872
1311572809236115456
1311576584369975296
1311578162183237633
1311580358916403200
1311580362385088512
1311580886593343490
1311585414453645312
1311587407033249794
1311591092433948673
1311592389535039488
1311595645048938496
1311597970081624064
1311598614670651392
1311602254231883777
1311603008581509120
1311603345174523912
1311604221507182592
1311604697837588481
1311606787913768960
1311614080030044163
1311619060040433664
1311622647000768514
1311626664141447168
1311717789854560256
1311749016041009152
1311793340069949441
1311794311948763136
1311800559943516162
1311803026248736770
1311804375615123458
1311808109757693952
1311458814525345798
1311458922662899714
1311459942646329345
1311460326706221056
1311461666425634823
1311463338128310273
1311465835140190209
1311467876784758786
1311470891725979648
1311475640978341890
1311475972428967942
1311477787304308736
1311477840366497795
1311489511097094152
1311494492088922112
1311496053414223872
1311498461905391616
1311509521077080065
1311531558675808262
1311535041537810434
1311537577124487168
1311537579557376001
1311537581264441345
1311537752886968320
1311542610310332418
1311546459561562113
1311560474002182146
1311572639610146816
1311576589214380037
1311576591953059840
1311576641429286914
1311576980731711488
1311577427773194240
1311578439963611137
1311584751128588288
1311585390525120513
1311586186834644992
1311587735514370048
1311591683977629697
1311596437017251841
1311599114627547136
1311604266499559424
1311605041841799169
1311606450746163200
1311606829953228801
1311608042056749056
1311610839498190848
1311614165388328962
1311619370183987200
1311626332531556352
1311631176780713984
1311631412982935552
1311637894621286400
1311639253173112834
1311640771121033216
1311641748314222594
1311704931569676289
1311734005969158146
1311744720792621063
1311748913725087747
1311803104032108546
1311808109669621760
1311808580526505991
1311808782641623046
1311455794018185216
1311457487330181120
1311458321602412544
1311458610560610304
1311459924480794624
1311461195849887744
1311463633579319296
1311464570393956353
1311468476729634817
1311468670611267586
1311470888563351554
1311473441451773952
1311475233224888321
1311476449078108161
1311483205179105280
1311485190620020737
1311485987885912064
1311486033524076545
1311489749358718977
1311491188495654912
1311496175862784000
1311496969320366080
1311502803362349056
1311508637337161728
1311517766751588352
1311519665538170880
1311519679073091584
1311531373119893504
1311533622080483337
1311535548234952705
1311537641331085313
1311542230394564608
1311542576135180291
1311545827714834432
1311551410115432449
1311556457683447808
1311556745391636485
1311580429179387904
1311584227960524800
1311590172128169985
1311590260661518336
1311592997226766336
1311597251630895111
1311604106998546432
1311604354458288128
1311605447242252288
1311605524882886658
1311605971978944512
1311607634777313280
1311610672787197953
1311612952332636162
1311613326300983296
1311613767881547777
1311614771221983234
1311617855956414465
1311617955701166080
1311619814738276352
1311620554735194112
1311620924186267649
1311621162934378498
1311621884979613696
1311622460379402248
1311622497217974277
1311623329460224002
1311624399603331073
1311628792557903872
1311629611952939017
1311629862529052672
1311629902257549312
1311630086832091136
1311630214427009024
1311631166060011520
1311631482671239168
1311631757498888194
1311633207599661062
1311635050111393792
1311635309256417281
1311637461940961282
1311637606497693696
1311638473380634624
1311640998972358656
1311702853031952392
1311723579361447936
1311729290367696898
1311793025094385669
1311795034535190533
1311795668974006273
1311803265454149636
1311804436033961984
1311809574752706561
1311456431254757378
1311456656526585857
1311458197908131846
1311458284273119233
1311461579595145218
1311462417696804867
1311462486546231296
1311462725516767232
1311462981256065024
1311463108423057409
1311463338694631426
1311469468535717894
1311470734586372096
1311471304265039872
1311471508301197315
1311475193999749120
1311475701430841346
1311475880049414144
1311475988077916160
1311480277936623616
1311482190010757121
1311482407053340673
1311483225907265538
1311483708197621760
1311485750857195520
1311486626263183366
1311489116681515009
1311492059170308096
1311497633102430209
1311498611734216704
1311504862056779778
1311519715882405889
1311522262529519617
1311536670521556994
1311537237226672129
1311538247001137152
1311543211333234688
1311545483802947586
1311549980361007105
1311551754404847617
1311552182576123906
1311553935115603968
1311556168553320448
1311558968007888898
1311560773181865987
1311566950368194563
1311567859529773056
1311573007282958337
1311573266927161344
1311576361488781314
1311578621924999168
1311583030838992896
1311583275115261952
1311583862951219201
1311584232410677254
1311586101543555072
1311586846208651264
1311587642421784576
1311588134128320513
1311589180783329280
1311594200295759872
1311594215873425408
1311594440323215360
1311596839502831616
1311598732446756864
1311599574520344577
1311600491852259328
1311601750051176450
1311604249017679873
1311604252096237569
1311604266528911360
1311607164042174466
1311608010276515841
1311613516009308160
1311613710767722496
1311616245175857152
1311617047126839298
1311622690747428865
1311624616666775557
1311625871560790018
1311629764327813123
1311629849824555009
1311630006502780938
1311630145967591424
1311630456232841216
1311632480525582343
1311633207226441728
1311634465609838594
1311640757288275968
1311642015327645696
1311642390780874752
1311642491142234113
1311643852525252608
1311644464734261255
1311652078545235969
1311670126610178048
1311672739875491843
1311722635752022024
1311729439919800320
1311730968047357952
1311736600490110977
1311758083656384512
1311784394047328257
1311799386360475649
1311802409451163649
1311805337561833473
1311455791430459393
1311456456311541761
1311457521182408711
1311459783761891328
1311460358364762113
1311460624036134914
1311461856356245504
1311462007724552195
1311462818949017600
1311462990525407237
1311463454511947784
1311463589459431429
1311464357772099585
1311466757970964481
1311467574773706752
1311467895562670082
1311467993889755136
1311469264419913729
1311469589251985410
1311471708067565570
1311471778426953728
1311472425821929474
1311472996910067713
1311475920704688128
1311477012926734337
1311478495097348096
1311480031982608386
1311480092699303942
1311480162496712704
1311480580027056129
1311480861431394306
1311480954050011136
1311482212244688896
1311483738136735744
1311483831300440064
1311484235056910336
1311485989009973249
1311485989735587842
1311485989957767169
1311486769536413701
1311486820417404928
1311486917649760257
1311489531921805312
1311491126189330432
1311491891842748416
1311494495477915648
1311494657461891078
1311495742088007681
1311497628824281088
1311498993202061312
1311499159481057287
1311499532119748609
1311506199280594944
1311507641068183553
1311508241701052417
1311518948014403585
1311523735707541509
1311527467241398273
1311528611833360385
1311530047342338048
1311537938933649409
1311538988608565248
1311540752586027008
1311543291939155968
1311544646401691648
1311545444187754497
1311546288635285505
1311547919229689856
1311550335010430976
1311553039023648769
1311558576687767552
1311560127871422464
1311561484695203841
1311561486968541184
1311561489174601730
1311563818523336704
1311564772165459968
1311566936480845829
1311569670999289856
1311570769923760130
1311572181068001292
1311572622401056768
1311572994859433992
1311574618612944898
1311576005551755268
1311576264726253568
1311577591107653632
1311577750680080385
1311580548809269254
1311581617454948352
1311584524879396865
1311587191605297152
1311588141887877122
1311588315976601600
1311588417810169856
1311589167172775937
1311590702799900672
1311591739459764224
1311593382486175753
1311593978891046912
1311594880016281600
1311595479638179840
1311595539067265024
1311597746109984768
1311598226567499776
1311598868539285507
1311599233263263744
1311599288221224966
1311600643996516352
1311601749929586688
1311604196177776640
1311604221297524742
1311605647012761606
1311606786680446976
1311606788316368896
1311607763232063491
1311608015615864832
1311610204908331009
1311611063918637056
1311613509634076672
1311613991249227776
1311614332833275904
1311614767921061888
1311615767138443265
1311615845282590720
1311615913087635456
1311617542658691073
1311618175319126016
1311618219703230466
1311618366340296704
1311619304287350785
1311619511213326336
1311622531191898116
1311623380660088839
1311624730449981440
1311625526457622533
1311625638361665539
1311626333177491456
1311626951711436802
1311629399217799169
1311629809752121346
1311630324695216131
1311630535786213377
1311630775943602177
1311631511003766784
1311631670357954561
1311633420473303040
1311633867657416704
1311634591317450752
1311634793067679744
1311635679294693379
1311636893990350849
1311637414771912706
1311640225534349312
1311640786291904512
1311643963355525121
1311644607424364547
1311646881026650112
1311678550668439553
1311712568399015936
1311736962886270977
1311754003420778496
1311759932606353408
1311790375795920902
1311798674284929025
1311798708128931841
1311799956320276486
1311800560102920194
1311801919342546944
1311808110017699841
1311808651619958792
1311809160326111232
1311809732458557442
1311455875975065602
1311456275612475392
1311456334181793798
1311456454512177153
1311456626092781583
1311456815838887936
1311456824122634241
1311456869198827522
1311456877155430400
1311457608168091648
1311457936489627649
1311458226815332360
1311459029391151105
1311459404659732481
1311459499895648257
1311460097600692224
1311460125320904704
1311460158250328066
1311460180094267392
1311460531061116929
1311461013666123776
1311461088853209088
1311462149785636864
1311462297995546624
1311462676032258048
1311462838985199616
1311463356214243330
1311463493565022209
1311463563886768128
1311463762210230272
1311464089584054273
1311464298133192704
1311465057918820352
1311465107642290176
1311465337762742274
1311465357396373510
1311465636040671232
1311465901288574988
1311466124018675712
1311466779676422144
1311466857342423040
1311467601512534018
1311468067369766913
1311469385639436291
1311469470410584065
1311469577054945280
1311470703628226562
1311470848084238336
1311471043341684738
1311471261302886402
1311471503695896576
1311472128592687106
1311472149270593537
1311472585767636996
1311472846003208192
1311473100232568832
1311473259934814208
1311473326070681600
1311473658167283712
1311473694984802304
1311473780099895296
1311473794821701632
1311473919329800194
1311474704910348288
1311475232427958277
1311476442933403649
1311476973470973955
1311477571658354688
1311477645612376064
1311478229463699456
1311478437664583680
1311478507558629378
1311478911717511168
1311478944269578240
1311479075530248203
1311480178971996161
1311480438515544064
1311480458350190592
1311480468110540802
1311481001357565954
1311481057879961600
1311481842802003968
1311481906677067778
1311481978227765248
1311482503757209607
1311483265702912006
1311485461412679681
1311485770436358145
1311485982647123970
1311486788280692741
1311486863513919490
1311487272886337537
1311487305971118085
1311487330587475968
1311487479632011264
