1244688560751607809
1244688060220137473
1244695618368528384
1244742752765706241
1244727215482376192
1244551798695870464
1244625909052772355
1244741489776885762
1244570431715237888
1244587221434449921
1244723987382439936
1244745709519343618
1244522720378916865
1244741916840902659
1244506785421156353
1244692966586843144
1244604331074215936
1244722723353477126
1244572285169815552
1244745152238886912
1244630923058073601
1244572857562169344
1244629021096325130
1244557004477210625
1244570055091916800
1244729220313612288
1244746363742621696
1244688699570487296
1244722901112233986
1244725209174851584
1244688138095771650
1244709343519522816
1244620144711815168
1244549696154189824
1244688358548406276
1244692325105840129
1244743087890595840
1244661734301995008
1244722627257577473
1244550340483207168
1244688934904516608
1244716214695407621
1244754303564369923
1244745041723166720
1244700024065462276
1244677078395629570
1244698338529861635
1244637188266102785
1244679130182037516
1244737085216624640
1244742343556767744
1244690608599576577
1244745223315521536
1244678249743032322
1244732603640557569
1244689012301926401
1244743283793895431
1244725836239994882
1244732865503518725
1244566844004077569
1244692042372038668
1244532553601540097
1244647453699084290
1244728605877420033
1244647371218264064
1244698559481548801
1244733476680728576
1244729994527588358
1244673305887625218
1244724894824366081
1244610916706115584
1244673190137339908
1244575969287065664
1244691410344910849
1244744781084995590
1244727898407346180
1244696424270516225
1244685829135425538
1244765887346946050
1244758841478328327
1244728345717325829
1244743482432000002
1244760426262474757
1244762281642262529
1244750265166843910
1244671554581082114
1244742897565646851
1244491605836541952
1244731116373843970
1244739175586332675
1244766640610443265
1244736601625853952
1244763143533768704
1244728741181509632
1244753266044547073
1244585757488091136
1244615428330131457
1244754214393450503
1244750029186891778
1244687471771824129
1244700653273911296
1244689037421621248
1244688983747108871
1244732890656772107
1244617250830798848
1244721342412394497
1244731655228702720
1244754988267483136
1244752765122904066
1244736523548930058
1244705667367284738
1244711023455731720
1244736985073410048
1244628916855283712
1244691086636994561
1244760082207903744
1244674923718729731
1244594897379831808
1244741429085249536
1244742794167664643
1244747910983618566
1244619971499642880
1244709500529115138
1244726360293212162
1244542169765085184
1244728228423577602
1244762948087750656
1244693228202450947
1244695835755057153
1244719540262535168
1244746222167965696
1244722920481570816
1244706795920244746
1244710558026420225
1244744544794656768
1244598842303152128
1244689745499824135
1244728376193175554
1244751330322849793
1244722367290658817
1244738751277993986
1244728598629621761
1244764292173508610
1244764694428160000
1244684536392421379
1244685979484553217
1244720076777050112
1244729086100090880
1244741631334658048
1244734504222285824
1244552282890518529
1244692496204128256
1244700406548180993
1244703679703384064
1244739461642100739
1244728850552164354
1244741082186989568
1244755228995596290
1244726737029804032
1244676431789133824
1244689810293510145
1244748445220573189
1244713906729353217
1244632194087358464
1244727930057605120
1244735097603010567
1244740028410089474
1244698496638291969
1244702168847876097
1244660256254439426
1244679465323696128
1244682749572714503
1244706124156342272
1244726852935090176
1244761855798784004
1244761374921764865
1244681398704910339
1244723855773577217
1244689494835638273
1244617771473920001
1244730299860365312
1244532146649391105
1244712493819232261
1244671695664877569
1244674174314045440
1244722460290924546
1244742540730994688
1244741301381353473
1244746732187062275
1244663176014245890
1244742124073037826
1244719613272903680
1244735482308833282
1244753772728872960
1244713647450046466
1244585311377797120
1244663278556626945
1244743750112423937
1244695857435488260
1244738104088563715
1244541756558934017
1244682917592399873
1244726486084530176
1244743348470132737
1244734469141147648
1244589686271680514
1244742447260766208
1244753532328296456
1244757417776353280
1244543663264477185
1244689784464908288
1244724615550840832
1244725024252182534
1244696812667035649
1244447729981501440
1244693265162665985
1244728413493100546
1244734122112815105
1244723458887561218
1244741383832973314
1244700569400496129
1244718539522609153
1244723846122557445
1244588051935956992
1244520988013809664
1244711241643327489
1244732439005745154
1244737252447617024
1244573040148692992
1244738673347719168
1244745907062607873
1244685345628831746
1244685829269667841
1244688198925553666
1244680133111435266
1244723359369302017
1244640377396748288
1244686148557045762
1244687423243771905
1244716717147856896
1244719151597465602
1244726364814614535
1244732530135351301
1244647904700182530
1244678606640558083
1244714559686008833
1244723617763647496
1244733225475457025
1244763829311016960
1244659279694462976
1244679127300481024
1244718027360403456
1244725534975811586
1244592426183987202
1244692819308097537
1244696014277107714
1244743705514278912
1244750134077947904
1244600398360559622
1244711212815994880
1244716025922203652
1244736591765086210
1244750560928071680
1244729913258708992
1244740826707529729
1244756261918445569
1244708277188952065
1244723675204632577
1244727214794584066
1244727780681691145
1244734163044925440
1244743888163741696
1244675177373450240
1244680791004721158
1244691600560787456
1244721056138563587
1244729017393168385
1244702630447808518
1244727704143966208
1244736126369267714
1244538386569998338
1244726763500064769
1244746222134390784
1244753821995335681
1244761228456726534
1244673055378616320
1244721399773749248
1244723573375135744
1244741899514249216
1244744768661356550
1244709033040379905
1244764109087834112
1244672534374682624
1244697456161492993
1244741153557274624
1244756306298372096
1244571640664657920
1244726128838873095
1244738673121386502
1244745229447696385
1244559318638309376
1244591171386716163
1244674745347555328
1244682121521901570
1244689051048960000
1244695534037803008
1244703440057532418
1244713376779046917
1244722744496881666
1244726074161930241
1244733184845189121
1244743517030830080
1244751255026544640
1244756516059713541
1244761486620319746
1244761905102761992
1244763774894190593
1244560343176749057
1244673293325602816
1244728453070454784
1244732994977443841
1244677424534695938
1244705487117058055
1244709397466660866
1244761323654840321
1244579984708116480
1244673124567662594
1244701359431172098
1244709331502841863
1244717810225463298
1244732842841686025
1244739324287102980
1244753957303586817
1244563237502357505
1244632720401215489
1244700736048582662
1244737759832674305
1244575501479481344
1244753459620073472
1244554799317737473
1244670200286453761
1244690410917826563
1244691886746599424
1244726089383100416
1244729771717730319
1244731185961373698
1244740526651424768
1244742200858152961
1244532563265241089
1244708672338616327
1244716307800522752
1244730583403675653
1244735232089231360
1244679832652394496
1244731123546099715
1244736155750293504
1244762556272717826
1244687082569846784
1244688340470857732
1244710884934639623
1244723713360134146
1244730901210202112
1244733552534654982
1244748409426280450
1244765463302885376
1244463121273675781
1244651665216679937
1244675484199378946
1244691487121604609
1244726404069183488
1244732376179187727
1244593003567566848
1244673241089748992
1244675497218490370
1244720186667733001
1244724378128039936
1244737240334467078
1244743386571198467
1244748486215598080
1244748827896221696
1244751432995274752
1244594466096365579
1244683885230854151
1244690580715778048
1244692418806657031
1244700013822910466
1244705615609552898
1244715397619822592
1244743174532333570
1244745203413630976
1244664783095443457
1244685926233759745
1244722402224979968
1244727704144023563
1244728162115883009
1244728308736102412
1244754901005217792
1244496617983610882
1244602832633856002
1244709856088596482
1244722156719800323
1244726114909655040
1244726633749233664
1244734599747579904
1244736653694062597
1244737321636937730
1244746222151307265
1244760722116169735
1244761081756737536
1244601062901850112
1244705956614864896
1244655055053209603
1244675625488732161
1244676894307553281
1244697319846678535
1244741314559782915
1244744062109986816
1244746225640849408
1244757147948388352
1244520189003268096
1244674716725579776
1244678717219061762
1244682412849680385
1244723582816657413
1244748249430470660
1244761805039140864
1244541785722019840
1244551296943820800
1244676862854430725
1244722689434169344
1244746466658304004
1244757943070986241
1244762632340504577
1244577844505780225
1244674700355284994
1244683032805720065
1244689102596947970
1244725857878454275
1244732463999528960
1244742229266182144
1244758930703646728
1244683435425386499
1244726113584263168
1244738264826884096
1244756541661724677
1244761777809821696
1244652363350228992
1244674213073637381
1244698407366569984
1244708474052698114
1244719198980444165
1244735022424342533
1244745786837159936
1244748463411204098
1244759775679844354
1244762837358202884
1244672568541556737
1244677263674634241
1244740681203146752
1244743740813643776
1244532371619274752
1244585738592714752
1244596003497533440
1244665692424634371
1244678275932266496
1244683741492060160
1244708484987473922
1244728990344110082
1244731035939753985
1244740161755320320
1244754903823781893
1244755827682086912
1244760478376767488
1244558953083797505
1244609563615277056
1244616640454627329
1244669611070705664
1244706730291929088
1244710423171121154
1244716101709201411
1244717370897244162
1244721056083922946
1244723166947291140
1244730333616115716
1244763347762974725
1244763461424422919
1244468878085849088
1244517803979345925
1244526099406692353
1244615857608802304
1244668046205222913
1244682607721435137
1244691124335362049
1244701258297958401
1244706472069603329
1244723274803798016
1244730363617959936
1244730402993995777
1244733100766171138
1244734542419722241
1244741188709543936
1244759774513651712
1244760579585331201
1244761816242294789
1244764767170035712
1244609344878120960
1244646003208224768
1244668371158929415
1244680675623677952
1244703509548761090
1244711516504576002
1244728778523377666
1244730349659271169
1244733638949974016
1244734898012749826
1244746907043467266
1244764857288855555
1244766050480250881
1244581205523210243
1244607340277633024
1244676446750150656
1244687660423303170
1244688001420197890
1244694487529652232
1244709728170672129
1244722649177227264
1244726428219912194
1244728433940336642
1244739881701715969
1244745068998688768
1244764108433641474
1244414139805696011
1244686360813895687
1244686789878648832
1244690553725386753
1244709801906647042
1244711007953584134
1244723572611756034
1244725272135565312
1244744608543801345
1244753771550269442
1244756677339099142
1244761768783740932
1244763963935596546
1244567424327913472
1244590855668850688
1244691196720623622
1244696587466608642
1244700926826311680
1244708033994928129
1244719827241099267
1244726115803041795
1244729873949655041
1244736181885186050
1244740540341551105
1244743210926252033
1244745033418448897
1244747014295957505
1244756950862172160
1244761322128052225
1244761360665325577
1244509259343241216
1244673568149037060
1244677099375472644
1244681332313206784
1244691872641138688
1244699020200640512
1244699451161300997
1244716272153231362
1244724476614520839
1244725498049159175
1244735359998664705
1244739805793210368
1244752980919926786
1244757678708019201
1244766399282778117
1244517154017476608
1244541621816963072
1244567198900858880
1244627130266406912
1244637408215302148
1244674150121291781
1244679339146383368
1244681895981522944
1244704042112204808
1244705302416633857
1244711478021836808
1244712248096043009
1244717295903150081
1244727497087946753
1244732181563482118
1244742700785639424
1244742949625266178
1244743705380052993
1244754679705276417
1244756360878841857
1244762347966734336
1244765904241655824
1244675319656779778
1244681251862257670
1244685826350616576
1244688201886859264
1244692942301859840
1244695742138236928
1244696985891938305
1244703455723356162
1244709904675471360
1244714474826682368
1244726734295117824
1244730013863350276
1244733814221557761
1244745822924931078
1244747456270786562
1244543819917545473
1244586291892715521
1244602776681885696
1244627055939067905
1244693373715431424
1244695320161902593
1244712308783353857
1244719189673345030
1244722395237298180
1244726415439863810
1244732017733967872
1244734630407831558
1244735503347470337
1244737537286995969
1244738482486087681
1244741933366415364
1244745651583418370
1244746126802247681
1244750408721055744
1244761419272388615
1244763837993107456
1244765515630944257
1244550656209256448
1244645984950460422
1244665559863693312
1244676362625003520
1244676387623100417
1244678321801134085
1244679714733789185
1244681205976571905
1244696224940384256
1244714931443900417
1244722411481829379
1244723613711941633
1244731123759890432
1244737018288103424
1244738672882094080
1244740251362492416
1244743440245706754
1244758804840898560
1244519120131031042
1244597152770334720
1244631085557915649
1244679576028151815
1244698788469620737
1244702302818238467
1244705757410611205
1244718539543580673
1244722765778882568
1244723274438840322
1244724415700623361
1244728659002511361
1244731352123166720
1244738101634830340
1244738798837252096
1244752447068942336
1244762439775932419
1244764033669947394
1244765907613888514
1244519744142741504
1244571648394760193
1244595498603995136
1244617117191884800
1244685825406877696
1244687055805972482
1244695436797059072
1244709969708154888
1244726895817699328
1244728541037674496
1244730402243334146
1244730633210990592
1244730963466293252
1244733775600377861
1244734086863872000
1244738672127168512
1244738798690488323
1244741338492481543
1244744180460650496
1244746295425761280
1244752372754251777
1244753774578630659
1244758964962832385
1244761031030779904
1244596705129115650
1244674899202932738
1244691755410259969
1244697148618203142
1244708384772939779
1244709760840216576
1244710319802535936
1244714570452795392
1244716076660908032
1244717185760722947
1244723134768590848
1244723573941559296
1244723779026255873
1244724083872403459
1244728500516532229
1244737681172594694
1244740667345076227
1244742632351375362
1244754875533197313
1244757235399634950
1244761229803098112
1244763816686206984
1244764444191854602
1244764811738656774
1244766428747698178
1244766615062839303
1244549940711432192
1244556579996868608
1244616581805674503
1244619837630025730
1244677787186802689
1244689627316981770
1244696590926913538
1244700332099239939
1244710137920729088
1244718572561141763
1244723247020736514
1244723675091402754
1244724290609655808
1244726089332686849
1244727347565264898
1244737632497795075
1244741207093325828
1244746791184187393
1244751689523044352
1244754029005201411
1244762108232949761
1244765840429527045
1244621310455623682
1244630201297969157
1244699861443907584
1244705576912850944
1244712362118131712
1244725934793654274
1244727213246877696
1244731125089669128
1244732254263353345
1244732563844993028
1244734837426184195
1244735857992613890
1244736291503312898
1244738243188404227
1244742152279797760
1244759833729007617
1244762513008398336
1244763004840873986
1244765311863226374
1244542978217164800
1244553898553225218
1244561496375537665
1244575024624865280
1244675526570184705
1244680847560761344
1244681936553021443
1244684789854154753
1244692653842796544
1244696191528558600
1244699779013021696
1244706495268302850
1244720297804050433
1244723480148533250
1244725421284999168
1244726852796796928
1244730064115306498
1244734097265696768
1244737552227196929
1244738415519825920
1244738508130050048
1244746223749390338
1244746224055373824
1244746358361337857
1244747251853021185
1244748374630371331
1244760245383180290
1244762097835270146
1244764350738382848
1244767913199800321
1244419079437500416
1244676330106617858
1244679628192710657
1244679859806310401
1244682905756020736
1244686212574728197
1244689484945522689
1244690435198595074
1244698878059991041
1244700612182380547
1244711984249143298
1244716025326772226
1244716111695880193
1244726646030155776
1244731350462193664
1244732908469919744
1244737413861322752
1244740277623013378
1244741998550102016
1244743340077260805
1244758644509548544
1244762041358966785
1244764669597884419
1244421963554131969
1244543871280963584
1244577831876689920
1244614233708539905
1244642736042471424
1244646559746347008
1244668672226004993
1244674499452317699
1244678516026806274
1244685825587191810
1244690857288249346
1244692570804027393
1244696774708731904
1244700923412111364
1244700934019657728
1244702602069245952
1244707236145922048
1244723153282228224
1244724621326327808
1244726798753153026
1244726869691379716
1244728661414158339
1244729113727979522
1244733718696267778
1244756401311772673
1244758176081293313
1244762495589498880
1244762618360889344
1244614546381250560
1244673281887780865
1244681353339310081
1244682476339036162
1244694026571390978
1244700801316110336
1244703403512680448
1244713556769157120
1244725087556833282
1244726089278259203
1244727707658792969
1244729648468111360
1244729764931346434
1244730472774676481
1244734720916758533
1244735158923620352
1244738226729955328
1244740127068471297
1244741442846756865
1244742446988300288
1244757314663481357
1244760195269566465
1244760333593513984
1244760977331142657
1244421954137923585
1244550537711943680
1244577094069346307
1244587403605684224
1244614291224956931
1244623777469796352
1244668903076311041
1244671108307173378
1244683346392887297
1244689517744926723
1244690197457092614
1244690860459122688
1244693689395548160
1244704156193034240
1244707377728847875
1244712551025434627
1244716060948881408
1244720065108414472
1244730870851756033
1244731114150903808
1244734439898447878
1244735172450439174
1244739382482886657
1244741774779785216
1244743555882659840
1244744674876719104
1244746078005727234
1244748016504000519
1244762162335232000
1244764369612951552
1244766790565101569
1244485599999991808
1244514247331151872
1244620413646376960
1244645898879217666
1244685888233394179
1244693918836559878
1244697450729943041
1244699532388114433
1244699618845302786
1244702706050248708
1244709110412648450
1244710801631522835
1244713657277218824
1244722278094573572
1244722748301234176
1244728006104539136
1244728136933220360
1244732007718031366
1244732711002046467
1244733976578641920
1244734060041306114
1244740254218797056
1244742199813853186
1244742709136457733
1244750486445723653
1244752432250392578
1244762473607172096
1244762708072898560
1244763196096905217
1244436490777657346
1244668806133354497
1244678794922737664
1244683567487205378
1244683993443905540
1244685178712264704
1244686915267375106
1244698201128685569
1244699225792880643
1244702039088738308
1244704057077489665
1244706384438013953
1244706478046527488
1244707608533053440
1244708521381421058
1244709683971096585
1244713371028553731
1244719080591904768
1244723578408448004
1244724353952071683
1244724847231619077
1244726530816819205
1244731123298480128
1244731309500620804
1244736213308919815
1244737501719388162
1244738687889477632
1244742187394490374
1244742901403353088
1244751657986113545
1244755126348382208
1244756027146481664
1244757898456190978
1244758804794761216
1244760009642315778
1244760144220688384
1244763760629354496
1244531709166718978
1244573179865169923
1244575555787337728
1244582064986480648
1244657527473803265
1244679194606436352
1244681042532995072
1244683443788754945
1244683513938534401
1244690026853806080
1244694070502535168
1244699763406180356
1244703546253225992
1244704864413909002
1244707504799584263
1244709694406627329
1244721226293161985
1244722210092265474
1244722256674201600
1244724456909688835
1244733470754177025
1244734772036931584
1244738650191036421
1244742281028087808
1244742391212408832
1244742426687832065
1244742735711604736
1244742798190002183
1244743492519297024
1244743971320008704
1244744402070880259
1244745852062707729
1244750015018471426
1244751255064334336
1244756820599754753
