1299019882827329539
1298962991321354240
1298910246027526144
1298989645900857350
1298897397997858818
1298925468540964864
1298903742226497536
1299104019491717121
1298900353614741504
1298996712254537734
1298920798741299200
1298880775048355840
1298881961033904128
1298891920769458182
1298951303356440576
1298953484306350081
1298916174290448384
1298905327904096256
1298974809729138688
1298849473242828800
1298946506897190915
1298919361416228864
1298918923388227584
1298921728723349506
1299051671734095873
1298950272622845953
1298922557798834176
1298894512748716032
1298914464104841217
1298885116056547329
1298899675802677248
1298904333321490433
1298912334417715200
1298893014933229569
1298962134773174273
1298888544073723905
1298894156002189312
1298908261194911744
1298908113924489216
1298885586393149440
1298904681037656064
1298908380115992577
1298885588192559105
1298919681970114561
1298870224805134337
1298885460174016512
1298962912946597889
1298784689755389952
1298876541162663936
1298958579098099718
1298902205471354881
1298911390506405888
1298882144346017797
1298913141535813632
1298884365825593344
1298914566513012736
1298829297403207680
1298927347220074497
1298881415229124609
1298885437189128192
1298865539465568256
1298925075379478529
1298959384312254464
1298902459029618689
1298919531226816513
1298898255548420097
1299104275415601152
1298893122873720832
1298961643435692032
1298892371564920832
1298920039106707456
1298962215073177601
1298895007705948162
1298939846820597760
1299003906794680320
1298962876095492096
1298902100324347904
1299066696599183360
1298892673026347009
1298897849208508418
1298958430036783105
1298961523205840897
1298779763683672065
1298807167546470406
1298933419485868037
1298857776580624385
1298831893706747905
1298889522298662913
1298920857616683009
1298954290481037312
1298995283607449602
1299068617707982850
1298920425808953345
1298830697063501824
1298902687124271105
1298895875721355264
1298911372604891140
1298945652727185409
1298916474736836610
1298961743683694593
1298917070336331776
1298918245563539456
1298925556273119238
1298904358478901254
1298921558736596998
1299113482168815617
1298890324379602944
1298961905479020545
1298929611481460737
1298962026090373122
1298853443063382016
1298919374657662977
1298923285791547392
1298962321059053570
1298888969804025856
1298911147052105728
1298912751729995776
1298903799088795650
1298916027032633344
1298935790643417088
1298882742843838469
1298897906414620672
1298919600185397249
1298922730214117376
1298922911315755008
1298882300273455104
1298895656715681792
1298905827731025920
1298916833488244736
1298928270528917512
1298960226624966656
1298961805453262850
1298972336289439746
1298890136562864128
1298909215180894209
1298915683573665792
1298918741951107077
1298923466192809984
1298881624348688385
1298885966636240896
1298915660274241536
1298916259975835648
1298916663417602048
1298858428098580480
1298901308217479168
1298917008982110209
1298947056187342848
1298961072951566337
1298961982670991361
1298875426081824769
1298891797419220993
1298913153565290496
1298919686944555009
1298921003695865856
1298954496219975683
1298954688197472259
1298962217505886208
1298915640758198272
1298919145686347776
1298919323382231040
1298923278283743232
1298947179957149697
1298934655857709056
1298963253004042243
1298882294426619904
1298951587914821632
1298893860685438977
1298921870297890816
1298934637939625984
1298887817196703744
1298890905290711041
1298903075361443842
1298908108245413889
1298911506902339584
1298918260038139904
1298890889750867968
1298905552148475906
1299022798791282689
1299031871314108417
1298813935928446976
1298880894162305024
1298905147289079808
1298907629977309184
1298790189096148994
1298862812362612738
1298884093980147712
1298897897560436738
1298922931934973952
1298960167380422657
1298853758475137024
1298904833961984001
1298919776752988160
1298943340411527168
1298962600861020160
1298809961443663872
1298875476178595840
1298889738213109761
1298906014209789952
1298920600237375488
1298942608220319744
1299122017828888576
1298888407863746560
1298900956520812545
1298907811531968519
1298953412864807009
1299122713156558849
1298793406018269184
1298851485225234432
1298877674434297859
1298898119241994240
1298899695574683648
1298900971175555073
1298907657470910464
1298908081586405376
1298914498238128129
1298925277666476033
1298937112444760070
1298946464123625472
1298953407894450178
1298957763347910658
1299046660463562752
1298864513064857600
1298886968944873475
1298920033997946881
1298921105726615558
1298929120823439360
1298941098191130624
1298832610840387584
1298840160801402880
1298847830774251520
1298873115179716608
1298883189952393218
1298909836416028672
1298928253701435393
1298779781912289287
1298882942450663424
1298892892728164353
1298901706114125825
1298904921459261442
1298935009420677120
1298787313711902722
1298910081245941760
1298961591292039168
1299039025379061763
1298853438864883712
1298907910462988288
1298913348701114368
1298813539830894593
1298887042412277760
1298888641935216640
1298890228829245440
1298895537400315906
1298910730830385153
1298914464285241344
1298924042636922881
1298925133135052803
1298933430634401793
1299054758716678152
1298883660289052672
1298884170366812161
1298918394121654272
1298924272442847232
1298953351321747461
1298814398052601857
1298825061575675904
1298832612786487296
1298842260008767489
1298865088162562048
1298871915239608320
1298881973293846534
1298882013617889281
1298882487758794752
1298889335463383042
1298893013008052224
1298893014325227520
1298896985773219840
1298902065478074368
1298902816514289666
1298906346612559872
1298909853247668225
1298910906391375873
1298920317784649728
1298932665740136448
1298992760813322247
1298890472467783681
1298891238565982208
1298898053668179968
1298920058912149505
1298926982672064512
1298960714854330368
1298855451149447175
1298883879177203712
1298898203786596352
1298899539903082496
1298913820811948033
1298916835832852480
1298919427535237120
1298926549618565121
1298962805614350336
1298985721013837827
1298792848888741889
1298817461639409664
1298833144515194880
1298853081585799168
1298859394407583744
1298863061550407682
1298877114582740993
1298883111460237312
1298884452437749760
1298890139050143744
1298894547339091968
1298895257933840384
1298895394152251394
1298896801102270464
1298907823657582593
1298912072349220864
1298917825285939200
1298918020170088450
1298919466227691520
1298920935643320320
1298922148132777986
1298926155660173312
1298931983305920513
1298961056145043456
1298850512503287808
1298862809632190465
1298871616252805120
1298886577691799552
1298889655669141505
1298890082557005824
1298901565646938113
1298906729011458049
1298908198569639937
1298908521308852231
1298909763045126144
1298921389085396992
1298921781034713088
1298934936230154240
1298957743961890816
1298960782194085889
1299000009690619910
1299052831270481920
1299124379545227264
1298797378837704705
1298848552605675520
1298873889506893824
1298881128615620609
1298882852814282752
1298888744062390273
1298893247855693826
1298893990532706304
1298894663991078912
1298897923149885440
1298900951198302208
1298901073063600128
1298906357027012609
1298910049318961154
1298912938951139328
1298913371417448448
1298917172069138432
1298919123745943553
1298919635212029952
1298920414496911360
1298923632522125312
1298959619520421888
1298998269977100288
1299085068477100033
1298805400586932224
1298852466818265088
1298861365545836544
1298863638908997633
1298867740682457088
1298881413522100224
1298883028270415872
1298884448860110853
1298886595513331713
1298895015570219008
1298903620533059584
1298907241106608128
1298908448881606656
1298911019276865537
1298918786251317248
1298922556297273344
1298923350484385792
1298924317531688961
1298924587640643586
1298928174076694529
1298931076832915456
1298931396422103040
1298939628452556802
1298944046380056576
1299067399300419585
1299120745117868033
1298814387671703557
1298862469172146176
1298869712055664641
1298887358570524673
1298889255075352576
1298894749777244160
1298895002085535744
1298900740577132544
1298905853899214848
1298908795280723968
1298911883156742144
1298914722549559296
1298915900234575873
1298916261401944064
1298921129071874050
1298929290143305729
1298945232273321990
1298962467628949505
1298962769170096128
1299024071162761216
1299070397720285185
1299094207454425089
1299117188448747523
1298817753709768705
1298862544648581122
1298865944014532608
1298876651015557121
1298881966268387330
1298883778090348545
1298886506472517632
1298886968965726208
1298893322476564482
1298894815896244224
1298898052061818880
1298898066410475520
1298898097112854529
1298898218135310336
1298898772827701248
1298899970024710144
1298900038991609857
1298906436081156096
1298908211358162944
1298908972943052800
1298912836341641216
1298915658705457152
1298920691199291394
1298921740043792384
1298922148569001985
1298923805642051584
1298932072820674560
1298952849129385984
1298959315131342848
1298962778531786753
1298962798718971904
1298962825667375104
1298982687357562880
1298801291209125891
1298869091676155904
1298869093630709760
1298869238652960769
1298881379804082176
1298881786202726400
1298882688863084544
1298883847694594049
1298884210812481537
1298887622828359681
1298890392004370432
1298893767982739456
1298895536121098242
1298896531949527040
1298899433304793088
1298900436485799937
1298901957025955842
1298904683835265024
1298908499531968513
1298910766536499200
1298911762591473664
1298913930614583297
1298914399814471683
1298919244881694720
1298920304186720256
1298920956270870528
1298923914039644161
1298924751944069121
1298928796767313920
1298931106151124992
1298939083406938113
1298942333183045633
1298953120068890625
1298953412864815104
1298956269844398081
1298956891285053440
1299113127901114368
1299116993682059264
1299119618632683522
1298773161044045824
1298825061818724352
1298836965782179840
1298859316393508865
1298861597323071489
1298869779336486913
1298884441021067265
1298890037451526145
1298890664428687361
1298890851767259136
1298892198898008065
1298898432841707520
1298902648096161793
1298902823372025856
1298903105703116800
1298903594327048193
1298903928575348736
1298904041825730560
1298905928658489344
1298907569298329600
1298908115300057089
1298908492800167941
1298913422210412544
1298915841380167680
1298916499881689090
1298916632161648642
1298917078284394497
1298918933496557568
1298919145308909568
1298919974967414786
1298921750269431813
1298924381746364419
1298925147320184833
1298942082820665345
1298943365900312577
1298946028725579776
1298946454657142785
1298946957629628421
1298955923390488576
1298962466483904512
1299063832371961858
1298840160893693952
1298848059997159426
1298866075581456384
1298873493522731008
1298884210049142785
1298884420632481793
1298890867177148416
1298891743073574913
1298893207691046913
1298893416923836417
1298893771342352384
1298902086189539328
1298903007170625541
1298903955754319872
1298905062123528202
1298907087817318400
1298907803738877953
1298908150087774209
1298910624940986369
1298910968903331841
1298912069505495046
1298912889760292864
1298914115122065408
1298915659351560193
1298918299535896576
1298919519054966785
1298920502816313344
1298922970908258305
1298923210868654081
1298924287450021898
1298925434994917378
1298927585091559425
1298928838261567489
1298936687893123074
1298941893410205698
1298942753141854210
1298949376631504897
1298949963582447616
1299022582499422208
1299029146224537601
1299044361758560257
1299100144902823937
1299115072745283586
1299116616664244224
1299117439872126983
1299123188690018304
1298787314517323776
1298825061084798977
1298841418887237634
1298865578183028736
1298872429566140417
1298882860565360640
1298884527868313600
1298885295706968064
1298887991268716545
1298890145052139520
1298890255488122881
1298890395418595329
1298890504327888898
1298890710020751361
1298892908821651456
1298893053227401216
1298896289300611072
1298896503809990656
1298896723549532160
1298897975738093568
1298899814516690944
1298899906149732352
1298900559735398402
1298901433207717889
1298901798103789569
1298903964843466752
1298905621744496640
1298906505966690304
1298907365459324928
1298909265982369793
1298909276702941184
1298909413101785098
1298910897721794560
1298915364986904576
1298915799965544449
1298916059441967106
1298917057229029376
1298919122412199937
1298919317665386496
1298919432895565825
1298920461842161665
1298923147555733504
1298942191675543554
1298945857773907969
1298955984585531397
1299002004321132544
1299038999416377345
1299064896022294529
1299080355144704002
1299094398370803715
1299116948928815104
1298802411713245184
1298847833852973056
1298848012563648513
1298852903755681792
1298854001736159232
1298855912824807425
1298866584618823686
1298867348666044416
1298875437574225925
1298880739522600960
1298882871541800960
1298883277349154817
1298883792728461312
1298884382472761344
1298885155172605952
1298886065089064962
1298886335021944833
1298887825845297152
1298889233793515520
1298889534898417664
1298892854471917569
1298893008679718912
1298896223701815297
1298897877700403200
1298899790550519808
1298899819977678848
1298900484393234432
1298900980579340288
1298901477801558016
1298905187801849856
1298905426994622464
1298905987722731520
1298906129196605440
1298906733449031686
1298908112506716161
1298908261425598464
1298909231286976517
1298909615950884866
1298910133330874369
1298910901089849344
1298911393824071680
1298912464210456577
1298912758453415936
1298913141435314177
1298913970313670656
1298917959335841792
1298918568118169601
1298918993101647878
1298919280612958214
1298920629077454848
1298920715949924352
1298921376112414720
1298922614027685888
1298922806458093568
1298923142837137408
1298926153827323904
1298931497114705920
1298931940716933121
1298936094894026754
1298939540837670914
1298944168828588032
1298951542586957825
1298952659081334784
1298953722022817797
1298954092954423296
1298961619473649664
1298962767735590912
1299040609051828226
1299055357654958082
1299056634493362181
1299059019584331782
1299085767185174528
1299111953147797506
1299115225095036929
1299125919924342784
1298801640674340864
1298832652598996992
1298832774770626560
1298838876417675264
1298847806015385601
1298855260082102272
1298858538912153601
1298859172482576385
1298861910272729089
1298863320489955328
1298871911946973191
1298872401229484032
1298874013855424512
1298881247712866304
1298881514298658816
1298881675187937286
1298882257378332674
1298882405554626560
1298882505446248448
1298883398245797888
1298885439550611456
1298885509092122624
1298885989750972416
1298886250976415744
1298886855929352192
1298887185484181504
1298889055783063552
1298889608650948608
1298889763597017088
1298890312669110272
1298892757122113536
1298893010676019200
1298893351765397504
1298894996070858752
1298896237849202689
1298896783746031616
1298897693687898112
1298898041894768640
1298900537837064192
1298900942587416576
1298902069965926400
1298902252002967553
1298902877864304640
1298904805625208832
1298906790537703424
1298906857004818432
1298907121103192065
1298907317107388416
1298908112053833728
1298908422365229056
1298910982916526080
1298911589391835137
1298911883286593537
1298912276834025472
1298912313936949248
1298912769836810240
1298913338672517120
1298914529573851136
1298915056999116800
1298916925100220416
1298917661812887554
1298919219564875776
1298919432958251008
1298920194144952321
1298921298203152384
1298921421347971074
1298922174976339968
1298922188544901121
1298922203854123008
1298922900087504896
1298922996564996097
1298923594890858496
1298923895832162304
1298930780840890368
1298935653942661120
1298940704383741952
1298942261162639360
1298953588845228032
1298954496333185026
1298958156400386049
1298959166174887937
1298959382076682240
1298961737430040576
1298961969882562561
1298961995543252993
1298962276628787202
1298972094533959686
1298978786587734019
1299025184335319042
1299067093023940611
1299116823808561154
1299119533517570048
1299126442429763585
1299127052088406016
1298777078435807232
1298832611683586048
1298843749687136256
1298851106026663936
1298851406603071488
1298853033418293248
1298857776664342528
1298861905688264704
1298862809690697728
1298863015652188161
1298868090541953024
1298874134580133889
1298874780138037248
1298875763501010949
1298877909122387969
1298880021784940544
1298881441091256320
1298881868079812609
1298882199085649921
1298882518528274433
1298882713278128128
1298882942584811521
1298883530500562944
1298886080473829376
1298886290314850305
1298886335722385409
1298887107059089409
1298887163355049984
1298888648868409349
1298889233793515521
1298889485460082693
1298890051120779264
1298890902275002368
1298891586974121985
1298891668616294401
1298892279302717440
1298893012978634753
1298893103387086849
1298894276537880581
1298895234672324609
1298896783783780352
1298899252115107840
1298899666302570497
1298899865393659905
1298902605578502147
1298903291439525891
1298903866495447041
1298903956006023168
1298904640751362048
1298904885631516672
1298905565477904384
1298905661162622977
1298906047676067842
1298908004964855808
1298909737245913088
1298911807898296320
1298913339788210176
1298914047409225729
1298914288837558272
1298915533371342848
1298919281703497728
1298919796415909894
1298921237620625408
1298921270562762754
1298921441346416641
1298921509197668352
1298921774592274433
1298922620675592192
1298922893263413248
1298923197069434880
1298923761970876417
1298924311949070336
1298924415128875009
1298925213812432896
1298925724376551431
1298928604911415296
1298930199816527872
1298931043265904642
1298934101643333632
1298936643328638976
1298943120856543232
1298943681400123392
1298944774389600257
1298945927890325505
1298949850621513729
1298951342011056128
1298951460676345856
1298953263308472321
1298953757678546949
1298954003884265472
1298954411327225856
1298957181908328455
1298957284618440706
1298959377588785154
1298959497570942979
1298960775227355137
1298961878606057472
1298962006167429120
1298962837633748992
1299038843241467913
1299045122961797120
1299116617377492996
1299120300244828160
1299125633046331392
1299126706087833600
1298780519841304577
1298787315159097345
1298793243501568000
1298803912728891393
1298830584828002304
1298834232882720768
1298836057836969984
1298840598842159104
1298844696161247233
1298850673556107265
1298857442336477184
1298863019288678401
1298863528762376192
1298866584765661184
1298869564923621376
1298870249236975618
1298870377653952512
1298872997936234496
1298874625833816065
1298874688668684288
1298876257002758145
1298876286346067969
1298880543463964674
1298882371652026368
1298882587058937856
1298882776721227776
1298883126555488256
1298884099973808128
1298885157169041408
1298885413566910465
1298885460899528704
1298886014803628032
1298886531122372608
1298887355986849793
1298887842924507136
1298889806202785792
1298889888536973313
1298890193731289088
1298890948454342659
1298892366523387905
1298893015117787136
1298893061418889216
1298893175399034880
1298893277433864192
1298893389895786498
1298893626970431488
1298893896106139648
1298894067489742854
1298894760720175107
1298894843024900098
1298896820597403648
1298896947504459776
1298897700562362369
1298898175479001088
1298898531370053632
1298899562128650242
1298899763388207104
1298899912529190914
1298900244646821889
1298900559127179264
1298900713855160322
1298902162567819264
1298903480069955584
1298903992819478528
1298904555468361728
1298904809198759936
1298905129438109696
1298905641126432769
1298906453269504000
1298906463667212288
1298907244441071616
1298908264927825920
1298908498474934273
1298909299121455104
1298909659676508161
1298910371424735232
1298910503595630592
1298910693576638465
1298910958975320064
1298911259044327425
1298911599516954625
1298911652256120834
1298911939368804352
1298912030116716545
1298912177437503489
1298912994903158785
1298913165460340736
1298914596141568003
1298915864000028674
1298917637917937671
1298918455874330624
1298920234376744961
1298920510844284929
1298920747524595714
1298920813140283412
1298921205454565376
1298921305203503104
1298921325537435648
1298921528608907266
1298921858914451456
