1308088463737212928
1308021452059357185
1308116844935548930
1307981095225483265
1308074305612378112
1308102430278778880
1308006649119100930
1308080534338363392
1307954853763788801
1307942984843956224
1308069983914778624
1307929032651046913
1308075534778281985
1308020685458092033
1308163461311070209
1308060244405350402
1308081017597710337
1307971133812224001
1307982905709416449
1307999774495342593
1307947399248257024
1308004826744270858
1308082279965749248
1308075285024329728
1308064149860220929
1308130092548325381
1308059350032961538
1307983809334390784
1307977008157253638
1308083567784636416
1307983203148406784
1307974137164509189
1308055064473468930
1307923313793077251
1308082628671737860
1307981799201660928
1308076144332242945
1308074164503351298
1308050204587970560
1308022793674665984
1307941385920827394
1308051992531566592
1308081577302331395
1307968210852089856
1308065863837380610
1307984126411247616
1307999133102493697
1307969530824720384
1307997208197951489
1308079495631589381
1308063504214171648
1308071624336445443
1307967806860922883
1308060949140697088
1308073367275286528
1307905757371826181
1307929376588206080
1308073703452930048
1307877212914429954
1307970470734688256
1307980328066314241
1308022893356425218
1308078944109965312
1307979906106773504
1308085255476305920
1307899857575714816
1308081094122639360
1308082596820086789
1307892249666162695
1307900868155633665
1307993599716536320
1307976976691539969
1307943358640410634
1307957359873085441
1308047370979086336
1307963289478082560
1308071915156901889
1308073803340283904
1308083224527200256
1308073302821404672
1308078040564617219
1307939341386342400
1307973635504844800
1308056730753007622
1307920307907428353
1308121414394957834
1307880982759067648
1308079602120695808
1307907406823788544
1308181589457809410
1308021655034355713
1308078594112061440
1307984448852557825
1308061467858661379
1308157122191003649
1307965463759130624
1308052402730405889
1308076783841968136
1308085496380354566
1307986064745926661
1308079824490070017
1308134997648441346
1308054043261009921
1307972854235963392
1308077887552094209
1307972651936292865
1307994451390992384
1308060881259954179
1307971047401099264
1308074694466252804
1308084100071391232
1307996598983634944
1308078470933680132
1308081084329078785
1307994252044050432
1308005238272593921
1308061454004899841
1308072390660886528
1308073541515055107
1308082254300819458
1307965510206849024
1308057321868873731
1308064919225536514
1308074009653850114
1308079008450478080
1307857819471949826
1307971579893018625
1308073784352661508
1307930056149225473
1308054791780741120
1308071105006112768
1307835684447809538
1307994643645247488
1308005554808188930
1308068351651000323
1308072791263064070
1308082337972916224
1307998009720885249
1308067889094819840
1307971285255946240
1308079623192932352
1307908508277407749
1307915268795052032
1307933388288987137
1307968982834610176
1308072557795586048
1307849525843779585
1308075512183640066
1308076514760630273
1308084358327271425
1308129369575976960
1308136363729072128
1307985907434348544
1308055073986146304
1308065645016363008
1308082762834997251
1308080588302286848
1307899670291718144
1307900608272388096
1308039687479742465
1308054337776693248
1308058783097081858
1308072845206061059
1308074859432415233
1308179197752479755
1308053758513995776
1308056389357637633
1308079236436107265
1308079311069548544
1308084068844630019
1307901372327776256
1308076031165726730
1308077821902893057
1308088235558658049
1307979101635055618
1308067853640372225
1308077454578323456
1307980308873129985
1308071911818174464
1307914956621316097
1308052100006449153
1308072999199932417
1308073810814529537
1308141952551055361
1308071858340859904
1307936662597632000
1308060929960169474
1308066203529748480
1308075888198774785
1308084350215479298
1308084793452658696
1308171843262529536
1308085771971289091
1307951804932554752
1307994442079629313
1307996133566951424
1308066538612756481
1308067853447258118
1308069786723778562
1308070301578780672
1307833429896187904
1307980821362548736
1308075138945036288
1308083405129682945
1307982936956903433
1308058795059281921
1308076018322665476
1307980960802144256
1308066878930198529
1307865883499401217
1307963275095597056
1307972985081430017
1307975352061394946
1307988114930106373
1308067506385563649
1308086376785739776
1307892327365718018
1307938244588441600
1308058410605109250
1308069579969761281
1308078385265102850
1308081052099833866
1308082256892907524
1308084621725360128
1308086903166640136
1307899857089093633
1307949931391582209
1307966087347286016
1308001708526665729
1308070128056250370
1308077831252041728
1308087347972657157
1308148735914979330
1307990456710635520
1308078643437023233
1308079960071041024
1308080074399322113
1308150191413960706
1308185514235887616
1307840717532868611
1307918839930408961
1307953171067793408
1307959569172361216
1307975876257161218
1307982295652069384
1307990455943155714
1307997658636865542
1308058803687088135
1308060031284375553
1308067356548235264
1308080562456932353
1308086624136425473
1308108313645768704
1307961213226233856
1307975901636943872
1308056676038307840
1308058418041806848
1308065886339817472
1308079079976046594
1308083584985706500
1308180439526408192
1307882170803990529
1307958493681315840
1307967804872601602
1308054444475637761
1308065622534885376
1308077146682920960
1308082958289567745
1307859810512244737
1307872942433472512
1307893569143922688
1307931346778587136
1307932273099014144
1307936659913281536
1308049929848455173
1308055587603783681
1308076521668648961
1308086461892362240
1307834346519384066
1307909403878871041
1307923616185692160
1307948081003081728
1307955963555610630
1307988440898768896
1308005555852767232
1308060199413059584
1308068468529324032
1308077128718614532
1308079826574675968
1308080118233956355
1308174427553579008
1307926012370485253
1307987958730027008
1307991208162099201
1307993951975153664
1308003891846447105
1308053369383194626
1308057487061516288
1308058405085601794
1308058409657303040
1308064875617357824
1308066274967195648
1308068068044820480
1308072053422120960
1308078626882097152
1308084918245826560
1308088319557894146
1308120756702842881
1307930841688014849
1307952656367972352
1307974657476366344
1307976964637106176
1307978585253216257
1308002197016371200
1308040411777245184
1308070595096174592
1308078966998216710
1308140883875897345
1307918917608902657
1307948579747659776
1307985751255252993
1307998426408288257
1308073349545947136
1308073913180708864
1308075131231666177
1308078534632509441
1308079109382254593
1308082605791883265
1308086084442533890
1307834930043457544
1307949180091011072
1307950986292494337
1307953682974150659
1307957126657171456
1307959295015874566
1307973726009425920
1308073511676768258
1308073863356518401
1308074793556639744
1308086084488826885
1307939767770808321
1307969248900329472
1308052142708719626
1308056293744222216
1308059749079015427
1308063647114108928
1308065953599467520
1308073597890629632
1308073931467825153
1308074760224546818
1308084571389394944
1308088360154664962
1308176609741017089
1307930057889865728
1307985159715782656
1307988653906501633
1307994229105360896
1308066054766317569
1308066482153304065
1308073209430978560
1308074392723894275
1308074424915161088
1308075561688981505
1308076453595054080
1308076788283781121
1308081053442232321
1308129617715359746
1307927331999232000
1307928501253742593
1307963549910794241
1307967453809520640
1307981454194999300
1307981717265883142
1307985665582411776
1307997219275059201
1308024691303604224
1308052082541428737
1308059920093319174
1308060385312993281
1308065902835965953
1308075985946972169
1308079323614674945
1308082321979998211
1308086154496020491
1307831909435797504
1307898891241746433
1307903385182576640
1307915214634053632
1307924533249179651
1307939180077559808
1307940949956464641
1307950663251492864
1307952484154040321
1307995851722240000
1308000201697906692
1308001779309830144
1308053681821155332
1308057994790346752
1308067470851309574
1308073673929129992
1308074058257436672
1308076195658059776
1308083386465112064
1308145122513752072
1307831911692328962
1307917553340157952
1307923557087936512
1307941574433812482
1307963507565096960
1307963509305683968
1307982703803990017
1307985018657083392
1307986679563649024
1307990690387963907
1307999016370819073
1308070985065783298
1308071335348908033
1308072967285415938
1308077010066042887
1308179486526115841
1307873110541074432
1307913351826153473
1307927000083030016
1307932460383113216
1307943786035712005
1307949831516811269
1307952131907948545
1307987491681644544
1307991971835899904
1307999495876227072
1308006227306319879
1308042165331820548
1308056316091523075
1308061315940921345
1308062932350234625
1308066074190114816
1308066284886798336
1308067024296271872
1308073598297559043
1308078055047548928
1308080488221941760
1308086005061300225
1308169697129619456
1308172016172834817
1308178718691602432
1307864996311977984
1307907407935307779
1307923609567010817
1307938864539942912
1307945155606073344
1307954328548802562
1307961644878901248
1307986134744604672
1307988618850562048
1307994924445564928
1307998657254502400
1307998977665781763
1308060339716661248
1308063648385036545
1308069568213135360
1308080323826200576
1308083152246763523
1308083735418597379
1308169717459410945
1308174961060859904
1308184231013765120
1307905489183834115
1307908851145072640
1307924196081782784
1307926281259024384
1307947750928121857
1307951956661620738
1307969341866913792
1307975756451119105
1307981247071899648
1307986679278505986
1307988536591896576
1307996101442703361
1308052154310107136
1308053368871546881
1308061497961205770
1308063774843297796
1308068383473250312
1308068798428262400
1308070747018006528
1308071883066220544
1308083300070813697
1308083852972306436
1308085421465890820
1308088246409277440
1308179336680407043
1307891604926103558
1307907648839389185
1307920066676219904
1307924106403291136
1307934011164176384
1307935922504323072
1307944929440788480
1307950693144240128
1307957478387265538
1307960651717828609
1307962628833259522
1307975356461117440
1307988434540265472
1308001278988038144
1308031517713727488
1308052595051819011
1308057964369063939
1308060814167900160
1308062995034124290
1308063989172260865
1308064389384331269
1308071246492467203
1308072888092819457
1308073503866998784
1308077882573557761
1308081321030422531
1308082571197251584
1308124463624581124
1308171472213553153
1308172035584073728
1308173152112062465
1307922624949911552
1307932735927980039
1307950754318233600
1307956022435344384
1307956970251522048
1307959380449660933
1307965987040440320
1307970210603954177
1307971580081975297
1307979699616976896
1307982375272484864
1307986939497402369
1307987946080002048
1307998998830231552
1308003685503508480
1308026285914980353
1308041599985815552
1308052711833767936
1308055744701489152
1308056429396455425
1308058530545623041
1308060224054583297
1308064341200171010
1308065073500483588
1308069746735185924
1308070487646494722
1308073065658626051
1308073099217309696
1308073298685767680
1308075912307630080
1308078991333523456
1308079112825827328
1308079151732133888
1308082742706483208
1308083431474110466
1308085954595270656
1308086084593758208
1308086671733391362
1308134482088730624
1308145862888091650
1307839460445478913
1307874494434947072
1307879771108528129
1307881224329928705
1307890487542583297
1307916478323339269
1307918731587325954
1307924306240966657
1307931076447399938
1307933899679555584
1307941253649174528
1307944167356719105
1307947596615421952
1307948462080700416
1307953083872432128
1307955785880801281
1307964030045294593
1307968508496687106
1307970038092177408
1307972594793156608
1307976720646131719
1307985234131120128
1307996875048484865
1308002785426894848
1308052038950031361
1308055887370649600
1308055952504107010
1308057669203308544
1308063934327468032
1308066148722843649
1308067735914663937
1308074285056045057
1308074542028517383
1308075008938463232
1308077081620865025
1308077792043638787
1308079376177786880
1308080252963483651
1308083109238312960
1308085974459715584
1308088264188977154
1308120113313447936
1308143873546424320
1308185339459239937
1307834150452432898
1307868180090621958
1307901864177012736
1307903721217708037
1307919507869052930
1307927277401976832
1307928078677671936
1307939074922217473
1307948930454499328
1307949068530921472
1307949485390209031
1307949913007943680
1307957452038647808
1307957832889835521
1307959284161015808
1307963249825067009
1307966357410058242
1307967038191792129
1307967182819782656
1307975043067138048
1307977378271055873
1307981416567910401
1307983027633446912
1307989333887135745
1307989485523738625
1307993231033094145
1307993416438108162
1307994650830163970
1308001778806460421
1308005343406981120
1308021881837096960
1308030889633472513
1308033824350261248
1308052138757681154
1308052658322903042
1308052866343546881
1308053835638808577
1308054166997274625
1308056640055390213
1308060019573825538
1308061493259309062
1308062316504780805
1308063793801572352
1308065091200393217
1308065973254193154
1308066682464858120
1308068784511635456
1308069838120681472
1308071830482288643
1308073096470036481
1308073597135659008
1308073884822974467
1308075700608475142
1308077602964492293
1308077633469648896
1308078384312971267
1308078837880815619
1308081053874229250
1308081593765048320
1308083918839648256
1308088291275821056
1308088335706075137
1308106559755628546
1308176104860069895
1308179199463653376
1308179264815149058
1308181714573778945
1308184706991652879
1307847543519313927
1307852370450227200
1307878573273944064
1307924984183115782
1307929305217933314
1307930056736403456
1307931160337698816
1307931511962906624
1307933831110959109
1307937605837680640
1307942900974718977
1307944937657425922
1307951353222828034
1307959775444041729
1307965231549886466
1307970794228715520
1307973792237522944
1307988043161362438
1307993308170518529
1307994229160005633
1307995917849628672
1308003462190452736
1308039292766355456
1308052316747116544
1308053369198534659
1308055714393399296
1308055885424418816
1308056165432143873
1308056201385648128
1308059419570298882
1308060837530263552
1308061226488995846
1308061316947611650
1308063051481067520
1308063194854944775
1308063936076447746
1308063938454654977
1308064227005997057
1308065966467829760
1308068877176369154
1308069726539579392
1308070416896929800
1308070805092347907
1308073102941847555
1308076216516214785
1308076796408213505
1308077046380343299
1308077686837972992
1308077941826424837
1308079769578287110
1308081423363059718
1308084141309726723
1308084779150192647
1308087595856003073
1308088307348275208
1308135276619993088
1308166540978724864
1308184483926020098
1308185750073159680
1307845490202075142
1307883609450319872
1307893082021601281
1307907692858675205
1307911495930597379
1307912229128409089
1307913038054395904
1307914782499057664
1307914957430824962
1307920354514526210
1307922969239453696
1307933436112441344
1307939183026110466
1307940186609905664
1307946278182105095
1307947275260489728
1307951962684624901
1307955027290525696
1307957491880390656
1307959914371993601
1307961890505723906
1307966373017124865
1307978291454849089
1307979129724243971
1307983174929186816
1307983398854709248
1307987617611485184
1307988293926215680
1307988668477591554
1307989047860752384
1307989171479416833
1307990076614475776
1307992412678127618
1308002966247481350
1308009414645907456
1308009577187807232
1308050377082892288
1308052104397942784
1308052434372132865
1308052687431311362
1308053368892342273
1308053496428670978
1308055885688631296
1308056360085532678
1308057749260046338
1308060111701671936
1308060736455933957
1308061613874913283
1308063435406610432
1308063546144587776
1308065051341852680
1308067196632010752
1308068209703161861
1308068627405512710
1308068910571323393
1308069393050591233
1308071036395630594
1308071995494596608
1308072243235360775
1308074163270279168
1308075642072764418
1308076448381571082
1308077825543503872
1308078380303163394
1308079116734935048
1308079949308407809
1308082004941041664
1308082309900439554
1308082492176502791
1308082568013721602
1308082989524488194
1308084979981840385
1308085709627064320
1308086395509125121
1308086574610087939
1308086900780150785
1308087176043864065
1308087342889136130
1308088724840906752
1308088876683141124
1308124213635698689
1308185583043440640
1307842214748401664
1307862110479757314
1307885818443370500
1307904246663327746
1307905164884488194
1307906104471547904
1307918538779299841
1307922594658766848
1307926934119211008
1307927490921410560
1307934673855746050
1307936193020071936
1307938251114795008
1307940949247643649
1307942299536678913
1307948783775424512
1307950151227629568
1307952583881916416
1307954333074550786
1307958876105584641
1307959189457731584
1307962345633837063
1307970100071477248
1307979851127808002
1307981936313405440
1307982975250976768
1307983059363520513
1307989160851054592
1307991487121174528
1307997354558193669
1308046527164813314
1308052088845488129
1308052255430541312
1308053529614057478
1308056052429213703
1308056499613315076
1308056839754592257
1308057514043375618
1308058438396764161
1308058450308616193
1308062147419811841
1308063050373750785
1308063435230388224
1308063656056360964
1308064208563646464
1308064986057633797
1308065074335174656
1308065115095420931
1308066429531557889
1308066640072974342
1308067467927916544
1308067823214829568
1308068281325178880
1308068468319805441
1308070647822721026
1308071691239776257
1308073890527281155
1308073971032694785
1308074459216203779
1308076029806874624
1308076501917724672
1308076512432795654
1308077377944248321
1308077475075948544
1308077958880428034
1308078105471451139
1308081068193579011
1308082337507405825
1308084658391965697
1308084787811422209
1308084983073046530
1308085041587773441
1308086953427062790
1308130984022466562
1308142814665101312
1308179183433134080
1307856372604825601
1307869995909763077
1307875660053000194
1307877468431409153
1307880065175347201
1307892309992681472
1307895447671971841
1307895601145802752
1307898240705142784
1307905869112324097
1307907474360500225
1307915066734411776
1307923011790606338
1307923298152570881
1307927909592637441
1307930906540363777
1307933251542102017
1307937310395203588
1307942740693483520
1307947634200588292
1307948710350000130
1307954093009383424
1307954859589742593
1307960270480912384
1307960316404301825
1307962828729593857
1307963750197100545
1307963810855161856
1307964042179473408
1307966475802640384
1307970735181365249
1307971136282648577
1307981499678027776
1307982906309054465
1307983345142226949
1307984245365903361
1307984516091387904
1307989224600281088
1307990826719608832
1307992045781278721
1307994331928821762
1307994987020382215
1307995557647003650
1307995788191182849
1307999306331254786
1308001797274054657
1308003094630932480
1308004362233540608
1308005555621908480
1308005582373257216
1308020939599368192
1308021016648654856
1308033853223731200
1308052152363954178
1308052874237227008
1308053072908898306
1308053954123698182
1308054974476288000
1308055448017342467
1308055769825382400
1308057316286181376
1308057422221672448
1308057456191377413
1308058145596481536
1308059346916397058
1308059952892841986
1308060821801623553
1308063534081871873
1308064838745296899
1308065713672859654
1308066706804428801
1308069004335108098
1308071087251562498
1308071225705607168
1308072243109429248
1308073185074610177
1308073505808764928
1308074117762084865
1308075448245641218
1308076741320232961
1308078601611481088
1308079328945754112
1308079359111180290
1308080359788228608
1308080404348440577
1308081001390895106
1308081602648571904
1308081926276886535
1308082424040116226
1308082844842033152
1308082868376096768
1308082893454012421
1308083342768836610
1308083950540161029
1308084593124409344
1308085549148839937
1308085668082577412
1308085735766077445
1308087093407690752
1308087122700767235
1308088357386412032
1308107012081934337
1308130191584178176
1308165814068051968
1307842737857875969
1307847009198514176
1307867386293362688
1307882241171877892
1307896863643889664
