1277631143693737984
1277560169166143488
1277625370972311553
1277527230407684097
1277720544599826438
1277650675938340864
1277652633336057858
1277517298945982466
1277657263747092480
1277661405521592320
1277673808716075010
1277413838707732481
1277697461696581637
1277607515174428672
1277649653169819651
1277631966834241536
1277528853334962178
1277693117534175233
1277593321926524928
1277717917895884803
1277633916984320007
1277657383813238789
1277649564963651590
1277527450344460289
1277677065706373120
1277725856182476801
1277692992573317120
1277703803085692929
1277581324090576898
1277719968663117825
1277571875363786754
1277642191721115648
1277628369908256769
1277722285554708488
1277710273797906443
1277560621169549312
1277733448107556864
1277596995583172608
1277525629441847296
1277688635014492160
1277463898690588674
1277678219152392194
1277735201595101186
1277622505172320258
1277736893111820298
1277527416018292742
1277648581491675136
1277590372642848769
1277636895531503616
1277660321390395392
1277715886980374528
1277623722178945026
1277644409467699200
1277698091483832320
1277736967938224128
1277684164549120003
1277614155877449729
1277714414951686144
1277658324519944193
1277663252768530432
1277717226343337988
1277629895460507650
1277689757460582400
1277693257577881601
1277708421932949505
1277606516250546176
1277673185941393408
1277552027451764738
1277632645841723396
1277621068736446465
1277453678455250948
1277627531005431810
1277580563814191109
1277598513912840192
1277620338168389633
1277715870287114240
1277600677787840512
1277736135922536448
1277444176976715777
1277451352424222721
1277655909473431553
1277583143646699521
1277636296433905665
1277638548657704960
1277679433911095298
1277597866371006465
1277630541517524993
1277562293706948609
1277640407984283648
1277685675953983488
1277629162480701440
1277633143483351040
1277648811528261632
1277720493483851781
1277605012701622272
1277693180431994881
1277720127300083713
1277651477176160259
1277672414076428288
1277510551913013250
1277617237722046465
1277511557073833985
1277596975295344640
1277632490576982018
1277527529176338433
1277560922677096450
1277643286803603462
1277622924049031168
1277616883664068608
1277634935826898945
1277690363713597445
1277712003658809346
1277612353018880001
1277636204553539586
1277720752800890880
1277734586877870080
1277501274020368384
1277583175489859584
1277739674442715137
1277641413329641473
1277648022722076672
1277587714460745729
1277632973140045825
1277635467257790465
1277622087113478146
1277683102119276544
1277645193588756481
1277656269906759681
1277651263904256000
1277651420502806528
1277691630401867776
1277655890657710081
1277715971030032385
1277530788142161920
1277667997352628224
1277726829420466176
1277603321591848960
1277689148636303361
1277723223719903232
1277583761773867009
1277615304730832898
1277656017493536773
1277727909009072129
1277643511295283203
1277651045796270082
1277689188293521414
1277649460978487304
1277658248926105600
1277693617948241920
1277715594708688905
1277474432186028032
1277582968161210371
1277646119602978818
1277688298274795520
1277645118913290240
1277669702651858949
1277682710681698309
1277699430817333254
1277723518227165186
1277724135469301762
1277582134887186432
1277656080319987726
1277677579680579584
1277421529698127873
1277638962383814656
1277534259646009345
1277600574561796097
1277674930415468544
1277693276758441984
1277533605674258433
1277677528157687808
1277713708706398214
1277505050684858370
1277616666520760320
1277622146857160711
1277716538263588869
1277720246032437256
1277618011596361734
1277637936520007684
1277685614972788736
1277698817681510401
1277708418099232768
1277718075383656452
1277504649956818944
1277520052540104704
1277572784550486019
1277598795413536768
1277643687418384390
1277654040202133504
1277656187308302337
1277688119001743360
1277689515889627138
1277645720481337345
1277651589709336577
1277655652697960448
1277668299711668224
1277730278597935111
1277468499120738306
1277719082801025024
1277489703940501504
1277560321994100736
1277595173179076610
1277620337799122945
1277640470827429890
1277650998874517507
1277656466678300673
1277663121142763520
1277714580119134214
1277745225381879808
1277650192662245378
1277660036844617735
1277669411156045836
1277676263063330816
1277691969385480193
1277720230551261185
1277737428082712576
1277631872810520576
1277658983592087552
1277662613443411969
1277666655167012865
1277676646636584960
1277699402883309569
1277617245569589248
1277640471813091328
1277714029562265607
1277618709079773187
1277636695614251011
1277643113729843201
1277672405616472072
1277541039570591744
1277675702842769410
1277692032539131906
1277413178402537472
1277514094485164032
1277531341446426624
1277654438711308288
1277708289451667463
1277716580160454657
1277721586490134529
1277739270372016128
1277565766800375808
1277615197184811008
1277618403331710978
1277636303560019968
1277681078464057345
1277713485988847616
1277713632764272643
1277515076631777280
1277601652615385090
1277637493001793537
1277642511452966912
1277656070794686464
1277702874940743682
1277713620810547200
1277581466155827200
1277609001774088192
1277634132294729729
1277645392365174789
1277659778391646209
1277683704815595521
1277731067558952960
1277492898553004032
1277557424577228800
1277564974257364995
1277646138426957824
1277647914819620866
1277654758548025346
1277675740096495616
1277690437260783616
1277691185843376129
1277713054680133640
1277737118488506368
1277512565845786629
1277587560752189446
1277602731226738689
1277605356177371136
1277615689591853058
1277631332848488450
1277674609102532610
1277678350136479745
1277685306943291392
1277702037728264195
1277710934795071488
1277728581255299072
1277527629227270144
1277620313245708288
1277635751107330049
1277636311973859337
1277658404329324545
1277687758560145410
1277728105734512642
1277735131835482112
1277529566257561601
1277546270601687046
1277572669836341248
1277670670160154624
1277676210760355848
1277697413348818944
1277579367686778886
1277585336634413056
1277631469612040194
1277635131029716992
1277672505264701447
1277695824571621377
1277697207358164993
1277727171063185408
1277733976728391683
1277739006814453763
1277584942730489856
1277600587878670336
1277606252563005440
1277608685225861123
1277616600829607937
1277633050986393600
1277665457328345095
1277673701576773633
1277692302815825922
1277698352201662467
1277700006946967554
1277727435920945157
1277728843680415744
1277603850757816321
1277617824886747136
1277642783667425287
1277656008719040514
1277656108002414594
1277671741003911170
1277687130895069186
1277701267553484801
1277709276191039491
1277742283853639686
1277391331401379843
1277560961923264513
1277603729936613376
1277635228350152704
1277653759406071809
1277663123550474243
1277670516258672640
1277680783784849408
1277684913052024837
1277691541688070144
1277729330504794113
1277738615624339456
1277586016409391104
1277606197542125569
1277609536854077440
1277617199075688450
1277641759154208771
1277647139527692288
1277665117002444802
1277672357839155201
1277677863974699008
1277683057332498434
1277699802147500033
1277724365883428869
1277603993632587777
1277609119093084161
1277645215172644865
1277666383057301505
1277674244634181634
1277674268810231818
1277678220628783104
1277682485565014016
1277719708133994499
1277735101493850118
1277545282608271361
1277547166987403264
1277585683616579584
1277598525233168385
1277604241021034499
1277616393547132928
1277617242147086336
1277630404195999745
1277633408835952643
1277654408722108416
1277655803185573889
1277658757187670017
1277663122522808320
1277720134883381254
1277505354260262913
1277527282719088640
1277533818866597888
1277544776355676160
1277572524268642304
1277588524016025600
1277597568617365506
1277600226317160450
1277602076592353283
1277605238699184132
1277607850081206272
1277622854415265797
1277625397396545537
1277629146835955713
1277636406605754368
1277656428149432322
1277658095607525377
1277663721230348288
1277683252434624512
1277690555942817792
1277704394490945539
1277711932414443520
1277732931352567808
1277736051893772288
1277527524914925568
1277529060416073730
1277567987495641088
1277573393001451520
1277578601341292544
1277598877751939075
1277598947570139136
1277601588174086145
1277613989707612160
1277615548856221696
1277617824987373574
1277632544490557441
1277635394352316422
1277653558771539968
1277671462267125760
1277674444282933254
1277680296402567168
1277684343415209985
1277692284910305282
1277704457170681859
1277713451356508161
1277722283264692225
1277729091253407750
1277733878250102784
1277393528063172609
1277396532723978240
1277606452207681537
1277608025495425024
1277611386101731330
1277613249069023233
1277614540759412737
1277615097813311490
1277638070519595008
1277653053378752512
1277663475435819009
1277671875754295297
1277673401751085059
1277678221778190336
1277680670509326336
1277704657234780161
1277721792354963458
1277726585605558273
1277734278789554177
1277398539115651072
1277587055095296000
1277607755075825664
1277614638537101315
1277616786805063681
1277617373147734018
1277620337954324480
1277632644268818437
1277643236748587010
1277653995973152775
1277669228020215809
1277720668549844993
1277607754987757571
1277612788077129728
1277613288021524485
1277616086607974401
1277616563038720001
1277617037930647553
1277617480949813253
1277624400913805315
1277629534041526274
1277633826982936584
1277637294535643138
1277637299036131329
1277640520534233090
1277655176925626369
1277656232434765824
1277693140711940096
1277700944155861001
1277708583187202054
1277712956919361537
1277714727364431873
1277735777443745792
1277736775918784514
1277739355197657088
1277565036861554691
1277608504749101057
1277609111585263618
1277609837329879045
1277616617002881026
1277621625983303680
1277658403943469058
1277661861081690112
1277666894590251009
1277696393168261122
1277714420798554112
1277717087260205056
1277717582926229509
1277744270825447435
1277491576286121985
1277517355199926273
1277554210679250944
1277614270746775552
1277638385646161933
1277639613004333056
1277650743705718784
1277651795632721920
1277671445661966339
1277716470483599362
1277719967484477442
1277721539765579776
1277726762319970307
1277737322172293131
1277526212781453312
1277530516980412421
1277536044502654981
1277550727733432321
1277597459154427904
1277597767028944897
1277600943270494210
1277615795728715776
1277620501037318144
1277627384271736833
1277632072388132864
1277636339236773888
1277645491048759296
1277648020738359296
1277652021953396736
1277652211963695104
1277662656644743168
1277679657597444101
1277684905762308098
1277687793645477893
1277691022584295428
1277706172548763657
1277713633804460038
1277714585999507456
1277714591116648448
1277722583010508800
1277725072241950721
1277729459379060737
1277730271501201412
1277731486138011653
1277732544021135360
1277732784807829511
1277734271428497413
1277736451896160258
1277536680610758657
1277557982767841281
1277567423277871106
1277578636628025344
1277597133579980801
1277601457408217090
1277607217634689024
1277609754026786818
1277612740807471105
1277612847573487616
1277616562988408832
1277624779399467010
1277631391166054404
1277637821352853506
1277640471448297472
1277643849444265984
1277655759661207552
1277658714921668609
1277664629628362753
1277673084082950144
1277689836267352065
1277697281786077184
1277702741037666306
1277719214162411522
1277719797145403393
1277723359053262850
1277724549132533760
1277725413654106117
1277725672564297730
1277734539213836288
1277738618484711425
1277738892880478220
1277503033409245185
1277528268170805248
1277580926101438466
1277584456862351361
1277602812046835713
1277603792016543747
1277604695813603336
1277610386309763072
1277614046381047808
1277614967668301825
1277615323408224258
1277623025718964227
1277628872402636800
1277635369719287815
1277638986224357377
1277640384026415106
1277644259580092417
1277652159258116097
1277656529169256456
1277659226811379712
1277661492104630272
1277662390507708416
1277663365620523009
1277667665629372418
1277669326322098176
1277688041814048769
1277704925221396481
1277716859979042816
1277722000660758536
1277723261862903815
1277723517606400000
1277728531162763264
1277738621584289794
1277743650454339585
1277466870615064579
1277498302972530688
1277580548433739776
1277588491514384385
1277608944995831809
1277630712221503489
1277648196295106561
1277652234516467712
1277661155738234881
1277663879968014336
1277667373437333504
1277673196930523136
1277677738896371715
1277681825796755456
1277688591204978693
1277688724281798656
1277689525100318727
1277689767086428161
1277690802144190465
1277694171382534146
1277705624269344768
1277716027527368704
1277718297442689025
1277721430067744768
1277725385468379138
1277727183478427651
1277727321064079362
1277730572778057728
1277735785903665152
1277737205398634497
1277737224717688832
1277459276399771648
1277471090567241730
1277498400758468608
1277512050080657408
1277560947608084482
1277562650021560325
1277600602218999811
1277603065101791234
1277604434017746947
1277614842422190080
1277621096938905602
1277621123262398464
1277626174634635265
1277626933044445184
1277627214029357056
1277629106444742656
1277631698780459008
1277632921935937541
1277632926465708032
1277634029894975488
1277638079973556231
1277640470466719759
1277641669530324992
1277642797030539265
1277651917292871681
1277655094218063874
1277655570284085248
1277660981494235144
1277666880925425665
1277668404544012292
1277669513396355074
1277670921214537732
1277673914987134977
1277677132915884032
1277681667021381639
1277686169342480390
1277688285951717377
1277698136484581380
1277700869249626114
1277715459765403648
1277715528895746048
1277715654188109824
1277715826674749441
1277717959662845952
1277718419664764928
1277718419681546243
1277720681472458755
1277723044077801472
1277723273925668864
1277724663028695040
1277736675091898370
1277458061620363264
1277493160478990336
1277526013308739584
1277526861191557120
1277534074228310021
1277552375386030080
1277566202206990338
1277567553573879808
1277581581268520960
1277599578431389698
1277610271855579137
1277613378966446088
1277626372844916737
1277629842977161217
1277635437339701248
1277636093081460737
1277640643481829376
1277641728913100801
1277649446885634049
1277649956069937154
1277651740805009463
1277654091066466309
1277655204712906754
1277656561649954816
1277660348104019969
1277668217855643651
1277674958341255169
1277681632279957508
1277690883106881536
1277707159841562624
1277722592175173632
1277727525179965440
1277727874619969547
1277733486967885824
1277733658007408643
1277396711892189184
1277519058250932224
1277524717566640129
1277528104555237376
1277561198104309760
1277597950261309440
1277598175013081091
1277598947138105344
1277602913993609216
1277604947467608064
1277608304022355974
1277608926838763520
1277612287889637377
1277613828117860353
1277617498725036032
1277624489887567872
1277627441650040833
1277627742008336384
1277629146273705989
1277638648926797831
1277642987279978497
1277646799516454913
1277646910896160768
1277647518457790464
1277656171017646080
1277656614569414660
1277660644771344386
1277662297633124352
1277666496139988992
1277672314348453889
1277676960999591938
1277677374289727488
1277681907724161027
1277682795939233792
1277683252266799104
1277684108513226752
1277687057574395904
1277691810375221255
1277693320060235777
1277694205612171264
1277696187492184064
1277698063381999617
1277698915861770241
1277706156148916225
1277706480578420741
1277709077909512194
1277713758706696193
1277716007491121153
1277716665023766528
1277717638756655111
1277717764979986433
1277717846265651200
1277718816328482816
1277720119934885890
1277721453857845262
1277723518449278976
1277733587337588737
1277738620271472640
1277738968570826755
1277740518701744129
1277740958566752257
1277741367037505537
1277741524160315394
1277742028940591104
1277529876329902080
1277531864836734978
1277566248801513472
1277597279474638850
1277600378029301760
1277602615359086593
1277604043892948992
1277609526947123205
1277613040154877952
1277622825805852673
1277625373136576512
1277633525953564673
1277634658763751424
1277634746567319553
1277635410013777929
1277637870669434887
1277641158986993665
1277642987074453505
1277643375596969985
1277655569919291392
1277655782822227968
1277656097390833670
1277657740849135623
1277657745232138246
1277659922570924034
1277659989260349444
1277663101631041538
1277663125177634816
1277664820628725760
1277671616978305026
1277678224017723392
1277686475270864899
1277697114173321225
1277697525357645825
1277701554548756483
1277705255019520002
1277707980637642756
1277712311126499329
1277714589342466050
1277714877419786241
1277719743131086848
1277720369445720070
1277726034297868288
1277733534787145728
1277735803972706304
1277736528861696001
1277740687082037249
1277742968808636417
1277500735475900416
1277511532230979584
1277544783830044673
1277547356951633921
1277547505224429569
1277560530765524992
1277584559685734407
1277589085046046726
1277597734699139074
1277603600370368512
1277604905709166592
1277613878348853249
1277621081935761409
1277621675828432896
1277627384305291264
1277629594087174144
1277632392967192577
1277632923240402949
1277632946707587075
1277637954547019786
1277639157251178496
1277640554336190464
1277640572745003008
1277644166890217473
1277646761939484675
1277652175385174016
1277656037798051846
1277657270466347009
1277662811674628096
1277663123135180801
1277667910891327494
1277669493506965506
1277671705079697409
1277672512990650369
1277678225326399488
1277678243437580289
1277681966612205569
1277682544654327810
1277688651481264129
1277689947156291586
1277691856990633987
1277692352262438913
1277694300609032192
1277703384909459459
1277704643188084737
1277705901600890881
1277706198159065090
1277715214465630208
1277715910690816000
1277716451642740736
1277717492522237952
1277717562063835141
1277718484559020033
1277719377010450438
1277720299585273857
1277720774569230338
1277722278026006530
1277724537745006592
1277729360301166593
1277729803031007232
1277731088488525825
1277731253857464320
1277741214314438656
1277405536510709760
1277448218683551745
1277508703873314817
1277516577017982978
1277531251465957377
1277568902093049856
1277575283051200513
1277581159191515136
1277592672132313088
1277602737329487872
1277603870261329921
1277607206855282691
1277608178792964096
1277609048918155264
1277610273029984258
1277612075855089664
1277622450625359876
1277631827453317121
1277636885565919233
1277646307432243202
1277649599872864258
1277650695265583116
1277652132192288780
1277652640839667714
1277653053374513155
1277654068182343680
1277657227244056578
1277657897066016770
1277659012545294337
1277664966062084098
1277666366825336833
1277669233070166017
1277670955133829126
1277671303974203393
1277671421632708611
1277675702641258496
1277676798076235776
1277689643333562368
1277691567667634177
1277691630338875393
1277695845148823552
1277699969114419200
1277704394860048384
1277706703946035202
1277715294929268744
1277716242699255811
1277716270214000641
1277716444365697026
1277717204297973760
1277717732566405121
1277719574033707008
1277721761723953156
1277722385232400385
1277723519762272260
1277727049009057793
1277731828737150979
1277736100694392832
1277738618438602753
1277739969755467776
1277391476998180866
1277447368506593281
1277489258996158464
1277492719749914624
1277502058573127682
1277504883944501248
1277509029867278338
1277509313507057664
1277511027903602688
1277519674415038464
1277522191018385410
1277522191085645825
1277523532759662593
1277530147390992384
1277537058681167875
1277560223687991296
1277560704749449217
1277561115837444098
1277569376414248960
1277571075153506304
1277573575168442370
1277576647689068544
1277585857655050243
1277598947020689408
1277599144182452224
1277600403241263105
1277602704056090625
1277608525221552128
1277609149086470146
1277610272237248513
1277610433755648000
1277611017544118273
1277614046431162371
1277615051856318464
1277615603566759936
1277618258716364806
1277619749669789697
1277621596476366850
1277622229455552518
1277624269288157188
