1319268266779512834
1319255518578380800
1319245240411324422
1319317028591833092
1319360743515578369
1319251835044188164
1319255601508220931
1319259395486777355
1319216630170292224
1319266639997661184
1319259188049154049
1319257125542088704
1319254029453692935
1319255957285777411
1319247979056943105
1319253734485037056
1319262253007458306
1319331714678820866
1319258683600195586
1319262965682610176
1319239606429224960
1319355301934616583
1319266050656096257
1319262225790545921
1319256899448078336
1319255692906274818
1319401772990009346
1319234087492685824
1319243999270633474
1319311114816135169
1319176574265077760
1319231795246792704
1319256076009832449
1319243034882674691
1319164080330960896
1319222853875732480
1319255460231450626
1319256180263407616
1319370760302059529
1319256724461789184
1319219899349323776
1319254434749308933
1319260690218180608
1319197909125107713
1319171250330259457
1319233792071110656
1319252072483704838
1319245621916729345
1319188071913500672
1319250074095046657
1319167869310193664
1319246496550838272
1319255782911782912
1319264378982666240
1319250788842151937
1319237953776947200
1319245038799474690
1319245309852209153
1319244129436655616
1319356217945448452
1319244500536119296
1319305041749200897
1319256097279062016
1319235066376105985
1319260886612299776
1319213506479218689
1319196367282196480
1319346336681119746
1319260714167635968
1319116075984879617
1319232954103726084
1319241501893906432
1319249837154512898
1319091709901496320
1319239710364098560
1319263158930952193
1319224674337890304
1319259695773847552
1319257216634015748
1319247293883834374
1319264526202712067
1319218767881175040
1319255745414811650
1319250865346273282
1319251045462233089
1319254260777967622
1319405675064266752
1319200547237494784
1319234975728832512
1319206943467180032
1319188085565960193
1319114141013950466
1319242888119832576
1319243034714951683
1319260270871588869
1319255920690462720
1319313742706974720
1319196877263339521
1319267649113784320
1319272550988279817
1319065936754868224
1319253475822284800
1319173932981882880
1319256568303595520
1319335644146139136
1319166781836173312
1319224297190264832
1319256569117315072
1319257083770998784
1319262228835672064
1319241498874007553
1319256417354850304
1319205864159531011
1319243677949186049
1319318934705868800
1319131364478742529
1319256186961657857
1319260156488785921
1319205914113642497
1319231803992035328
1319247955296223233
1319226395118227458
1319301754463334401
1319196709487054849
1319210328161456128
1319237068413947905
1319241566142271488
1319380646695997445
1319245744625360900
1319255950440734720
1319265052902543361
1319266882646540291
1319210826293792770
1319241124695973889
1319243526887100417
1319255679870377985
1319262429742850048
1319267422139011073
1319267847743377408
1319159046944030721
1319190377203699718
1319236221076385794
1319252124677644294
1319190231472549889
1319224842131066886
1319242293002588160
1319242869539000325
1319201893571330048
1319237542592630784
1319260056295231489
1319233007597899776
1319244913926688768
1319251216728268803
1319255629337427968
1319255704524496904
1319256108951797760
1319211642073350146
1319227140567609344
1319241561448828935
1319220882129276930
1319223451043942400
1319232697382875136
1319255796006387712
1319256148751646721
1319181546105065472
1319191762741522433
1319255281059221505
1319264890469613568
1319293500156973056
1319205510655184896
1319257899303043072
1319163247442993152
1319239590205624322
1319247902867394564
1319259000614027265
1319264945691856896
1319185779172790273
1319231331587510273
1319258818593816576
1319403634816417792
1319118782091186177
1319225438959435776
1319323937336135682
1319213636624224256
1319226423970811905
1319231536244416512
1319267068513013761
1319258903784325120
1319266531503710209
1319123586569936896
1319136181032988674
1319219822580944898
1319259622272794625
1319364307600146432
1319404341267222531
1319206262320615424
1319208147307945984
1319069717773111296
1319211819613999104
1319241328555864065
1319255388475314177
1319255815849639937
1319255896833261573
1319259927479660551
1319262918370861056
1319177667267207174
1319255778218418176
1319407805137379335
1319209474175938561
1319211464096362498
1319217352672673793
1319247131102769152
1319249969023488000
1319257320287883265
1319303378070011905
1319197549606146055
1319206391194787840
1319244610829336581
1319252189873831936
1319181547556212736
1319191011223101441
1319206085367091205
1319217696865722368
1319221010047115264
1319223172051382272
1319225341282570240
1319253824155123713
1319257129325383680
1319257137458089984
1319266002409062402
1319268234332233728
1319081033757872133
1319263735840710657
1319330911515758593
1319103933906706433
1319170290979659776
1319231683535736832
1319255746421399557
1319266679386337280
1319301003246751745
1319103682969923585
1319114668628152323
1319192390905831426
1319234774372917249
1319238790905581568
1319242958953119744
1319248908678287360
1319255593224491008
1319259776128327680
1319264674936967171
1319141431936573441
1319204006665834498
1319256637367083008
1319260892882751488
1319263489504968706
1319337769030815746
1319417975733178368
1319116076169465858
1319214433013432321
1319216933737148417
1319227701253820418
1319249413727019009
1319255721213612033
1319259133816745985
1319081153672990720
1319124799755587584
1319163128471498752
1319188070323859456
1319235945766572032
1319244726617411585
1319251570689740802
1319251671114043392
1319267720987291650
1319333194668277760
1319129015232364545
1319174901677240321
1319217250491076608
1319230899087691777
1319244934885625856
1319246575726710785
1319255836372439040
1319257822878703618
1319266145912999936
1319321539179958274
1319136931905720321
1319149147283402752
1319167449883922432
1319170429555277826
1319174146383843329
1319193238125891585
1319194781633941504
1319197195497779200
1319205170841067522
1319232496500920320
1319235830523768833
1319252137445117952
1319393278572269571
1319087080056696838
1319122488744345601
1319124982836977664
1319160285228302336
1319163748750340096
1319179189086420992
1319196593577447424
1319244162122829824
1319246697491550208
1319247961759637504
1319256170729787392
1319256472874848260
1319259456543297536
1319263072595419136
1319216154976653312
1319240600064036864
1319246311779143681
1319250023440330752
1319250787797749761
1319256152610406400
1319257074690367494
1319362628481916929
1319158491291013120
1319161375676112897
1319161375881596928
1319188431021477888
1319209048001138693
1319209466089361408
1319225278351183872
1319232913167273984
1319234400752705537
1319239580244037634
1319244646715953153
1319255943671128065
1319260403340365824
1319264375165886464
1319265529752932352
1319338878214561798
1319120623365427203
1319140977811087360
1319174998175735809
1319188564798853120
1319196593623605249
1319209851029958661
1319244665879744513
1319244867579555841
1319245078473379840
1319255914864672769
1319258562045054978
1319259736408207362
1319259814694916096
1319272781087830022
1319355498521559042
1319360490359955456
1319394391115661314
1319405139896270851
1319090366050684928
1319105396204838912
1319205604305481730
1319208360542167041
1319216277655871490
1319231159461556227
1319232123946098688
1319239578826403840
1319243114658164737
1319243158610477056
1319253526233649155
1319253668533882880
1319255918970916864
1319257244354158594
1319262761961115649
1319266912447102982
1319326101815152640
1319399928687452162
1319411271964438534
1319105535191486466
1319107205371629568
1319125874017554433
1319190997050544129
1319240094570655744
1319243352739442689
1319250466618937344
1319252131103244292
1319257002757992454
1319257263996010498
1319257494154346498
1319297715285573632
1319374873622417418
1319157756713197568
1319158103980544001
1319161618878636037
1319169357256265729
1319176237433106432
1319201025748860928
1319204201612849152
1319216337579872257
1319227098255548417
1319233715533393928
1319240171750121473
1319242022184681473
1319248261300047873
1319248965150380032
1319250558520352769
1319254093806882816
1319256610540298242
1319260247886843904
1319263340133310471
1319265664171937793
1319141883889725441
1319147335197351936
1319205700581707778
1319212577419907072
1319219687985733638
1319223014932828161
1319231021045420034
1319238132135583745
1319238991082852352
1319246224860585985
1319247724340981767
1319247861536751618
1319252513519030272
1319253023894523905
1319253449553346565
1319258161111498754
1319258532689170436
1319261303932944384
1319267312021757954
1319267656373915648
1319271117085831172
1319293175362539523
1319096291301986307
1319138183381123073
1319194042580766720
1319201569246728193
1319203150532923398
1319221716518948864
1319231578883620864
1319234198427832322
1319242072549957632
1319243195327414273
1319243461397184513
1319246394583109632
1319247137608093698
1319250953116241928
1319253743909654529
1319256754929192962
1319256949876269058
1319257035779747841
1319257055987945472
1319259840292802563
1319262417801613315
1319262955796615168
1319299489560203264
1319327892061421572
1319343671217688580
1319345336079454208
1319145205958848513
1319159981065764864
1319172690423566336
1319174331218468865
1319194284348854272
1319204896466493442
1319208865104363522
1319214569034817536
1319233152808816642
1319236447300251651
1319238487023996928
1319238811365277697
1319238947638333440
1319240239953682433
1319240543348625408
1319242403962814464
1319243127153111042
1319246015912939522
1319247079420678144
1319247127176974337
1319248491361767424
1319250036497256453
1319251463542050816
1319264529453355008
1319273945065926662
1319073094699548672
1319088888707690496
1319105232723464199
1319105670784962562
1319141901849776128
1319164167312605187
1319171102724280322
1319192416365281281
1319195802951180288
1319197514919219200
1319200661679067136
1319206456135241728
1319224480690884610
1319236159353081858
1319236750322139136
1319239452724781057
1319239639182548992
1319240836098387968
1319240860396146694
1319247348040667144
1319252170785628167
1319253029154131969
1319254678606024705
1319255195944038400
1319255812276162560
1319256032787517440
1319258661320089601
1319259737213575168
1319265095411732485
1319267147856609281
1319267969566793728
1319268074868994048
1319304744054214662
1319404164619882501
1319068226899177474
1319123390033285122
1319137102643286017
1319137647529525248
1319167854982254592
1319174183197331456
1319175121764896768
1319181696206503937
1319189749391904768
1319192900815736833
1319198054126321664
1319202679365816320
1319206193902960642
1319221420388384770
1319222039794909190
1319224364102025216
1319228786362273792
1319232397746032646
1319236452773888007
1319237979441856512
1319239857131147265
1319240850778558464
1319240988108443648
1319241047411666944
1319241852185444358
1319241994389118978
1319242430160535554
1319246392615895043
1319247575447470081
1319247621953867777
1319249421872340993
1319250910065750016
1319257717329043457
1319260458919075840
1319263485776302081
1319266116653486082
1319318172105932800
1319344869450698752
1319409871591067648
1319103773206323201
1319126344412786689
1319141609435516928
1319149107752087553
1319164122823614465
1319167855103860736
1319172552795848706
1319173665209143298
1319180082917838848
1319184336789381120
1319206031398965248
1319209051595689986
1319212206811217920
1319215626154610689
1319216933263208448
1319220227079655425
1319230777981190146
1319230837846609923
1319232263255740417
1319236281067556864
1319245585086636034
1319247127474851841
1319247470321426433
1319248294397333504
1319248849320529920
1319252915479965696
1319254392864989184
1319255927531372546
1319256381460041729
1319257193829416963
1319257457932308481
1319258400463724545
1319260187019104258
1319261887486361602
1319262246535651328
1319265228354408448
1319265827514875904
1319266703918809088
1319267275388690433
1319268003368796160
1319268475358138369
1319292435160272896
1319329344599314438
1319389655981240320
1319078430164586504
1319148980853407747
1319166768003182592
1319183821154246657
1319191596076834816
1319191773671993346
1319197531096682496
1319202106868420608
1319206207320739845
1319208476237828096
1319210649029955584
1319211764333072386
1319215806476058624
1319224525540761602
1319225095223713793
1319232819361710081
1319235340809494528
1319237619688083459
1319238086052687872
1319238719887605761
1319241833369710593
1319241971148427267
1319243219713069058
1319245739520892928
1319246231428866049
1319248281919160321
1319253165984894976
1319253968850243589
1319253985749028864
1319257865505394689
1319261170310762497
1319266627716894721
1319266734399016960
1319268064186204160
1319277338664734728
1319284879301902339
1319307013290135552
1319319878633926665
1319416699981094912
1319088281473122304
1319107114959294464
1319118278254448647
1319119299890610177
1319152755416559616
1319160072543625217
1319186024225034241
1319186539130376193
1319186733498499073
1319188263207305216
1319191794471632897
1319194281194737664
1319198054013112321
1319200686576369664
1319208732392411136
1319209717881765888
1319211856398082048
1319216929324761088
1319219473837137920
1319221172131762176
1319222276613677057
1319228253710602240
1319228676093988869
1319229018223292416
1319230709136064512
1319231049054957570
1319231051080880128
1319232932884729856
1319233277606187010
1319234544474722304
1319237762340556812
1319238350973403140
1319239187535626240
1319244848575242242
1319245623036645376
1319245890108985355
1319246120988672007
1319246139598774276
1319246622459629568
1319248149203079169
1319248497468706816
1319248667392548864
1319249388473098240
1319250120765067264
1319250580565610497
1319250749013053440
1319251765284556803
1319251927432110082
1319252366970003458
1319252972661051393
1319253354166583296
1319254932567019522
1319255369974153218
1319256513161187331
1319257579101556737
1319258666021883904
1319259131895779329
1319260158367850497
1319260896317870083
1319262641395847171
1319266563808239616
1319268238568656897
1319272767192068097
1319284302027259912
1319337329455226880
1319358843336429577
1319377437604646923
1319405440648810497
1319405532378259457
1319406364100337665
1319407349786959873
1319081033053110273
1319115006873456640
1319170874709217280
1319174638791020549
1319176069149298688
1319177230728286208
1319188365326094336
1319189283211743233
1319189364665143301
1319197750475563008
1319198057997676544
1319202809519243265
1319204345334943744
1319207105421840385
1319216933531766785
1319220939142369280
1319222111093837824
1319225149980278784
1319228543075864576
1319229775194587138
1319230957094903808
1319232515668926465
1319232660494077952
1319233349064577025
1319234113014988800
1319234138885554176
1319235631789281285
1319236915120451590
1319237054958587905
1319240150870798336
1319240773414604800
1319240851361595393
1319241064784474113
1319242159732785155
1319244628424577029
1319245292991111168
1319246243089031169
1319246290300116992
1319246627702525958
1319249367849717760
1319249692149075968
1319249899616165888
1319249972450238466
1319250676967526402
1319251051980181505
1319253899979665408
1319254775716773893
1319255756563083265
1319256182406643713
1319257132169154560
1319257224338903040
1319257992563490816
1319258512216739840
1319258804954058753
1319258953398747136
1319259836438204417
1319260336848097283
1319261682510761985
1319262363770523650
1319263121945612290
1319263713514430470
1319264373785899010
1319265462950178816
1319266451363033091
1319267268585385989
1319295425891856389
1319299358941065217
1319315549806055424
1319337585265827841
1319379837870657536
1319405454141779970
1319405671868149762
1319410705372676096
1319413038584418307
1319069948174618624
1319073483037528064
1319075259652472834
1319091867544420352
1319096133591990272
1319136546231144448
1319146172653645825
1319156753737678848
1319163866052526080
1319168591221194753
1319187242405986306
1319189097207025664
1319189257798492162
1319194773379481600
1319194777653596161
1319196607963910145
1319202823368826881
1319205603990884353
1319206821656133632
1319216967169998848
1319218449529319425
1319221222748655616
1319224780701171712
1319225133727350785
1319225479833014272
1319226476273741825
1319226724681453568
1319227553371049986
1319231292916072448
1319233358140985346
1319233599418269698
1319235803457843200
1319235929916178432
1319236287178674177
1319238950750425089
1319239904686198784
1319240209746350080
1319241657162805248
1319241836372938752
1319241963502272512
1319242532493139968
1319244647600971776
1319244868284186627
1319245183247147010
1319245273848307712
1319246456008605698
1319247635992162305
1319248070090129409
1319251140970676226
1319252007337758721
1319254080745820160
1319255642473975814
1319256527484706816
1319257043920969733
1319257319277056001
1319257638513901570
1319257869510987778
1319258277138628609
1319259515964035072
1319259605260697600
1319261704648335360
1319261988057419777
1319262874401984512
1319263146880733184
1319264736584892418
1319264848132395010
1319265665459564545
1319266732238921730
1319266771824746497
1319267260935045120
1319271431042002944
1319287439119142915
1319356789658390530
1319360232418648071
1319406278788120577
1319407888369143808
1319412301796179970
1319413285062664192
1319419457765257216
1319086975224340482
1319092620996595713
1319096133688307713
1319117890931597318
1319129182136389633
1319141594499567616
1319152658016587778
1319160828160020481
1319164080167399424
1319166596473040901
1319197313353515009
1319205621741256705
1319208972008783873
1319209175973494784
1319210656051138561
1319215260457381889
1319218186861056002
1319224523858870275
1319225052659879939
1319225197044563968
1319225293475876865
1319225346214985728
1319226693689769984
1319229717497712644
1319230894629113857
1319230946009374727
1319232118413795335
1319233306517508097
1319234125266640898
1319234475390341120
1319237062655135745
1319238056512290817
1319238360767090689
1319238826833956865
1319239580307042305
1319240635963088898
1319241431173746694
1319241698573242368
1319242195334057986
1319242212782333952
1319242327446163459
1319242902271332354
1319243347073040385
1319244315210752001
1319244614604365824
1319244807261327361
1319244893211033604
1319245489422958593
1319245505151590400
1319246617602674689
1319247416068087808
1319247667931844609
1319247891781701632
1319248104437186560
1319248170036170752
1319248504242491393
1319248662397128706
1319248851476402176
1319250052070723585
1319250470318256128
1319252145879789570
1319252161482686464
1319252505289723904
1319253645259640832
1319254158848000002
1319254280893833219
1319254395712950272
1319254553804623873
1319254693202243585
1319254881216172033
1319255449095622662
1319255787198349313
1319256306486751232
1319257399308570624
1319258284264689664
1319258407069777920
1319258837803782146
1319258992506449921
1319259042670399488
1319259130457149440
1319259171234131968
1319259743383322627
1319259813679857664
1319260025668468737
1319260624585707521
1319261853642522624
1319263919735820288
1319264366999621633
1319265087559995393
1319265546559475713
1319265601597079554
1319266735158153221
1319267109323550725
1319267110003027969
1319274233168457729
1319286872451944450
1319306500905447428
1319317812079448064
1319356739586842626
1319383430908477442
1319398185094230016
1319417994699804673
1319075757059153921
1319079363980283911
1319100289836744706
1319111247107796994
1319125500925779971
1319128800685424640
1319134284360409090
1319134466674249729
1319138623271391233
1319141436298686467
1319144003946807296
1319144892526923776
1319145844378112000
1319153285140533249
1319155005908287488
1319156531003191296
1319157465074880512
1319174228902612993
1319174500144025600
1319175404549263360
1319181516333830144
1319182954426368001
1319182959044403200
1319183374578233344
1319183460322476032
1319186731900538882
1319187519003557890
1319188000996208642
1319188724761137152
1319188827064442880
1319190504639139846
1319191095662837761
1319191497397456897
1319193256249430017
1319200858979053568
1319203988798115843
1319206352917532672
1319206992657907713
1319208768194871297
1319209524629278720
