1287728315516751872
1287854864932970506
1287763005728591877
1287861116866121733
1287768033788862466
1287730066735222784
1287727692645900289
1287782684627013633
1287673533984919552
1287826647052410880
1287879067404918784
1287766000126119936
1287704360743510016
1287747146406600709
1287844172217626624
1287692123194691584
1287840182717173761
1287840710314663937
1287863638917648385
1287748527112716288
1287832885869924352
1287779784634904582
1287791400373956609
1287729299341049856
1287858963195797504
1287826970349383685
1287852436934340609
1287873503950016512
1287700088874303488
1287689519362449408
1287764684905488384
1287740437218893825
1287761362224132097
1287737345802997760
1287817710185963521
1287766966464401410
1287674088329117696
1287829846840811520
1287857626689220608
1287667835611774985
1287705058763780097
1287842498111582208
1287873019109470210
1287813267755274241
1287728613132054528
1287780139254845441
1287602016672526346
1287853051198484481
1287819292873052162
1287779090209165312
1287864868146573313
1287877928789868544
1287747112961282048
1287836936573517829
1287719962321313793
1287732717191340035
1287662148030791680
1287872774929698818
1287791386629111808
1287859868435611648
1287854742522286081
1287838670033170432
1287800153370484736
1287801104542171137
1287768936134717440
1287878763082997761
1287736953719394312
1287729583316520963
1287834482855284738
1287670463859167232
1287706497858899970
1287673920288706560
1287775377142755328
1287735551257346059
1287815220975620096
1287689603344891904
1287735018572455936
1287722440941015040
1287730985149358081
1287718839522922501
1287736513506226178
1287853496088375296
1287804307425959937
1287772270551805958
1287758649188921355
1287862464303050752
1287652413365792770
1287719544530837504
1287824503989469184
1287807443616096256
1287727444225646593
1287825987221291008
1287843386272231425
1287828001498042368
1287836404580528128
1287727980744249344
1287732711818506240
1287719384526589959
1287830421754056704
1287728108523728897
1287859311943790593
1287726341220184064
1287730121592524800
1287726934680580096
1287811238559461380
1287860756713738241
1287704478121156613
1287747061035732993
1287878573131407360
1287720704184590336
1287730535666724865
1287863562698813441
1287884935337070592
1287727962247364608
1287734679823671296
1287782716533100544
1287730130127859712
1287764092229505024
1287799677728038914
1287813754709774337
1287786805081911304
1287670309655461889
1287701867099758596
1287727837668159488
1287741958530768896
1287670344799723521
1287851747080392707
1287870880106733570
1287720848422514689
1287758288097083393
1287790045060108289
1287858096929419265
1287861643632943104
1287871757068783616
1287673925120544774
1287701796094382081
1287759399067549701
1287769271590846469
1287827519643811841
1287833494463315970
1287836845787799553
1287855602425901057
1287727974729515011
1287867214918332416
1287867916327641089
1287728191356821504
1287742042974683136
1287748876817051650
1287774153324494849
1287793046956969986
1287797894532214784
1287856527236304896
1287861536451698698
1287807183149768705
1287715001508274178
1287720470931021826
1287737929729802241
1287757920101425152
1287764480429096960
1287829037637926912
1287862251798634498
1287862484741902336
1287726042321428480
1287727539004284928
1287742787409063936
1287743587015446528
1287786322351001602
1287799511306383361
1287801590347436033
1287821252166668290
1287835826198589448
1287836942688813069
1287885541170655235
1287724353036189698
1287729118344286209
1287812478697701377
1287733044871401472
1287821953861115910
1287867783863099396
1287884320980361216
1287694054231363584
1287725899685797898
1287772099226918912
1287811271459577857
1287855303103516679
1287728427945070592
1287766830908616704
1287853697297526787
1287854579397402625
1287752169412792320
1287803023629209605
1287866004693909506
1287720329901756418
1287862185331499015
1287863062641496064
1287863461100257280
1287730161866219520
1287750883741179905
1287829706021142529
1287860603483295744
1287719194059059200
1287739278236299264
1287767609082023936
1287784814502916096
1287790192372457473
1287888580854132738
1287720764435771392
1287721866078162945
1287732218836680707
1287756886603739136
1287858644650950656
1287860268895272965
1287863226139541504
1287721238614487042
1287725299887747072
1287726238614921221
1287774457646514176
1287791136703119360
1287798225899081728
1287801129309536256
1287805915631177733
1287818257525874688
1287720021960077312
1287721527031607303
1287727840499204097
1287745451941404678
1287797423688036360
1287816388745334785
1287872504527122432
1287689368212127746
1287737511826141184
1287762087645773824
1287779783577759751
1287781430211350528
1287800263059877892
1287811028751982594
1287729193539821568
1287802933694746628
1287817553126068226
1287761907219300354
1287795685631328260
1287825160461000714
1287857389656518657
1287878397092216834
1287884082110558208
1287720051366342665
1287726932709330944
1287740328066396166
1287768497402122252
1287810017203281920
1287822147050774529
1287728506093350913
1287747065372651520
1287790754581094401
1287805591331774465
1287860689567191040
1287881128406208512
1287549531249414145
1287728455455576066
1287758209583849484
1287791781598449665
1287793633589170178
1287803960141795331
1287855337471713282
1287884773713575936
1287758620638285826
1287770378845196291
1287775551093182464
1287805392546930690
1287809981568503808
1287832791061757955
1287887145047404545
1287546640149209090
1287728065909534725
1287763130584629248
1287808778218471425
1287819001004019713
1287828146264342529
1287846547204591616
1287861959765917696
1287881400960475137
1287882732190629888
1287722302256353280
1287767198153560065
1287778904867049478
1287782297857556487
1287785455258402816
1287795382228062209
1287813505241042946
1287837908607655936
1287884207382056961
1287719385830797313
1287737208313720834
1287747306633211905
1287787667724410882
1287817848807665664
1287840179819098115
1287848987131703297
1287866090308206597
1287875891528216577
1287883966486163457
1287720827421691911
1287739944514002949
1287764686511812609
1287776366587457536
1287785362413191170
1287821255362715648
1287823528507711489
1287834418539720704
1287841437502115842
1287861894892617728
1287868193600487424
1287886024295800833
1287667909830025218
1287683506831843329
1287742323040882688
1287788695597264897
1287789847252361216
1287809364322136069
1287830605279965187
1287836472918376448
1287846126113218561
1287864873913810949
1287872716368801792
1287631198542606336
1287674350003462144
1287684785356365824
1287704939335225346
1287729209318809600
1287729746479058945
1287758869813432320
1287817877807079432
1287821123623755776
1287863458482933762
1287879568448077824
1287724935985725440
1287746415561773057
1287766351625494528
1287788396862222336
1287815426269995011
1287836726438834183
1287842695575109642
1287844405098041344
1287867861302558722
1287730623638130694
1287848096626614272
1287859047199375361
1287862824430194689
1287868120854458370
1287872638388322304
1287877927925764096
1287706118328922113
1287728791473790982
1287730103385038850
1287787436077207552
1287818806761607168
1287843921930878978
1287855114519273473
1287693998942027777
1287718870506254336
1287728646023782402
1287740874244448257
1287791656511705089
1287792210252095491
1287830571566194688
1287837662456369152
1287839052553768960
1287862828834185217
1287866163393736705
1287883455766781959
1287630889275535361
1287728450464362499
1287735220062617600
1287744274642149377
1287755628937711616
1287758350852259840
1287773203943882753
1287779440773271552
1287782067925909508
1287785567854497794
1287833624847552514
1287833724613263362
1287835719503884288
1287853570340147200
1287864531884990464
1287721126236495873
1287724570728894464
1287777910112358403
1287785449667170304
1287795200396603392
1287801172049440768
1287802475253321735
1287812885104799745
1287825652050272261
1287845212312621057
1287862342433353728
1287881223377784833
1287691600823451652
1287724938309378048
1287725316929093634
1287726383108677633
1287732928492064768
1287740881269923845
1287779734026321927
1287787332247203842
1287801314131542017
1287826412313903104
1287840118917734400
1287855026644361217
1287861513185828868
1287864128472625152
1287883220705411075
1287889515806326784
1287648868843356161
1287727695204425728
1287728879415758848
1287733785845551106
1287736518438793216
1287741122043957250
1287760335127150592
1287787331592654852
1287812797695438848
1287820995554873345
1287825636237684738
1287830527857352706
1287854811166244868
1287860714070249473
1287862829198999552
1287869377677729792
1287876526134816768
1287877964751704064
1287887976337375237
1287721930754273285
1287739416333647872
1287746364777156617
1287769679990317057
1287781676848943104
1287793269536169989
1287802489350356995
1287811558656147456
1287838440818704388
1287846821499461634
1287866623093661696
1287879300977369090
1287881415967703040
1287719982915293184
1287734241418240002
1287734484511539201
1287746193934684160
1287757887624957955
1287777264436994050
1287784492116189190
1287802430436995072
1287804700004417540
1287806569770561536
1287837645792595972
1287842452162977792
1287853983302922243
1287885479585755139
1287613768244092928
1287686619697487874
1287704148117532673
1287721712642072581
1287728427701854209
1287730395732205569
1287757191181742080
1287783417485107202
1287786361119027200
1287795525195096066
1287795977496276992
1287812875784982528
1287838028032102400
1287851697717612545
1287864086504411136
1287865653995560961
1287865911756517379
1287882647335706626
1287890915802132480
1287694058954121226
1287723819256483841
1287724245481590784
1287725039434031104
1287733821576826880
1287747455312891904
1287772601910276099
1287808265385017351
1287811842719522817
1287816759882457089
1287819195011530752
1287832903611756547
1287837414782902272
1287852361176752130
1287853948855095299
1287855741148291075
1287876043227844608
1287882452011061249
1287883103646568448
1287685803645304832
1287721072792678406
1287727822182678529
1287737874738184193
1287782251506339840
1287789872137281536
1287793721577295872
1287799511298068486
1287800736806510594
1287802562045972486
1287810071758503942
1287813771889713184
1287819266977419269
1287819509621878786
1287856363381686273
1287858313456054273
1287860194983194626
1287866921673617410
1287868636636446721
1287872517600718848
1287891945910673408
1287654680416452612
1287716734133313536
1287719095161454592
1287720795075158018
1287724344366567425
1287726637614878721
1287730307018493952
1287764044569616385
1287767154511708161
1287782863526649856
1287800170155999234
1287803712971382784
1287828654022680579
1287843056939606016
1287843250762645504
1287860991695388673
1287861569829965825
1287864919916867586
1287867101764448256
1287867563758645248
1287878273821577219
1287884229792079874
1287663119297388545
1287669271473131520
1287692499348344832
1287724326075105280
1287748517067456513
1287780178945626114
1287820291259994113
1287836281112756224
1287855281800650752
1287856744052465664
1287865132224114688
1287709007285714944
1287728151595032576
1287730875480907777
1287731468685520896
1287754207756525568
1287759915226931201
1287763286860140544
1287773619192582144
1287805748257447937
1287806535025000450
1287816194800717824
1287821972286603264
1287854396097822721
1287854404675272704
1287864994185568257
1287871712306974720
1287553414864371714
1287674770679635970
1287711350744125442
1287718643963441155
1287721324694122502
1287722768050552832
1287723974210859008
1287728757743202304
1287747862835744769
1287760906865319937
1287770344049315841
1287780966468067328
1287781873117208576
1287790923309551616
1287794563218837504
1287796037084733441
1287812633844998144
1287814265039204352
1287819226162630663
1287821259506581505
1287823786096701441
1287844321375518723
1287852761866887168
1287862371734687764
1287868076076093440
1287872693014994944
1287873864995753985
1287888252301713409
1287673780123439104
1287689175030886400
1287718575554408450
1287724235218132993
1287730707855339521
1287741615088578560
1287745602621759489
1287759320441147393
1287765686652215302
1287769781312131072
1287782907294121985
1287799390833344514
1287827557723836416
1287833915483357186
1287834794454384641
1287840319376183296
1287840674356908032
1287861034204749824
1287861688440696832
1287862319838633991
1287863266803429379
1287863388446625798
1287865900016627712
1287867599007580160
1287629554123776000
1287698511031672834
1287718688230178821
1287719212732080129
1287723259371413504
1287728648322154496
1287734824464154625
1287741782646808577
1287756069725495296
1287758543974670336
1287771402037231617
1287774597648130048
1287786415099711490
1287787331705901067
1287796167779155971
1287805269007900673
1287806205080080385
1287816046100058113
1287828692140523521
1287836451502161921
1287840926988152835
1287843781182664705
1287849944645279744
1287855853345935360
1287859002487996420
1287870514665381889
1287871656770199554
1287890361722052609
1287621108775243776
1287631710017007618
1287719083304275974
1287726919786606607
1287727807091617794
1287731303731859456
1287732006357536768
1287735543430811648
1287747569045712896
1287762288729034755
1287764534699139073
1287764789729656832
1287766767113314304
1287768314329075715
1287778390230040577
1287779612911599623
1287779782801764352
1287779783976407040
1287790608682229761
1287795616354054147
1287799806459408385
1287814450389626883
1287817336691593217
1287817809439924226
1287827012317577217
1287855922077868033
1287861334944538625
1287862589926658050
1287866245899984897
1287866868447866880
1287867639470014464
1287872514111102976
1287546624416382977
1287647536321306624
1287652726852198400
1287696583790923776
1287718989511221255
1287720120622755841
1287721089045585920
1287728376413790208
1287728457011601408
1287734753496649728
1287747408345075713
1287750234362322944
1287752353232441346
1287768456755122177
1287777136317796354
1287780898449088512
1287787948084166656
1287797397226229762
1287798655668297728
1287807103281909760
1287817526148247554
1287819020423573513
1287819773515104265
1287825527601078275
1287832655652937730
1287837732291727361
1287840358462902280
1287841437585833985
1287842543670104064
1287850868730208262
1287855359693066240
1287874658306416640
1287875822640967680
1287882019410554880
1287883642715291648
1287565612940529664
1287681348149415937
1287682132349980672
1287721118539882497
1287723138776739840
1287727302596538368
1287731557298507777
1287733770691530759
1287734784446418944
1287740711723569153
1287741033015582720
1287743163394928653
1287750057777823750
1287755928951898113
1287757046960410631
1287757434119958528
1287766744803704832
1287774704489594880
1287792932817444865
1287797640428691456
1287805550315675648
1287815395915829249
1287818397506580482
1287821265106075649
1287825880681713665
1287843236095168512
1287849686452273153
1287856405085659137
1287858048380305410
1287861709344890880
1287862970869923841
1287863231608958976
1287863498014224384
1287872462630187008
1287873346416152576
1287873624674721792
1287876600332075009
1287878795894992898
1287657402964353026
1287690038348783616
1287693221733203969
1287711421866954753
1287712497873702913
1287728414003212289
1287729091941195776
1287734769753763841
1287735722154307584
1287740104254070785
1287746921050898433
1287753094269468678
1287758537284825088
1287762918516428805
1287764922512879617
1287765568565780481
1287766295224692737
1287768181801725954
1287769823137665025
1287773439043002368
1287775605510070280
1287779596289683461
1287781529444376577
1287786379922071553
1287787767037079560
1287788456727531520
1287792807533518848
1287793619466887169
1287795487089795074
1287797947132977157
1287799185392140296
1287804169819217921
1287813754785157120
1287822894077272067
1287838958219558913
1287841096693948424
1287846498995261441
1287858099035017216
1287861102412468229
1287862624424808449
1287863063291592706
1287864014077214722
1287882219650871297
1287887858943041536
1287679117614354433
1287700763146412033
1287702297557032961
1287711947417321472
1287719338686984192
1287728368868302849
1287729837222895618
1287729973273546752
1287742018043686914
1287743503775207424
1287744598035632129
1287745807307943938
1287753282799243264
1287753357285896192
1287758271038857220
1287758479659343873
1287760469785227267
1287763643627646979
1287764333288710144
1287764683861024768
1287773191100825611
1287773516549500928
1287776006468591616
1287786688358514690
1287794883323781122
1287806205138796544
1287809942326521857
1287814110147731456
1287817220253507591
1287817529549893634
1287817529990078464
1287821015175888902
1287821423285800961
1287824945670758400
1287837343362306053
1287838794075471872
1287843810265968644
1287845212191109122
1287847371917975555
1287848461447110658
1287854464439930884
1287854795441811458
1287855119317577728
1287855738803675137
1287856070187261953
1287858063572119553
1287861462304804867
1287862914624286720
1287863319060189184
1287864875289460737
1287865358741680128
1287866932226478080
1287867861323714567
1287872515004497920
1287876230843232257
1287878800387129344
1287882323388559360
1287883188694478850
1287885178300297216
1287550950874312704
1287651269507784705
1287669333783715841
1287674196303249409
1287676158058913793
1287710713725714434
1287711833302937602
1287719670502563841
1287724220437483520
1287726589581631488
1287728352175022080
1287729178461245441
1287731966251544579
1287733340561387522
1287746987958337538
1287749834141728770
1287751803208048647
1287759475412262913
1287761100298235905
1287762240414928896
1287772286758551553
1287772915887484930
1287776609790033920
1287777264449585152
1287783984160575489
1287786436092203008
1287788834739179523
1287792727967571969
1287803338235564034
1287806664289275904
1287811234457362432
1287811332943872000
1287815925853552641
1287816857857253377
1287819708440477696
1287823068375789573
1287825216027140100
1287842820255109120
1287846694307205122
1287851755540303873
1287852453761888256
1287853737021759488
1287855735901216768
1287859363558952961
1287860329519742978
1287864581482663936
1287866673534443520
1287874112237342720
1287875421346729984
1287878203139174401
1287883313403686913
1287884075789774849
1287884356640313344
1287885542286225410
1287613969688141824
1287705554220130304
1287712766523052033
1287723113086672897
1287726216267563010
1287726933816553475
1287728526662279168
1287729951500898305
1287733601249959936
1287738423734874117
1287739669220855811
1287742155264528384
1287744669984665600
1287749396067758082
1287750085669879813
1287752674172182528
1287753729228394499
1287757583122604032
1287757616551211009
1287758466774446080
1287760442883035137
1287764688235724801
1287773870091624448
1287775370821984262
1287776164430229505
1287793427141275653
1287798808164929536
1287802124437463042
1287802430617526273
1287805147104645120
1287805611393126400
1287814086953230338
1287820503663640576
1287824806923186177
1287826491326304256
1287835596132478976
1287835743155564545
1287840179965833221
1287840181211598852
1287845404382568451
1287847206251356161
1287847797883129857
1287850058751324161
1287855045392977921
1287856368431620096
1287858338705833985
1287860229951160322
1287862111142543361
1287862150925623300
1287862994752483329
1287863567425785856
1287863758732238848
1287863875765862400
1287864160412299265
1287864501459513345
1287866854774411264
1287872267561496576
1287872520192851968
1287878155315761153
1287883602525425666
1287885478528577536
1287889849496854528
1287891171650527234
1287554721805303808
1287573271144144898
1287634989924986880
1287662759870701568
1287672651884818433
1287677093422170112
1287680383056777223
1287697825439133696
1287706340513787906
1287707663929880578
1287719391086415876
1287720331239710723
1287720853275381761
1287721424031895555
1287722900611649541
1287722997822951424
1287723161694490625
1287723423880355842
1287724669215408132
1287725469530558464
1287726766065364995
1287728193517101057
1287730024339177473
1287732367549968385
1287736820856479744
1287746494338985986
1287761650708295688
1287763242274549763
