1297150524723257345
1297215948739485702
1297085288200765440
1297280756650258433
1297288439956738052
1297136618609008640
1297110052470427648
1297141290434428929
1297207042969604096
1297138770433769472
1297273500982542336
1297172296994566145
1297151787267436544
1297170862123163648
1297133970119950336
1297274337880350720
1297144604526084097
1297279413034287104
1297092409856331778
1297199256365944833
1297114464156884993
1297114231456792576
1297275435148075009
1297208156255379456
1297248388770136068
1297138985156907008
1297087266129666049
1297118455540469761
1297154912049078277
1297288519229079558
1297135185067114496
1297112987396956162
1297144042384510976
1297167151695093760
1297120526477824003
1297175854641025025
1297132112844394498
1297233769892655104
1297168666488963072
1297149984543039489
1297207686522646528
1297214501914378240
1297137917811458048
1297218928586915844
1297146745911156736
1297233983835709441
1297122854799118337
1297090091958128640
1297114318371196928
1297153202761150464
1297148558483783680
1297231766508515331
1297091990270750720
1297130269581901825
1297146208453099521
1297088619228913664
1297196385507344384
1297217697277792257
1297212241272610817
1297222524875530240
1297181348642336768
1297262515144011776
1297237138833059843
1297178816650121217
1297119799189921802
1297149661774516224
1297241438477000704
1297220493955739648
1297293896482004994
1297131959777361920
1297221998133698560
1297172753120927746
1297199288829739008
1297177806284234756
1297240609086988288
1297133919159058432
1297199111565975552
1297186944674418688
1297192340138991616
1297114854772310019
1297221545572667393
1297020935107747840
1297091974500098048
1297151212274548737
1297111271473467392
1297127119978405888
1297129516242997248
1297150275711639553
1297205708987998212
1297139470169497600
1297213394521665538
1297096644127858688
1297113584745553927
1297148891176095745
1297247178239483904
1297111272748548098
1297293323527389184
1297298740445884416
1297085821309399041
1297107185156096000
1297159694386069504
1297150006231736320
1297171672693235713
1297143428929773569
1297185030343659520
1297092288980680704
1297167606957383686
1297198822284832768
1297212782346145796
1297289111863271430
1297297677940654083
1297135574919393284
1297203641418502144
1297151397486567426
1297287815022157826
1297162809260871680
1297220604823838723
1297092291937669120
1297141482399444992
1297290016541081602
1297222912873766912
1297224491345629184
1297289839541399552
1297117054517030912
1297149910782029826
1297273588119044096
1297105323963092992
1297105439021305857
1297131401221779457
1297249372040765448
1297280232332951553
1297093995143856128
1297143334532722688
1297150361493483525
1297215778434031618
1296968074994696193
1297222029863772160
1297065448576634880
1297109868558594049
1297255151305216000
1297071612223614976
1297156834365759488
1297204105501384705
1297128191945998340
1297143071042408451
1297157392250146817
1297268398833926145
1297294044536737794
1297111490860810240
1297140697703878657
1297149720683585537
1297156592027172865
1297163706623840258
1297173382954463233
1297198883500687362
1297258488511356929
1297088070714613760
1297170084356661250
1297232066614980608
1297095372536532992
1297156399894614016
1297209468267241474
1297225485785665536
1297245905607749633
1297303292113047552
1297059571823976449
1297085130775900161
1297175968306536450
1297248103834234882
1297249680502530048
1297117190282448896
1297139363059568641
1297201156880502785
1297268763725791236
1297152289761824768
1297163002786054144
1297200097940443144
1297215285112471555
1297128991057420289
1297150369722773505
1297225143631192065
1297270591884529664
1297270846038384649
1297273588202995712
1297195880207048715
1297204414990647297
1297204767442305024
1297243389134606337
1297036704252080128
1297126401632604161
1297127719772266496
1297293137166192641
1297304112648916992
1297073982601134080
1297125347205492736
1297150493458862086
1297289693814554625
1297120369913016320
1297145622152306688
1297150872678473729
1297151117235834881
1297156439614644224
1297211608045965312
1297237102816571397
1297259746735656961
1297296683974496257
1297096125724360704
1297121334972100609
1297133917737295873
1297155308645543938
1297182717935857664
1297138674040266752
1297114317813420032
1297273771620007936
1297286928161812480
1297150880828055552
1297161374225883136
1297270201516322816
1297290944212021249
1297020472127823872
1297096168866947074
1297133429054726146
1297144464822214656
1297150489008758784
1297155489067925504
1297220423843827713
1297224203448590337
1297277414058450945
1297279441442349068
1297145753782059010
1297149803378479104
1297150593950261251
1297160510299877376
1297190696923942914
1297199481507721216
1297201871136980992
1297252422239297536
1297254155178958848
1297262265650024448
1297304425934053376
1297124996859469826
1297136621696024576
1297150055003160576
1297206898710568960
1297274796233850880
1297099591188459520
1297108837296738304
1297122268766703616
1297123641797345280
1297150659675004929
1297154910199455744
1297155591660613633
1297189618299871233
1297227732833783808
1297238356024332288
1297238591840686080
1297271896707411969
1297282230268690432
1297286307958394880
1297293814730809346
1297088171671539714
1297099925260587008
1297132106842243072
1297150418955509760
1297156502164320257
1297223566451187713
1297224515219406848
1297224547561766913
1297121350667194369
1297144322928893953
1297148337704099840
1297159189169668096
1297203471716941826
1297233207486709760
1297244666715348992
1297271082806910976
1297273712119513091
1297278964415766528
1297285046131359745
1297292987878330368
1297304522742693889
1297069748488998912
1297094272223772673
1297098202823491586
1297143984188350465
1297150183185223686
1297193026419294210
1297268533320187905
1297269738968670208
1297271035717451781
1297272443673939969
1297287502718476293
1297291794091253761
1297307563407499264
1297093343416123393
1297120224379109376
1297121170349854720
1297152855753871360
1297155184712450049
1297156750509056001
1297159420280025088
1297176521229164544
1297190691475423232
1297210746842091522
1297240574144258049
1297250164692975616
1297278953435082752
1297287140116766720
1297303516248256513
1297096169504595969
1297108224861179905
1297120725371957248
1297125154305257474
1297228046886408194
1297232065381965829
1297265994830929920
1297279066115112960
1297284128530935820
1297300936986165248
1297115648565432321
1297116598478700545
1297147313866117120
1297187874102816768
1297214412114329602
1297228843854569480
1297243706450415617
1297257269793611776
1297277363844026368
1297288908414357505
1297299547241275399
1297102358707658752
1297109872706805761
1297124277964152833
1297130751918563328
1297146300719398913
1297150538023411717
1297150713576009729
1297155118157238274
1297155308117262337
1297167500594098176
1297228289623437313
1297228556754472961
1297238198985330700
1297272946424242179
1297273493155991558
1297282267275042817
1297290026842238977
1297297611737767936
1297090128754638849
1297092814862524416
1297096220482179076
1297108066761089025
1297109758466355203
1297110867641868289
1297111813088321537
1297118497705799680
1297130590442061824
1297163145912422400
1297176166990782465
1297191815817371649
1297192092222054400
1297211261298651137
1297224457870815232
1297224554474098688
1297233604335087616
1297291937171603457
1297292147113238528
1297302990500634625
1297305216937873408
1297308535630561286
1297105420008423424
1297157271672291331
1297175408278937600
1297198292292509697
1297201158105305092
1297217360202534913
1297218668015820800
1297247356476436483
1297263431641440256
1297275525530968064
1297288532139094017
1297312594995404803
1297069898737295360
1297084844355104775
1297098066844102663
1297102430144991233
1297115794955018240
1297171075919470592
1297182827738537990
1297187491045347328
1297200340442513408
1297211901622050816
1297253161921650690
1297277127608471553
1297280915064922113
1297281895965892609
1297289830674636803
1297295058904010755
1297299114800095232
1297301374829572098
1297306605390897152
1296975454604333057
1296998023667515393
1297085666602475520
1297131082874314754
1297134075355058176
1297151448044707840
1297152724111417345
1297208703150694400
1297229062969135105
1297230125759684608
1297239614130999296
1297255214299459585
1297262129008070660
1297270284228210690
1297276892937097219
1297289530098229255
1297290726812930049
1297304815916027905
1297149866020413440
1297154803487866880
1297155788771909632
1297160666135113740
1297165917495926784
1297180193266728960
1297180386687102979
1297201387974144000
1297237097586159616
1297240922099519494
1297265775498203140
1297287435152502787
1297293386794360838
1297294599078150144
1297295011365650432
1297083530078490625
1297085924120158210
1297100538107002881
1297134425902374912
1297138656214425606
1297160724712693760
1297161608339365890
1297201356697214976
1297225764639854596
1297252728293523458
1297280169405829121
1297281567178530817
1297282953874202626
1297290683187965953
1297308624952406019
1297310167684587520
1297310913255690242
1297111754347085826
1297127132624293888
1297130838941995009
1297133841732243456
1297143534018080770
1297177369934024705
1297177475517157376
1297186772137517057
1297186892421771265
1297200364282937344
1297205399041511426
1297211947943854080
1297230442479919104
1297231755485892613
1297232066753564677
1297232074122854400
1297246324732166147
1297268589217619968
1297273081505906688
1297273463485468672
1297274626851176448
1297274802231750657
1297277958168760321
1297281777690480640
1297089110864257025
1297096399868366849
1297132320642785281
1297137715369119744
1297155308813455360
1297177060511817728
1297179216203530243
1297198397628329991
1297206453682536448
1297216252910460928
1297217074557853697
1297233679119458304
1297239615221440515
1297247164175912966
1297271574769422336
1297273587603210240
1297282197364318210
1297297433723113472
1297307564691128320
1296984533829640196
1297099431611969537
1297123048559190016
1297127251230830592
1297135218751668225
1297153107797913601
1297154399249281025
1297162660572803073
1297164394959450112
1297169530276524033
1297169562379718658
1297188828428500993
1297192862724100097
1297203933241368577
1297213090799517698
1297214894962626561
1297229126550671360
1297279665506320384
1297286110738030596
1297290046891077632
1297293722149953538
1297297823638212609
1297145242542579712
1297147876829794304
1297160915520032768
1297170113142173696
1297181195894165504
1297182991051939840
1297215877780328450
1297217025329307648
1297218733191172097
1297237735183454208
1297265161284268032
1297274495850418188
1297279416981172226
1297281322612854785
1297292954453839876
1297296963470340096
1297299865559498755
1297309206559764486
1297116671350640642
1297126177371557890
1297135582813003776
1297142812958433281
1297143871298850816
1297147307813724161
1297148331471380481
1297150701261459456
1297154618435293186
1297157548085260299
1297159607685713921
1297165844296929283
1297202188117331970
1297220990494277632
1297236424702464000
1297265556224172034
1297277861540356101
1297280465779466240
1297282034545688581
1297287452743393282
1297289917287092233
1297292340932026368
1297292416798654464
1297300653761421312
1297300774993756160
1297303051137626114
1297307565609455616
1297050959093420032
1297085885427658754
1297088982988263424
1297110358818271232
1297110811320684544
1297115893349199875
1297117129427292160
1297118022986010624
1297135047053639681
1297150419991433217
1297151441241542656
1297153480327671808
1297153695352786944
1297154192906301442
1297166999651590144
1297169821940015107
1297176694562918400
1297186770224783365
1297187226737160192
1297188597473456130
1297192279061475328
1297205640310530056
1297222052332605442
1297224641459748864
1297236596589318146
1297241942775025664
1297247373140414464
1297269852357439489
1297271251526983680
1297272219052265474
1297278989929783296
1297285728737599489
1297289049149976577
1297289707215376385
1297292466966732800
1297293506877296640
1297293962894548993
1297298973036879874
1297088619170037761
1297107689370259459
1297131652720873472
1297132898584268800
1297142726031548417
1297152622307270656
1297152951501443074
1297153793713463296
1297156054451724288
1297157020840230912
1297157106999664640
1297159139550994434
1297161619684896768
1297163287868710912
1297165205168955392
1297170956255993857
1297186769956470784
1297186770023362560
1297186961946550275
1297187987135123458
1297201249717309441
1297208975390380034
1297211757400854528
1297212154555305984
1297213226258767874
1297216541281460227
1297242130679623680
1297246987943849984
1297260006665064450
1297275217883140098
1297275349588275202
1297275730926227456
1297277165034143744
1297286042496663558
1297286222386204672
1297289466239946753
1297304665667842049
1297049854062067713
1297086975636381696
1297088782295076864
1297135316034355200
1297152609132969984
1297154444786831362
1297163562914402306
1297165009693401088
1297191360743825408
1297191795617673220
1297192370170191873
1297194416399163397
1297203672447942656
1297208950064992257
1297209415108456448
1297213101473968130
1297214889044434944
1297221847390593025
1297223251438043136
1297232505309888513
1297235839349452800
1297246089112948736
1297253463773118465
1297264482557755393
1297269811752448007
1297269868702597121
1297277248798691329
1297278376160493569
1297278381101387777
1297279393539268610
1297279880162312201
1297280167996522502
1297284165440765953
1297284349730201611
1297285803794509824
1297287139919630337
1297291605121085441
1297296547303038977
1297299625603457024
1297300317881737217
1297313955149418496
1296990976041353216
1297058437969465346
1297095398415314944
1297101308734976001
1297106419259518976
1297118915059908608
1297123354621739008
1297137965781655553
1297139850622259201
1297140249521532928
1297140579718107136
1297146972902694912
1297147404114972674
1297149089096904705
1297150747046490112
1297155091976400898
1297163027834449920
1297167874575007744
1297168694641143808
1297169095952039936
1297175448372293632
1297189470920417286
1297195541512818688
1297196760285274122
1297199794218303490
1297200307106197505
1297216917690896385
1297220952971980801
1297225890372493312
1297225977320411142
1297227790027313152
1297229915033665536
1297240378362466309
1297250500539305988
1297251279660560386
1297270616513556480
1297273766435868674
1297279519917776896
1297282036680527874
1297282410904727553
1297285646386696196
1297285803446476800
1297288789455511558
1297291730837020672
1297294506140872704
1297295110284218370
1297296325948604416
1297296423378210817
1297297946925510658
1297299458951184385
1297305996231159811
1297311320505831426
1297088676661469186
1297102047897165824
1297111268415832065
1297115043457310721
1297122530004803584
1297124664506974209
1297128722420633602
1297130004229369857
1297131532159717377
1297144059211870211
1297150545916985345
1297160415865180160
1297166322556534784
1297171672475131904
1297176699667243009
1297178734307487745
1297203865343922178
1297208893609844736
1297209415142014980
1297211545928204289
1297219180186546184
1297223395579326464
1297223600550875139
1297233885848371200
1297240692842991617
1297242308715438080
1297243282418946049
1297257359115509761
1297264779996745729
1297266521081815052
1297271110585778176
1297273377741299715
1297273588081283074
1297274086503198721
1297274276811243522
1297287164842123265
1297287563544268802
1297288832556072960
1297289705315278848
1297290015618236418
1297291601274961920
1297293311393312769
1297305432281812992
1297306222706806786
1297313776719605765
1296978644619821056
1297068010671427584
1297116831057096704
1297123570418581504
1297124019334975488
1297125560976637953
1297126541361651712
1297127123241623552
1297129711672397826
1297133918446133248
1297139832611844101
1297139834293751811
1297140702032400386
1297141838814552066
1297143836427407362
1297151369187667968
1297152297655570434
1297152517445386240
1297153538389409805
1297156244671811589
1297157938767855618
1297161621136080899
1297162103460069377
1297166809800626178
1297167123710717953
1297175087129346049
1297177130305032192
1297190698245140483
1297193126499700740
1297200633443954689
1297203009131352073
1297212715023441920
1297214358523719683
1297215098273103872
1297215495184277506
1297231865460535297
1297231978119471106
1297234750449614848
1297235644683563008
1297241589509758976
1297242845934477313
1297246134272958464
1297248557959970816
1297250048695250945
1297252208640172033
1297253203768152067
1297269102394986502
1297269833516617729
1297270032003735553
1297272329727119360
1297280544653430785
1297281310700875776
1297282202179440640
1297282634394083337
1297284454159917057
1297287137147191302
1297287314125848576
1297287911390482432
1297288443056332801
1297289182386311168
1297289738332844032
1297290383085494274
1297293225733033986
1297295404233564161
1297300218212491265
1297300380867596290
1297302985148706816
1297308232298516482
1297078895351652353
1297081105150095360
1297081503860625408
1297083150280138755
1297089569645617153
1297089778769428481
1297095208790888448
1297097760416714753
1297097879392264193
1297100298897575936
1297100642608123904
1297108751976214528
1297118033824161794
1297118999910785024
1297127853528682496
1297132054929440768
1297135786119192578
1297138297647628289
1297141460693852161
1297141552863678464
1297141780605960192
1297146551463182336
1297150553902940160
1297150737647120386
1297158149070368773
1297171468523110402
1297181732844666882
1297182825435803649
1297188150532550656
1297190040339193857
1297191143243907073
1297192786496716800
1297205176877580290
1297207735638007809
1297209878038159361
1297212622794887169
1297213561840652290
1297213897578024961
1297222010041491456
1297225366185156608
1297238661151563776
1297239698201628673
1297247165308313601
1297251490843832320
1297258488779943936
1297261027885817863
1297264171915018246
1297266038434861058
1297268142268387329
1297269194954866688
1297269445824585728
1297269856132378625
1297273798195056640
1297277097946292231
1297280451489533952
1297281267034193924
1297281976802713600
1297282926405615617
1297284041092345857
1297286429266137094
1297286657364963329
1297288771097055232
1297288812020805632
1297290634546630662
1297290951141072897
1297291239033798657
1297291993136193536
1297292085176000512
1297293526494044161
1297293609000153093
1297294984069160960
1297295000578007046
1297297803832590336
1297302730285834240
1297313459655323648
1297082197883736064
1297082379811590150
1297084972742868993
1297093009671061504
1297094043042709505
1297100400001273857
1297103917604638720
1297108299515494400
1297109398263934977
1297109553612566528
1297111680921538560
1297113388728881152
1297121022978723840
1297124421266747393
1297127912857010177
1297129829695971329
1297130142897246209
1297131061625917441
1297137239638577153
1297139872986288128
1297143771264700417
1297145745837981696
1297146354188390400
1297148418347995137
1297150198410600449
1297150577072320512
1297150768663994368
1297150968509890560
1297152500093587457
1297153560602443777
1297153809215639553
1297154181778808834
1297155555602071552
1297155699605151745
1297157082827894784
1297166215127982080
1297169285882707969
1297171808488230913
1297177025787158528
1297178307365044224
1297189282520727553
1297195216600993792
1297197949995429889
1297200182766047234
1297201871120146435
1297204349995749376
1297209416538677248
1297223385664159744
1297224515236311046
1297227964518666240
1297235839362248705
1297239614877507584
1297242560335941635
1297242840871981056
1297246705948200960
1297248790227947521
1297249216847384578
1297250920498188296
1297263029495762945
1297264797210345472
1297268968474972167
1297269563491586049
1297273587972415492
1297275954134503425
1297276557338312709
1297278710953979905
1297279026176970753
1297279232285040640
1297280699213512705
1297280922199494656
1297282638814871554
1297283314454339592
1297283585922207746
1297284661216006144
1297285828419387395
1297286866522210306
1297287320035569664
1297289093110431747
1297289343804018688
1297289752287350785
1297290954647515141
1297299811046219777
1297305056061071361
