1259464072430575616
1259443186780569600
1259507861220188160
1259423177148633089
1259465127503560706
1259580887878025217
1259465606405001218
1259555881580220416
1259443746518810624
1259589617290031111
1259497181830094848
1259579657428615168
1259331408667054081
1259510464687603714
1259617200266231809
1259563859049775104
1259451139805843457
1259467611630428163
1259509082618318848
1259557858204581888
1259588420550176773
1259384027338899456
1259502081137872897
1259540537893412864
1259383049806020609
1259612830925500418
1259561752313954309
1259317481128296450
1259581535705063427
1259589628606234624
1259563676841005056
1259615555478327306
1259599949127454722
1259538640306352129
1259384349910335488
1259465265353568256
1259611046354059265
1259564227079086081
1259617497059405825
1259625603944321029
1259560001527599104
1259587995965030401
1259604558340403203
1259514240970510336
1259569856212500480
1259444500633657344
1259556100409614337
1259394188224978945
1259488187606540294
1259503970223087618
1259619225431240705
1259295287354458113
1259500450241556480
1259479351181160448
1259577412729352193
1259278583010295810
1259570150795173890
1259288401154576384
1259429166061170688
1259464989536129024
1259563218533527556
1259606117010808832
1259496025083064321
1259570303648268294
1259429845659942917
1259566441193488384
1259273941329346561
1259334709462609921
1259571687676424199
1259616949698527232
1259587147683835904
1259573997110427648
1259594059859087367
1259603724730859520
1259531739724165120
1259619156288290816
1259596122198355970
1259402501016739840
1259547791552057345
1259563238653677568
1259587488005476353
1259580623263596544
1259604513327124482
1259383207704887301
1259541091495403522
1259365149732986880
1259588984713424898
1259308904791638016
1259406236275089408
1259580160434724866
1259584930163691520
1259556335919693826
1259453885539913728
1259497679350050816
1259380143161774084
1259600069373898758
1259620224191561728
1259519270574317570
1259567162668220416
1259576337863454720
1259515674000535554
1259613252020916224
1259553100324581381
1259587740548714496
1259501593906622464
1259538145626009600
1259569280217219073
1259432152132960256
1259469280032239620
1259541072398692353
1259582513506406403
1259604125232365576
1259556602388062208
1259538454456778755
1259277537433264135
1259557236331995136
1259596670343483392
1259599128432082945
1259279552045596673
1259468431235088386
1259538710569328642
1259563812522528768
1259606426202374144
1259383546579386369
1259423907129577473
1259451369116893185
1259615584955793415
1259463587321479168
1259567575106834437
1259467713505832960
1259621597603864578
1259381937468293121
1259443792903639040
1259598306541518849
1259312081960083456
1259372464188067846
1259569133571715079
1259577786991329280
1259455097261735936
1259383879456219137
1259527171703439360
1259571147462586371
1259596427593945089
1259606576589156353
1259612060029259776
1259569038902132740
1259585198657867777
1259292571571871744
1259571971647508483
1259577435642871815
1259595899518488581
1259598230754668546
1259616351808880641
1259344888790945797
1259571814956707840
1259578595917340678
1259410291718119425
1259572622888755202
1259585551688237056
1259412195558985728
1259503241051725826
1259547545216454660
1259412248864403458
1259465460543885312
1259470329245827072
1259576647814127617
1259595954946113536
1259589197041668097
1259457870426488832
1259466095104339969
1259576573927309313
1259600829453144070
1259616945281908737
1259406844461821952
1259588830136541195
1259386437428011008
1259574415202963458
1259430205292191744
1259616964319891463
1259272151846260737
1259517291865288712
1259566376013959168
1259575614392217600
1259584797548085249
1259347454773821442
1259401080187863040
1259570612701446151
1259612002860830723
1259622373785055233
1259476181876867072
1259513570850746369
1259565994651066369
1259605691645464579
1259437433269170177
1259465617196924930
1259287037129228291
1259451100169633792
1259582912674123782
1259619313297903620
1259517633017372672
1259546835238166531
1259589429850767365
1259592578116268032
1259597848515162112
1259619226333130755
1259504239165964289
1259568819942686734
1259400415935782913
1259465200727662594
1259585513675259904
1259617965571559424
1259534658745896960
1259573983646756870
1259415413882007553
1259464384549707776
1259568365993103360
1259574133572218881
1259615663234187271
1259623312315088899
1259489630086365184
1259600030643650561
1259444683585060871
1259466836468543490
1259611177346306048
1259562598846038016
1259566021159137285
1259541407888478209
1259574886609178625
1259401901872943106
1259445879028711425
1259570808470605832
1259577645551038464
1259580897545912320
1259588566293917699
1259602712284532737
1259281026989330432
1259573792956964865
1259613952167870464
1259495657800437761
1259573613046509568
1259581067004125184
1259582996128190467
1259313798017617922
1259385412537196544
1259579391736152070
1259585831104319489
1259568073625030659
1259578375284371456
1259622987290083331
1259286154815459332
1259401580362838017
1259566376865239042
1259574788194013189
1259589182911057920
1259595552515395586
1259605529330155520
1259616454879698946
1259424615895613440
1259444654514323457
1259459899974660097
1259482116804485120
1259625529021542400
1259417277767847936
1259522302854692864
1259562827959939075
1259566375674105857
1259589723087142912
1259595907995258880
1259598196491288585
1259381148905615361
1259426206950227975
1259456648562819072
1259464487003881474
1259524361532461056
1259562757025923076
1259581255915581441
1259594003923832832
1259458544178540546
1259475779181662208
1259498885367635968
1259565700118700033
1259580823524839428
1259397432175144960
1259409836124635137
1259448980343263236
1259466074426347520
1259496916288786433
1259566135470632968
1259566518326738944
1259583103858888708
1259603775268048898
1259623802146865152
1259548900018532355
1259298820996956165
1259304764753526786
1259377745676636160
1259442666963681283
1259573010060713988
1259578958611349507
1259399099587145728
1259435360045719552
1259452682701504512
1259468587028316161
1259541737099407364
1259618047339397121
1259362718131408896
1259485572218961920
1259490878143582208
1259498053096083457
1259511494489919489
1259564878697824258
1259580528363294721
1259581404880359424
1259585492024164359
1259591467888193541
1259605987067133957
1259620741332467714
1259624478914555910
1259625202876547073
1259411120483377152
1259439549698244614
1259460730388176898
1259482771552112641
1259549364550238209
1259562873346457600
1259582936908734466
1259585956644093953
1259599012254175232
1259617100127141897
1259625075457875968
1259294604488323081
1259399599355297793
1259415148374241281
1259459188167671808
1259508354738765827
1259544788816330758
1259564536530710529
1259581475063689216
1259584221791899649
1259587626312613888
1259602053002919937
1259604628020264961
1259609567928946688
1259611517252710402
1259615184760582144
1259615960564146180
1259623417084628995
1259397016787972096
1259454652313149440
1259502049089204225
1259568892260708353
1259579100882178054
1259584640559562752
1259623540355207168
1259272127355793409
1259486446416691205
1259566376009646081
1259571524660391936
1259573316672802817
1259580239618899969
1259583507040481286
1259585171470286849
1259589111335305218
1259598399231459329
1259613249722556417
1259623728452902912
1259625653995003904
1259401976783212544
1259439336530927616
1259443375952072704
1259445640125460481
1259454908815814656
1259477244583596032
1259495900466028544
1259566904190160897
1259587979695329281
1259614166157078528
1259616698912706560
1259290408825339904
1259337870000586752
1259441869311881218
1259466922065829888
1259498090689630214
1259508632783380480
1259566756781346822
1259595252786237440
1259604125844754434
1259608075079749632
1259618366106611715
1259618624077271041
1259621181927444481
1259621461184176128
1259622284899373064
1259398939389943808
1259414219168120832
1259422930695421953
1259440379008626688
1259449731958390785
1259511694801469441
1259532323898429441
1259573072702722049
1259576843658760194
1259582733736648704
1259589160018382849
1259594261806415879
1259615450650021891
1259463644615790592
1259492553193291777
1259502533887787011
1259601623795609600
1259616653127684103
1259617516583817218
1259618555521372160
1259619665053126658
1259619673202663426
1259398191067381760
1259438134489686017
1259533727182487553
1259536177025048578
1259583781385588736
1259597279918522368
1259621876420284416
1259317326484250624
1259347482267602949
1259422980595159041
1259441792837189633
1259469223870464000
1259519102923784192
1259569313046020102
1259570753974009864
1259587535673663488
1259609157612777473
1259611674581098498
1259615800899571714
1259618003261566979
1259618321378525186
1259618337912430593
1259620962942758916
1259378883142586368
1259444698755760128
1259518183188443136
1259561364500164614
1259586590864703488
1259590449901252609
1259592861764419585
1259611803820179462
1259616635884888069
1259272342544568321
1259293184586326017
1259296521369067520
1259371790117240832
1259418743723212801
1259425853425029120
1259441051238125569
1259470274933805058
1259491794837893122
1259566415151013895
1259575976985595907
1259577452222914560
1259581504566562821
1259596575258664963
1259608768377229313
1259613786236993541
1259431581699244032
1259443664008380416
1259489614257061893
1259513329913081857
1259542476676911106
1259547155263557632
1259559095662718980
1259579855437529089
1259582470690922498
1259597203946995714
1259598856750333952
1259599202872680450
1259617315303415809
1259619309460041736
1259620587514855424
1259424024150540288
1259428207025164293
1259461425447292929
1259464509229580288
1259477669298782212
1259499018880770048
1259505978958942208
1259511277136863237
1259513527355621379
1259545685151698944
1259547860993007617
1259569353617440768
1259572510032629761
1259572759153332224
1259581192661336065
1259581475583918080
1259582733740843008
1259590605983944704
1259607095533502467
1259612772146597889
1259620983306162183
1259623210011824131
1259276968903598080
1259280955308679168
1259360743155290117
1259384644686032896
1259402043028054016
1259404515784220673
1259419691824668672
1259434933187117057
1259444368508964865
1259467590570827776
1259468124858077185
1259468812698767360
1259474616877277187
1259571123550855174
1259577317908779014
1259579377156861953
1259592184359157760
1259601241728077826
1259601260224942081
1259610425676697601
1259617637744676864
1259620331142164484
1259625036970934278
1259312907629846529
1259386290744762369
1259398727040733186
1259411409592627200
1259444405108424704
1259445782555607041
1259455221945827328
1259455481342504961
1259466793497833472
1259475109447897089
1259486920201166848
1259516304169598977
1259525713063018496
1259539207799873536
1259573232434384896
1259574627136942081
1259577700206800898
1259578089979482119
1259583192144756739
1259586421377163265
1259587766653841408
1259589692120539137
1259591541573554176
1259596240926449665
1259602467672784896
1259615211474034689
1259620795459997696
1259624116648321024
1259280621630865413
1259310463738880012
1259329684908707840
1259343996125679617
1259392404001603590
1259444560268320768
1259465726508830720
1259481614096248833
1259483331558809607
1259499366596968448
1259516237832433664
1259552399494189057
1259571452032028673
1259573927824764930
1259579154128928771
1259585491177025540
1259607899342401536
1259619185136668672
1259623339972349952
1259299482157678593
1259428330446753792
1259443422613704704
1259467156737208320
1259473290042761219
1259505851016101888
1259513404605284352
1259529688973807622
1259538020589502465
1259564997790896128
1259569178614403073
1259570047015682048
1259576074138193922
1259592548705873920
1259600226782007297
1259601913877868545
1259611535766433792
1259616455622090753
1259616987673755654
1259618830302744581
1259620816549011459
1259623452434141187
1259289079830765568
1259419882975834112
1259437027663192066
1259466460507897862
1259467214610194433
1259540462945402880
1259564456142659587
1259566910456422403
1259567757051510786
1259568842726158342
1259570768364679179
1259573764385316865
1259575188968144902
1259579117038600192
1259582116372897794
1259594058093264898
1259596997012729863
1259598528575389699
1259605274584920064
1259609699059740674
1259616204362338307
1259616211932983296
1259616396746674176
1259616481911939073
1259616995915464704
1259617029432193024
1259617790119510017
1259618632696500225
1259619233073369088
1259624213624885248
1259296548816633857
1259322951264067585
1259332436443435010
1259354505562464256
1259392751348654080
1259425469889499137
1259432229786144771
1259442061255880704
1259442249122938881
1259450701505343489
1259454765647433729
1259465832146616325
1259474899313348612
1259479794636464133
1259504549284458496
1259507372956975104
1259534843307851777
1259551276255174656
1259566028381720584
1259568776128970755
1259569480499367936
1259571408813780992
1259575138401599490
1259582332597465088
1259585521212370955
1259592090750779394
1259610464260108288
1259610753138675714
1259615242755194880
1259615337340862464
1259615648516321282
1259616397740605440
1259617154057543681
1259617473030209539
1259618347920039936
1259619275779817475
1259622173263769600
1259622426062868480
1259623369659613185
1259277929240039426
1259362261870747649
1259396570891661312
1259439830443884544
1259458544786640896
1259463051444719616
1259499548940140546
1259532704313475072
1259554035591413760
1259577575543889925
1259589026903965697
1259589027013025793
1259590011386843142
1259593180854587392
1259612265357197317
1259613518451654656
1259613672286158848
1259614190605676549
1259614397158297600
1259615336397242368
1259615515661787142
1259615535135932416
1259617046083653638
1259617675149553673
1259617693637976064
1259618438772908032
1259618767103053824
1259620404206895109
1259620424054444033
1259621600380555265
1259622358249283593
1259622599996342276
1259622925327613954
1259622978838560768
1259625524021821440
1259274324197900289
1259322688138547200
1259354000132096000
1259415388414189568
1259428049449373696
1259450546165071872
1259454790871982080
1259460791419502592
1259465829588127746
1259489969321717765
1259522577170604032
1259561616565297155
1259567634112225292
1259568699159252992
1259573984107982851
1259575910795182080
1259579497663389696
1259580857746100226
1259589276272152579
1259592060065075201
1259603542089904128
1259611674543140864
1259616273299898368
1259616307517050882
1259616404044644354
1259616683771203584
1259616706151972864
1259617921875226625
1259619223845900291
1259619414468673536
1259620068733988864
1259620411651747840
1259620468828626949
1259620671602245634
1259621011345080321
1259621422764298240
1259624050856509440
1259288522554576896
1259293353167982592
1259385681010397184
1259386293508857856
1259395274402942976
1259400386697453568
1259400403696959489
1259406556401225729
1259434805176995840
1259435813252759552
1259463740514336770
1259465302296985600
1259466776951377922
1259469151002918913
1259489045694091265
1259499701872754689
1259501811125420033
1259505919970476032
1259567404801277952
1259570312309547009
1259571465302704128
1259576652205625344
1259591559374344192
1259594168000753670
1259595404037029890
1259596768871878657
1259605433209303041
1259615651938865153
1259615661455822849
1259615813734203393
1259615977567916035
1259616186662338560
1259616234649391105
1259616360512008192
1259617401286660098
1259618979456454657
1259619109463040002
1259619364845879296
1259619365789597697
1259619499826962433
1259620331314176005
1259620462646173696
1259621740411584523
1259622265119019008
1259622269359394817
1259319196162326534
1259358331132674049
1259387047497871361
1259390068214677505
1259421505206849536
1259433655832887297
1259463121745346562
1259466275073462272
1259475469331824640
1259478836544241665
1259505536174829568
1259506227819819011
1259524273993068544
1259537848665026564
1259558409201909761
1259566296225779722
1259572076710637570
1259575966415945737
1259576984386129922
1259581475218849792
1259589062400360450
1259589546834112514
1259593617095753728
1259598472656891904
1259598597345198082
1259600869546512385
1259605503459627011
1259608456736227330
1259615287361572870
1259616008144371712
1259616287938039809
1259616398118133761
1259616716327395328
1259616754440994816
1259616923345715200
1259617027448242183
1259617154602762240
1259617563098656770
1259617809937694721
1259618565457620997
1259618990940467200
1259620232014020609
1259621095134638081
1259621751937523712
1259622260761079811
1259623690590924802
1259625036111118338
1259340737130487809
1259368068972568576
1259410860138692608
1259468314100871169
1259483194245685251
1259509149819457536
1259523068374003718
1259528665433624581
1259531624594767875
1259538480507609090
1259563104116998144
1259566202705321984
1259568434641330181
1259569674251128832
1259589093761191943
1259592814280794112
1259593051212840961
1259602075337580545
1259602107453317121
1259605132481830912
1259605293232721920
1259605396794335234
1259608271943536641
1259611779988160514
1259614545594761216
1259615029005037571
1259615510192414720
1259615632582217732
1259615829513187329
1259616505630568448
1259616574287294465
1259616605274869760
1259617278783619077
1259617288665419777
1259617356525043712
1259619642521288706
1259619792601874432
1259620199013199879
1259622533143449602
1259624567376617473
1259625879560499201
1259273573572784128
1259283952168247296
1259297674819403782
1259307167657721860
1259337366633762820
1259372185434705922
1259381489860558849
1259382136785625089
1259390537653772288
1259405325364596737
1259418907514998785
1259428859113541632
1259430108055519233
1259465685182414848
1259479609554452482
1259499100816408580
1259502532281405440
1259513356144295937
1259528629177860097
1259536419061669888
1259545089686351874
1259567723165691906
1259572886282604549
1259577809745383425
1259594042528186374
1259594464148013057
1259600482223480832
1259604736178872320
1259607815427153922
1259611887609790465
1259615829076914176
1259616089962577920
1259616229758820352
1259616367764004864
1259616528296816642
1259616579383418880
1259616603429314564
1259616631170519042
1259616971961839617
1259617243891224576
1259618372515508226
1259618486999035906
1259618567928102912
1259618763315576832
1259619005108797441
1259621701895192583
1259621752549842950
1259622231778394115
1259622932478918656
1259622998924865537
1259623282204192769
1259623740033445890
1259623803661037568
1259624514041925634
1259625496285007875
1259315975846899712
1259345921353166848
1259368914443735040
1259385257876480000
1259386004311625729
1259422905038974976
1259424302522302464
1259430155547705344
1259430640845574144
1259431274806161413
1259434255186198528
1259438096392880128
1259452453327646720
1259463454697631750
1259464323602231297
1259465556027150336
1259470891395792900
1259473214817759232
1259474793574936583
1259478429726015489
1259483515869151235
1259486061102858243
1259489190020071426
1259503315324370944
1259505515597631491
1259544682083860482
1259559497145749504
1259561463464763392
1259563279321612289
1259564357735899138
1259564930673541120
1259566981377916929
1259568072752594946
1259570624357335041
1259572857186721794
1259574379622682626
1259575827353817091
1259580713118162944
1259582647598227457
1259587470804606976
1259588992326152192
1259592800120774663
1259596330965622784
1259596574591610881
1259596574906343427
1259596599598239754
1259600304615669761
1259600440548786178
1259602349280169984
1259605340401872902
1259606713793236996
1259609416669769729
1259609645469110272
1259612447868096515
1259614964605730821
1259615185238659074
1259615215722942464
1259615279916646405
1259615360057253888
1259615386603008000
1259615466865274883
1259615534083178498
1259615671996088320
1259615810827571200
1259615986094936065
1259616038259474437
1259616135714148352
1259616257202143232
1259616370146390018
1259616465982050305
1259616983844298754
1259617024193572865
1259617090866159616
1259617620967460864
1259617623261753345
1259617750500212747
1259617841185280001
1259618001080520707
1259618187563487234
