1256659337843539974
1256619284324900865
1256675565832208384
1256668290753101825
1256493631457955842
1256664082528251904
1256664396694200320
1256663204140285952
1256571457855000578
1256665672978960386
1256566024977240064
1256673271925428225
1256551642704613377
1256675650380926977
1256688099859587072
1256690843353833472
1256607150798974976
1256560184597647360
1256673984986451969
1256493764035719168
1256720681057898500
1256569615276290049
1256725419702829065
1256551375158366208
1256680425554051075
1256685239491072001
1256590906422996993
1256604926375071744
1256535862160080896
1256571068183203841
1256689817796194304
1256521635269685249
1256605481252118530
1256597818770427905
1256590262891053057
1256686546872348672
1256657047870980097
1256676345683349513
1256693173524533248
1256606105087737857
1256682678012739586
1256669263324217347
1256662703021666306
1256661384328347655
1256685221044461569
1256391779148054529
1256614391765663750
1256667121553223684
1256663691690418176
1256613731250794496
1256668305944952839
1256665163618562048
1256497052948688896
1256671828858359810
1256718982184349696
1256690624360636416
1256602164878860288
1256682918187065344
1256652586138075139
1256686147264065537
1256708914428641287
1256721473420398592
1256546228021706757
1256554036532260864
1256570949425643520
1256638372682108929
1256684771096346627
1256596137957634048
1256696237400735744
1256575649491410944
1256532835386695680
1256667853283037186
1256667687591215106
1256565350814154752
1256569656921522176
1256637931730632710
1256722370649362440
1256607866179538950
1256682373514776576
1256673083525660674
1256561038578909184
1256675323632107526
1256694011227705349
1256725270939275273
1256580488694726656
1256634106147942402
1256689967423803401
1256626602181562368
1256688141462917125
1256493717889974272
1256494118412443648
1256612638508883968
1256711391517519872
1256681738777931776
1256494052180209664
1256678597634535425
1256688760110174209
1256703199043620870
1256711750856126464
1256663157784875008
1256570497900445697
1256688240553340929
1256702252741537794
1256706547402620928
1256690149544595464
1256581379279720455
1256665841694900224
1256682097021980674
1256683106305785857
1256711351550033921
1256610362759303168
1256674879555895296
1256617850564939777
1256647815192891397
1256379010206117888
1256564909619458049
1256569601682477057
1256690171774459905
1256622248955346944
1256639765581107201
1256710130063851521
1256724170395865089
1256564858738409472
1256690648805236736
1256542436458934272
1256676784382382087
1256681678287798279
1256666712583405568
1256667860979630085
1256665709318475778
1256681448687513601
1256495135505948672
1256673267567468546
1256674823280812032
1256491002258489344
1256585191562379264
1256672157343649792
1256649102991003648
1256682372566790144
1256569927907135488
1256674823851425795
1256533796658253825
1256591503083921408
1256593448402116608
1256630940618629121
1256518229016666113
1256609797065060352
1256720390413594624
1256672840235077632
1256562053185142784
1256587143788535810
1256629689155645440
1256578498824732672
1256660660949258241
1256685925020688385
1256558368459829249
1256683717407498240
1256546757330325505
1256707091525439489
1256629648898883584
1256668867943960578
1256622012958679041
1256725971547324416
1256565900519641088
1256662628967088130
1256677648820027395
1256695816812666882
1256579446796177408
1256716194146639872
1256497257605672960
1256610259877220353
1256674140335083524
1256674655999533056
1256713909828018176
1256486232067989505
1256665703089922050
1256712515037343751
1256713892358651906
1256608148347027461
1256673070959525888
1256680806908600320
1256681670507462661
1256704868959617025
1256548792809263110
1256567682771628037
1256607793819385859
1256705187215028224
1256720657863376897
1256379020289224706
1256697334244786176
1256700670532608006
1256605439787229184
1256677460273487872
1256497579703050240
1256561576334655488
1256565763302993929
1256606492997890052
1256613928320274432
1256666798587510784
1256721767361642503
1256627611633156108
1256624268236017664
1256634018260541440
1256677276659433473
1256697472383987712
1256710647787773955
1256654708992770054
1256602208340189185
1256626354583453701
1256678831425019907
1256680519858782211
1256588808696541184
1256647475714277377
1256682728604532737
1256726173469597698
1256628824902701062
1256642351398780928
1256667749553704966
1256704982822330368
1256416352585297920
1256500900132270080
1256711991349174274
1256716557402677248
1256494278249009152
1256513562794655744
1256526853520621568
1256534242290434048
1256675557477146624
1256686147440427013
1256721797170507776
1256665458759086081
1256681239337148417
1256670415000403973
1256686586219069441
1256689704872837122
1256482245898129408
1256568701492629504
1256668618454155265
1256670365742436353
1256697552495349760
1256716108477931522
1256518172112453632
1256566325746548736
1256612484603150345
1256659742082154497
1256676703209795584
1256686398846799872
1256701977360240647
1256662269695574018
1256669023821053952
1256676729671778304
1256714058050473984
1256718644647792644
1256414905596592128
1256539228843855872
1256637554641821696
1256637696568688641
1256685449030045697
1256715087705853952
1256586452466651136
1256612221733478400
1256679294576857091
1256519213289738240
1256667129396551684
1256710394351177735
1256722410809761793
1256414993727315968
1256501179263090690
1256524411819130885
1256581695203160065
1256587891557511169
1256595455040991235
1256676918226755587
1256678812315770880
1256712571198922753
1256719563397500929
1256513426182025218
1256536021644255232
1256555369192722433
1256565557568159744
1256674103274209280
1256677823605080067
1256692597734637574
1256720159374524416
1256466702281424896
1256494297773473792
1256552768313061377
1256562802736668672
1256604441740017665
1256639332334608386
1256676457583128585
1256596469282463744
1256599604914724867
1256631698453823491
1256673307308457986
1256681860790398984
1256687184184250368
1256610334762287111
1256638251072454667
1256670787295162370
1256715037789560842
1256719064493326340
1256579301446729730
1256605214192304129
1256642106896068608
1256668813178871812
1256669953064865795
1256674562978328576
1256691492959277061
1256691553583669249
1256694164064010240
1256714911218098178
1256566346290208768
1256665457458909184
1256672171352416257
1256534760370982914
1256537583947001856
1256573153905651712
1256618586858233859
1256664756150304768
1256701788650123264
1256721849108639744
1256587291650338818
1256626508824797186
1256665626531303424
1256667900657754118
1256673698846826499
1256685067738460160
1256694896758571008
1256408253698846720
1256543325517119488
1256599832531173377
1256613319907164172
1256663497875714049
1256673514674884613
1256679313480593408
1256703763181563904
1256531057391874048
1256555285226782722
1256570048593960960
1256670666474086400
1256673419258736642
1256673516180705280
1256688050555453441
1256704471276666880
1256709451547119616
1256713911711207429
1256716067516407809
1256719148031377408
1256550947897163777
1256578440574140416
1256612165815058432
1256616926182285312
1256637893201858566
1256645673874833408
1256666292452577280
1256671047895486464
1256679728926392321
1256684888830496769
1256705022886203393
1256721970500116483
1256405201914912774
1256515019493109760
1256614486427009024
1256665116285767684
1256667830931644426
1256690123569233920
1256693922790850563
1256695534955487235
1256696931436429312
1256704496266289153
1256708889430626305
1256724989019119616
1256725154056540162
1256468965951303685
1256590350166233088
1256666900282687491
1256680597176680448
1256704469456359424
1256711179461898243
1256411445824294912
1256530118727462912
1256534783515123714
1256636172295602176
1256686437249900544
1256716346064285696
1256720122070302725
1256600989500653574
1256638383641759748
1256660766356393984
1256664185041293314
1256667272791408641
1256670698619183104
1256705066561667074
1256716644560371712
1256721379396894722
1256569779634221056
1256590570446872578
1256660491805569024
1256663276274008064
1256681097783582724
1256720398399537155
1256721046381740034
1256724228327473152
1256576025695305734
1256582939409895424
1256663761986994177
1256665270460039168
1256676406626603010
1256694955491221504
1256559178845491200
1256567457931821057
1256574592384204803
1256579667504627714
1256582832983597063
1256601421891489792
1256650380575944705
1256670903410270209
1256684790331424773
1256708976449904640
1256713964437663744
1256722202621366272
1256430064260055040
1256544463389970433
1256546522126262272
1256560557454483456
1256575589185708033
1256621316033085441
1256640053222223872
1256664659362488323
1256665675214606336
1256679260980420609
1256713032102707200
1256724614878724097
1256726434330152962
1256530286055239685
1256665838175879168
1256674895297228810
1256680524107657220
1256690525954072576
1256691878466125830
1256705024232763392
1256404060325867521
1256569178414333955
1256603526672920576
1256623659139162112
1256667272648822789
1256670459913023494
1256674764128759809
1256675218594111488
1256680944540569603
1256718088550133760
1256571825892593665
1256578756854120454
1256602135371943936
1256679055971270656
1256691583732375556
1256698049914683392
1256700000660316160
1256708092882018306
1256708464296026112
1256710058009862148
1256716288153530370
1256498225516871680
1256529363916386304
1256536410523267072
1256555236665196550
1256596808484052997
1256605592279552002
1256617743085953027
1256631397592313856
1256634892181536771
1256656624472788993
1256664409742721026
1256672970933702657
1256681248489123842
1256682347979833347
1256705751688634376
1256711290904551424
1256715940680564738
1256388278988742659
1256424056288694274
1256488969300332544
1256494348868505601
1256533053230415873
1256534037906292736
1256546941225361408
1256596844832002048
1256614687707365377
1256663153234120705
1256675285552021506
1256677672094228480
1256691504233529346
1256715087823491081
1256716087477047300
1256717443915034625
1256720145453666316
1256724115559452672
1256403429641068546
1256507469641191425
1256507604165107712
1256529592912875520
1256587661667708931
1256644636904509440
1256659575773765632
1256666124294512640
1256666888484139008
1256671990787776516
1256672404853620736
1256677725840068609
1256679713025724423
1256715024145489929
1256503344052482048
1256521424740761600
1256564596174774273
1256565381218607105
1256569130364203008
1256579695761436672
1256583696267739136
1256664630136635394
1256665819456602112
1256670319869407233
1256671488842838017
1256674836564324353
1256681296769794049
1256702721761193984
1256714383159439361
1256718025245499393
1256507960362229760
1256522551716720641
1256557618308493314
1256589762007269377
1256621758330830850
1256646828847742976
1256655712933097474
1256672289019625474
1256674824509960196
1256675842433978369
1256675977998086147
1256690118410321921
1256690973331132419
1256696193553510400
1256713036737511426
1256715009331167235
1256716888983457794
1256719966650449920
1256727014213595140
1256494340706312192
1256496319721549824
1256531076933193729
1256541443541344258
1256567101910810625
1256588848936767490
1256610190226530304
1256621791239450624
1256652173582180361
1256678328427257860
1256679995306659841
1256684137890578433
1256698104008630274
1256714339891007488
1256718253491195905
1256721389320433667
1256725154081771520
1256510587154182145
1256529254168264705
1256531337437118464
1256565011738177537
1256665692226682881
1256666774579425287
1256672010282901504
1256673165759188992
1256681884291149825
1256682349707890689
1256698998003503109
1256699113376223234
1256704704781967361
1256714599551979520
1256715842676576257
1256727565714284544
1256397502615638017
1256491692171169797
1256512419100340224
1256516483569659905
1256518409254318080
1256536019865866240
1256545768216854529
1256549001123504130
1256565235344908291
1256566195182080001
1256575739782221826
1256606890034892808
1256614425903194114
1256629448356638720
1256632439075733505
1256648104482205696
1256667273219264518
1256672809280892928
1256674562743234560
1256686831833415681
1256695892876328960
1256701530922721282
1256710072144543744
1256711687467610112
1256721335679680514
1256724261164679170
1256448435475152899
1256491689176424448
1256496104599891968
1256508728339099649
1256513818433327104
1256524816124981249
1256536987609243649
1256556739119513601
1256594795092303879
1256599438086205440
1256609894750400512
1256621037153931268
1256629351749234691
1256635377634418688
1256638012269756426
1256663463168036864
1256664756473249795
1256669435001217029
1256678789607763970
1256678819139923970
1256679875597012992
1256694482394890241
1256703864532881413
1256703882450939905
1256704864085737474
1256705290445246466
1256722971734966278
1256407521226604545
1256453866540826624
1256463899848777730
1256536667613204480
1256575226357391362
1256613814084292610
1256657397885612034
1256660775386730497
1256666626746875906
1256669854670761985
1256671047614697477
1256698399040196608
1256703794433396737
1256705218357661698
1256712571123462146
1256713656152268800
1256717446398050304
1256724510927130624
1256724571467796480
1256726773963898880
1256516176697573381
1256541348347461632
1256549853787815938
1256552754195181568
1256605041517047810
1256609487231778816
1256614585215471616
1256668332775915522
1256669136182263808
1256669744805171200
1256671534363574275
1256673039414108161
1256675679246192640
1256679075504103424
1256682594059640838
1256685792753340416
1256693429309968388
1256700876120633344
1256703763273768960
1256706582206918657
1256716485369700354
1256717456732614657
1256721427614531587
1256721620657410055
1256721840787075074
1256722064846868480
1256722297362231302
1256726056024842247
1256726102908813313
1256495102584860672
1256499669011771392
1256519248425496576
1256524494207942656
1256533979865497600
1256545510837686273
1256557294600544256
1256569808373649411
1256593646738161664
1256626562885128192
1256639590510792705
1256644297077731328
1256654399683821568
1256665651348897797
1256668430410960896
1256668531237715970
1256670800637243392
1256670956661194753
1256672357227417600
1256672871012864004
1256682350936719360
1256682372797358085
1256689659922522112
1256690412544286731
1256692375642083328
1256697175163260929
1256700125059088384
1256706583817367554
1256716464222068741
1256717209872805892
1256717968987348994
1256722175886864384
1256723281136300032
1256723626369462273
1256725568659156995
1256726291623133184
1256409763929341952
1256423179003858944
1256433312509419521
1256480625676165122
1256484290474491906
1256484830528917504
1256494759700500480
1256503945230462976
1256564891785334784
1256564915252453376
1256581307154513922
1256616663421681664
1256621566500241410
1256639062489907200
1256639513859895298
1256657007039385605
1256664342436761602
1256665259533893634
1256667274695503872
1256671719420579847
1256672404383895552
1256674969037295616
1256680769000538112
1256682372700889088
1256682489353027588
1256685569725345793
1256686340399341579
1256689924000145408
1256690425672404994
1256693938062229505
1256701163854061570
1256717604334514176
1256719860974968839
1256721937025380353
1256722420020510720
1256448843509633025
1256493677553373185
1256493887444652032
1256513366513852418
1256514257665097728
1256529137331834880
1256529363962597377
1256530402115796992
1256552240757846016
1256562352348151809
1256566343215845376
1256583783983308800
1256632974029848576
1256641234099212288
1256658716365127680
1256665602195959814
1256666701879525387
1256674147561869312
1256680741376753671
1256683071073669120
1256686974502612992
1256687720770031618
1256688913848074240
1256693341938503683
1256695844855742465
1256699866274766850
1256709714223783936
1256711816979210240
1256713861161508864
1256720155599609859
1256725716332359680
1256494805422653441
1256502231844696064
1256526054132514816
1256538928934346753
1256568223169941504
1256568395744624641
1256570180215410689
1256571897577459712
1256582380921524224
1256607083153285120
1256616526435758082
1256619460787671042
1256620308976603137
1256631324934365184
1256642103259664385
1256654559025430528
1256659707219116039
1256667462193623040
1256669568673644545
1256669775318716418
1256672305977139204
1256672565617197056
1256674869263118337
1256675809235959808
1256677093284417542
1256681653080129536
1256684015005970432
1256686178776035329
1256687754009735168
1256691293121662977
1256692366850904066
1256700350414929926
1256702504890327041
1256706261871190016
1256707733010747394
1256712087641997314
1256713867029352449
1256716001628086275
1256716108859654145
1256716210517037056
1256716309414449152
1256716412313354241
1256716484262363142
1256716568639266816
1256717743581089793
1256718403529834501
1256719990792822785
1256720121734684673
1256720764197318663
1256721160240345088
1256721509164474368
1256724217472733187
1256726020775968768
1256385431878414336
1256431106636775424
1256491232794161152
1256501601990324224
1256562651938934784
1256570011583479811
1256575723902504961
1256583925536821250
1256590837686943745
1256595502264725509
1256602653502603266
1256611908108468228
1256612934693904391
1256615057636691974
1256637706832150529
1256639541676584960
1256640848646868999
1256644305629908993
1256657671027113984
1256667108945137666
1256667543265251330
1256670553504714752
1256673424979767296
1256675928467521536
1256676828019929089
1256676867882602496
1256676938627907586
1256677865548062724
1256680610455859200
1256682372935942151
1256682449314156544
1256685388174950401
1256685890354712577
1256692516981784579
1256700361408208897
1256706185673281537
1256710041635258376
1256713085328470018
1256713829565771776
1256719292424499200
1256720537373548546
1256722058354012161
1256722523045191680
1256723987499028480
1256439096886657026
1256465433991004161
1256492328396734464
1256506448017833984
1256512684843053057
1256526546761900032
1256544838385840132
1256546273504747520
1256548290340040704
1256548626534367234
1256550340570353664
1256554967520940032
1256570735411310593
1256591741353852930
1256610529130487811
1256625077514362885
1256633791101181958
1256634089953734656
1256638264527720448
1256639723839291392
1256640324606312452
1256645550637711360
1256664756263370752
1256665720253022210
1256665943729680385
1256666919303892992
1256667729114824709
1256668132657303553
1256670434407452674
1256671021698035713
1256673394541633536
1256674751784853505
1256678085258293248
1256681770575151109
1256682577257250816
1256682876113809408
1256684390555496448
1256687868438876160
1256688378361393155
1256688731186135040
1256691682843779073
1256692474325733377
1256694762553462784
1256695001343557632
1256695430898954244
1256704042702684164
1256707127760097287
1256710629546758145
1256711176949583878
1256713605707431938
1256714141726900226
1256715981923192833
1256716104627556360
1256717279120822273
1256718420365762562
1256718704630431745
1256720277435813888
1256720477902573568
1256720727811768321
1256721869471920129
1256723950475886595
1256723951415410691
1256723963205636099
1256723969878736898
1256723971275440136
1256723975662682114
1256723980582617089
1256723983724150784
1256723985397698560
1256723986760765445
1256724043060989952
1256725245085585416
1256725668634689537
1256726763012599810
1256378118962544646
1256410581390602246
1256441839105826817
1256460993175203841
1256485167310557184
1256508850901061632
1256518161102508032
1256519553896583169
1256523971119497216
1256526445553344514
1256529307263995905
1256535296830779393
1256538976296546304
1256551835969687553
1256556771847688192
1256565909801574400
1256569824387502083
1256576676982448129
1256586261135048705
1256633550536765440
1256639521053179906
1256640453161738242
1256660904483196928
1256662712987406340
1256662903538757632
1256663092580270081
1256663498680971265
1256663894300528640
1256669014690074625
1256669341833203712
1256669751763275776
1256673391773462530
1256674542988247042
1256677111768780811
1256678597340864514
1256682892979208194
1256685151381323776
1256686621577052160
1256687164357783553
1256687550011445254
1256688690828582914
1256689644240060426
1256689923123548160
1256692045965602816
1256698785880846341
