1308839920715341828
1308802555091316738
1308832119142207497
1308829311282171907
1308746293670445056
1308806460168699904
1308779236950519809
1308685246834053120
1308821842237546501
1308656651130544128
1308807172797628418
1308662235284242432
1308718860422582274
1308814700801601547
1308807991668375553
1308562590247813122
1308586196336103429
1308735498370912263
1308807373843304448
1308778370017251335
1308684531784921088
1308813237584982017
1308837133013188609
1308809917000753152
1308737960263790595
1308805908676435969
1308891405885083649
1308819083245359104
1308813380023709697
1308711560215494659
1308617529758298114
1308680130299035653
1308710992268988418
1308773218208153600
1308815900829720576
1308746772060213253
1308691450494955520
1308668156051849217
1308660106331070464
1308770903279493122
1308781798437064704
1308654790231101440
1308821598317817856
1308826267635122188
1308745462674059266
1308804990564265984
1308745430805684230
1308739551872135168
1308807133853552640
1308808107607367683
1308811425708736514
1308690745579180034
1308783970184769536
1308805841605349376
1308715663586975744
1308738794288537601
1308674971733028865
1308820661436067840
1308696832445427713
1308822374708633602
1308738180724731909
1308711256627568642
1308805321230618631
1308818962956812292
1308666156484562945
1308818567845085189
1308739867258609664
1308631579988762627
1308693915596476417
1308819352259629058
1308806007569735681
1308752058103799810
1308787653056376838
1308807003234541568
1308903156227727373
1308683123652263937
1308746439699333121
1308747400144658432
1308772745547833345
1308674999025373184
1308887791191949312
1308814929319866372
1308744219801026561
1308782800867295237
1308724639036825600
1308769876731928576
1308704395224379393
1308819583831355392
1308828683512303617
1308792189460373504
1308812669898588160
1308663957922689024
1308819562088017921
1308698450989658113
1308752882125221894
1308793751742164993
1308622208051425280
1308767868218224643
1308764026349015043
1308741992474718209
1308758150997213184
1308812364997951490
1308824726148730880
1308823536396570624
1308775928202436610
1308657164337197057
1308801674727878659
1308806333324500992
1308660821627727874
1308820826729451520
1308720599469035520
1308692612304572418
1308766038297841666
1308776063858806784
1308799914852462593
1308747324928163843
1308805078900498432
1308824894545768456
1308633541446717441
1308632184681422848
1308829202435788807
1308809834293231616
1308798346274975744
1308783005574533120
1308810361173348352
1308813472965234688
1308765613939187712
1308770194303713280
1308808374453239809
1308608526848110593
1308734202297409536
1308642639214977024
1308746212351324161
1308651873256329216
1308685836775559169
1308705277164871681
1308724380126662656
1308765377086787586
1308820213438337025
1308625281914146816
1308800992159375361
1308672452977987585
1308721353147777025
1308780915817054214
1308815070307246080
1308642080256913408
1308757316041404419
1308823208435605504
1308823948038209542
1308717191114743814
1308808602036117505
1308849906690543618
1308613158026838017
1308713035805208576
1308740035471122439
1308771808657711104
1308786980663291904
1308815141467811841
1308844957306957831
1308758963102666758
1308823446151987200
1308672774492299266
1308824262170607619
1308692400295079938
1308808421815267329
1308824747036291072
1308667644195803136
1308685704826937345
1308737884388651008
1308740498367156225
1308805826979610625
1308814697823641605
1308692364542849025
1308746339765891073
1308790114806632451
1308794957793239040
1308798286300459013
1308816942992588804
1308818757037547525
1308743643306524672
1308746657102811142
1308812876040286211
1308820737617285123
1308746488277856276
1308747931961511938
1308767233557114880
1308816766890659843
1308692584458596356
1308715301614366721
1308758437644382208
1308762880779710465
1308630782811033601
1308654642100928512
1308806517911625731
1308810962015793153
1308616854441689089
1308676988924723200
1308692606591918080
1308697067821371393
1308775989242138625
1308813687172591626
1308821920679374848
1308825751391809536
1308571789199511552
1308625236997345281
1308632261038804994
1308711540468613120
1308712388263280641
1308713308309028864
1308746768444805120
1308746855841492993
1308753169103622145
1308769245745106949
1308772271243309062
1308776699631480833
1308678328140918784
1308715543483109376
1308721504322977792
1308737879867142146
1308742917532590082
1308819718061674497
1308611866999033858
1308695097232498690
1308710935348088832
1308746108714340353
1308746335387095040
1308747113858244608
1308782844085506048
1308819811330383877
1308822658683998210
1308726503652429825
1308730330640048128
1308741750865920000
1308744537511284737
1308746731761397761
1308798284471754753
1308819927697108996
1308821889880666114
1308598678425423873
1308627195074678784
1308805590349754368
1308828896427732995
1308558223042117633
1308609352580857856
1308689558301798400
1308692430431100930
1308698294340800512
1308716809550467073
1308746460943585282
1308776037363392515
1308806580087992326
1308576615031595009
1308647285593698307
1308655790241263616
1308687547544023040
1308707484031496192
1308722834559074305
1308745879294218240
1308746311127257090
1308808404278882311
1308808887911485440
1308812389207412736
1308824810450038790
1308827356769984513
1308871618983272449
1308637089664303104
1308738964925353984
1308748468555575296
1308776443980263426
1308790571079794688
1308808910476849152
1308810872555536389
1308747405391618049
1308748571404111873
1308800354503589890
1308806330434551808
1308813377641144321
1308815684458237952
1308642261115252737
1308695442104950784
1308701894139838464
1308747405807030274
1308909181194457089
1308622200287752194
1308741283297603585
1308747945496309762
1308752121429405696
1308758636185911297
1308682302554345475
1308690064050999298
1308728783445336066
1308744521069592576
1308747044631257088
1308747398731239425
1308747755058335745
1308749722283380736
1308797097093758977
1308798277916274690
1308811618759987205
1308812377912217601
1308818366405070848
1308819544388104192
1308828418784538624
1308828611697348610
1308611683066224640
1308694197533368320
1308755304113418242
1308755522405924864
1308760110005657600
1308761767095529473
1308805317275406343
1308815852989489153
1308828095504437248
1308828506298621952
1308697315998302209
1308715254478778368
1308718885596737536
1308801574525906946
1308804723533910016
1308807082481721344
1308815631777755137
1308818636807733248
1308823596672913408
1308842167503388673
1308898940352303105
1308602230057115648
1308700845106704384
1308715295935262720
1308717498355904513
1308722568971649025
1308728761735622657
1308729615100325893
1308748261239521287
1308752118384336897
1308766574946508801
1308777334061883398
1308811380150202368
1308813384788316161
1308814717411110912
1308589490416517122
1308656693002334209
1308661462097899527
1308695925498368001
1308698056578265088
1308714616118222851
1308724302674624515
1308736997427744768
1308738730073694209
1308746376361238528
1308785790529437701
1308789323366621184
1308798443855515648
1308810661351354368
1308812621630640131
1308667211721175040
1308702591338139648
1308760672180883457
1308764230053748739
1308767328981725184
1308808822740455426
1308813645963563009
1308814560653127681
1308823100751052803
1308827415418986496
1308828888995450880
1308655163821846528
1308660877718171648
1308689569919963136
1308703350855266304
1308705163583004675
1308711378853801984
1308740975993466881
1308746074358714369
1308768007083220993
1308779255602573318
1308787966417010688
1308788823313309696
1308789877413216256
1308810209708695552
1308818563927552003
1308819233476878336
1308756221105766401
1308799344225783816
1308806884384702464
1308811892505313281
1308823057369362433
1308825683662168064
1308828239305957376
1308893907443355648
1308605758687211521
1308663109381390336
1308692400819363841
1308700222294568960
1308704873974726656
1308707537739542528
1308729168956452864
1308747336303214598
1308747944703688705
1308751880487567361
1308752571897700352
1308770327107952642
1308814646812573697
1308820604783661057
1308828294817738756
1308579334731436038
1308628407727591427
1308637006562496513
1308655037711872001
1308693615078711296
1308709770833035270
1308719217936605186
1308722732784381952
1308724675132960771
1308744182400458754
1308747545707974656
1308749495484719105
1308754555396554752
1308754612669886466
1308755007882375168
1308771852983046146
1308779725989478400
1308781718569136130
1308804888831369216
1308810744755093507
1308813792906801154
1308823398903152643
1308834264583147526
1308861494118023168
1308564235690094592
1308655768258908160
1308668115434311680
1308681515564281856
1308685344259309573
1308707796515463170
1308708422049837056
1308748881308594176
1308750829214720000
1308753159817396225
1308756766528864257
1308758426013642752
1308777707325489154
1308805613716221960
1308808361765412864
1308810293498314755
1308812378222493696
1308813382624182276
1308818051396243461
1308822798597529600
1308841689772175360
1308904684212674561
1308579413538361345
1308652136763453446
1308654850582949889
1308674580773511168
1308680033221967873
1308680573175697408
1308713463322206210
1308723699080716288
1308723980480598016
1308726349616607232
1308740010984828929
1308746583891206146
1308751565289857024
1308754108753547264
1308769481183965184
1308770052640997379
1308774842913693696
1308791351279063043
1308792168392335365
1308804795822735361
1308806170874916864
1308809088978104320
1308813239732633600
1308818911291375616
1308824870919208966
1308828655435624448
1308903977728131072
1308575693563977728
1308648970328199168
1308664898201612289
1308677844885819392
1308705490680020992
1308722732113297411
1308729644426973184
1308734602886995968
1308746545710407681
1308746696357302273
1308747206162251777
1308748592367230978
1308748764711092224
1308753068549435392
1308775081850667009
1308805933716340736
1308807026752008200
1308809631746142208
1308813125429403650
1308817389790932997
1308823216568360961
1308827469710012416
1308904243483619330
1308643503015108608
1308699708630675457
1308707186210734081
1308716228010225666
1308720508222009344
1308727030163419138
1308736385508089856
1308741654191509506
1308746355926499329
1308747008895856641
1308749270447788032
1308749631174643719
1308753508506664960
1308754564531838979
1308798412888788992
1308806520293990409
1308808500445876226
1308809122951901184
1308809712276832262
1308810850199891969
1308815905716043776
1308818689983209473
1308819594149269506
1308829010353324034
1308834061515927554
1308572036625645569
1308647419471691778
1308657165440290816
1308659683830398977
1308666784992628736
1308692581484695552
1308694617685143552
1308701129518264325
1308719644644192257
1308738622011703299
1308745078865879040
1308748759912910849
1308751004662407173
1308761799152590849
1308764304162926593
1308778608358559744
1308779874358906886
1308786668238000128
1308796034735366152
1308798277203251200
1308805832344248323
1308805911595671552
1308806127153446914
1308806593446723584
1308809567900446720
1308811037735518211
1308811303021051904
1308814075099578368
1308815173214404612
1308816284956622848
1308816891524386816
1308816935887474695
1308817393297379330
1308823497456726020
1308824533672038401
1308825341125951494
1308828608224428032
1308556688425775104
1308571787253481475
1308616540774948864
1308624632845488129
1308649771553427456
1308670535715434498
1308673605388169219
1308682091257831426
1308688108070858752
1308737888159436800
1308741596259721216
1308749873269927938
1308750175289122819
1308752158733598720
1308755613699182593
1308769588264534016
1308777368232878081
1308782699818160130
1308789166436687874
1308796965862473730
1308806046815858690
1308807491690663937
1308807922776977410
1308809317928361985
1308809797911932929
1308813206073364480
1308814596279599109
1308815028578070529
1308816357211992064
1308822297348919297
1308822329309319168
1308822687943397377
1308824664689520640
1308842879100608512
1308895574402510848
1308576616092704773
1308620179283345409
1308639380777697280
1308640537508012032
1308666336550289408
1308696750333530113
1308699264219049984
1308699794374881281
1308699963963117568
1308701588203151360
1308708275605643264
1308709352254197760
1308713950251487232
1308716266346221569
1308722786890702848
1308728626330902528
1308729671769620480
1308748658553257984
1308749880060502019
1308750362489257985
1308760742561222656
1308762290372710401
1308763532796755968
1308763757514981384
1308768754092957696
1308773111307726848
1308778043675115521
1308787331898449921
1308790265533132800
1308792296444514304
1308795655142416386
1308807670003048449
1308807702013980674
1308809137510375425
1308809628814196740
1308811362991247366
1308811371623182343
1308813408297508866
1308813614988644352
1308816906120552448
1308817200535527426
1308817647530893315
1308818108497440768
1308821077687177217
1308821412891815936
1308821815280709632
1308822064682409986
1308823076071768064
1308824197947420680
1308824376989626368
1308826328041480198
1308836918231281671
1308560304268345345
1308623079350902784
1308670606892773376
1308675840151089152
1308680501213814784
1308681551740391430
1308690501902700545
1308693573345382400
1308698885041328128
1308712448510382080
1308712785883336704
1308712805831507969
1308715406761381889
1308715504014680067
1308719963570569216
1308734007950151682
1308752110201319426
1308754502804279296
1308767326838362112
1308770427167297539
1308771994121498625
1308775059390111744
1308781164434350081
1308786952640974849
1308794474835972103
1308802052043096064
1308805355049291780
1308806417219022848
1308807955328962562
1308809055876665347
1308809234050699264
1308810873075576832
1308813662174564352
1308815914901610509
1308818807767609344
1308823946519891975
1308824313903095808
1308825400240467971
1308828394944188416
1308851127576793089
1308586886999543808
1308599935852445701
1308616113572511745
1308650274806996993
1308666156476235777
1308669984504250368
1308677995104817153
1308680362869092352
1308681682669703169
1308683907735445504
1308691788027375617
1308698146642563072
1308698722474262533
1308699375321985025
1308703549132623872
1308706729497104385
1308712121929211906
1308713675373588480
1308715231338590210
1308717909485682688
1308719623517413376
1308724499500670977
1308729003830849537
1308729511811469313
1308738940468449282
1308741416399654913
1308746412738387969
1308747630638444544
1308748433616928770
1308760049129586689
1308760530488786944
1308760811972763650
1308761268069826560
1308768084367294464
1308769128702980101
1308770267632631810
1308773683205484544
1308775628896784384
1308779403409649669
1308780675848437761
1308799579408740352
1308806582113693697
1308809086994190337
1308809104597676033
1308809158213406720
1308809940706918401
1308811553014247424
1308811730626244618
1308812294160293892
1308812456895172608
1308813229959897088
1308813385165803520
1308817412880584705
1308817992692752386
1308818184212942849
1308819978926329860
1308821512124858369
1308828477840396290
1308845024398934016
1308558142842843138
1308582809955692544
1308594434200670209
1308597321370923008
1308632004607565824
1308632255942754304
1308647283848671232
1308648882042286080
1308662382114164736
1308670263219847168
1308681256549249024
1308684587174891521
1308685536375312384
1308694588769566720
1308700132230258688
1308702749689872384
1308703905333809152
1308707278023950336
1308707600297582592
1308709038331494406
1308718551403057153
1308730195067768836
1308732637293547522
1308733585046802432
1308740313876516864
1308743339769028609
1308743525224329216
1308745430809837568
1308745991521263616
1308746369641971714
1308746824900120576
1308746998053588993
1308748607370203136
1308748872798400512
1308751420766720005
1308751452274384896
1308752732921237522
1308755398854348800
1308760642422272006
1308760850610749440
1308762001280294920
1308766064885428225
1308772503498772488
1308775101387735042
1308780661092749312
1308784828708462599
1308790728542298112
1308793588806021126
1308795936399908864
1308798094281187328
1308804738520055810
1308807192133464066
1308810860467376128
1308812229807087617
1308813156614111234
1308814019424333825
1308815837231550465
1308816181327998976
1308816190098333698
1308817392974409728
1308817684168142848
1308817732733935617
1308818975988514816
1308821421049753600
1308822524327755782
1308823723391225858
1308826568240910338
1308826845450829828
1308827728917995520
1308829100472258560
1308835714407301120
1308893787956154368
1308557341210574848
1308571851665350663
1308591411613364227
1308635957537587200
1308639733262680064
1308647420495097856
1308666103036604416
1308666168287297539
1308673768760455169
1308673980493189120
1308677281712353281
1308679202745528321
1308682792813965312
1308683507670102017
1308684377115832321
1308686452457459717
1308688805881434113
1308690064227016704
1308692392971841536
1308693355904331776
1308694582541115393
1308694824757997569
1308696810140192769
1308697777883549697
1308699375435214848
1308701963282984961
1308708425841479687
1308715691034451969
1308721407996690432
1308725296581935115
1308725823638253568
1308730329595703296
1308730517513285634
1308733742165430273
1308739274368524288
1308743411629989893
1308746241766035458
1308747197048147968
1308753928931217424
1308758011914059776
1308760008943960065
1308760529276727299
1308761979172130817
1308764785870336000
1308766061081366528
1308768182417715202
1308768986868387840
1308771853905932288
1308773394624716801
1308775033599397890
1308783702122598402
1308785191008206853
1308785872238673926
1308793898341457921
1308799113874604032
1308802496027136003
1308804736758538241
1308805796608835593
1308806596374548480
1308806657657524225
1308807981606285313
1308809804241088512
1308810610382176257
1308810676312440838
1308810860454752261
1308811044492640257
1308814004119367680
1308814469502513152
1308815893372309504
1308818495371653120
1308819138987597825
1308822190251483142
1308823258389766147
1308823456323166208
1308823903205298178
1308824189714018305
1308825373220765697
1308826048210128897
1308828480663031808
1308829020730032128
1308829242147266560
1308559118517624840
1308568009821257729
1308571906967252992
1308602660812136449
1308607111866114049
1308609999049027586
1308611855494021121
1308619725988139008
1308637006281551872
1308643993807392769
1308645371741175808
1308647284427505664
1308657620539117573
1308659000574193664
1308660759598112768
1308665099431878657
1308669931328868353
1308670353661714432
1308672448015904769
1308674472908591112
1308675565235384321
1308678053019758593
1308681046725144577
1308685031846666241
1308686064043864065
1308687179531595776
1308692634421137409
1308694951677562880
1308696619588751361
1308709921387618305
1308712207899856896
1308714698276302849
1308715615054635008
1308715933809205249
1308716516410564608
1308717682456494080
1308718713777029120
1308719472392503296
1308733572824489984
1308734152317992961
1308734922157428736
1308735367902908417
1308738301478699008
1308738352166862850
1308738586938871813
1308738678504730625
1308740395803738129
1308741055932698624
1308742261086322689
1308742912415608832
1308747050088103936
1308748141311729665
1308748773724745728
1308749742134919168
1308750956776042496
1308750992268242945
1308753069707071494
1308753438902308864
1308756565084831744
1308774169392353295
1308774745647788037
1308779615259951105
1308785351847276545
1308785538598567936
1308787055539957760
1308789855183400961
1308790379588857859
1308790741888643082
1308794036531196035
1308796263882780672
1308798827793707014
1308805294697447433
1308805656770732036
1308805974652747777
1308806438152798209
1308807100437495808
1308807775712088070
1308808089060159490
1308808979619946501
1308809248013529094
1308811962030186496
1308814392478314499
1308815579978125315
1308816886415659015
1308817402906513408
1308823236554129408
1308823950894542848
1308824393733242880
1308824835548688386
1308825347727728640
1308827132202811394
1308827826305536005
1308850935670730753
1308882728570494979
1308896183285407746
1308896475427074055
1308900551342649346
1308900731215380483
1308901738754306050
