1252208005845856258
1252259131416891394
1252281754955788290
1252314849067106304
1252243337215533056
1252204334982615040
1252373116241629185
1252321243119988736
1252216871111327744
1252122596361068544
1252243420631961606
1252278984559247360
1252101978446061571
1252332023198474240
1252298058437713921
1252245784508141571
1252240969652715521
1252169526810116098
1252154968058007552
1252363508794052608
1252216603841908740
1252260291871563782
1252352371474104320
1252285954309701634
1252299013048721414
1252340265148440576
1252354121186729984
1252198808479506434
1252366832696086529
1252207840091045895
1252313002327621633
1252335993354629140
1252333250980319235
1252248956995809280
1252239667367469058
1252156730332581889
1252212544288235520
1252373627585966080
1252316570614927361
1252342142736842752
1252376005907345423
1252357094516224002
1252123211283791872
1252192741620097025
1252217086581133312
1252356469514579968
1252338324796174337
1252359736768356352
1252317052418887687
1252365113618624515
1252351194984374278
1252333680963588100
1252323909854203908
1252325314451189766
1252224108789628932
1252269042028744705
1252199218963525632
1252201720584773634
1252345892402675712
1252376461945659393
1252300297327738883
1252363962097610756
1252328353786474502
1252341455319789569
1252189814977449987
1252349385096040449
1252319195511087106
1252257668242300930
1252246014607659008
1252213669401935873
1252246153640513537
1252228443552415746
1252229092088242177
1252266244440494080
1252265011009007616
1252343270182510592
1252236769732358144
1252334782161334274
1252264572884574208
1252224632880537604
1252236476789686272
1252316576495423488
1252201792659697666
1252263607393533952
1252331059292844041
1252216285787762690
1252373707692994562
1252326358270775298
1252122916319383553
1252308467370598405
1252308509842198528
1252360878147506181
1252258201459814400
1252354436476764160
1252363916732182528
1252238295855181824
1252373306491015174
1252202073095049216
1252304134512037890
1252313130048389122
1252265773176958982
1252243031941677056
1252293188158701569
1252287064176865280
1252274393138561027
1252238263525322762
1252221034700378117
1252354192284372999
1252246618130219009
1252342777406468096
1252336157079113729
1252201933785440256
1252217568452059138
1252122709326204928
1252216105743060997
1252201081221926913
1252316458664763398
1252208157641920514
1252356215729819648
1252333718494154756
1252259804220923906
1252325492193189889
1252217147054526468
1252248884233019393
1252281488126758919
1252373135388602369
1252207830465236997
1252217114724876291
1252206104009940994
1252315091254607872
1252354920897892354
1252209059631181824
1252223484928933891
1252305648429260800
1252318619880394754
1252340199587106818
1252349709017989121
1252303319864881162
1252323008015994881
1252329938860027905
1252356366989094918
1252256989188706306
1252375528113205248
1252265770521935873
1252248451607334912
1252356368335384586
1252337532911714307
1252072313136328712
1252239196015726592
1252283386594541573
1252371413396107264
1252202828543725569
1252352865374310400
1252209458408828928
1252349461646282753
1252329449254764544
1252182811580268546
1252197359544676353
1252331954474803200
1252346301095673859
1252328145585352704
1252348225949888515
1252376969112514563
1252217289480589312
1252317488752267280
1252318080442806277
1252199460026933249
1252206067850924032
1252261161850068997
1252313774146519041
1252371460556906496
1252313398555148290
1252322768529563649
1252329381617336321
1252184161793835008
1252319796483493900
1252332652880891904
1252205402307076105
1252297381267341312
1252314676337278976
1252307241396506631
1252321901164335105
1252228957270765568
1252247482723164162
1252337686142058498
1252264807459422209
1252326229849640963
1252361117659086849
1252368736650014720
1252125923849244679
1252199532949012482
1252216073707020289
1252279911320035330
1252303453470314499
1252328944579289090
1252331003512840197
1252337719365308416
1252328378218221570
1252363808112181251
1252219213495914497
1252336579181457408
1252337668224057344
1252371468169515008
1252210914406944768
1252336973353754627
1252360457370824706
1252316186446049281
1252324444057542659
1252342918985052160
1252350441318305793
1252091423618412547
1252247266724896770
1252336521568534528
1252351752029958144
1252195332613713921
1252343488814833665
1252206002709180416
1252286152809291776
1252316102002118656
1252323712147341316
1252340139310772226
1252343273122746374
1252351646970990598
1252218700528332800
1252272259605151746
1252320877036867584
1252201191947329537
1252273712885268481
1252174643479355393
1252263498727542785
1252335328939122688
1252350538756186112
1252316890241863681
1252334640808984576
1252338786983264256
1252334303100485640
1252362348817334273
1252348817741099008
1252356765452132353
1252233788794343434
1252325123094388741
1252373910001053697
1252344020698755084
1252327473779531778
1252317785260204032
1252373171002421249
1252137557720289280
1252272537188347906
1252305564631171074
1252113132731822080
1252218638444134400
1252329572323991564
1252338363970908160
1252349069025894400
1252214017210355713
1252224709678202881
1252217446221701125
1252353541013831680
1252302395708772354
1252313060594929665
1252327456310255622
1252332372634320897
1252371466512932864
1252067844453470209
1252152565879443456
1252324766654005252
1252366181878530055
1252211038092701697
1252326169799725056
1252122568963829761
1252216924093718538
1252322339267784706
1252201987699019776
1252216328322256896
1252263068400263170
1252361095823495182
1252365139220688898
1252357566199300101
1252364174430097412
1252241738481238018
1252292510090739721
1252321159653339138
1252331211701260293
1252376244647104519
1252341267872337920
1252278252728659968
1252288176640712704
1252364551934275584
1252199156829036545
1252211279567171584
1252316948693692417
1252353605245386753
1252365432784171011
1252371546804379654
1252202949633290241
1252341267574349836
1252348506062286850
1252368950056247301
1252373279211315200
1252126838022946817
1252263290140590080
1252267232022999046
1252288453825495043
1252297915747504132
1252347067403395073
1252365166353604609
1252375689270972416
1252216010087763968
1252314094876667905
1252366693763956738
1252222447207710720
1252242704458809344
1252270578007969794
1252346301070499842
1252353498739470342
1252356369392349184
1252363916832919552
1252110899101544449
1252125288537956354
1252141199974182913
1252239538388258816
1252265896489488384
1252307909322694658
1252348146492928000
1252352894516396034
1252353934007492611
1252376344215687175
1252317784605896704
1252322076616261632
1252324496767418368
1252374979766706177
1252265775987134469
1252319327182827524
1252329586664394752
1252362679437553668
1252364657374838786
1252199776071925765
1252223040110432258
1252250481788964865
1252322244849741827
1252369679831597062
1252193948510101509
1252200562478714880
1252265141221183488
1252315255054753793
1252323057689137168
1252326385579888642
1252328388842397699
1252349423977238529
1252364775113162754
1252366901025452032
1252371724672233472
1252192789359497217
1252216788156403712
1252220770585100289
1252231033589653506
1252282363813474305
1252318619645575168
1252326864443621376
1252335508677681154
1252338678770266114
1252200313425137664
1252217988792680449
1252314057476116480
1252322438265929731
1252340818876215298
1252341269709324289
1252364116976480269
1252197644438581250
1252200939261431813
1252219318043062272
1252226003046457344
1252230805398499329
1252238735250296832
1252253380631760898
1252256104391872512
1252261602080051202
1252274053781639172
1252326171213266944
1252359344886132741
1252367676732669954
1252363062033575938
1252370761022443524
1252222902176538630
1252266472388415488
1252310692616683521
1252313955453800451
1252145025154195456
1252219386301231104
1252248949529948162
1252255687117340672
1252263417425137666
1252297073711611905
1252336234384457733
1252371469797130241
1252376797439647744
1252088853294387201
1252157438549164033
1252205374037299203
1252219453741416451
1252249285401378817
1252250673090981889
1252260460856041472
1252269137226858496
1252293630494212098
1252323632392679424
1252326169434664960
1252327918719717386
1252359013418713090
1252363917415702535
1252375106250108932
1252376757975437313
1252263253868195840
1252290060424220673
1252330368335843328
1252341532075548672
1252359937931411458
1252368209216368640
1252316621210861569
1252364367774900224
1252372688263188481
1252199001782456320
1252199450556186625
1252200504035328000
1252250558444027905
1252322760703041542
1252326590580535296
1252333474540933121
1252341342165823493
1252363982511333377
1252367856848613383
1252080803338747904
1252092934125731840
1252124772512813056
1252199777321828353
1252251475075612672
1252253847487229954
1252255704372711425
1252298031380213763
1252308335874867200
1252326193015160833
1252351333857804288
1252364537673609218
1252365175186952192
1252201364404310017
1252220473460613121
1252222988457439232
1252310426467143680
1252319363815870473
1252323292591128578
1252330393174454280
1252154600095916032
1252210927438630912
1252245791634272261
1252272139530575875
1252300189525827584
1252301829066706945
1252317976012914688
1252339513612853249
1252340671899250690
1252341015932858370
1252365722790977537
1252367642851110915
1252099782308442113
1252244526552551427
1252268341865205763
1252280266288136200
1252283329233158144
1252328153932091393
1252328941282525186
1252331690241994754
1252334814272917504
1252347896147505153
1252372778725945344
1252373188333338624
1252376659526746112
1252069509898350592
1252186531579731969
1252195305916751874
1252220106056380418
1252258222628417536
1252263159626375168
1252276395687976961
1252282377264652289
1252336897143209985
1252341220031868931
1252367218228097024
1252371570103705602
1252376305229680644
1252232416543965186
1252251943990419456
1252277125765386241
1252316249268334592
1252325275783880705
1252336234367770628
1252346852650803200
1252347676550524928
1252354434035707905
1252355795057930240
1252363916744839169
1252367674463490049
1252197822314627073
1252204367371010049
1252228514503438336
1252239007691550721
1252319788946329603
1252325323087192070
1252325472018616321
1252329942408409090
1252331225957781505
1252350451233644551
1252360142013771777
1252367188364873728
1252378017348767745
1252078754727448583
1252220508977926145
1252233471638061056
1252253187257634816
1252256667925962759
1252265553944809473
1252269453888421891
1252287134935003138
1252288282903232521
1252290156557713409
1252300816750346242
1252309533235597312
1252319446183677957
1252325538754113536
1252336378899075078
1252365819675242496
1252371214783385601
1252377310893760512
1252216131592601603
1252258841041022978
1252314438826328065
1252318053003669505
1252319042234470400
1252364754686861320
1252365597653884932
1252369285994827778
1252372984112615424
1252377941742243843
1252166265843732480
1252211765800308736
1252221671127298050
1252223365185769474
1252239042311262208
1252285316863594497
1252300300691570689
1252301569476964352
1252303503021703168
1252314906298286080
1252335966712283137
1252347277814849546
1252354130506465281
1252369209461338112
1252376499862323201
1252169210643570691
1252199548258324483
1252216455057281026
1252216968238837762
1252228021940977671
1252268128974909443
1252282675601309698
1252311186219192320
1252318529925402625
1252328655478493184
1252335357301075974
1252341016138354690
1252341115795025921
1252351374219591680
1252358684149084163
1252361400531316739
1252363946410926090
1252366300778655744
1252366439844986883
1252192164047736834
1252212795195756547
1252216475156389892
1252283031219589120
1252310522495672323
1252321697862213634
1252323030124158977
1252328869618647043
1252337600037294080
1252357465779212297
1252183072528793600
1252199767838543872
1252208017665384448
1252217185830871051
1252231344081367040
1252263446986526721
1252270609343578112
1252304656329474060
1252315039182336013
1252324364214829065
1252327007624540163
1252334514539503617
1252353123152084992
1252355152402509824
1252371430827716609
1252147760788320256
1252204862168879104
1252207058478346241
1252266532647952385
1252279483547205632
1252313585272754176
1252318554625630214
1252329894434013185
1252348349761515520
1252363595242864642
1252366065696272384
1252371187809660930
1252375241487155200
1252377960943779842
1252107411214733313
1252194199572828162
1252202087624122369
1252204313558110208
1252265344267431936
1252285023736266752
1252285170973097988
1252295788690014218
1252308202517118978
1252317535711776782
1252319109519495173
1252326171532046338
1252327681674432514
1252340294634270720
1252348818097614848
1252354442113867780
1252364457872814080
1252364665163636736
1252364741793607687
1252369504610381826
1252370494671577095
1252374381856079881
1252118848079364098
1252178774331928576
1252196231687933953
1252202855609405441
1252221937008418816
1252228787636449280
1252238296828149768
1252239198834155520
1252278499114704898
1252321568195313666
1252333759862620160
1252334274994483200
1252334930861924352
1252335433524092928
1252338756427763712
1252360976231325699
1252363917780815872
1252366837200728064
1252368600192528392
1252369551854952450
1252137352451051521
1252185227147051008
1252216477022855171
1252220399582097408
1252229531492134912
1252236771665965056
1252262755316510720
1252296848431296513
1252314899423866881
1252315131268280323
1252317223521325057
1252319439464341512
1252320540561309697
1252322032731271170
1252326848471666689
1252328281384288256
1252333719060230146
1252338061809238016
1252338286984482824
1252344901263482888
1252350514487947265
1252367739752034306
1252093888103399425
1252162120789233666
1252198932744200194
1252200009543700481
1252207474515607552
1252218160109027330
1252316149632688128
1252320799064829953
1252328053197410305
1252331700635553793
1252336766821953537
1252341269247995904
1252341409744478208
1252348043409494016
1252363341357412353
1252364132063473671
1252365394888679425
1252369376503721986
1252376499778355200
1252127200620482561
1252153297034674176
1252176445461463040
1252193685711749120
1252194017137262594
1252208519077658624
1252252036206415872
1252262457218936832
1252279999933100032
1252286994719420417
1252327590095982593
1252329997492199430
1252333572243050500
1252346499532337154
1252348239128391680
1252350213353648129
1252366142040989700
1252114844402270209
1252192110989713409
1252195553083039749
1252208233906921473
1252209291894894592
1252212309298118656
1252216212999847943
1252220349199994881
1252222070827737091
1252226951361765377
1252229776233775110
1252237107038322690
1252301200395055108
1252315118022557698
1252316198538285061
1252318553891573761
1252319166977146880
1252320633758908426
1252322187727572992
1252326169677934594
1252333718980554752
1252341335874342912
1252345116041211905
1252349652386512900
1252358128768704515
1252361379127808001
1252363323070312450
1252364361508642816
1252107245762027520
1252133400988835846
1252186748366528514
1252211155126419456
1252225637206687744
1252246029099024385
1252251570886057986
1252274031493099521
1252296114734325762
1252314274275475458
1252315303469555718
1252315313045155847
1252317355222405125
1252318379408592903
1252320913309253635
1252336550333026304
1252336617882296322
1252339252215590912
1252355518913318912
1252361421892972549
1252363057365319683
1252364047682383874
1252364661640409094
1252371575522787328
1252375582928584707
1252376518782681098
1252201597322420225
1252206863149608960
1252216099665518593
1252217367767236608
1252224059431157760
1252226657890557952
1252239300512677889
1252269566484451328
1252300591335866379
1252306162646728709
1252318521423540224
1252329072241389573
1252339559892836354
1252351536371347456
1252357140292894720
1252359066933882881
1252365159563051009
1252366152719724544
1252153882555416590
1252177126180245504
1252186750606286849
1252191309340835840
1252195726236549123
1252197822641758208
1252222384062562304
1252237004865024000
1252239637659213825
1252243760668344320
1252277395928866822
1252280871161344001
1252288685627891713
1252300433370107904
1252310133318848512
1252313833164636160
1252318015305191425
1252319266839367680
1252323437286129667
1252323469028724739
1252338753936355328
1252351334092804096
1252366368042708995
1252372224910127105
1252086742573895681
1252111112683819009
1252114873045131264
1252163156094455808
1252203065345814530
1252219018213285889
1252219883380670466
1252221631939989512
1252251527391121409
1252254534413533184
1252268719658721296
1252273561298972674
1252295483760001025
1252297552357134336
1252305164905693186
1252310896900141058
1252314778795720704
1252317467860439040
1252318513441779716
1252318618236391432
1252319162556448769
1252321712848474120
1252326138103369730
1252331640845676551
1252333820080250884
1252337036981268480
1252352981657194496
1252362658566877184
1252370509196431362
1252372725181497344
1252373983124742144
1252125277922250752
1252187597989916673
1252213010296451072
1252218309099094017
1252219423844376583
1252225449528299521
1252231743265857540
1252256744606257153
1252261421305540608
1252266379660660737
1252268368259952646
1252282545565245449
1252287826210820098
1252301302102667269
1252306646208065537
1252313759177113601
1252314157673787394
1252319876905086977
1252327178001428482
1252328407989452800
1252330017578782721
1252331229363539983
1252338751029809152
1252341351053590529
1252343488810631175
1252346978609971200
1252356366951485440
1252363695335735297
1252367834845339656
1252374406195634178
1252189188742459394
1252202322802946048
1252217926289104897
1252232127829008386
1252249757910736896
1252249896297603074
1252253496629514240
1252268779897266176
1252284546667745288
1252300552458960897
1252311560514609157
1252313980347076608
1252314539464499203
1252319947482685447
1252335644795301888
1252345451694575616
1252345869245923328
1252348086917054464
1252366433289474048
1252366980440440832
1252367562291068928
1252370976064417792
1252061666889666560
1252169948291633152
1252210322116657152
1252217321000783875
1252217624110534657
1252219588647047168
1252220051060596737
1252235758947057671
1252237176797970433
1252250674651332611
1252256228400603136
1252260092344512513
1252266385968975872
1252274075151601665
1252287157131190274
1252311458437873664
1252315419551109126
1252316748164075523
1252317360075280388
1252317913983397893
1252323225004126214
1252324264176386051
1252327735944523779
1252327976320077825
1252328088169517058
1252329955112951809
1252330195517878273
1252333487119613954
1252334326223646722
1252351870896451589
1252363545510948864
1252366433654157313
1252378069697826818
1252200436184072192
1252208352542801920
1252216330348105729
1252221873821233152
1252231142230523909
1252251720543023106
1252265518804983808
1252265810451709953
1252265968820158467
1252293667378753537
1252310333768830979
1252314870202216454
1252319480371449856
1252319701402877964
1252320087777910786
1252321135267586053
1252322015786217472
1252331201723072512
1252335405480976386
1252336850733277186
1252339870481055744
1252341420184072196
1252345747862745088
1252346300965646338
1252366999797157891
1252369373014028294
1252371539007168517
1252117328357208064
1252154570186395649
1252199942137020416
1252206882703491072
1252209442319405063
1252235994146865152
1252250766062034944
1252252734327336965
1252257307758596096
1252260304223903746
1252273656572645376
1252288928620650501
1252290834092957703
1252293391234355206
1252305547384283142
1252308794392133632
1252312846723137537
1252314929975250944
1252315032962162688
1252315559141744643
1252315776486342658
1252322327397756929
1252322706768506881
1252323407661760512
1252329715005886464
1252330118325907456
1252330161124577280
1252331404790247424
1252332789757870080
1252342160654913541
1252343772391718912
1252349817612718081
1252353850717028353
1252360520100790277
1252362658541518851
1252366510762254336
1252371576667824131
1252375455820177412
1252375926983147521
1252378032242741249
1252142264085811200
1252202453388361728
1252211456273199104
1252212938875813888
1252219378176856069
1252224225756266502
