1338462492301742084
1338519428984606720
1338538004676308994
1338494198237061122
1338497468670095361
1338412279424053249
1338500177318055936
1338437825751080962
1338501678388158464
1338492596033908741
1338496127226830850
1338528006063738880
1338516930223886349
1338533667472334848
1338513195103817728
1338610361214390275
1338468861054754820
1338501102145159168
1338504860266885121
1338402569794822145
1338376413439696896
1338519682920353797
1338496136064200708
1338323050262122503
1338364854680293377
1338410034292797440
1338521084082200577
1338369476048379904
1338498982847266816
1338501878213210121
1338498511847960578
1338529876605800448
1338347989467758592
1338529065440043019
1338372292032729089
1338474385531924480
1338506480610402305
1338524539693707264
1338561237999886339
1338515195484909568
1338516503252115457
1338387933825478656
1338515154565296128
1338462202299375619
1338495380770738176
1338530860379873286
1338302689139167237
1338539397197729792
1338407899182272513
1338604793196130309
1338498220738142208
1338506401585500167
1338410674930716673
1338495706982739969
1338510266128953344
1338538725110915075
1338524172968992769
1338525981821251591
1338496542215434240
1338524111077826561
1338355538187448321
1338516927212351489
1338272494399197185
1338410669255909376
1338494985000411138
1338400958213189634
1338525980458184713
1338517511348871169
1338413418932527104
1338500533754208257
1338434143437381636
1338520640102555649
1338400860603355137
1338498982813835266
1338501288041058314
1338522289302892546
1338338230962413569
1338381064247664641
1338499161789001728
1338462241021112326
1338501895644733449
1338518261273649156
1338441856271613953
1338501105890811905
1338517163095846913
1338497783876218880
1338539379774656513
1338450687362015235
1338481666269081600
1338504815761108993
1338509049097199623
1338515244281434122
1338462090483404801
1338467248084819968
1338624616743497729
1338391350551736321
1338457459086651393
1338496534808322049
1338425134324068352
1338496764962279426
1338513106859909120
1338358769013682176
1338371356300374017
1338504071733448706
1338508072604545027
1338535899194413061
1338539380852600835
1338376691455029248
1338493746615382017
1338506699221700608
1338531999452172292
1338457894573010948
1338567692853280770
1338436013400739842
1338501541746106368
1338535103216168964
1338535775642603520
1338612440024690690
1338391521855492096
1338519261116043266
1338535926205718529
1338302569261707266
1338424248189259776
1338510067990228992
1338536569389658115
1338525948749213698
1338533919638089728
1338492143393009671
1338495004386463744
1338538945693495297
1338451325370175489
1338493835966558208
1338525022307147779
1338287589774725122
1338413439014809600
1338515123149950980
1338379541220364289
1338415002320035841
1338448414569361408
1338499510478233606
1338501106704506880
1338502478380326915
1338448180753670151
1338462079423041536
1338522553137188867
1338458929932677122
1338502921189777408
1338510456877674496
1338515819525967874
1338400967084154881
1338436932448169985
1338493423460999169
1338521734752899074
1338524354578145281
1338525918197899264
1338379078299242496
1338510139997958145
1338364680113414145
1338481647591813123
1338507528439799809
1338508415509925888
1338510307296223235
1338515305602166789
1338536001535401984
1338614745520345091
1338423514815225858
1338461095527403521
1338511208660557829
1338524129801060356
1338397061180391424
1338515290808872962
1338524108728963078
1338526054357544961
1338385042209464320
1338425700936724480
1338461237039001600
1338502409069400067
1338514401624776720
1338516598802558989
1338625928386256898
1338507574417690630
1338516088959750145
1338445593425883136
1338525004879814663
1338509049046978561
1338502757850906626
1338325339026558976
1338451044116951041
1338494523664707584
1338505339638079491
1338515958600785926
1338519114634104839
1338528966928461824
1338582029785464832
1338410902421311489
1338456722239873027
1338514144937566211
1338525700253487108
1338538000364564481
1338386534626680832
1338402146635706368
1338414677148065792
1338532636088819719
1338423280542375937
1338437003411677189
1338453001866981377
1338456557437202432
1338459264491393026
1338499552375152643
1338507880698441735
1338514347837054976
1338525981158633476
1338535401208893442
1338590211652145156
1338306477577134080
1338383767778553857
1338420950765867009
1338456201202380801
1338514129049497603
1338516964449390595
1338517677598519311
1338521083247517697
1338523719560552450
1338534876941840397
1338536731272830976
1338618506225586185
1338378229002985473
1338411188082892800
1338414869540982784
1338433565839777792
1338505533247074308
1338526695331082240
1338534993136586752
1338347257729585154
1338442805677600770
1338500197824008192
1338526665283145732
1338347988243128320
1338389546799689729
1338460346512764928
1338511029953851392
1338511715701563392
1338512748376940544
1338319995508568064
1338332889407135744
1338442081925275649
1338462743830142977
1338490980756934657
1338508782733848578
1338509842013704192
1338525481122062337
1338527680162041856
1338551830821941253
1338561683871182850
1338507565282414593
1338516107079143426
1338519227305775104
1338528247500447745
1338536597025918977
1338561279099801626
1338612065133600769
1338497408515313665
1338497634235985926
1338506626077253632
1338506840733347841
1338509319365648386
1338522948265762816
1338524148839174146
1338272715116072961
1338401523924131840
1338406895560904704
1338421902839345152
1338462147760807937
1338494912958967809
1338498841453191168
1338513159020302342
1338526007607894022
1338529818992926727
1338536162957258753
1338538465802285059
1338340437875159041
1338425688387444739
1338429842489036801
1338442024370974720
1338459668470001667
1338496441652817923
1338506533907419150
1338512811937370116
1338520811729268736
1338342951802507265
1338443366326034432
1338495208284151810
1338496466080264192
1338502777799106560
1338523229925806080
1338529225796710402
1338538522702213121
1338294928435269640
1338336663932645376
1338500016210579459
1338503443095425024
1338510370835750918
1338616004033851393
1338307463607627776
1338321563607736320
1338367472957870080
1338399486633250817
1338425073389080576
1338448495645167616
1338453689657384960
1338507486849097732
1338510704123396097
1338521634626359308
1338523467084345349
1338524049803276291
1338413987147509762
1338461680695697414
1338496347155144706
1338499582129565700
1338517857068445696
1338517857391480834
1338527505028886528
1338531659436716032
1338358199834079232
1338447298293063682
1338452148607193088
1338485912397864961
1338497923085168640
1338506051205918723
1338522298488393728
1338294303295221762
1338317791808647169
1338375312355319808
1338444600244113410
1338462322428420098
1338496302812975106
1338504241275695117
1338505989436403725
1338537187990773763
1338537619475619841
1338541363961401347
1338620202741796864
1338380122257301504
1338384278317621248
1338420951118209026
1338425462226292739
1338425712773128193
1338427528135004162
1338497309622079494
1338504910908895235
1338505403886407680
1338506335160328192
1338508822546178052
1338511315904638976
1338511826737303552
1338526155738124298
1338313469645508611
1338439521873096706
1338489291958341634
1338493431694417921
1338495711193800706
1338498001682243585
1338505422676889600
1338506248292065280
1338507049567735810
1338507901372145667
1338507916983361539
1338513424473616386
1338514080651505671
1338516261882503169
1338521810934050816
1338525437903974406
1338530074816098307
1338287730657259523
1338291376375599111
1338395908946468865
1338396984902815747
1338429613442289664
1338452426370641925
1338461788569001985
1338495359564324869
1338497821507465216
1338505007340064775
1338506534226038785
1338510005109141511
1338518884513689608
1338526864177057803
1338528155955507200
1338530176712392708
1338537440747905027
1338538150155726849
1338551876237864960
1338565113113157634
1338622728509730822
1338325485022031872
1338327581939150850
1338439841361616897
1338455042244964352
1338457252924153857
1338459054193188864
1338459695317741570
1338461618687062017
1338494562646581248
1338494645349847041
1338505173145178119
1338505745957068800
1338505759408218113
1338511121716813825
1338511305586712579
1338511638945820675
1338514191007813632
1338514517043654656
1338514557447364608
1338515051091812362
1338517175989121030
1338519202022481924
1338520373713887233
1338520497114505216
1338535002737430530
1338539161658273792
1338547570868686851
1338612828903776258
1338624713598382083
1338272492285292545
1338310192816148480
1338326207507656706
1338356289525596161
1338358102962417664
1338385553889374209
1338400836334964736
1338423322179203072
1338494047695085572
1338495548454821891
1338500017708011521
1338503512267886595
1338504102960099331
1338505622333968385
1338512068878737408
1338514212646162432
1338514605061140485
1338516239157764100
1338516599150682112
1338518013209944065
1338523525334839298
1338525988045660165
1338530536382476301
1338531146582417413
1338535319122153476
1338539230319009798
1338576339075477508
1338621199186862086
1338318024705773569
1338332711128281088
1338337669739282433
1338360242028109824
1338369537838739456
1338381187090354176
1338412319454470150
1338429681712893954
1338432316113350657
1338443326861795328
1338461126552588288
1338495955860074498
1338500166819647494
1338501306726563842
1338502639563268104
1338502967713001472
1338502990945280001
1338509831276290048
1338512227628949507
1338514728906272769
1338516026737233922
1338516037239791617
1338517989973319680
1338521633707839490
1338521728243429385
1338526887400894465
1338526982800371714
1338531153251340290
1338564063614398468
1338579925377269762
1338626760947208195
1338306463933063168
1338321577184796674
1338370536322248705
1338388358515597313
1338395122531250176
1338410652394655746
1338423781556031490
1338428921910599680
1338431635054866432
1338431742387032065
1338452679928975363
1338456548381765634
1338459374793203712
1338463185251295235
1338493949586137090
1338495858141065223
1338496858675683336
1338498986735366144
1338502672383619076
1338502847160266761
1338510607667097611
1338512913125019651
1338521396503334913
1338522135359148038
1338525407075713030
1338533665706479617
1338535097801302019
1338535437946728452
1338537970727587844
1338584333112774658
1338603798449823747
1338614030030807041
1338308039389089792
1338375074190123008
1338394684280942592
1338408903479091200
1338412512765730823
1338420630367166466
1338426487175786497
1338444129223782400
1338490272221683712
1338495270540234752
1338498885510197249
1338500473008115714
1338500844413706246
1338502117468884994
1338503183149182977
1338503367098822659
1338505306012266498
1338511237039198211
1338512103985065985
1338514635570503684
1338514984666615810
1338515985809149952
1338516519500845057
1338516776284459010
1338518061222080513
1338518469596372994
1338520684146929664
1338523382212595713
1338523645132623872
1338525728179167232
1338529632874868738
1338529637811564545
1338530183075262468
1338538131998511105
1338539920709853198
1338624811963072514
1338292622985576449
1338350330162130945
1338387796785057793
1338395631338082304
1338398822586707969
1338421450726752258
1338429674846871552
1338436808309415937
1338448175871488001
1338452425825513473
1338453697223774208
1338462457136893955
1338469001480069122
1338470702232514560
1338493877297291267
1338495214919561218
1338495436831789058
1338502862108758018
1338507935576682497
1338509746433904641
1338510954926051328
1338511447177965575
1338516322150387714
1338516729660645379
1338517076563140613
1338518361119068160
1338518561430663169
1338519106685984769
1338521738313936896
1338525935084122112
1338531140693598214
1338532849792798725
1338534260064530435
1338536465412861954
1338578691727699970
1338606016594931712
1338344212937416704
1338364241900924928
1338369236121624577
1338415936961835008
1338419042223333377
1338423649028681728
1338426837253369856
1338431791330422785
1338434809870176256
1338436198335918080
1338450098888568832
1338450862398713860
1338486995513970689
1338488498802790400
1338495773093326856
1338496466067787781
1338498985590464517
1338499891425927169
1338501669362016257
1338502169578909733
1338503195421708290
1338503612675317763
1338504110618931200
1338504709561327617
1338505573491466245
1338505808057917442
1338507246804889603
1338508259125305346
1338509666444333063
1338512867679756290
1338512918430838786
1338513808478900226
1338514607024041985
1338514809323712517
1338516339141586945
1338518360540188675
1338519693779292161
1338521632495652864
1338521634676875268
1338524290677923842
1338526841280344067
1338527673182720000
1338528142164692994
1338529744132976647
1338530665902510095
1338532710252490757
1338532816603258880
1338621703367372800
1338623469425201155
1338278146135748614
1338284166308384770
1338292165747892226
1338315683713708032
1338332889755205632
1338332890711650308
1338365220734062593
1338383284737282048
1338388079107858432
1338394676320219136
1338394891706118145
1338397426298839040
1338401441208299520
1338402578590298114
1338402624471769095
1338404610978029573
1338404818981892106
1338405614784012288
1338408389068484609
1338410902337454083
1338420409994276866
1338422077339152386
1338427111045001217
1338427409197129728
1338436837258489856
1338442145905176576
1338446135426314241
1338446450481651713
1338452056122810370
1338453808922419200
1338454627830927363
1338454738342440964
1338454979728859136
1338455041632571394
1338493200084955139
1338493782690557960
1338494290138460162
1338495671276630020
1338497433341464576
1338497653567582212
1338499638576427008
1338501270961860611
1338503343581384709
1338503485722157056
1338504167023841286
1338504581693706240
1338504612169601025
1338504834950033408
1338505162885902339
1338506145518874624
1338509639663677441
1338510257279164419
1338511974834049026
1338512920028852225
1338513514407882753
1338518350507466754
1338518389686415373
1338518797804859395
1338519731708551168
1338522602931941381
1338523855724433409
1338525805958336512
1338525944722706437
1338527061783277569
1338530637708455942
1338530680473587712
1338531150810279938
1338531180220731392
1338533643401244673
1338533739396263937
1338534655029555203
1338535722589048840
1338535748346187780
1338536757919436805
1338538550111952896
1338539041545973761
1338617757974339592
1338621062993620997
1338277124940181521
1338291114537848833
1338314924146221058
1338321563754631171
1338363374229479424
1338368260069318656
1338370281455439874
1338380558821449728
1338393174222528513
1338393286071873536
1338408960664231942
1338414434839105536
1338415809392234496
1338424251578200065
1338428112770568192
1338431388052283392
1338434074197848064
1338434140803387393
1338434469087293440
1338447405344305153
1338452826209579013
1338454835142725632
1338457589374447617
1338459998402310145
1338462398798319621
1338463238024032256
1338483891624161281
1338494834923986945
1338495208300822529
1338496638151749633
1338500727220686850
1338501432383823873
1338503170063020035
1338503411663302656
1338504347190255620
1338506535157313537
1338508218402746368
1338508696503132163
1338513651758751744
1338514085403570177
1338515929035124737
1338517291093389314
1338517909212164096
1338518275202965506
1338519399058337793
1338519618743390211
1338522058343518208
1338525547228487682
1338525732025364484
1338526665270579200
1338527046742503425
1338527684150824960
1338528318455509002
1338529189364789248
1338529426569654278
1338530204323602435
1338530288268435460
1338531698426966018
1338532805270245376
1338533165728673804
1338535483320774658
1338536052747874305
1338536478226386946
1338536985653374977
1338538513122402304
1338538997715509251
1338584216397893632
1338609944640237569
1338611688459919360
1338612911804215301
1338619289046298624
1338274661000499203
1338290660525432832
1338311581067845633
1338313132964536320
1338317790512435200
1338334318423367682
1338344635916296192
1338356795916488704
1338363310719242240
1338366031010668544
1338370925377576962
1338371168756260869
1338374505111171072
1338380410456322049
1338393286306721794
1338395097268953089
1338395414622515201
1338395802868174851
1338417416829886464
1338421751647268864
1338423491276779520
1338424463470305280
1338425002501214209
1338426012082769920
1338431036510908416
1338433719435210754
1338437192125919232
1338438505165430784
1338439137548972033
1338443812365021184
1338449093279051777
1338451167823749122
1338452448948736000
1338459190809997313
1338462922926940161
1338487640727973889
1338494322078052352
1338495686493532161
1338496809505861633
1338497295126564864
1338497300885344257
1338497607505752065
1338497654247055360
1338498784863678464
1338499657857703938
1338499777701548034
1338500230992568325
1338501508153925636
1338502490275373060
1338503726554812417
1338506319633014787
1338506977777954818
1338508104892346375
1338508641268330498
1338509208510210049
1338510413735063555
1338510805113909249
1338511766599462915
1338511981935030272
1338513963370356736
1338514083776237568
1338515440537128961
1338516895008481288
1338518209327206401
1338518694088093697
1338521634227961857
1338521678209556482
1338522345921777665
1338524827574022149
1338525542690197512
1338526276110462979
1338527436565200906
1338529302460166151
1338530045095194624
1338530428978950149
1338530461858082819
1338531248709496835
1338531513890168833
1338533574316843011
1338534473407852544
1338534870440669184
1338538856019267585
1338539255686107137
1338559382615859201
1338564209047691268
1338573796735918088
1338587913450303492
1338594159616258050
1338594606028644354
1338610981711343617
1338612252287627266
1338625389644689410
1338316775793025024
1338338397610446850
1338340062128447490
1338347989346250758
1338354416731222016
1338355538304716801
1338363091864711168
1338375538755440640
1338384370344882176
1338385736282873858
1338387836412833792
1338389677859086338
1338398395157934083
1338399485173567488
1338400838067359745
1338410155604647936
1338413418953519105
1338415935581872128
1338423604917268481
1338423733409751040
1338424299682664449
1338436314656616448
1338440189774082049
1338440879527358473
1338441828551553025
1338448131868987392
1338449751784775681
1338451837595381760
1338453687908253698
1338453719164346368
1338463656028352514
1338469558093537284
1338483119029096448
1338494261642334208
1338495219109662720
1338495328912367616
1338495435745464323
1338495817003495427
1338496017185067010
1338496042841595905
1338496308785582081
1338496342138769408
1338496522015698944
1338496573760745473
1338497107586666496
1338498800621596672
1338498811791106048
1338499207469076481
1338499259809853440
1338499274775158793
1338499824266719237
1338499849025622016
1338500034841763841
1338500241276895233
1338502283668172801
1338502379113746439
1338502422885511172
1338502620735004672
1338502727119343616
1338503568274427904
1338504028360237059
1338504076951252992
1338504150292848640
1338505211170746373
1338505250370629635
1338506237374291968
1338506591415525378
1338506821842202631
1338507453890170884
1338507790176964614
1338507840672161793
1338508127398932482
1338508473433272322
1338509703333228550
1338509713823191041
1338513372803903495
1338513690019106818
1338513702182678533
1338514086372511746
1338514117448130568
1338514471417942016
1338516302114283523
1338517029293350919
1338518806998757376
1338519396378173440
1338520098378813440
1338520888589873153
1338521247622238208
1338521666352259080
1338522544756895754
1338523429054672896
1338523485019234308
1338523633229189120
1338525772932395008
1338526333014568960
1338527598801002501
1338527906679709697
1338528514048450560
1338528790293704705
1338529784020742148
1338529813917798400
1338530575913791493
1338531136256028673
1338531664478294017
1338532868235071488
1338532957338812418
1338533053015187462
1338533720152805376
1338534653943308289
1338534679725617159
1338535925538828290
1338536602063282177
1338536734225805312
1338536762247946241
1338538283492667394
1338538633461166082
1338538729133236225
1338539213466300417
1338540641375186945
1338550595863670784
1338559948893073408
1338583150411321344
1338612755763523585
1338617522522902530
