1309167123554500608
1309108668085010443
1309203025295224840
1309150198439071747
1309145990264492032
1309145855354712064
1309151496768978948
1309213927943929857
1309145542304452609
1309159095455428609
1309018533867724800
1308948735511195648
1309053767757725697
1309149863918153729
1309153151287730181
1308923842878996491
1309139791095660545
1309085250123948032
1309148266265825288
1309248363729170438
1309098042205917184
1309125682170138624
1309085301411848195
1309153367298633729
1309113500581666816
1309037969370681350
1309153463041961992
1309057004565147648
1309166946118758401
1309077656995069952
1309158413734117377
1309148896594100224
1309151647269089285
1309171014555889664
1309052566739849217
1309149857064591362
1309154164442890242
1309160863253831691
1309147613351096325
1309150693182394369
1309070914370371586
1309152935717285888
1309138195024666624
1309164892956524544
1309070938911236100
1309148889698664448
1309088591277162496
1309162974003814402
1309064243996766209
1309140067785547778
1309047389504901121
1309138674941079555
1309159098458529793
1309070068379197446
1309161150760792068
1309084826671161347
1309047418735022084
1309086927606501376
1309032353910710273
1309154953903198210
1309162114691592195
1309010775365816321
1309144764692955140
1308959816178696196
1309151997912903681
1309062904839311361
1309097302229946369
1309153477969563656
1308997297322237953
1309139844711489537
1308920331629809664
1309144449990176772
1309166119702458376
1309032339390029824
1309069910149074944
1309044153301504001
1309160815145222153
1309088313597403136
1309143003844554756
1309154387789516804
1309139044891275264
1308925564376547329
1308951525423808519
1309137590336065537
1309162832655679489
1309069605651046407
1308922388571140097
1309145755517628418
1309138015835557888
1309156804853747713
1309096831561986053
1309146202592686084
1309152441477275650
1309085172428607497
1309142295678255105
1309151382805643264
1309072763542536200
1309035320265125893
1309142080581775361
1309143357378228226
1309149125762572290
1309166215198371841
1309255213505753092
1309108971710672897
1309044627840925696
1309056630127054849
1309082789069848576
1309153502002909185
1308952482475847680
1309025529195048966
1309090385084452866
1309156549093449731
1309166432568119297
1309030646736658432
1309032243587940356
1309071106515632130
1309145566262308871
1309163729972584452
1309020829783654400
1309056153800921090
1309151377147523081
1309205964411867143
1309155046270140421
1309166902430912513
1309006156669620231
1309159165139484679
1309069884752572422
1309078614932062210
1309222303822221314
1309109074525646848
1309088005123190785
1309139235841212421
1308964213382156289
1309096123051712516
1308952155500539905
1309063417882382339
1309160667966877698
1309156552306286593
1309031130688086016
1309035332474744832
1309055413640474626
1308958133503643648
1308966899129221122
1309031399391997960
1309091453554118659
1309140778497835010
1308994572484096000
1309140601317842948
1309156346261110784
1309158112578985991
1309159852317577224
1309025090043080705
1309030934751186945
1309154040702529538
1309164054305538052
1309039870531207169
1309059480328511489
1309139804416864265
1309146042085015552
1309150117962932224
1309154079344656386
1309154093416493059
1309155891866939394
1309058258867544065
1309068851854925825
1309139126726406144
1309165795243634688
1309166006099738629
1308956822930444288
1309062209641865222
1309065321714778114
1309079159071813635
1309138407042449411
1309138498197368832
1309147866502397952
1309153272108904448
1309159862509723655
1309248632948957186
1308972805313175554
1309267668436955136
1309041641500663810
1309154748961087490
1309062519571521537
1309075055830355971
1309089025991507972
1309089236616916993
1309145011267809280
1309146403537670149
1309153414996209667
1309034703694036993
1309044069654552579
1309051558559133699
1309054372689707009
1309080820783747073
1309088849210019843
1309139163246211077
1309141178105896962
1309145172773658631
1309196354862882816
1309259331154726914
1309025196003729411
1309109235729477632
1309140078321643533
1309154477191188482
1309159886438248454
1309160630646079491
1309161834533064707
1309220380398231554
1309048071695851520
1309153116001046530
1309266432493002752
1309045027037904897
1309061479057051650
1309068188131512345
1309164862111723531
1308930397577842688
1309037101648936960
1309064547895050243
1309144875116515328
1309271394711040001
1309039426815823873
1309051834317799424
1309070026008408066
1309146270574014465
1309272985870557185
1308980313683623937
1309000269775208449
1309022709905584129
1309061575714762757
1309065621133549569
1309100273940357120
1309138931062059008
1309148761004879874
1309152390382260225
1309160669997080578
1309163976631160833
1309232526196699136
1309001880664788993
1309044902219493376
1309126361160785920
1309149483385659395
1309150485413343234
1309153655199760385
1309158237686689792
1309166097950801920
1308964483902189569
1309062359747567617
1309064283771285510
1309077620299096073
1309107609610444800
1309155653559234564
1309163962609606660
1308979473379926017
1308991311031275521
1309034697440321537
1309041212805046278
1309087747148259330
1309097653351915520
1309140290511536130
1309159262841602050
1309166510087254017
1309257939765604358
1308934174112440320
1309025829771513858
1309056683822518275
1309080353257254914
1309085042161922051
1309115937149382656
1309141592952000514
1309147349323788290
1309148592729358338
1309160344556838912
1309161363139330048
1309038426302427138
1309043286485725187
1309054704723398658
1309067791794929670
1309069664866242561
1309072749529313281
1309149433527963651
1309151307752787972
1309193191405613056
1309250394162442240
1308948680192516098
1308954601270521856
1308987522907807744
1309031171381223424
1309037443132338182
1309045813683912705
1309061324148797441
1309063039774269450
1309087930934341640
1309088942960947200
1309150809519788037
1309161929311690752
1309202691642593281
1308949273816502273
1308951795184668680
1308969908328423424
1309014521583935488
1309058539340656642
1309068463412043776
1309089079456399370
1309105149764403208
1309110635255521283
1309115370129600512
1309144563563593733
1309148499401998338
1309150550370516993
1309150622088941570
1309258704466960386
1309017239392268289
1309053756579995649
1309073749082279936
1309089606319693824
1309130012109537281
1309140574801473537
1309144629359579138
1309149382646824968
1309154344273616897
1309157438059356163
1309165898897522689
1309261163285356545
1309271103156649986
1308919174790557696
1308941723205160961
1308997872520769539
1309029653160566784
1309030025593847812
1309045333356412933
1309047251399053312
1309053173252882433
1309059202455932931
1309071659735953413
1309085168565735426
1309096640352063489
1309098524647321601
1309110512274341888
1309143217699512327
1309156830396940288
1309160665722961922
1309258854534971395
1309011604982452225
1309026294617853954
1309028925167804417
1309041921701171203
1309050120298737665
1309053772711235585
1309053967687725058
1309061308738940930
1309068228036091905
1309086526526181379
1309091460680216576
1309097340763078668
1309143605152485379
1309149970885414913
1309153989775237125
1309157897570586626
1309162397161185281
1309166926854328323
1309189418205548544
1308935849992744960
1309013893595959296
1309034626103611397
1309042175259422723
1309055462726422529
1309057832399110149
1309058853888196609
1309066949327024131
1309067002124918784
1309073359532064769
1309110332829425668
1309140532405432320
1309143690246586371
1309146635872727041
1309147798525407234
1309148076725149698
1309148600824475652
1309148912582889474
1309149609688797190
1309150599057825793
1309153279167934469
1309153553727004672
1309157164687265796
1309157925798252552
1309271444094885889
1308945233024036866
1308987327654621185
1309019736307503104
1309036787898122242
1309052464046526465
1309054151083659264
1309059570527088640
1309069400444735490
1309075734410022913
1309077120988180482
1309077323258494981
1309085872957128706
1309096269558710277
1309097069005672451
1309117822077984768
1309139894283972608
1309142560493973509
1309144295593701378
1309153081779683329
1309155334662098944
1309160475112939528
1309160794026893330
1309161894113087489
1309162704628838407
1309163677300527105
1309164467478040584
1309164691571302407
1309266158558892034
1308985461344546822
1309016657935949825
1309022252998901760
1309031466706382851
1309041903086776320
1309043222556049410
1309045819987943425
1309056557309669376
1309077175463751680
1309089678654611458
1309097622251229189
1309139873614516224
1309140085271601153
1309142976980045831
1309147166850637829
1309149397264019461
1309154883455643649
1309155551130062849
1309157940029468674
1309160425141882880
1309160827673509891
1309164803261427713
1309171829718896640
1309173519511695360
1308998098937679872
1309014710872834051
1309023511277600768
1309044752575344641
1309046114285428737
1309048727831801862
1309057809754058752
1309063944867282945
1309064148953829389
1309070074104274944
1309077273774043138
1309089740445175813
1309097991672864769
1309138017152573440
1309138823998320640
1309140090015354884
1309140969670021129
1309142383947321347
1309142904934469633
1309143698723217410
1309143789387354117
1309146839007088642
1309147698675822595
1309151152089583617
1309153162851430402
1309155981016924161
1309156119294681091
1309159425182175232
1309159925168459782
1309163312614182914
1309164449811628034
1309164458741248001
1309030458928377856
1309047724008976384
1309062632121479171
1309065641463296002
1309070644089417728
1309073898626048010
1309077757780000772
1309088035301142529
1309088200904912896
1309088814862946305
1309106480260567040
1309110427448733697
1309139022531325952
1309139582575955969
1309141524584824832
1309145101093015553
1309146771147436034
1309147148261482499
1309147208357490695
1309149994839166981
1309152100224577537
1309152854956007426
1309153600690696199
1309154572003348480
1309156952367300609
1309156979219337216
1309165208041074695
1309165658882662401
1308957920663687168
1308994642436911104
1309032067863384073
1309032174432251905
1309032493107027973
1309047828048736258
1309060226788855808
1309065134002896897
1309066081886261251
1309069990293889024
1309080190161686528
1309095457277255681
1309097311683870720
1309098188356419585
1309130385952059392
1309138454014570500
1309139332041715712
1309139379328364545
1309142225524330496
1309144366641012737
1309144604793593858
1309145565792366592
1309146178450329602
1309146376928980992
1309146715505790979
1309153077967106048
1309154291366735873
1309155632029806592
1309158090445590537
1309161848349093889
1309164797909438464
1309166729839476737
1309200910145523714
1308947253302833152
1309004636758704134
1309008081678995458
1309008953116942336
1309011822591307782
1309018836205801473
1309022376777199616
1309029856097824768
1309052607298764801
1309062382824697856
1309079330501337089
1309093257792679941
1309093782655324162
1309096719540514817
1309109985125818369
1309138075726098433
1309138082361376783
1309142130368172034
1309142484350578690
1309144777468923904
1309145825390493698
1309145998699253763
1309148124489879552
1309148213920903168
1309148887177990147
1309149075154112512
1309149391224221703
1309149839276625922
1309150347076800513
1309151102013669379
1309152505713041410
1309152733740572673
1309152864158310414
1309153795692277761
1309154601325735938
1309154890455842817
1309155353750364160
1309157834546974726
1309158470898405379
1309159173935030278
1309160934418587648
1309163212785553408
1309181057867165696
1309198020559470592
1309214771842109441
1309228910576570368
1308940778111217664
1308962698454085642
1308973539458981888
1308992580630335489
1309014030275751936
1309016765108805632
1309029873697140738
1309034080852353024
1309036875689099264
1309037938320248836
1309045405586468865
1309046340127797248
1309057015327731712
1309058532273205249
1309060998259707904
1309063158166884353
1309066293283299330
1309068299037179908
1309070086116978688
1309071326603214848
1309073071601520640
1309075205508272128
1309087684682559494
1309088865664282626
1309090367971700736
1309137573877551113
1309137958784638980
1309139042458570754
1309143067883180035
1309143192713953288
1309143455994703873
1309146203725197313
1309150165484408833
1309150241325752324
1309152207363805184
1309159190703861761
1309160673906233345
1309162990680317954
1309166956658831360
1309262536416595968
1309265529543233541
1308964372140744705
1308981848412950529
1308984392480690178
1308996179687084033
1309010992878190592
1309014211054501888
1309024764644806656
1309025980632231938
1309034512014245888
1309036717601697793
1309038364574785540
1309041385270640640
1309042399415500801
1309057415825022979
1309059789981450242
1309081393192820736
1309085708511055873
1309091374499856385
1309092539685838851
1309138981662142468
1309138997529243648
1309139732480364545
1309141548412678147
1309142072339857413
1309143466799226880
1309145457227112449
1309146137962700800
1309146140143689728
1309146821600608257
1309148151861981185
1309152484397584384
1309155644495269891
1309156191461879813
1309156653388959744
1309157529646137346
1309157688631271426
1309159256952893444
1309160472936153090
1309160667694407681
1309164781425876995
1309206054731952128
1308924684432441344
1308925953507287049
1308934175664332801
1308944333727391745
1308997872956956673
1309011513538154498
1309024214381408262
1309025029573799937
1309031628166094852
1309033424255176707
1309034712057475073
1309037844997066753
1309040213432430592
1309043124166184965
1309043540538908675
1309049935266889728
1309053191833747458
1309053876880932864
1309054572120473605
1309062158471360514
1309062701482729475
1309065286444748800
1309065315486232576
1309071005562920962
1309072584571461632
1309073591342899200
1309074406430441472
1309076112463536128
1309090200774213633
1309091699352842248
1309098050682486784
1309138015852417029
1309138307155197955
1309138688874602498
1309138749180317703
1309138843115966464
1309140554853253125
1309141457568182273
1309141791778762753
1309142940854489088
1309144181219168257
1309148413393539082
1309149371318112264
1309149465387970560
1309149826928476160
1309153445312630784
1309153848163012610
1309153865359646721
1309154135367921666
1309154592987533315
1309154714483937286
1309155147533221892
1309156008892268544
1309157370195570690
1309159489422196740
1309159799364497409
1309163592017739776
1309165582173065217
1309165585473863680
1309208876835840001
1309249244528869376
1309258812629463041
1309261595927773190
1308919677335339008
1308934175181996034
1308962152984784898
1309004863624409091
1309005505080242184
1309009036021506048
1309009815327436801
1309013251028647936
1309018851531780100
1309024769455652864
1309030769785012224
1309033109179052032
1309037855956783105
1309041630612254722
1309043872979451906
1309044211250061313
1309044991902310402
1309048005069344770
1309048008491831303
1309051673432731652
1309051973744943106
1309067147965018113
1309069728669933569
1309070032836665344
1309070414593888256
1309070623600267266
1309073842929893376
1309075350727655424
1309075604495507456
1309077439524548611
1309081502307713028
1309082432029757444
1309086100409978880
1309092147099041794
1309098592699912193
1309108837186777092
1309127168073633799
1309138018456842240
1309138761230540800
1309139962147803138
1309140335914868739
1309144255445819399
1309146913015582721
1309147327509209088
1309147534238113792
1309148082139848704
1309151296667242504
1309151312563576834
1309154014093815808
1309155107653775362
1309155271911104512
1309155595602341891
1309155664216948736
1309157194131288069
1309159229996007425
1309159677452836864
1309160226474676227
1309161628043300865
1309162225211498498
1309162856869494785
1309163257878532098
1309163773673050113
1309165448005640192
1309165844153405441
1309166261495005191
1309166593012834305
1309199954381021186
1309258481854296064
1308929871385686021
1308933049778929667
1308934255402123264
1308944928945434624
1308945430181564417
1308951880572178432
1308976169514143745
1308991181339099138
1308992442130141184
1308996501423689739
1308998812791377923
1309005975979003904
1309009669973782528
1309011148008763398
1309015077736062976
1309021318306828289
1309032606298779650
1309038324586369025
1309042756988342276
1309043643865608195
1309047419322032128
1309047829550301188
1309048784782012416
1309049588372967425
1309049950467223554
1309052955350446083
1309054645642375168
1309056252543205378
1309057096894353410
1309062519697403905
1309065015174066177
1309069052032282624
1309070283110834176
1309071068007739394
1309073492281905154
1309073702022254593
1309080527555768325
1309082282985172992
1309083417666093060
1309084312315342851
1309087869923983368
1309087961368195075
1309088263089651719
1309089265406685191
1309090760738963456
1309091012204167175
1309091541114408961
1309092350380199937
1309093817593798663
1309094320201502720
1309094596966838274
1309095233905291264
1309095351325011970
1309096659142553601
1309107874929532930
1309109040736284680
1309138159729618945
1309140127718035458
1309141505668534272
1309141698396803074
1309142299176247302
1309142428188921856
1309142584871260169
1309144194984873986
1309146657137799176
1309149212647526401
1309150585007026179
1309150891744911360
1309151963024588807
1309152053013479425
1309152853118812161
1309152987156275206
1309153147705753601
1309153377918607361
1309154192989343744
1309154204968247313
1309154217068818432
1309154320403791883
1309155551230734341
1309155585905037317
1309155686589313024
1309157182454272001
1309157226993643522
1309159852653109249
1309160396465549318
1309160665924268032
1309161898550665217
1309162126846693376
1309165081054281732
1309165330875453440
1309165665392230400
1309166846910902272
1309166998639841280
1309172006592577540
1309195373274161153
1309250197776674816
1309259536616882176
1309267487410839553
1309272644848693248
1308919598805389312
1308929842071642114
1308969813897871360
1308978149443731457
1308979243305570311
1308994092534247424
1308996680075956226
1309000966323273730
1309001920779034624
1309002637199708162
1309005592116236289
1309010173520879616
1309011188668420098
1309012438155747328
1309014628740018178
1309016551769681922
1309016830720331777
1309034452765597697
1309036723779837952
1309036875739529221
1309037968317972482
1309038315593752576
1309039831960432644
1309040346077319168
1309043254982311936
1309044988718837761
1309054970474397696
1309056713518198791
1309057850614992896
1309058593791016960
1309059289357651970
1309059522472882177
1309060881729421313
1309064112371109895
1309065934267703301
1309073769433100290
1309073867261054976
1309073980821827584
1309074719623258112
1309075811354529807
1309077563650830337
1309078148940812288
1309078885934551051
1309082247660802054
1309082547238907904
1309085482026962946
1309085493074812930
1309091728113258497
1309097502776455169
1309098517357621248
1309098546503839744
1309109879811047425
1309110635343622145
1309127529555517452
1309138015785291783
1309138491335417859
1309139190223900677
1309140682326585354
1309140879668662272
1309141179431301120
1309142077310218241
1309142252317478916
1309143455445196800
1309143508020846604
1309143979590651917
1309144039648878603
1309144247464062976
1309145237944664065
1309145931833577478
1309146031209287691
1309146243709444098
1309146268745203712
1309147208340647946
1309147276082909184
1309147734893625348
1309148084757303299
1309148963233247237
1309149746913849349
1309149774881476611
1309150089596874753
1309150598701277185
1309150732894040072
1309151499415625739
1309151567879311360
1309153526757629953
1309154204309741570
1309154400078909441
1309154692857987078
1309155710635253761
1309155970208194565
1309156781692727298
1309156843667755009
1309157251203182592
1309157953325469699
1309158004026216448
1309158787618672640
1309158834007572484
1309159458396868609
1309159908227649536
1309160260515528707
1309160990911721472
1309161354205499392
1309161446631256065
1309161613581340673
1309161827155283969
1309163198201958401
1309164440793751552
1309164440856809474
1309165804747993092
1309170621360766978
1309170947144986630
