1337375549497499648
1337347656302071808
1337349903773822978
1337346342939717633
1337396776215728132
1337217162671435778
1337319045494759424
1337194884743172097
1337336384839950337
1337335259793387520
1337346752094089217
1337466275103174658
1337330485819822080
1337442063923736585
1337300190525607936
1337329920012394496
1337345355986440192
1337316317238530051
1337515617079975937
1337336444084506624
1337336555099332609
1337315613149171714
1337196054832443396
1337273700790513666
1337340617744113664
1337340503113666560
1337344073628323841
1337283324386160644
1337321272028573704
1337347325937790978
1337265857328799746
1337324043930886145
1337346266829889537
1337209783057870850
1337336526175350785
1337293846338805761
1337327500612022272
1337289386879279107
1337332263114207233
1337328395433242624
1337318705596919809
1337435798610776066
1337274535687675906
1337286848847228929
1337289008506941440
1337458388167487488
1337261231284121600
1337304003860983811
1337338463713157120
1337335063206367232
1337345838704685063
1337275927542202368
1337339256986083328
1337255790764118016
1337352288504000512
1337204202662223873
1337320853927759872
1337340702162903045
1337332882554155008
1337250343143477248
1337303023299780613
1337338697474248705
1337294280025632768
1337286129456836608
1337304819678253058
1337334269715374081
1337521763610218502
1337332528689123328
1337323256228048898
1337301319783243783
1337302699344338944
1337310330083532801
1337346864195248128
1337347767673425921
1337516449691283460
1337322229156102144
1337443318486212609
1337525066221854720
1337316649402249216
1337447019540058114
1337311431180623878
1337313672218243074
1337336326874513408
1337321645611094017
1337343873371140097
1337321229473214464
1337279399385821185
1337343619540414464
1337326120027508736
1337336585138786305
1337472223653707776
1337514998889934857
1337198607183847424
1337284731759693825
1337295289607204866
1337521642948464647
1337305890110705665
1337332022461784064
1337293344934924288
1337304165962420225
1337317474694553605
1337327474053705730
1337337297008783361
1337492270292082688
1337302922741342212
1337323995264380928
1337327266121084930
1337345619464228865
1337285547912536065
1337313705319653376
1337341122004328448
1337337196752359425
1337334480445566978
1337320161804775424
1337303133849051137
1337333903447781382
1337252623683088384
1337261100161789952
1337315582706855938
1337339935259504645
1337345635503239170
1337302918261841920
1337337070805770240
1337293509754286081
1337338799035133953
1337471992749039621
1337473076649484288
1337292202075099138
1337301307682676737
1337325835230064641
1337348188160876549
1337268409646583810
1337278845720944640
1337326255553712128
1337346199385497601
1337313366734495745
1337329144657539074
1337343698183581696
1337292281779404805
1337313672369082370
1337326173597159424
1337333181943586816
1337333329201405952
1337337782147182595
1337339623748546561
1337342344966844416
1337285938268008450
1337303665783296000
1337313693219086337
1337339376431468544
1337284179088842752
1337286780329062400
1337302553349005313
1337304472993861634
1337322743130447875
1337337553054265344
1337286496064192513
1337337436133859328
1337337625137516546
1337192877173174276
1337253274248888321
1337291141079822339
1337304282635399173
1337323679215136770
1337334313453576193
1337345884938526720
1337218042183495680
1337283875001819138
1337286634090475523
1337307640477659136
1337313958101987328
1337345191712350209
1337292620683472896
1337303915604434944
1337319963678400512
1337328587440058373
1337345308599185410
1337345400135626752
1337259589423812608
1337264482553237504
1337283860762157056
1337291799921094656
1337299036810993664
1337312180379717635
1337312907495804928
1337346412724543488
1337304658289758208
1337319043481694209
1337320163885142017
1337323277971320832
1337340866025967616
1337224215351746560
1337264433924476928
1337270782892929024
1337284669226840065
1337293823173648384
1337322623601160192
1337324049182175240
1337347114481795074
1337432608838479877
1337188952294518785
1337192897834348544
1337277427983257606
1337294462578515969
1337316967229902850
1337326384318918658
1337345726016319488
1337348349758943233
1337245569379676160
1337293209614094337
1337321261702242304
1337324128580194304
1337328560621621248
1337335714539823106
1337344966750769152
1337365301722296324
1337230627431702529
1337245724560535559
1337253274513100802
1337321624740261889
1337323753383088128
1337331198926917638
1337336537864921088
1337342445173010437
1337346388066066432
1337531398018752512
1337531784859443203
1337285621212123137
1337286127393370112
1337305430989615105
1337309581991698432
1337319377717391362
1337325043949293570
1337333886343266305
1337345638795767809
1337347040368603137
1337495725597487104
1337194503950782466
1337238175324880897
1337259712996384770
1337265331002335234
1337270890334056450
1337276815849697281
1337292292797980672
1337295223198724096
1337308085027790850
1337312511125753856
1337314134661222403
1337321297672613888
1337323101802139651
1337323942059646976
1337324940069101568
1337324997082116098
1337337153978851329
1337343872062681108
1337424065074765825
1337464667296333824
1337494586076311554
1337203855113719811
1337223094122012674
1337272162932183041
1337301089431900165
1337320606967074816
1337322359695568898
1337327709282836481
1337329496127655936
1337336622518505473
1337337211113648129
1337345501264572416
1337277182201090048
1337304876498313218
1337306535773564929
1337311416819343360
1337319567790575616
1337330996992159746
1337458410346979328
1337471030529581064
1337187793550909445
1337189419040841733
1337272049757196289
1337277243324846080
1337284180372283393
1337288348684136448
1337297596990287874
1337306677234823169
1337322746636881920
1337323894752096256
1337329152488333312
1337333827736309761
1337336573713498123
1337348264065191936
1337526772095660034
1337527161905950723
1337532621639782407
1337185433801854977
1337185785850830850
1337265272936411136
1337274963796119552
1337278001432715264
1337304378190012416
1337306051503386630
1337306699401670658
1337307440904331265
1337308169102569472
1337311078250926080
1337324655921737730
1337326255285432325
1337326580234821632
1337329012356616193
1337335662710845440
1337444388025339906
1337489767198547971
1337240236733198338
1337257466283892736
1337262675462598658
1337270801180078081
1337288506373246980
1337295815484719104
1337302412487520256
1337304864326471681
1337307808375721984
1337320048222990341
1337321647163006977
1337322505057546241
1337331790386753536
1337332041394909186
1337337393968451586
1337342625297346561
1337344869971472385
1337344883699408897
1337349242277535744
1337525065189998594
1337207993318969359
1337245628791971840
1337257520990138373
1337272859761192964
1337290401791668225
1337295437582184448
1337298321031843841
1337302158358802433
1337303506533965825
1337306651876069378
1337311250049536000
1337319104269737986
1337322480868929536
1337330396153962497
1337345881360764929
1337348904459767809
1337349173004410880
1337467036331544579
1337215529904267268
1337287280361435138
1337288169461600256
1337291445368217602
1337296067692531714
1337296981761404928
1337297690888171520
1337298389717766145
1337299854989594625
1337301996664221698
1337303613836759040
1337304769707249664
1337316253309014016
1337323535870685184
1337327274820046848
1337332546644955140
1337337671241359360
1337338948599894018
1337344573383827456
1337345790356975619
1337189241571381248
1337190241992577027
1337193882958712833
1337264308196155392
1337278554602680320
1337284889310277632
1337285084601344001
1337285422175686659
1337296998463119363
1337301039465320448
1337306125297983489
1337306125448835078
1337307713706090496
1337316280622329856
1337317447246905345
1337320097141026817
1337324345560064002
1337324756987744256
1337332557021634562
1337334869895106560
1337337545282220032
1337338986717646850
1337342496234344450
1337342814003359745
1337380653130801152
1337466757431373826
1337507733596233731
1337521290459009024
1337219019347120129
1337259899697438721
1337264690142076929
1337276015496880129
1337279698439602176
1337286024590921729
1337288517593014272
1337288816340725760
1337300082723606528
1337305463000592385
1337307199853514752
1337308187712696322
1337314779854200834
1337316348028981249
1337316414642905088
1337318167773917184
1337318745782497280
1337320222106263552
1337320663435055107
1337325085238177792
1337326531027275777
1337326988634320901
1337328971797712896
1337331744605941761
1337342735930548224
1337344376083800065
1337344795635757057
1337348244146413568
1337348979202383872
1337525084488134660
1337530688032083968
1337198415177019395
1337204809364103169
1337258978720419841
1337270835703373824
1337277965189656583
1337279418520264705
1337282618363146241
1337289409515773952
1337290054067236865
1337293539525324801
1337302483408924673
1337302838515556352
1337306128640737280
1337306198283083776
1337306841026605056
1337307844379611136
1337311809607520256
1337313765671497734
1337318353225052165
1337326259798413312
1337328488639066112
1337329877456916481
1337332053000523776
1337332551485100035
1337335063298576386
1337336325972893697
1337336381417414663
1337339377232572418
1337340209873219585
1337341652701155328
1337342351426121728
1337343283178201088
1337345443978768385
1337345783713161217
1337345875337678849
1337347925731651584
1337352115321266178
1337456614442369025
1337539482107703297
1337187525081829378
1337192553729372163
1337229673537933312
1337255790932078594
1337256309557776385
1337256908873494528
1337258264032137216
1337262082601877506
1337263349785047040
1337284268716912640
1337289153017499648
1337295084237312000
1337295658995290113
1337296897640284161
1337297900536291330
1337298221756985349
1337302355981656065
1337304267288358913
1337305870825259008
1337309897705345025
1337311249110020097
1337313581327671296
1337313672662839297
1337314556247470080
1337325003289849856
1337328464152682497
1337329023756587011
1337329180749520897
1337330631127289860
1337330999169077248
1337331501013327873
1337334577426296832
1337336585734385664
1337338089384124416
1337338372461916162
1337338472248578048
1337341858016600064
1337342804356452357
1337343261426544640
1337344665268400128
1337345197995257857
1337345506087985152
1337346390033371143
1337346885707837443
1337348643037327363
1337419713970909184
1337447774602883075
1337456210732343297
1337533353009049603
1337185327027515396
1337185329644793858
1337191033348755456
1337192626072805377
1337194324057071616
1337200817800179712
1337250757834387457
1337268657794281472
1337273703881650178
1337275926497914882
1337276161831919616
1337278440131579905
1337279020656947202
1337282029973622784
1337285518556532736
1337289729981747200
1337291026084597760
1337292513229598720
1337295840155738112
1337298938500685832
1337299465921814528
1337302347718922241
1337306356165079040
1337306788899610624
1337306826875039744
1337307512845062145
1337309897390637057
1337310967403847681
1337312284478148608
1337313673904345089
1337314496055042048
1337315693323309057
1337318525959081984
1337319668558794752
1337320153210630145
1337320314091532288
1337321319583657984
1337323404316315650
1337326059038138369
1337326728595857413
1337327513727422465
1337328125785550848
1337328774057095168
1337330811138437121
1337331846481383424
1337332020993798144
1337335968509136896
1337340096371187714
1337340905540489220
1337341096075145216
1337341770812755970
1337342032298319873
1337342059565420544
1337342853752758275
1337343123710648320
1337343814500016129
1337344902678654976
1337345578540392448
1337346570568732672
1337347642657972224
1337347735570288642
1337349299055833088
1337377378209837057
1337187526902226947
1337192140175249408
1337195238583136257
1337200153887973378
1337216850988511237
1337253848205963265
1337254461174140933
1337260748473561090
1337268306391273474
1337269339410604033
1337271113177587712
1337275398850220040
1337282058868191233
1337288461376757761
1337289141726244866
1337289600708984832
1337294141114507264
1337297057212735488
1337297062862483458
1337297345432727558
1337301371868033024
1337301586343813121
1337301633160667139
1337304062182772736
1337304479524392961
1337305627287121920
1337305854182383619
1337305993068339200
1337306700777447424
1337307223060590598
1337308252988641280
1337309117493489664
1337309137856827393
1337310109853249537
1337310900496330752
1337311387358519297
1337313672331407361
1337316423278923776
1337317053800345600
1337318529838817280
1337318569093324801
1337318679231537154
1337321764142059523
1337323136036040704
1337323293205008385
1337323774295891969
1337324997082136576
1337326653853356034
1337326658131464193
1337327786172813312
1337328859021275136
1337329125166551041
1337331968845942785
1337332160441839624
1337332968252125186
1337333198146113536
1337335405159600137
1337335543831683073
1337336590964813830
1337336843277381632
1337338430720716801
1337339127726039040
1337339192892923904
1337340096626962432
1337340477251653632
1337341960680599554
1337342358069899267
1337342746726522881
1337343015258628102
1337343162654875648
1337343379441643520
1337343553035509768
1337343665891631104
1337343942526955522
1337344801583325184
1337346294961086469
1337347085054644224
1337347437292380162
1337347937941286912
1337355995417374720
1337398346571542532
1337400995203182596
1337421777530740738
1337442406405431301
1337448217710092289
1337453215282065410
1337470847234269187
1337483292497620992
1337525066318360577
1337527592296083461
1337530109021057024
1337539269343186944
1337186740826730497
1337200602011463684
1337218134562975745
1337235658176409607
1337245725814530048
1337247167321432064
1337255205147119618
1337255638779498496
1337258932914544640
1337260541736341504
1337260708946268160
1337260825686511617
1337260830828748800
1337261228427767808
1337262406251270145
1337263931526696964
1337266842243567616
1337268867496861696
1337269058522275841
1337274016139239427
1337275725133516801
1337276737705684993
1337277927835062272
1337280753214906370
1337283533509980161
1337285567403470852
1337287248149159936
1337290446092046338
1337292143539392514
1337292573849886720
1337293454330748930
1337295345412431872
1337296521440718848
1337298303784980480
1337300617803550720
1337300799609856000
1337301390264242177
1337301814681755648
1337304009711947778
1337304877207330816
1337306129626492929
1337306232147865601
1337306829102182400
1337307711692795909
1337308408265883649
1337308644170412032
1337309582755033089
1337309652980273152
1337310403064377344
1337311892344332288
1337313672742412289
1337314783687823360
1337318305720377344
1337318685506199556
1337319981055356930
1337320116837634049
1337320670573830145
1337321522768187392
1337322480755609601
1337323065097773057
1337324475566739457
1337325172542595072
1337326234880126976
1337326389205348353
1337326576799723520
1337328290332291072
1337328774174662656
1337328792755429377
1337329004911734786
1337330808919613440
1337332063733690369
1337332284467400704
1337333235479699456
1337333245889875968
1337333907646263297
1337334140614696960
1337334549827751936
1337335585195831296
1337336161107316737
1337336323061923840
1337336329932218368
1337337420245852161
1337337478659846146
1337338205012627458
1337338771235336193
1337338838100959233
1337340766277021696
1337342376038305793
1337344090640408584
1337344191878164483
1337345909189906434
1337346200547241986
1337346479778828290
1337346635756662784
1337347815777968128
1337347977850052611
1337358312208289793
1337362843625205760
1337396005784981504
1337424368809500674
1337439941920436225
1337457204895617024
1337458124655980545
1337484443485868035
1337488139192045570
1337524335347716108
1337528837320663049
1337537189471809538
1337537763147735040
1337538206653435904
1337192104099909637
1337193001194545155
1337196989696585728
1337219298754957314
1337224578142261248
1337234331442536449
1337242350674997249
1337254281527832578
1337254377023807488
1337257707607216129
1337261797603217409
1337262294024265730
1337266535077961730
1337266773171769345
1337267470344839169
1337275176447315971
1337276554062278658
1337278648852811778
1337280450415517696
1337282668023656448
1337282830024335360
1337283360239087616
1337284194360315905
1337286254405316610
1337287673871015937
1337287793521856515
1337287900984176644
1337288040042131456
1337288071323193344
1337289033731497985
1337289239575334913
1337290874120794112
1337292894458167296
1337293464560685056
1337295090906247168
1337295579114827776
1337296303819288576
1337296823418052608
1337296971573432323
1337297595014787079
1337298592554491905
1337299260166074592
1337301382941061120
1337302894849220608
1337304484528132096
1337304581756366854
1337304596746809346
1337305447007707141
1337306741428670464
1337307188533075968
1337308191475064832
1337308639313362951
1337308893060489216
1337309119666147330
1337310242439360513
1337310875540217859
1337310980884344832
1337311167635746816
1337311851361816576
1337312011978412035
1337312129179918336
1337312312588382208
1337312807495282691
1337313226489532416
1337313509131104256
1337313554043727875
1337313732658139136
1337314052108939264
1337314744613675011
1337314788943257602
1337315182163398656
1337315468458274816
1337315937268142080
1337315967215480832
1337318705517240321
1337318855006367744
1337319457538985984
1337320235435700225
1337320562138509312
1337320720095973376
1337320970487521281
1337321231855595522
1337321826310041600
1337322390951489536
1337322480931835904
1337324926936690690
1337325252523806720
1337325595416522753
1337326001932685312
1337326619032162304
1337326858875047936
1337327397612478465
1337328061994373120
1337328355864162310
1337329029490364417
1337329166920916993
1337329753221632000
1337330227056431105
1337331085873647616
1337331217633566720
1337331287955214337
1337331288416673793
1337331591253811202
1337331748196200448
1337332773984612353
1337334478621077507
1337335809247240193
1337336853394034690
1337336911304781825
1337337177722810369
1337337606200320001
1337337905656848385
1337338194413707264
1337338235433885696
1337339029092769798
1337340418036535296
1337340447644151809
1337340571405389825
1337341354985226240
1337341997376401410
1337343204794961921
1337344038228398083
1337344145581633536
1337344216981245952
1337344255484960769
1337344466089365504
1337344488352657415
1337344893581225984
1337345626909143040
1337345688426979330
1337345914831331328
1337346388041101313
1337347275543240707
1337351424552779779
1337351593973440514
1337443643938975746
1337479916875616257
1337496709883158528
1337501157720133633
1337501381943549956
1337511624362627072
1337523540241870849
1337528912063180806
1337532363350237186
1337532619664338946
1337535162150772736
1337536736772165633
1337539017269768193
1337205459569143808
1337205776042045440
1337238719120674818
1337245727764828164
1337253756803506176
1337253969819742208
1337255491567841282
1337257396461301760
1337258302300975111
1337259662710878212
1337259907926646789
1337260104865832960
1337260126001098752
1337260686481756161
1337263845577011201
1337267115607265283
1337267162352939013
1337267469707341827
1337267494508257281
1337268457579159552
1337270427173924865
1337270638784835584
1337271802062520322
1337272194527862784
1337273406924992515
1337274629820444672
1337274638825639937
1337275322379759617
1337275555138347008
1337275782952079365
1337278213547028480
1337278733296824321
1337278994438369281
1337279267726651392
1337279645826363392
1337279767549272065
1337280570326478849
1337280907242246146
1337281655078318081
1337282255509741571
1337282537455034368
1337284288610504704
1337286241528803328
1337286809915715584
1337286931252559873
1337287179651985409
1337287190829740032
1337287267828772864
1337287362708201473
1337287389199396868
1337287475505606657
1337287499899518976
1337287922316406785
1337288655073906689
1337288758106918913
1337290720688959489
1337291065469128705
1337291525735260160
1337291632887083011
1337292115634688000
1337292540140269568
1337292760097968130
1337292872337530883
1337292882466791427
1337293351234777089
1337294129001279490
1337294545776734212
1337294967564357632
1337295031938519040
1337295119100354562
