1281217206588780545
1281312912653594624
1281345236439117824
1281158603769028613
1281255152935149570
1281246145465987072
1281248758823620609
1281151108820459520
1281189062972489728
1281338069799653378
1281277368955478023
1281219130595651588
1281316456354009088
1281229217674530822
1281250420090945538
1281331145045684226
1281312968706330630
1281359445830897672
1281283592589582337
1281135727775023104
1281360109118136320
1281354073565011969
1281298430808244224
1281339298235678722
1281271902472859648
1281174855740776449
1281351858095882246
1281278373516500992
1281123342779445248
1281313960927649796
1281238645123567623
1281217529030082562
1281256563995484160
1281229997831868416
1281345442677231617
1281190455036739587
1281351783693135872
1281269134530134019
1281136027181223936
1281299790731579394
1281151160339046401
1281264349152251906
1281335905475797000
1281213928777883648
1281240097766158337
1281148494238167040
1281336775005347840
1281148475384770561
1281064740203180032
1281292563228643328
1281187055184367618
1281278646905376773
1281285425231994881
1281221677116989441
1281259056120946688
1281218767364796418
1281346670874304515
1281304746163306500
1281284912700588037
1281319429729587207
1281236940189315072
1281337300144787456
1281340624415981568
1281186909709049857
1281229620411396096
1281275513324142592
1281325050554130432
1281327454242693120
1281358547817816065
1281340757048209410
1281257455499071490
1281244545263509509
1281335065180422145
1281195043387301889
1281295419457376258
1281259074936594433
1281311266972340236
1281252959964315650
1281234152948240384
1281151296221872128
1281249733240070144
1281260180165070855
1281147517007286273
1281354536880427009
1281261420617793538
1281311886210990081
1281118124671197184
1281193146542698496
1281219052514562051
1281310640288731136
1281217390047571969
1281299773337853957
1281234662262743040
1281236133393969152
1281301811039780864
1281312602971348998
1281353572920233984
1281147461399195648
1281316423252484098
1281251426929389584
1281292135321526273
1281339847307939840
1281215634773245953
1281218088525017089
1281249359775109123
1281320090579935232
1281189794731692033
1281304641599352834
1281342502205890560
1281198565109436418
1281347999835267073
1281219564190289921
1281259316360687618
1281355669174652940
1281210506196537344
1281344978879381505
1281243449434476547
1281309933372399620
1281357317238337536
1281242755063263232
1281355719963480070
1281266175951896578
1281213621167697920
1281221605478281218
1281347381263564801
1281017176812650497
1281185108989546499
1281284483141062671
1281303605107195904
1281339886415548416
1281340125667090432
1281345747389161480
1281237894330486785
1281277233181724676
1281280499466584066
1281314636638367746
1281362498516480000
1281124660042772480
1281205018717290497
1281239067745824768
1281303134644641792
1281361070414860288
1281181452525113344
1281216128602320896
1281246137626890242
1281273097224704000
1281310572924080129
1281348541609320454
1281136028917665794
1281227689744117760
1281261832645357569
1281275710653501440
1281346103405948928
1281362499690917889
1281152733115015170
1281219542249803780
1281226369939255297
1281295934127833094
1281108420679131136
1281186650916339712
1281221742766313477
1281252538210230273
1281268319362912258
1281304482039676928
1281309648562409472
1281311050898554880
1281152053755215873
1281171302565449733
1281337330079391745
1281207131597914113
1281241483778105348
1281288625553125378
1281344534207705095
1281153022396116992
1281313875263176704
1281317598798454788
1281331567282073600
1281346942237278212
1281350434653974534
1281133867223732226
1281276251240620033
1281215421857902592
1281224702854381571
1281348072673607682
1281232019125649410
1281245492362477568
1281245891198963712
1281248971646697480
1281170802751279104
1281241181545005059
1281286033859137536
1281311316624453639
1281332296923205634
1281354666127896576
1281177708874129408
1281226198283157504
1281227139216523265
1281269860392206336
1281219073825812480
1281244559045988352
1281250386150600706
1281287001136861191
1281157167505190912
1281216699921051648
1281227859089113090
1281233506992041985
1281312842222899202
1281354138945753094
1281030461507149825
1281230348098195464
1281242131219259395
1281319479415316482
1281342066400919554
1281342220604526595
1281060508771258376
1281214906973466625
1281232403378458624
1281296542532620288
1281329920753491971
1281158568000081922
1281213012309934081
1281236986276319238
1281241682575593480
1281325859517931529
1281347989282459649
1281088291916390401
1281227865640636416
1281312602556071942
1281346296415170560
1281156639383605250
1281172707778977793
1281191824665858049
1281214852858552320
1281216718904479745
1281221516835905542
1281260992404557825
1281272838939426818
1281297105869512710
1281304570057175040
1281311320776880130
1281311912454696960
1281348748996677632
1281142492713410562
1281154959208329216
1281202895678038016
1281210583275143168
1281226121493839872
1281266783048085504
1281278308139892736
1281297979907981313
1281355047150989312
1281171058096308224
1281227100914098177
1281231335043076097
1281232389746933762
1281241216902979587
1281277030332579841
1281287047123103744
1281341041438793733
1281343051806519296
1281348750749896707
1281353654537158656
1281219868721905664
1281220558395527173
1281235390238777354
1281243334070149122
1281294175569354754
1281342822898163713
1281344241747337219
1281186759821451265
1281221379426320384
1281292081223401474
1281295073892880384
1281042636942585856
1281203443198197760
1281216405464125446
1281220463180595202
1281222098145423361
1281268397003636739
1281298323115302912
1281313020568838145
1281334046577111047
1281347399097765889
1281220128127029250
1281271903437668354
1281308259257892865
1281344433607278592
1281360589017821185
1281141392174206976
1281209707387068416
1281210536345112579
1281222572781207552
1281241185839792129
1281245916607938560
1281259073460199424
1281313470403796992
1281318807936610306
1281337393086377987
1281136060270104577
1281140274463412226
1281165516107845632
1281214853013782528
1281216578596540416
1281217853681696769
1281221443339067395
1281251579392413698
1281282977108983813
1281318499013492736
1281324985349529602
1281359732872273920
1281226407222358017
1281258592222535694
1281266451643543552
1281289515051765761
1281293528954474497
1281318805889789953
1281318945350393872
1281339122305642497
1281340263089278976
1281189200084307968
1281226234555445255
1281314403296706561
1281319639088336897
1281326000882831360
1281340033161666561
1281121147095068673
1281203504930009098
1281224118130610177
1281235031613149184
1281279420578357248
1281288150632083456
1281314541138251778
1281315870313193474
1281340276796280832
1281345582947237889
1281355306619015179
1281059536527392768
1281188852321841153
1281214982018019337
1281218403785756673
1281222437431119880
1281227131238912000
1281234690821828609
1281239183374184453
1281242234059448320
1281251334042398720
1281260317130055680
1281332298386771968
1281365012402057216
1281180148717453318
1281235918809071617
1281266267073191939
1281274641571475456
1281279607245766659
1281283260258058254
1281287110809526278
1281288238913773574
1281336820559683585
1281337330196873216
1281214095891578884
1281219090321981440
1281241491713687553
1281256638100508672
1281277996423360513
1281279477830598657
1281290264242524160
1281295770193465348
1281324747834433552
1281336325900304384
1281348899261865984
1281204050982207489
1281217254386999298
1281243599393435657
1281269456963018752
1281287959329857536
1281290940943122434
1281302099943292928
1281336844249108485
1281355135470444545
1281231662853099526
1281246300915326977
1281248339103748096
1281259676580134914
1281261934977957889
1281264351693791234
1281268526481801218
1281307026468098048
1281316278267977728
1281333866670817280
1281348009272520706
1281166362942078977
1281199831915139072
1281216343036100608
1281222786321694723
1281228739762937856
1281261011262230529
1281273598645350401
1281280061405122568
1281309647526191104
1281312164213436418
1281323483889270784
1281337213083680774
1281338334971932673
1281340291925057537
1281344499688579073
1281354942788370432
1281358337691365376
1281367284116791297
1281191368476422149
1281212488089047041
1281224663516012545
1281269950695555072
1281270846817013762
1281285800550858753
1281287259275264001
1281291616318296064
1281303658408349700
1281307131241775107
1281327116311826432
1281347497575809031
1281349708154273796
1281355710312439808
1281356142426415111
1281151089728000000
1281153094659825664
1281177498408058880
1281211597466337281
1281220869457657858
1281290807220170752
1281293431243968512
1281314143908364289
1281320379689115658
1281336731132997634
1281339485662457856
1281340346899759104
1281347133355040776
1281350443378135041
1281352932311670785
1281355671603154946
1281355869389824000
1281358199682031616
1281360480905420800
1281124720335822848
1281170241154887680
1281211647529549825
1281213732690034688
1281216282587774976
1281229185760014344
1281251139623813120
1281263565706539008
1281264349051531264
1281279015014236162
1281287236189904896
1281290948287356928
1281296747961122816
1281313557762760704
1281314996346073088
1281315939015749632
1281318767449038851
1281321275479203845
1281325016341192716
1281328579104706561
1281341819817795585
1281351328674045953
1281136116746330113
1281212176229957633
1281213756622675969
1281224814485803009
1281229192114442240
1281233973742571520
1281236666846347264
1281256802772856834
1281262938016419845
1281272450022588416
1281281138384830465
1281285716568408072
1281286365532078080
1281292283275554819
1281293584365428736
1281297142259290113
1281302097955348480
1281306602327474176
1281310734115385344
1281312502840725512
1281313909379645442
1281319938188181506
1281337617527840768
1281343131909267457
1281343832525807618
1281351025174237190
1281356322613624833
1281357640799531008
1281140425257029632
1281146720974442497
1281181578836750336
1281199528624959491
1281214818884751360
1281224063772512258
1281243711024873474
1281244980221284355
1281260899517501440
1281275012805246978
1281291276617474050
1281292997422809088
1281296241532567561
1281298930530242561
1281303331961528326
1281311781818957824
1281335878523256844
1281336618931097600
1281336853673717767
1281341729434632193
1281341865254629382
1281350075550175240
1281350621065551872
1281359979191181324
1281090900316368896
1281148766137925633
1281153960162836482
1281185740798537728
1281217628728672261
1281220217440473088
1281222166533603329
1281222345127006211
1281252851776475137
1281259629846990848
1281263091053985793
1281264351043661826
1281274820106338306
1281278214954987522
1281295208425099264
1281304291249135618
1281312222443175936
1281317197575450625
1281336175358283776
1281342907212083205
1281347397772169216
1281351320897835014
1281355772606259201
1281357462759567360
1281165739324555264
1281167726233477121
1281171239646699532
1281203433140346883
1281217362272944128
1281217742557843456
1281224417968902146
1281231578312650752
1281237896159248387
1281273315026403328
1281274742419292160
1281286949785960448
1281287169227841541
1281299172445085698
1281336071712907264
1281343721313832963
1281343784815677440
1281343996342804483
1281344139645399040
1281350016330850305
1281350153996296192
1281352114271391744
1281358246700363779
1281152892435681280
1281158342296121345
1281203731183304705
1281207364666834944
1281215153330061312
1281216584439287810
1281218917025923075
1281235304419151874
1281240681965662209
1281241116113764354
1281255003152416768
1281256562967838720
1281267942387322882
1281280906225954817
1281286179946672132
1281290966125641730
1281299581335207938
1281307167744819200
1281311303110463488
1281312192994914305
1281318722410622977
1281322386843934720
1281332422953570307
1281337891269095430
1281340340532846593
1281340357331034118
1281341473632419843
1281351679192043520
1281356991282188292
1281357307423621123
1281360000263360513
1281363699228454913
1281025278505082880
1281047448660643840
1281136150359543808
1281189926592274434
1281215878730846209
1281219622935638017
1281224487153926144
1281226903601414144
1281227372004618240
1281237901129498624
1281262472935194624
1281268124571099138
1281272420805074955
1281277071319334912
1281290851839291393
1281300365078679552
1281316094934945797
1281321689427689473
1281328585496764419
1281337920973144066
1281340365501599746
1281342349642215424
1281344026495639555
1281345007513821185
1281347656271396866
1281348444716703746
1281348500094169090
1281350935881617409
1281352839026089984
1281353721184755712
1281355809717456897
1281356183388000256
1281357738623279107
1281359364100628480
1281363935074156551
1281125133684531200
1281128241856524288
1281181352600252416
1281188629637926912
1281213733709234181
1281219975840235520
1281229117459857410
1281240140053131267
1281256033038540800
1281258918598119424
1281266693491372039
1281277347317059584
1281286974687662080
1281296048108048384
1281315521141657600
1281315993776766977
1281332620320813058
1281337666232094720
1281338100820643842
1281346456771862540
1281346883458347008
1281347080582320129
1281347407045779456
1281348106240569344
1281349177444900864
1281352304323592192
1281353096891961349
1281353837924802571
1281353985765642241
1281354110722342912
1281356002512838656
1281358088289710085
1281359910463209478
1281362380266639360
1281362491600232448
1281364639780089863
1281367525788471298
1281367563663015938
1281073616814292998
1281105806503673857
1281148049046323200
1281176238430748672
1281194775471947777
1281215458910384130
1281215746031452161
1281216504680402948
1281217285705863168
1281222303360090118
1281241185735061505
1281249643297374210
1281261804975525890
1281265864004812803
1281268124034035717
1281275822259818496
1281284260616429569
1281290695064633348
1281291044223623169
1281302007475830785
1281302604857909250
1281318218313928704
1281320511763623939
1281324748740243456
1281337797492854785
1281338499397029888
1281339499935670272
1281340332316209156
1281340976339001345
1281341963518844928
1281342749204193283
1281343911810740226
1281351555376193541
1281351995971063813
1281353035936038913
1281354385604345856
1281354525354467332
1281354935746076673
1281355229196410883
1281357611238150151
1281360537444638731
1281362522994614278
1281364769874878465
1281131729164685312
1281152062974242816
1281158715383709697
1281177719586381826
1281178771417153537
1281182240999903238
1281185046448222209
1281195295351681025
1281213312416600064
1281223291378774016
1281224415913676801
1281229736602226692
1281232253327196165
1281236088602886144
1281242786516340737
1281246718504374279
1281248429306531840
1281248689013633028
1281250394568523776
1281255928948568067
1281265935945433093
1281268303667871744
1281274630087548928
1281282428515094528
1281284724657455105
1281289425067089921
1281290120143032325
1281293155736977414
1281303516850634757
1281309706007580672
1281321656150097921
1281322994263040010
1281338428039331846
1281338913769095170
1281339592709419008
1281341176503775237
1281341303163424771
1281342686985891841
1281343231842754562
1281344083383001091
1281346056492589057
1281347313496141829
1281349913062842369
1281351291344756736
1281353492905353217
1281353529010130944
1281355541793722374
1281358414963253250
1281361553699282944
1281364828452421639
1281368918410567680
1281053379813236736
1281068575181201408
1281077618683580416
1281136005706330114
1281146113953857537
1281175512082153472
1281193426940162048
1281226603029311490
1281227757549236240
1281251662703755271
1281257426377900032
1281260013772836864
1281263477907230721
1281274302457876480
1281279623763054592
1281287389365833729
1281295421663567875
1281299581381128193
1281305333374296067
1281309741122293768
1281319438348845056
1281325945220194305
1281328499853275138
1281343226230853639
1281343691945320454
1281345879568461824
1281347475106758657
1281348372780154880
1281351876823453697
1281352266876936194
1281352453796044801
1281353080748093440
1281354621655625729
1281354871099318274
1281356531502546949
1281356654366412800
1281358524895965184
1281359666648408064
1281360440241651712
1281360893520076800
1281360921131188224
1281361400279990273
1281361877864525824
1281363795135418369
1281365005624135680
1281365533770817536
1281366987504058368
1281098345185005569
1281128478524440577
1281162967665516545
1281168700876500992
1281175010514800640
1281187928069283841
1281193858999767040
1281197092304818177
1281199243403853824
1281207676886810624
1281207865982803969
1281210189614628865
1281224791379279877
1281225121177505793
1281227276957503490
1281230371204497408
1281230550519484417
1281242561294802945
1281243923697094658
1281244363830358016
1281247812735438849
1281248426462720003
1281255541159989248
1281256775967141889
1281257331825823744
1281259994969759744
1281266860323979266
1281276932085018625
1281281410410700800
1281284458474352640
1281294357010812931
1281298673025024000
1281302102208282628
1281305914318995456
1281311842762207232
1281311981895639042
1281312717136109568
1281315939099840512
1281317201002336259
1281325256867749893
1281337007084646402
1281337179508219905
1281337728567738371
1281339254946385920
1281339795936104449
1281339922939613192
1281340383537094658
1281342157639622657
1281342574150799360
1281343173978095616
1281343909260668929
1281346583024590850
1281347598394314754
1281348598194737153
1281349907400589313
1281350667949531139
1281352127051378689
1281352216058765323
1281352447735234560
1281353565190205451
1281354581562269696
1281355471195181058
1281356000214372353
1281360009297899520
1281365012473434114
1281365012557246464
1281365932191997952
1281368237922496518
1281039261882556419
1281067895179665415
1281085972747366401
1281086854939410432
1281086979317411840
1281096065425514496
1281126590374649856
1281130935006748674
1281152230482214913
1281177527399206913
1281186805996564480
1281205154000273409
1281217785318825986
1281218544076800000
1281220193092501509
1281220309073317888
1281221137700212740
1281221368185597952
1281221927575707652
1281222825844502528
1281224492916899842
1281227412148236290
1281229501385580545
1281229583136817152
1281240441657208832
1281241456951394304
1281245563191799809
1281250004808527874
1281252087951654913
1281253026238431232
1281257160308129792
1281263144397082625
1281270362664296449
1281272391541428225
1281276899902328841
1281294226156916736
1281295793421459456
1281298572542185479
1281301716022018054
1281302100144803841
1281302169916932096
1281302258211225610
1281303177116205058
1281306508601499648
1281311113595027457
1281312164242841601
1281312728544612359
1281313366565441537
1281320217205973014
1281324673758789632
1281329780315639816
1281336041144815616
1281336734370988032
1281337113171156993
1281337226035630081
1281337569352069120
1281339957072863232
1281341284276412416
1281344026743123968
1281350262951682054
1281350556607553537
1281352444321116161
1281352806683877377
1281354709643726848
1281354763691532289
1281355617928708097
1281355975027494915
1281356227411402752
1281356983220744194
1281358145005203470
1281358566763433984
1281361719978348547
1281361721819627520
1281363015686860806
1281367211031101440
1281032992895401985
1281130253394608128
1281137939808845824
1281154002269462530
1281183959095934977
1281199522979483648
1281203630465593347
1281210686631227393
1281214973226729474
1281215966479777792
1281216534157787136
1281223083001593858
1281223798872834052
1281230430784630784
1281235797857972224
1281236126347546624
1281237019847544832
1281243965010907142
1281247221258817538
1281250233972817920
1281250763612852224
1281256474287771649
1281256799694454790
1281275673999540226
1281285623811395584
1281287080887361542
1281291081301348352
1281293591000879106
1281294927293550596
1281297301298982915
1281302103479091201
1281307914590924801
1281308335652982784
1281313072620199939
1281314736844333056
1281317391700557825
1281317755992576003
1281319739399307264
1281322203401920513
1281322249916686344
1281325643456749570
1281328522192134144
1281336071968759815
1281336282157707264
1281337409288974336
1281337978732916736
1281338662618374146
1281340224723980288
