1245078287321378818
1245014909047496710
1245076566511665152
1245088828198719495
1245065086454169600
1244915237632999424
1244917428880125953
1245120007014690821
1245076597591457792
1245046746469863429
1245087947709431818
1245081212374392832
1244986877477826563
1245049545286914052
1245104057204772870
1245096828225404929
1245107061156872203
1245019362832134147
1245078306187358209
1245005430264229889
1245003195820257282
1245035553277595648
1244965478864470021
1244910200089444355
1245068961814888450
1244950443731701760
1245038806052540418
1245080288801284096
1245103574755020802
1245111670164336644
1245119447796535297
1245078679924936711
1244856968168312832
1244896198802264064
1245074877264146434
1245062427529695237
1245053730719924224
1244945656302665731
1245054541697081345
1244958807928733696
1245112237976518656
1244949732943900673
1245096083874856965
1245123440258023426
1245031628725989377
1245096603687563265
1245067148688363521
1245077353312718850
1245037217254387720
1245096491586387970
1245041985209143297
1245064164906872832
1245098126400258053
1245069299972218881
1245025403095351296
1245002044706041856
1245066267700101121
1245015663166570503
1245102666826604545
1245098972315824128
1245014116064002056
1245059582432546818
1244926897546571779
1245078069267832837
1245119799991996416
1245101932248813572
1245093218305429508
1244889309985021952
1244974359678201857
1245114320482115584
1244996029864443905
1245048539320852483
1244910206951329792
1245003041989890048
1245063307658174466
1244927053813686272
1245125098274783232
1244859089294962689
1245017405220368384
1245081175355535366
1245100420390891521
1245033438287138816
1245026386244440071
1245106078217535488
1245121799999766528
1245038019628892163
1244945060765904896
1245033289452306433
1244922545058521088
1245033332016132100
1245006080146657282
1245076854039547906
1245077513421889536
1245033014066909191
1245020663552901122
1245012094023602176
1245030111549816838
1245046378541264898
1245036086402916352
1244984646938566657
1244978839584940033
1245096360833159168
1245028628003459073
1244969173907836928
1245105402112626688
1245014756806844417
1245005753691320324
1245029197363458053
1245115952489955329
1244991276803555328
1245101165206999040
1245037706058575874
1245070173478027264
1245098035908132864
1245123825605345282
1245017246356963330
1245096720918249480
1245093288501293060
1244915905332740096
1245078876335804419
1245032602530131968
1245099069569146880
1245097142701690881
1244857485590179841
1245024083772952578
1245002940106125316
1245125353124900865
1244994279703003136
1245012870905188352
1245053847673987072
1245079909086769153
1245113155111378944
1245045370364686336
1245111038384709632
1245039655835316226
1244948506785218561
1244963518421643264
1245015925079912453
1245029849414225921
1245040663688704002
1245120646440538113
1245122565774999552
1244942703051358210
1245110799397531653
1244962858892492800
1244988910163251203
1245072125993594880
1245075629004992512
1244969438975229952
1245010463764742144
1245093926681432072
1245108959628996609
1244914252747542529
1245103264758149125
1245108611371511808
1245098129696919553
1245011403435630594
1245080154596139008
1245032795413544962
1245055019973476352
1245065706854584320
1245096075985391618
1245033113887047683
1245124703704006657
1245076794560196616
1245089820088700929
1245094096949166081
1245080433433378816
1245093988136300546
1245112241940201473
1245010604202565633
1245063419310505984
1245032757744545792
1244951394546847744
1245022539249856513
1245050839414321152
1245103157497167874
1245111776728846336
1245019774595162113
1245041922764398592
1245050778512961541
1245075191492943873
1245095798817329154
1245099714439270406
1245035467390754816
1245020212258365442
1245063118117580800
1245110855492087815
1245040871827017735
1244983166173134848
1245074081378111489
1245038891863859201
1245056984698798081
1245030119435120643
1245063897033379840
1245052767699435520
1245116160317652992
1244853658828845056
1245032220429029377
1245037738157637633
1245104586609827843
1244938106534576130
1245028121109098496
1245047782647488512
1245031424878657537
1244977322211659777
1245089421730426889
1245096914451943425
1245024197526634499
1245037196488462336
1245061482389405696
1245123923018162176
1245024098683666432
1245085550970798081
1244972491715620864
1245047651541843973
1245018014854021121
1245020529750245377
1245040260041637890
1245008073598664709
1245033112356061187
1245111108647759872
1245060277877575681
1245124336849223684
1244965724965294082
1245101328956903427
1245103553515008001
1244943377692590081
1245095230803775488
1245129969472360449
1245059032064372744
1245077800639397890
1245120273516552194
1244919802814218241
1245036891168223239
1245091406982467585
1245098132028915716
1244946365983207424
1245122745282842626
1244999333877035008
1245066548978614278
1245062022208905224
1244957913397018625
1245014716747067393
1245026655208386561
1244899348049203200
1244995011650994176
1245012251742031872
1245091307862790144
1245059755258888199
1245092436407394305
1245002917242757126
1245018052015673346
1245105409385529344
1245123992282894337
1245006932764737541
1245042451871600642
1245079000613031939
1245099317867708423
1245104933084565504
1245129676248530945
1244931181436698624
1245025631961841664
1245086424275304448
1245122446128287746
1245017827372908550
1245073697020485634
1245081853423505416
1245106796295008260
1244910843097223169
1245028079786844160
1245055370952925184
1245101286221103111
1244783969670922245
1245081048565891072
1244943742924136448
1245009583560691712
1245038584308142080
1245111860359303168
1245123758664355841
1245001261642063873
1245010463068491783
1245041972076838915
1245058765549899778
1245105781223104512
1245041169358376960
1245095945773211648
1245129178179133454
1244910808863211520
1244933584978411520
1245013764837122056
1245036833890852864
1245058271175639040
1245055252795138049
1245108405167063040
1245123909311180802
1245127393523773447
1245007324298784769
1245015620023996421
1245119959333769218
1245099940025643009
1245115488176398337
1245117947858870272
1245121418091794432
1245033959110709249
1245045996461195267
1245098770762776581
1245102682160988161
1245048214325100545
1245052658437836801
1245093193974153216
1244933681531301888
1245115778397020162
1244782620988317701
1244971714552815618
1245056188053688322
1245070887428206592
1245030595895259142
1245081782996918274
1245123405298520069
1244905336454230016
1244940886359801857
1244910846821699584
1244991019671748614
1245122431427149824
1245039600617340930
1245042036132151300
1245090983307608064
1245111402987171841
1244993757449269249
1245094944362188801
1245107928614473734
1245122029176717314
1244982133669662721
1245030197830787073
1245088473041776640
1245093613845037056
1245106994941431823
1245112651535069191
1245117006770298880
1245125676010819587
1245037269465141254
1245040734119608326
1245068502962233348
1245089992419848197
1245114947434090500
1244948187770769410
1244998808725082115
1245104690301304833
1245110447814082560
1245116053761462279
1244871892831539200
1244916983918985217
1244951380894384128
1245017884339863552
1245033675080769536
1245056288016551938
1245097479357566977
1245124555879956481
1244947860870836224
1244991837531705346
1245018560390467587
1245095683507597313
1245098270554275843
1245069676566192129
1245095902836133888
1245048636834283525
1245090909907230721
1245122801092231169
1244885571308322818
1245036930032599046
1245040645770797058
1245096966020882433
1245105006556188672
1245113768809582592
1245126454708486145
1244872051032276995
1244970711497785344
1245018280106045443
1245034885431132167
1245064553861439490
1245078695422853120
1245080242743631878
1245087654250676224
1244892202322538496
1245014422181085185
1245028144777658373
1245031900571406339
1245069179058675712
1245075916126126080
1245111373740281857
1245024610023804929
1245046420111003648
1245081048935006208
1245102994573660165
1245110874437713920
1245120285218652163
1244969697986125826
1245003000504029185
1245057296125898752
1245067000327499776
1245073856219549697
1245078450601447424
1245081338606215173
1244945281361346560
1245017954242179073
1245032950065967106
1245034001410207747
1245059495799279618
1245085919843155971
1245096593344299011
1245103922756440070
1245112773627052035
1245116694168768512
1244911160023027712
1245026472613621765
1245043089175130114
1245044953044180993
1245077612998860802
1245092860535484418
1245096280411590656
1244860370319179781
1244948713841319937
1245013004669931522
1245047690951606272
1245094408799891457
1245094944404111360
1245117351856652289
1245117755260571648
1245063877865492481
1245077164954923010
1245082240490582016
1245088635520790532
1245098269199523842
1245101739000369157
1244824936709005313
1244956450998403072
1245013139357229057
1245030002254635008
1245049674840580102
1245090993923223553
1245093458282414080
1245122062131367943
1245124398891307008
1244859564799004672
1244956243829182465
1245009265854754816
1245032135624396800
1245063314725576705
1245085912108802051
1245124217621876736
1244902284275912704
1244980729873915904
1245025563531718657
1245031170091495424
1245041675531161600
1245045859600994310
1245123457605500928
1245077214233845761
1245093451600977920
1245123177640009735
1245124058678788096
1244897225861455872
1244980114477256705
1245012993223667714
1245018004330610688
1245039249084362754
1245071808673599496
1245077936291667970
1245082382832713732
1245082463103303682
1245088739329703936
1245108954352562176
1245116245097287681
1244918449194840064
1244918601695535105
1244932641146703873
1245020529553059844
1245034235293044738
1245039355791577089
1245048211779305472
1245050142593613831
1245055755620888582
1245090037072527360
1245090457111199745
1245111874615758850
1245115130158997509
1245116595288104963
1245049974855020545
1245060026214932480
1245075250892554240
1245082482342596609
1245065965974495235
1245089698508308482
1245095479756632066
1245100819227303937
1245103982466551814
1245116159441006592
1245118564215992320
1244898838013448192
1244931534177648640
1244965239780753408
1245038072246546435
1245050267839627264
1245060253034713088
1245070658415013888
1245084374326030337
1245089038584905733
1245090451637645317
1245091451375099907
1245104850100248577
1245121889548238848
1244913251332341760
1245058861213585414
1245063423072669696
1245073103060979712
1245097589831356418
1245099095733174277
1245099543492005890
1245109088897445888
1245125445755994119
1244913060491472899
1245033186972692487
1245043097085579266
1245054554141532167
1245066774393040896
1245078160112312320
1245083645339209728
1245101060068384774
1245104446180339712
1245108012588687370
1245111675138781186
1245111706092797953
1245116263791235072
1245122569864429572
1245123487775277057
1245128217700323328
1244890801177595905
1244911813910806528
1244972443476930560
1244996396014604289
1244999872706732033
1245002830735241218
1245008645315801094
1245011721816662016
1245013305074364417
1245023686136037379
1245042893578014725
1245049262997524481
1245050975280230401
1245056977992142851
1245070655504211970
1245072867496255489
1245094574466498563
1245100949577838599
1245105783555096576
1245121791963660288
1244970575187120129
1245034082163200001
1245052645443874817
1245055445791899649
1245073197713829899
1245084291668873224
1245090834611126274
1245098140098793474
1245102059717824514
1245104568826028032
1245119198789021702
1245119684497866752
1245006491997831168
1245017372030840832
1245020882214543361
1245022957195403266
1245036244649771010
1245045348042760196
1245045695280709632
1245067801951420418
1245078918836690950
1245093338761564162
1245093780493041669
1245098174752178176
1245103761309274116
1245104334540505092
1245104905469276165
1245107951037304836
1245116062187823104
1245120278881075203
1245125087008894977
1245128470893604866
1244862852906835968
1244968457474580486
1245040116416086016
1245041060541353989
1245048360483966976
1245075894114238464
1245096222391775234
1245100647000805376
1245101867119579138
1245108671845224449
1245116159445340165
1245121625814634501
1245122334106816519
1245023098728067073
1245029555754217472
1245031171991445504
1245040711357149185
1245043176341221383
1245043887514714116
1245045578481971202
1245048049359097860
1245052142819434497
1245063563913371655
1245063682779951110
1245090418645258240
1245096225663340546
1245100724880658433
1245125227014754305
1244903269220208642
1244946475475439616
1244969957529718791
1245010720808468480
1245059035994390531
1245083356951384065
1245094013725593600
1245096060260884482
1245097836569657345
1245122631583612932
1245123710320861189
1245126225758056449
1245130003240685568
1245056766838222848
1245071519333613569
1245072795773607942
1245088996566405121
1245094878163472386
1245096764249714690
1245110703914131460
1244812662497779712
1245003169005998080
1245006594619908096
1245021027689795584
1245028864704876550
1245036412422049792
1245038145617440769
1245045666621071361
1245105598749949952
1245106277509992449
1245110037770637314
1245110423340437509
1245129546455801863
1245129856771383301
1244921645992742912
1245019195282280448
1245020077138808839
1245038857059475456
1245046972026892291
1245048737308827650
1245048923603025920
1245058129383079943
1245066530662035457
1245066589491380224
1245074424019247104
1245077180893270016
1245086048729915395
1245094687355965440
1245096731580252161
1245100246725734400
1245126680555008000
1244890366131789824
1244992511065686016
1245009947630370816
1245013958773309447
1245015968696487937
1245020723170676737
1245029880007479297
1245031018949738502
1245037858664206339
1245057843369316353
1245077542853398528
1245077990020702210
1245097102197305348
1245111563910070274
1245127537547792385
1244839192342990853
1244945416925429760
1245006688626913281
1245007946670469122
1245020119820128257
1245025166599618561
1245032488927465472
1245034538797019136
1245036081227145216
1245038130341785607
1245039140808376322
1245049881661751297
1245053548657881089
1245067594320748549
1245088219634569218
1245088500791365633
1245092877123735552
1245095785651412998
1245096626504577029
1245109918987964416
1245123296800256008
1244917120137342976
1244971685494829056
1244997437846163457
1245017645847580672
1245024881193951233
1245038681204895745
1245042898497912833
1245051703080235009
1245072209267298304
1245079075087159296
1245088998017716225
1245092571950522373
1245094755979182080
1245101220248932354
1245106212879904772
1245117624377323526
1245119880841445377
1245125611103846407
1244867418083729413
1244869411921694720
1245008917186457603
1245011784714588160
1245024310839869441
1245025562059472903
1245028889342214149
1245030660349128704
1245041188870160384
1245052919537381377
1245060654471483399
1245093513496125441
1245095559863689217
1245095986134908928
1245102996410810373
1245104001349271555
1245108519818407936
1245120217073831938
1245124141805645824
1245129358240514049
1244826252042780680
1244858974219968512
1244914203867189249
1244959710228484097
1244997932744663041
1245038135085600774
1245044723598987266
1245082686928097283
1245095953490751495
1245097402517913607
1245102411783589890
1245105606006095873
1245121932053417984
1245123710920445955
1245130345877553155
1245131437336072192
1244913391485030400
1245012231785496581
1245013012370595840
1245018423823929345
1245028285408522240
1245030461493121024
1245040189531095046
1245041308885975040
1245043169768726533
1245043763333992448
1245058327622684673
1245072488255586306
1245081693226242061
1245090906765553665
1245102911723655169
1245102941566050315
1245104459996430338
1245106913962004482
1245107022019932160
1245108611015114753
1245124557163421697
1245126802806366208
1244780644527415297
1244847957641486336
1244915605322510336
1244922232205447168
1244977599564009473
1245020475929042944
1245022258642501638
1245036087602483208
1245036963209662468
1245040083457245186
1245048508400484352
1245052068349566976
1245055761509543937
1245063454496632838
1245075820374302721
1245081581997490176
1245085416593788929
1245087583463510021
1245088661428985862
1245092944123756544
1245093920285118465
1245096437844783107
1245107478091751425
1245124087158112256
1245125233968852992
1245125794269147136
1245126944280231937
1245129682883940352
1244876223936856064
1244907426975043585
1245014091086864387
1245023430258368513
1245036798277009408
1245038905235329025
1245038942719750145
1245042125655375873
1245042991376539648
1245043369715404805
1245049174963322880
1245050921903521793
1245058244936192000
1245058659924742151
1245067019554361345
1245068811742650370
1245070876145565701
1245070905316986883
1245073834639855616
1245075042591006722
1245077842733330440
1245086001921490945
1245089735334379520
1245091165063520260
1245095619745677312
1245096765730283520
1245099831414177792
1245101126023872517
1245103607768403969
1245104031585968130
1245106468480790528
1245110285612068864
1245123710404767744
1245124718400765953
1245125936401481729
1245128865825120258
1245129217727254529
1244893381333069824
1244911884513480706
1244981549864534017
1244982889575591938
1245010989428412416
1245019910880845825
1245020971398049792
1245021872137351171
1245023411979661312
1245030791840772096
1245032623514226695
1245037139584331779
1245037160421560320
1245040331848060929
1245044961759895555
1245045625189785601
1245056248518717441
1245057415571259394
1245057723722534912
1245059983475163139
1245070907758043140
1245079756506386432
1245086196046462977
1245098378108772353
1245103629226242048
1245105066215948293
1245107638607675392
1245113661762527233
1245122963923513345
1245123710878650372
1245128198452580353
1245128648442732544
1244884466260197378
1244899384095014912
1244919993655013376
1244935163378892802
1244971780441116673
1245009075433177088
1245011946107265024
1245019706832179201
1245025498905837568
1245027539191574534
1245028423204044804
1245038777921351684
1245038982049812489
1245044515720888327
1245057584333234177
1245061629206827009
1245069233760894978
1245078446058942464
1245083880316600321
1245089849444651009
1245089889877733377
1245091380621455360
1245091931857793029
1245097040914374656
1245105569058480128
1245116159449587720
1245116862649827330
1245117727582420994
1245121929217966087
1245122010801414144
1245123418258898944
1245124208755118082
1245124264266805251
1245130723717255174
1244948197530898433
1244994050555609091
1245019967273263105
1245025562718023687
1245034036248150021
1245035088217362433
1245038146229854210
1245045267101032450
1245048549714296833
1245058670712455168
1245059212914409473
1245087108282400768
1245088294112722953
1245089857900249094
1245096879609831426
1245098014655610883
1245100950039265281
1245101972233084934
1245120853534289922
1245125933654310913
1245132337219883008
1244916746571653121
1244917366263369728
1244944172928376832
1244948331434061824
1244963216930848768
1244973068155596800
1244991152291557376
1245003191948914696
1245015496312807424
1245027290343510017
1245029380176445447
1245033454724624385
1245041956734058497
1245042726523015168
1245043029997731841
1245068552924581888
1245079089083551744
1245080968551161857
1245087763369689091
1245090390010716162
1245091235024506882
1245091426804867074
1245091851603980291
1245092836955115522
1245093337201246210
1245094754326581249
1245098543737602048
1245104985551114241
1245108268831330317
1245108552139767814
1245109538094710786
1245110950103003136
1245111293998174211
1245123355197476866
1245126325238669312
1245130379855609856
1244786485821390850
1244913447537717255
1244930762576736256
1244981722997030914
1245003600897679372
1245013237147537411
1245016373186748417
1245022127390167051
1245030966445383688
1245032835494424577
1245036967299080192
1245037086035632128
1245038225154093056
1245042453918466051
1245050722628055041
1245053244965113856
1245057853724991488
1245060600771870720
1245073717161590790
1245079263075635200
1245080818273398791
1245087154176475141
1245088696984055808
1245090795063033859
1245090942673092610
1245090993868857344
1245101495676215296
1245104316752461834
1245105786763776005
1245108613292720134
1245110256176451584
1245113958505332740
