1302949164574269441
1302894491771305984
1302769878240317451
1302843601794277377
1302767953495158787
1302870467791986689
1303016930580856832
1302792989140553728
1302776764536631296
1302916543924375557
1302767299741528069
1302932152179453953
1302824120875446272
1303088218158452736
1302940795889123329
1302880235860492289
1302797801013870592
1302904407848345600
1303058719337480193
1302799913445720064
1302902649071824897
1302894839743361025
1302858028019052545
1302805608907894784
1302898720380538881
1302872974966566918
1302910646691024896
1302887462793084929
1302888784002940929
1302917196209848320
1302837482128650240
1302933020270309376
1302911346665807872
1302759387329703937
1302830416550932482
1302892380778045440
1302880433206702082
1302896292218245122
1302945097932328960
1302836034871472129
1302902413326716930
1302829248516939777
1302879275574603777
1302902088469446656
1302946401912008704
1302886095210909696
1302927144943837191
1302933155180154881
1302868351052644355
1302810314988228608
1302836742488092672
1302911000493133825
1302920082218254338
1302947743229501440
1302903703406608385
1302805778974281728
1302843375796789251
1303011862238429185
1302784903453392901
1302933361225347072
1302882876246163456
1302894869870972929
1302789936819531776
1302941015561719809
1302783573536190464
1302939865223442432
1302831249854214145
1302857632823357442
1302785942202265601
1302873128423624705
1302909480401694721
1302760774159536128
1302801386556526594
1302836036314304512
1302799235004485632
1302834605716893696
1302897096484368385
1302903573685112832
1302807552686579713
1302888929012658176
1303049947793760262
1302883484021776384
1302921754248187905
1302934005235568641
1302890757913825285
1302841127146598400
1302842397672591361
1302941245904482304
1302912951029059586
1302919574183182336
1302913623124258817
1302788441365676034
1302908704157773826
1302909302672445441
1302938261296418818
1302788678268473344
1302816505424478209
1302777010347966464
1302899424432205824
1302910651489284097
1303100311083589632
1302840788980609024
1302896325730668544
1302909926730276870
1302954181389680640
1302825656133320705
1302863969376493570
1302891740379205632
1302903182977196032
1302920142670704640
1302759199198375939
1302811328600567808
1302871505391497217
1302898309074497536
1302937231401910272
1302852978492178433
1302868766481674240
1302870184349315077
1302898336949833728
1302828063919665152
1302836267936288768
1302909463859548160
1302909475288883200
1302866701105729538
1302901806360662017
1302903374057267201
1302818878368538626
1302873826049560576
1302874818061139968
1302860575244980230
1302910210286276608
1302944308635541504
1302760151229890564
1302764861332615173
1302840660589006848
1302780251832020992
1302866904516886530
1302939860676870145
1302798951645696000
1302942933872709632
1302786612422737920
1302803274156961792
1302835053261660167
1302894824065032192
1302931455534866432
1302836835035615232
1302861861461819392
1302864175786594304
1302867714718019585
1302761040392880131
1302792015609036801
1302912215142588416
1303059578318356480
1302837706855272450
1302853517284179974
1302900832376098817
1302920276368412674
1302933350898954240
1302940841435115520
1303075570025103360
1302773319209553921
1302776355243909121
1302794214888136704
1302811328541683714
1302881747265368065
1302889359767633920
1302893221354373120
1302906613506945027
1302942845603581952
1302824413788766210
1302909497749442560
1302910839880658944
1302874435192590338
1302909299568586752
1302909330417758209
1302925598231273472
1302937275152687104
1302763629293563906
1302819045004148738
1302833978228039681
1302849553734004738
1302926325922041857
1302934484929720323
1302942630737858560
1302767733990359040
1302905813237927936
1302912916497235973
1302933128391122945
1302933396511956992
1302944862904426496
1302947223899176961
1302766378789859328
1302772144682786816
1302773606393540610
1302773975651692545
1302775484703481858
1302835244224204800
1302848448723668995
1302871807276527617
1302893008837279744
1302925982626656261
1302930256236548096
1302930678292643841
1303103251248640001
1302819135903105030
1302829010385338369
1302879276815982592
1302897891137196033
1302924647357460481
1302927293724209152
1303069152173842433
1302769803862573056
1302866388592340998
1302871450467086337
1302894741659553792
1302900640138625024
1302909635855351809
1302911705903751168
1302919563806416900
1302928592670777344
1303096479796559873
1302763111137632256
1302768284253802496
1302784737560481800
1302787132591927298
1302803777779576833
1302826685944004608
1302851876891881472
1302863969028366336
1302874254095024128
1302875351240986630
1302888716336345090
1302913411416756226
1302933550044532736
1303000135434207232
1302774468004270080
1302795255096508419
1302803499315539971
1302839513241333761
1302882997008510976
1302899594477658112
1302919554901962752
1302936913863675913
1302769812721020930
1302824564968349697
1302834077905678338
1302841539610259456
1302859995013316608
1302885510210301953
1302897703840616448
1302903632891965440
1302911886107836418
1302765274043764736
1302799882307211265
1302839990125289472
1302840565034373123
1302852692323246085
1302865823619579906
1302878535481208838
1302879278183391233
1302888838411423744
1302890704465735680
1302909311845269504
1302939453812543490
1302940177111764994
1302945591710883840
1302800345178017792
1302850077296390146
1302865877809926151
1302871350932013056
1302876308104503297
1302896891345207302
1302911344681848833
1302938971270516737
1302947178214817793
1302761321608491013
1302762560069005313
1302763522548355072
1302778863794163714
1302779946507685888
1302799026887307266
1302800352924839936
1302835244584898567
1302864186100404227
1302890696932810753
1302891636037488640
1302954918580572160
1303006666959581190
1303105413810974720
1302762241213820933
1302773581093445632
1302775407201189889
1302827591095721985
1302831621205381120
1302837751620857856
1302901817718853632
1302902080588447744
1302913154456977409
1302914514808119299
1302920835724963840
1303006767983493122
1302763522825359360
1302784201226412032
1302857999426428928
1302899721422413824
1302914453550305280
1302769812226142210
1302807049823301633
1302814644076150786
1302818977354330112
1302836322034487302
1302864451180388354
1302867469145698304
1302873829535035393
1302875500419796992
1302889944394981376
1302902843372965888
1302917777930346496
1302945954614697987
1302763491158372354
1302833773202022400
1302861659187359745
1302903158574845952
1302909402509447168
1302912249493946375
1302942441566277633
1302946884290519041
1303089631089623043
1302759764850601985
1302761134122872832
1302781814508064768
1302786298130976769
1302817280787611648
1302827650856222720
1302831871039078400
1302837694247186432
1302857641035788291
1302867849451634691
1302890600065359872
1302912030563880960
1302915009052278784
1302916745750097926
1302928402354241536
1302933448471044100
1302981127804780544
1303026757575028742
1303111229259608065
1302763728589512704
1302774004504317952
1302778368799182849
1302786536434352129
1302797821221965827
1302803781319569408
1302826426966536192
1302826785680302080
1302829813217071105
1302830201882148865
1302830467813707776
1302834064148307968
1302842758877655042
1302843917583384576
1302856233389563904
1302857719171428353
1302869717414285312
1302880825747402753
1302891700570992640
1302903049191591937
1302904283524935680
1302925756708814849
1302780939181985792
1302782043424727040
1302795531471777793
1302814592163172352
1302821160678305792
1302822652139114497
1302830202003705857
1302833182736297989
1302834014739406848
1302838740373704705
1302839505272090624
1302844547865751552
1302854109523898369
1302860401168711682
1302864365205499904
1302872484874784768
1302879490629152769
1302909816655015937
1302911739411927041
1302914659574591488
1302923818860597248
1302924576037302273
1302931977193107456
1303055792698990593
1303075263144755200
1303090000347701249
1303111035285581825
1302764253460471808
1302765786860199936
1302777680685826048
1302778336565841920
1302779887942537216
1302795098816643074
1302816170719039493
1302829390120837126
1302829649815318528
1302830202007908353
1302839034033704962
1302851592899747841
1302852347845058561
1302854060647870465
1302864377167646722
1302865491782963200
1302869033566568448
1302869175522783232
1302871747130281985
1302885702934257664
1302888252806844416
1302889341690220544
1302901849008242693
1302916745825595393
1302918721741099008
1302919167205572608
1302934222659821569
1302935760115466241
1302935765136048129
1302945684686090247
1303019109320257536
1302766044667355136
1302768821468573697
1302771546881220609
1302773581051580416
1302789009383608322
1302790841094807553
1302797538630807553
1302798744639873024
1302802999329333248
1302814992887054338
1302818008533000194
1302825885054177280
1302828783536427008
1302829271128453122
1302831460219580418
1302837395331612672
1302849377904467969
1302858385042309120
1302859631149056000
1302861817769848833
1302862917562511360
1302864176830914560
1302865115402981377
1302874096989016064
1302877964116295680
1302884737028153345
1302889652022652930
1302889861318402051
1302897184505905152
1302909878084792320
1302917033336680449
1302918694868221952
1302920074962046976
1302922534967365632
1302925207540293633
1302929607046254594
1302934216297132033
1302942222069960707
1302943918221385728
1302944080964583424
1303081257157488642
1303111162410696706
1302768506577055745
1302774952639303681
1302778508029034496
1302788939225337857
1302796227998695425
1302796300929429510
1302806294487805953
1302812682832293888
1302821393869012992
1302837806872625152
1302839214929833984
1302841544018407425
1302841775392993281
1302860382336421888
1302883115128500225
1302896412405960705
1302898149657280513
1302901962506219520
1302904775600676864
1302905090588717057
1302906100942077954
1302906957779464193
1302907838868656128
1302908857254121474
1302926489546088448
1302927587790946305
1302928124854886401
1302930103194783744
1302933271114899457
1302933672014819328
1302934796465844226
1302938980023926785
1302952790269067270
1302967753364713472
1302989235952197637
1303089614211735552
1303097305042620416
1303100916653006848
1302765219429650433
1302768021199519746
1302783206022934533
1302792209301897216
1302794187398696960
1302801261318864897
1302815102496845825
1302826137295507456
1302829656878571520
1302830855207911426
1302831194770464768
1302833977326071815
1302833979465388035
1302837666992578561
1302839495021166597
1302840333127094272
1302849193720123392
1302861909184729095
1302868606108262400
1302868616682049536
1302874670333661189
1302879878660972545
1302883050485809152
1302886750315065345
1302892026816536576
1302897084710957056
1302898136453611520
1302899160656609282
1302899553591603200
1302901368022327297
1302903434488799232
1302905709810593793
1302907410856673281
1302909478656864256
1302911629613502465
1302916744642732032
1302919264459001856
1302920859619856384
1302926872888647680
1302931772934627328
1302933811689381888
1302934640236396545
1302936197677961216
1302939720222208001
1302940751958024195
1302942497312735232
1302943093340221440
1302946876732383232
1302989814820753410
1303001560922894336
1303003136441888768
1303065898790596608
1303100296529354752
1303102169080627200
1303108080029388800
1303112608774578177
1302760300018569217
1302763653721018368
1302775206625280000
1302777224169492496
1302778293712752641
1302781504301543424
1302781837333405696
1302783023780253696
1302792953539289089
1302796553044791296
1302797294367113216
1302798510069350400
1302799876611289090
1302801139474280454
1302801231354748928
1302802874460708865
1302803822050332677
1302806311965544450
1302807533787271169
1302815840975421442
1302816994346098691
1302817162717995008
1302818953216102401
1302819147131301890
1302826833361227776
1302830585975582723
1302831529123614720
1302835732181118977
1302836493354844162
1302836493354901504
1302840662786805762
1302841939931402242
1302842807749672961
1302863789281488896
1302865871124168704
1302867950731505664
1302867950735519744
1302870371696357377
1302882490558930944
1302887359453814785
1302888175266861056
1302893518856368129
1302893519019876352
1302895445824475136
1302898491648364546
1302903937763217409
1302904735855529984
1302912817352368129
1302919540570034176
1302920999873150977
1302923104994422784
1302932040837402626
1302932803387109377
1302934640181665793
1302938759986544640
1302940328635359232
1302944006419050502
1302990500237058051
1303000024046067712
1303002267365376005
1303018445290770434
1303054180274372608
1303060721207517185
1303068880835756032
1303081055080022020
1303083120204427276
1303104803644600327
1302764286381563904
1302766394719776770
1302766957985443843
1302775271909662722
1302775385743134721
1302775772013375488
1302776752008241153
1302777525320536064
1302782902527287296
1302787670418927616
1302790450206605314
1302795003350016000
1302800313490067457
1302803258143109120
1302803618198941696
1302803795525742592
1302807751492620289
1302808121988059136
1302808983447769088
1302809757082955776
1302810069143351296
1302818919049170944
1302821228324024323
1302822710611972096
1302823644553510912
1302828104625410048
1302833977913352192
1302834014219202560
1302834950945886209
1302838894636003333
1302839308261392384
1302840860745269248
1302842366034767872
1302843537361428481
1302856455285084162
1302857399691345920
1302860170184331264
1302862853741912064
1302864491101728773
1302864808317005824
1302864930203406337
1302866695254573056
1302869528712564737
1302873006331617280
1302873071070609409
1302876795520327680
1302879081596366850
1302881331400060929
1302882740182941698
1302883456813277184
1302887714799456256
1302890181654188032
1302890328794583042
1302894587984437248
1302894889269710853
1302895463989944321
1302903362401304576
1302904859662995457
1302908677268082689
1302910727729053697
1302910744019841025
1302912574481104901
1302912887900581888
1302914673507995648
1302919514754093056
1302919922469699584
1302920799641247744
1302921187190878208
1302921464434364418
1302923841040154625
1302927090417766400
1302928739001602049
1302930132580139009
1302931535914397696
1302933033574690820
1302935327884095489
1302935898972020737
1302936296378204161
1302936915562426368
1302940076029157383
1302942529759870977
1302943713073782785
1302943930892378112
1302945103099711488
1302945860238663681
1302946240158670849
1302946338787725313
1302970938988867586
1302983789921079296
1303053130930761729
1303056982614716416
1303095305508974597
1303108286208643072
1302760995958341633
1302762320033189888
1302762706521534464
1302763106339348480
1302765775078535169
1302766029060427777
1302766101718327297
1302768846378602497
1302772276216164354
1302776675135107072
1302777442017345536
1302778873948639237
1302779624070492163
1302781234033065984
1302783163043909632
1302795823038771200
1302797266730835970
1302797297940602883
1302800357597360128
1302802048371564545
1302802479525105670
1302808617062748160
1302809251233042432
1302811341548331008
1302811604300505098
1302813844159565826
1302816111537401856
1302816603101212672
1302817839657750528
1302818337777479681
1302820989772931077
1302821135210422279
1302821285697908736
1302821745867526144
1302824424677179392
1302825298778640389
1302827791205924864
1302829596551905280
1302829927230734338
1302831120850051072
1302835761654497280
1302835884430065665
1302836255890255883
1302836540285034496
1302838078210535424
1302839934299123715
1302843031654199297
1302843280921681923
1302845934661926913
1302849191333552128
1302852498894524417
1302852851211866112
1302857972457107456
1302866470645497856
1302868451367825409
1302869773492027393
1302872855852482563
1302878138423271424
1302878674681819139
1302880160308494336
1302881233450545152
1302883484453789697
1302886647332298753
1302886824956755968
1302891492432900096
1302892747909722115
1302895138272874496
1302896124219600899
1302900738457206785
1302905655532105729
1302906576387346434
1302908580102717440
1302908990507032578
1302909080831504385
1302909477344038913
1302909609380904960
1302910847409422337
1302913194403528705
1302913468136402944
1302913518484836355
1302913522586857472
1302914285950177281
1302916874993364993
1302918054633000964
1302918776002940931
1302919768555630592
1302920232546242565
1302921161421053954
1302923630167425024
1302924313033572354
1302924578373730304
1302924579569102851
1302926424437911553
1302926792085442562
1302926918023512072
1302928384247377921
1302928746392039426
1302928840289853440
1302929807924236288
1302931588863471616
1302932431071334400
1302932858118569984
1302933672069419011
1302933938650918912
1302934640110399492
1302936379798642688
1302939679084273664
1302941047903969280
1302941790270566400
1302941798952767489
1302942872677818369
1302944706482049026
1302944891648053249
1302949523908694017
1302989824115257344
1303022082884874240
1303100366872031232
1303103691055038464
1303110823376814081
1303111029866532865
1303111675617464321
1302759473153482754
1302759885579399168
1302760118346567682
1302760162361585664
1302761369448722432
1302761669811212288
1302762101862281216
1302762674250493953
1302763034918739968
1302763322497003524
1302764505018052618
1302767286781181952
1302768295091859456
1302768692581863424
1302768952939106304
1302769717208322049
1302770746985414658
1302771428165591053
1302772066266087424
1302774449733808128
1302774673403510788
1302775641436286978
1302775896047321088
1302777353626554369
1302777362153496576
1302778294153220101
1302778763143507968
1302779531598737409
1302782066849964032
1302785078729342977
1302787990956146691
1302788154471133186
1302790539272695809
1302792803416780800
1302798699685388288
1302799041340805120
1302799783875293186
1302800982892408832
1302801127768031238
1302801420975050753
1302803319212179457
1302805693238513664
1302808091428356098
1302809409962364928
1302810350488821760
1302813734327455751
1302815493926137857
1302817041217396736
1302819883042955265
1302820510464647168
1302821483161333760
1302823864301490179
1302827529779150848
1302829850047270918
1302830201835933696
1302831107805712384
1302831871265570817
1302835065408323587
1302835787831087104
1302836006534742016
1302836016278102018
1302838011999260673
1302838561071341568
1302839051704299525
1302839417317531654
1302840355944095745
1302840579836055552
1302841712646250497
1302841731273158656
1302842090733408257
1302842291749613568
1302842318014349312
1302843388589412353
1302844043051675649
1302844050752647168
1302849853656047616
1302852854026207235
1302854539805159425
1302854960913281025
1302856645639368704
1302857246506975235
1302858342252109825
1302863349793918976
1302864024023990272
1302865024420020229
1302865301856452608
1302867962479640576
1302868484485914626
1302869599864713216
1302870523798528000
1302871740809392128
1302875124484501504
1302879783542456322
1302879827591081984
1302880135717281793
1302880533932802048
1302884880393678851
1302885935202422784
1302887853018492928
1302887946694127622
1302888239599177729
1302889341702688768
1302890123869278209
1302890952839831553
1302891885992857602
1302892165362745344
1302892762807898112
1302893291390799872
1302893408902668288
1302895163270983680
1302895410789396482
1302896671643373569
1302899704838193152
1302901561648185350
1302902107650117634
1302902729908596736
1302903356265058305
1302907876156026880
1302909455324065799
1302910144632815616
1302910281757134848
1302910559600496640
1302911024857780225
1302911701868777473
1302913269523451904
1302916723742576640
1302916935504596997
1302918351426146305
1302918594796363776
1302919334558343170
1302919415038709760
1302921226093056000
1302924016605450241
1302925270572085251
1302929891986493442
1302932124673036294
1302933141254963200
1302933816814850049
1302935027978706944
1302938858758254594
1302939597274574850
1302939856067350529
1302941090329305089
1302942190134415360
1302942709938663432
1302942880810627073
1302944802191876097
1302946452168155139
1302990703778291712
1302994122337398790
1303000272101310464
1303003421495242753
1303012422786088961
1303090520433061890
1303090592122011649
1303092968702840832
