1243880688421609472
1243955781332021248
1243903210240212993
1243834430076129280
1243942303884021761
1244008302297653248
1243885939455332353
1243914308117028864
1243917839804891137
1243825900065632256
1244005896935673856
1243834592131526658
1243874128945430529
1243984141512736769
1243979373763493889
1243921063735631874
1243931052411846657
1243847041031254016
1243966419127025666
1244011397538775040
1243941643625078784
1244006348070825986
1243969935992401920
1244013250162962432
1244008555151339521
1243931790156402690
1243921977737445376
1243872990573584384
1243836339105288192
1244006963299659777
1244006304529735680
1243958637799800833
1243824191285190657
1243947923089604608
1243844783413608448
1243837018582507527
1243936671369957376
1243910436984180736
1243871151388065793
1243959780101816320
1244017305694146560
1244009933798072321
1243794454210805762
1243721487246413828
1243937302285619201
1243881190525894663
1243928747092344837
1243749655810314241
1243942765605662721
1243923920996184064
1244014324697489409
1244009453302800387
1243965331510628353
1243757465226874881
1244014108254638080
1244020872446464001
1243946531209859073
1243931999066378241
1243928240185651200
1243982458229579776
1243756575749279744
1243963062916448256
1243908558888079367
1244001600642965504
1243951954960748544
1244021415378063361
1244039932718526466
1243940494016741376
1244031870205145089
1243982012547043328
1244003545197752320
1243801961704697856
1244009106358353920
1243855893168562176
1244008837277003778
1243954168563478530
1243928457605758977
1243930191338131456
1244034661090766851
1243988581762445314
1244017531775524865
1244006869506707456
1243881155922976768
1243752739353608192
1243971522290647041
1244021194405212161
1243952491412303875
1244017203537682433
1244026063124078592
1244003812240764928
1243803605905354753
1243992119603335169
1243941975033864194
1243957395618967553
1243994892386340864
1243934624121868289
1243936676768092160
1243950591723876352
1243927457524264965
1243924521641443329
1243811325819658241
1243958809351131136
1243817054190424064
1243798889234341889
1244016121721884673
1243955335456571394
1243976151162331139
1243940874985320450
1243766703097630721
1244022646993534979
1243928316551270401
1243976618655318017
1243913527859036162
1244036528344612864
1243982502663987200
1243689296424402944
1243925214569914368
1243934176975470594
1243941886148128770
1243934526973399040
1243927224664887297
1243737519914651649
1243873124640272386
1243958768796413952
1244013897264164865
1244025978864664577
1244042085298307072
1243844845803798528
1244007416058044417
1243957496542375938
1244034783233150984
1243967621495689217
1243996143450763264
1243887092838653952
1243956932479762434
1244026209484374017
1243916918769229825
1243909413167120384
1244027737679028225
1243829426527318017
1243978837681111040
1243964314710573057
1244003598851354626
1243951326901436418
1244021495288004611
1244032721803976707
1243791765615923200
1243983065510281217
1243959848879955968
1243965951089016832
1243976350966468608
1244011461258752000
1243945086041436160
1243939707135950848
1244011153061302272
1243995545376624640
1244011350143139840
1244015407603814402
1243877843274170369
1243886395338473473
1244009951112110082
1243846289844035585
1243951184836284417
1243924215046209536
1244042175048015872
1243922041322921985
1243941158155403267
1243768208135503878
1243948883048366080
1243985299887316992
1243995944183570434
1244012637991522304
1243846399063732225
1243949053945274368
1243930831137255424
1243942594931015680
1243962782858514432
1243841206221766657
1243861875462492160
1244034420262174721
1243964014868279296
1243964649864912899
1244036279215566849
1243906814590300162
1243851298451177472
1244005984290443269
1243873590065410050
1243923433035046912
1243950365814525952
1243968048496852997
1244037543307415552
1243927837737922560
1244026128299438080
1243806137985753088
1243950240819970048
1243950711622324225
1244003392927784960
1243709420795813890
1243866676493344769
1243948465538740224
1243720694447423494
1243800972507389952
1243837285449314304
1243896815747051521
1243940915552505857
1243966081636749313
1243848276090195968
1243928481895002113
1243904226817904642
1243992679744241664
1244025406044454913
1243855642550505472
1243863308152844295
1243880594825785345
1243881630449557509
1243996280436805634
1244005345871134720
1244011379851476992
1243991709085728768
1244013850174857217
1244015995481620481
1244016484919185413
1244020957402009601
1243711601762603008
1243789485286064130
1243922219081830400
1243951588470915076
1244035875983495168
1244036360870248449
1244040078541893634
1243788587969191937
1243862168195522561
1243949684890181634
1243988258960355328
1243926971156963332
1244036255291265024
1243973469504704513
1243985210263449600
1243995681666273282
1244009099722973186
1244029453983940608
1243979574616166401
1243925679969878017
1243928768626003970
1243954140121890816
1243787841152434176
1243945113174323200
1243783292068954112
1243813275827089408
1243955972986503169
1243786574980055040
1243853729641705473
1243925816129585154
1243926508433018880
1243985650136858625
1243693867725139968
1243794784550039556
1243853419699245056
1243927836320305159
1243954836741279745
1243983086683074561
1244020453011791873
1243857678566383617
1243942868810633218
1243947184111976448
1243956495005495298
1243983697348419585
1244017481984983042
1244025332316934144
1243958591205388291
1244006388029939713
1243911933239218177
1243996839436845057
1244031501962018816
1244032984174538752
1243983209358143489
1243989988867362816
1243999161143476225
1244033299871420416
1243726659301277696
1243845983102021638
1244041861385334786
1243843205357019142
1243897486810533889
1243957265201278978
1244019120007454720
1244020007857565701
1243903305782362112
1243944467909967872
1243945269294661632
1244009125513756677
1243946958475141120
1243963071258857475
1243978664355794946
1243853255697973248
1243853601249939458
1243923097843126279
1243994753085181953
1244004309576093696
1243941867089264641
1243943949519249408
1244023051349622784
1243870695349727233
1243958826304446465
1243969678407540737
1243971030252752897
1243975443239354369
1244014097819148288
1244010291618340864
1244011185076342786
1244017671500333057
1244035592368906245
1243913006628638720
1244036548699529222
1243877525039788032
1243957701660610561
1244005436166221826
1244021638741528576
1244025871226286081
1244031062734508034
1243713462280302592
1243832206688243713
1243862622929408000
1243939404311339008
1243976684807884802
1244006471630798850
1244017872806035457
1244023380199845889
1243955876655968256
1243958174350262273
1243965882692403200
1244006843510329346
1244007831709175808
1244011479889829889
1244022182226862080
1244036581301895172
1243896459675787264
1243924558014382081
1243971114562392064
1243998048742768642
1244005347800612864
1244026479551246341
1244027030842281985
1243772201339359232
1243833227569176580
1243958610067173376
1243960601795334145
1243972372840861697
1244024004907761665
1244027917786648576
1243882237399105536
1243929386249850880
1243949252952428547
1243968056260530176
1243988730597138432
1244008467670720515
1244015751784280066
1244022617188827137
1243802833507549184
1243931563194290177
1243987813894406146
1244003502499803136
1244008088228769795
1244011456926023683
1243927268470095872
1243939994961694720
1243952240391589890
1243986445292965888
1244004475335053312
1244012283497451520
1244017606216028161
1243932905543553025
1243954441956610050
1243955709114531841
1244003830078951430
1244006089445834752
1244008985218420737
1244028996033150976
1244029571902533638
1244029605658464263
1243886999095914496
1243934741092392960
1243943859320651776
1243962525860990976
1243971037802496000
1243999089571893248
1244010121660739584
1244021058358980611
1243827417040420864
1243907486643630080
1243950982020468736
1244009982888157184
1243883929305825280
1243932408036102145
1243941107031060481
1243954723721445376
1244018929728737280
1244035704155525125
1243755662351499265
1243840423921094659
1243877807391940608
1243948053427601410
1243953525169717249
1244006326625284101
1244006348045647872
1244019472719065088
1244025351984087040
1243930728146112514
1243965152602488833
1243969897413165056
1244007824591634432
1244014865842425856
1244016412923846656
1243808291555119105
1243853174571773954
1243862973606703104
1243928198888423424
1243932715528990721
1243942487921692672
1243950021449564160
1243971181784567808
1243996309578747904
1244002571909464066
1244023430602723328
1244042820366880768
1243711626664124416
1243865191500124161
1243901909951488001
1243918931036909569
1243952253138067456
1243956970262016000
1243985830802325504
1243709503587192832
1243933014360539138
1243948464989523969
1243953499362054144
1243955165335629826
1244008863403102209
1244011517332402177
1244011996678406146
1244021240597184513
1243889966687686658
1243892813873496069
1243924001258442752
1243930546952179712
1243952602116763650
1243972372849233920
1243993763631869952
1244004454711558144
1244010856486187011
1244022802837094402
1244029321691500545
1244031512627933184
1243742204000010241
1243762182552240128
1243875537602445313
1243957376262250496
1244004015056261120
1244007111899652096
1244011004712886272
1244028497380741120
1244041578949246978
1243748779129556993
1243781227242536961
1243854517524979712
1243861102682935296
1243935882463391744
1243949267334639617
1243989610130259968
1243993761803309056
1244005251511918592
1243927740862038021
1243935270313119744
1243955288090304513
1243966081292619777
1243972726961983488
1243990140323860480
1244006833729294336
1244010174957989888
1244013912539967490
1243731284721127424
1243820902170734593
1243826052323061762
1243856994324316163
1243867455556063232
1243989182529392640
1243996070021038080
1244004955637374977
1244009450924630017
1244021197152628739
1244036944507650052
1243870961503473666
1243900777502068736
1243921741258403842
1243983891683315712
1243992421656154114
1243998546413699072
1244008379456069632
1244008872446214144
1244010753595772929
1244016243184668673
1244029290586521600
1244032537573363717
1244033739551911936
1244034518513790980
1244038677011091456
1243714423656787975
1243842248850247681
1243847803652247552
1243877270172962816
1243927392743292936
1243944602282987523
1243952008220065794
1243959820010565632
1243965482002198531
1243967380235182080
1243990731087380480
1244007888948994048
1244011201157304321
1244011621451694080
1244013087503638529
1244016412873469953
1243833172195979264
1243913945733386241
1243924099413532672
1243931692596973570
1243953986677374977
1243958844428038145
1243966634311798784
1243983697721901056
1244015657991065600
1244020679214800896
1244023118991163393
1244027377065345024
1243848222076022784
1243853627200016384
1243951921188286465
1243964120975773697
1243975348737445889
1243976258326839296
1244010121749057539
1244011289443262465
1244014764071817216
1244025477301506048
1244029407825723392
1244034130528145408
1244034565301252096
1243698592172384258
1243961534134583298
1243967088043196416
1243981945207431170
1244027171368308737
1244031855822802945
1244038280443826176
1243797290734751744
1243873124287950849
1243873909407170561
1243887993305399299
1243896727486320641
1243986697236422656
1244007544965812224
1244008755282554880
1244008937340493825
1244009433396588545
1244023764100296707
1244038038273097731
1243813048193867776
1243859893850865669
1243954962327048193
1243960748130402304
1243988995253600257
1243995110825738240
1244006857691332608
1244009036166594560
1244010224035430402
1244021233332740096
1244027691944247297
1244028295890550785
1244028867024760832
1243718506157203456
1243842496632946688
1243898218364141570
1243917334848458753
1243930888049696770
1243950277893513216
1243979138685382656
1244011379964514305
1243735969523785729
1243870070427828224
1243902173341155332
1243911351631839234
1243962725967056896
1243974351323566080
1243978949778190340
1243986091276996608
1244005102471589889
1244006349165359105
1243788172103991296
1243825212476571649
1243829095156404225
1243833383232438274
1243869194967449601
1243927074282147841
1243942851660185600
1243958571349544960
1243961775772532736
1243966996628332544
1243979922915373058
1243981180812374017
1243991248832278529
1243996798085193728
1243999005346017281
1244007625752227842
1244007784255041536
1244008303388233731
1244009618260373504
1244012058120773632
1244021447292604417
1244023105540042753
1244026629396946945
1244036548011511808
1243827018539696129
1243952798817026048
1243960910311546882
1244004797314973698
1244006461585395713
1244010158893740034
1244013896899362818
1244015477355053056
1244019549353250817
1244026665665257472
1244027557600727040
1244033162478604288
1244033776537272327
1243712934049730561
1243750131150848000
1243761303275089921
1243835580993155072
1243855207877861376
1243860156385046528
1243904810765692928
1243936290183073793
1243942418749194241
1243967925528207360
1243993365844238339
1243995021918928903
1243997833662992386
1244015091281989632
1244016494301843458
1244033828261433345
1243720109639811073
1243834122684059648
1243893370159759362
1243894107258253318
1243895515978358784
1243924481879482369
1243932529914191873
1243960083400339457
1243965695311872000
1244011202147233793
1244013771565207554
1244022027545124864
1244029361143123969
1244031263872344064
1244039478429331459
1243828245348352000
1243837132378124288
1243885652887961600
1243936604504367105
1243940283764609026
1243941420374917121
1243950770774556672
1243953727289032704
1243959790449102850
1243964543245713410
1243983540079005697
1244006488902950913
1244008199868633088
1244011072782286848
1244018644402700288
1244020794344329216
1244027360644661249
1244036982243721216
1244041558292299789
1244042754449190913
1243855089334394883
1243868017169182725
1243888605988257792
1243899727462227969
1243927114082136069
1243937504526585857
1243951648864690178
1243968950679023617
1243974889536663552
1243994080981516288
1244007712788287491
1244010074542047234
1243784972047089667
1243854078150615041
1243901992390529024
1243923249567850501
1243925612898770946
1243928584441466881
1243940078600237057
1243942071167311872
1243964860272164864
1243987806076178434
1244000626352193537
1244005425261010946
1244005556215517184
1244007272117927937
1244025095993032705
1244027522796466176
1244032971449028609
1244034801402871817
1244037976935419904
1243704405846867976
1243771448583507968
1243820953638973441
1243848808771002368
1243890666905710592
1243940462890758144
1243955889259806721
1243981844342812672
1243999217254875137
1244007856581611521
1244009353000226819
1244013896605863936
1244018535371878400
1244028299648647168
1244036805957054464
1244039322900115457
1244040642097012740
1243778516660953089
1243818182055317504
1243876283106373632
1243892238809280521
1243923821629001731
1243930199949017088
1243931631926288386
1243945499062870016
1243947570482814977
1243949638262173696
1243958796705239040
1243966795201105923
1243967964606423043
1243968597980073985
1243977665272578050
1243983452363526146
1244002732161327104
1244005152211820544
1244007013027319808
1244018849328046080
1244019192199892994
1244032944693526529
1244039146517266434
1244039759799799808
1243766451284201472
1243843029275983872
1243861698118914048
1243886690764234752
1243921238432583683
1243928332724350989
1243943432038445056
1243960276577288192
1243966633833631744
1243970457235263488
1243970473005809666
1243974624574091264
1243979058507063296
1243985401574051841
1243989988896841732
1244009037840232449
1244013585996615680
1244014288374816770
1244025003101818880
1244025167921152000
1244028758736154626
1244034663586332672
1244037804247486465
1244038187686780936
1244040454355771393
1244041578995277825
1243794879895031809
1243833415864061954
1243835296439054339
1243848582802915328
1243877281925382144
1243925298883825666
1243938007574609920
1243945666637967360
1243951695308165120
1243952081192525826
1243958531755311106
1243959583548354561
1243966868089692161
1243978135617654784
1243978550635630594
1243991561500844033
1243995007050297344
1244005037635973125
1244006217841860608
1244007312114712576
1244019783844212736
1244021448437403649
1244027283209322498
1244032168378187776
1244035545275260933
1244040184288681985
1243832892867969026
1243834007307124736
1243838134493810688
1243853007265169411
1243885036950167552
1243932676391911424
1243938779301380098
1243950657129897984
1243955092686098434
1243966713294708736
1243973631056609280
1243979261431644160
1243982953069371394
1243991263046754304
1243996675250753537
1244000816308137984
1244007834376904705
1244008863281680386
1244012456336392192
1244013281599242242
1244013476349194241
1244014174210048000
1244017564830912512
1244018022744035329
1244020043589001216
1244021330917425154
1244033525830959105
1244035901170372608
1243848809949605889
1243918742930829312
1243928376534093826
1243931141628928002
1243933842689478656
1243937423538688003
1243941172227252225
1243945951913488385
1243949422599442432
1243949848115716099
1243952268992565248
1243961079035826176
1243961865035792384
1243968597900304387
1243968598680322052
1243970546053898240
1243974958621036545
1244003878619811840
1244006532498456576
1244016213040205826
1244021909450362883
1244022904448262145
1244023165682102273
1244026456075894785
1244026603753148416
1244030903732637697
1244033848511467521
1244035313531576321
1244036546136657920
1243777954460688389
1243786216975278080
1243838501554094080
1243838914676379650
1243840254479499264
1243852521392701440
1243897923894730753
1243947222263365632
1243961457290678272
1243961994849509379
1243964771894022144
1243968597912764416
1243992792562614274
1243994371063676929
1243994925949235200
1244000305928421376
1244001117421387780
1244003830133477381
1244005896600129537
1244007906753814528
1244009715857788928
1244010220310990848
1244014116857171969
1244014207483424770
1244014461905768449
1244021446000521221
1244022056078970880
1244024016773488640
1244026722254827523
1244031517141188608
1244033587923517441
1244036547915079680
1244036635500646408
1244039343469137921
1244040320666324992
1244040368888446976
1243707403423670272
1243709029928652803
1243795400349437953
1243828795062321152
1243833985685479424
1243853294021283841
1243899537133056004
1243899746923708416
1243914601927974913
1243916903162224640
1243932492287148032
1243936969262063616
1243958924006449153
1243959196493676544
1243964724548681728
1243966688409812992
1243993775833300992
1244014940031193091
1244020578291499009
1244031331115372544
1244041623832592385
1243759748744392704
1243856163759960064
1243882955908546561
1243883412559204352
1243917385100414976
1243918942026031104
1243923462462115840
1243930943993393152
1243953113498824706
1243953187377295360
1243961492271181824
1243963565033369601
1243973457890684929
1243986539551449090
1243991823321903104
1244008863134703616
1244009249660944385
1244016172015800320
1244034370110980096
1244036782884302854
1244036884520714240
1244039447282364417
1244041578773188608
1244042754679877633
1243704231028277255
1243790113139838976
1243837642707525632
1243841624729411584
1243876078600536065
1243879866732331009
1243886945769525248
1243890285328969728
1243921151044313089
1243935504334274560
1243938162784841728
1243945886683709441
1243948484295786500
1243948819588493313
1243948986643480576
1243957717250818049
1243959526505590784
1243975384179277825
1243976969433296897
1243977135766802433
1243991249708703745
1243997429936074752
1244002303792885760
1244005451915722752
1244006347928227841
1244006379817443328
1244010123804229632
1244014382369177601
1244015174417334274
1244026509125398528
1244029423202033664
1244032380370911235
1244036182473932800
1244042041329401858
1243690836984037378
1243709177547165698
1243772808452280320
1243832611836960770
1243840514706878465
1243845230186631169
1243845701018279937
1243877107438161920
1243906456442884097
1243918609992372225
1243930852796420098
1243931848675405825
1243935235642920960
1243937065429057541
1243948431757979649
1243952206610665475
1243953498363965440
1243954632084336640
1243956853232500737
