1228284424338444289
1228277706791497728
1228262941394427905
1228333008798789634
1228220269702991872
1228364803351154695
1228411395437408257
1228362775753297925
1228285256538578944
1228205055175585795
1228375553130082304
1228373696437420034
1228364026037592066
1228379361193017345
1228346188811902977
1228409143637291019
1228294291274989569
1228373387476684800
1228412536590098432
1228376293261135873
1228314963133059077
1228365897804501001
1228119763144105984
1228393656068997120
1228285456305008641
1228386683713798144
1228399506015891457
1228364672342118401
1228281377344434181
1228205057574764554
1228363893824786438
1228276189376262144
1228272675136720896
1228362469619441665
1228377819803156482
1228371325888143362
1228282765776506881
1228370167870218241
1228362998252756993
1228428654750896128
1228338363662557186
1228178301543469056
1228285629601132545
1228317976220381184
1228374621805850625
1228306647702859777
1228406646575190016
1228272633277448192
1228345953696067584
1228456279850541059
1228397069733367811
1228222768686104577
1228376960885252101
1228414931122475011
1228422661849669632
1228261348905279488
1228445333417418752
1228382900015464448
1228372200094343169
1228291156938821633
1228314700581982210
1228317975549272068
1228366364332695552
1228410611056414720
1228363117450735617
1228291548053299201
1228447080709939200
1228362970473934850
1228386294390284294
1228389246211383296
1228388286818856960
1228375623141339140
1228383635482566656
1228282709178535942
1228184863422812160
1228245441873162240
1228423953959604224
1228368919636910081
1228274265750937601
1228261309671788545
1228416494851194882
1228392966181523456
1228250968606879744
1228163224110911489
1228395911140773894
1228378373937778688
1228414204706742275
1228114797117542400
1228263674059657218
1228195000124444675
1228240082487988224
1228259811596394496
1228212345681281024
1228388089598554114
1228175000412155905
1228215971975819267
1228350971673292800
1228432263609823232
1228172249875673089
1228257292245782528
1228361711788417024
1228427386166837255
1228197772576247809
1228165977709277186
1228423671674327041
1228362925490024448
1228444660835680256
1228365875071377408
1228371419790299136
1228407408285954048
1228408569172594689
1228412531145936897
1228201711249981441
1228210013899915264
1228253721764802561
1228387140809170948
1228448834226937856
1228182077444513795
1228200344426930178
1228238019469037569
1228363957511098371
1228220276015415297
1228430938025099272
1228344075943890944
1228356621476204544
1228384155349766144
1228385950507634690
1228439049272201216
1228191404611866626
1228276930018869249
1228284109698498560
1228299394962817024
1228213823972098048
1228248062914650113
1228387791060512770
1228148750998261760
1228159943443804162
1228234526242983943
1228245295164743680
1228271559980265473
1228286396747612160
1228242204650541056
1228252465897857025
1228382597899747328
1228422668979986432
1228216050350608385
1228372353622695936
1228376806253907980
1228406776900595720
1228277958659452929
1228216098509615106
1228338441227816963
1228190230684950531
1228231150012776449
1228239295842000896
1228243869512454144
1228299011377057792
1228152840431919104
1228249107283824646
1228418547044450304
1228106581994139649
1228212681724678152
1228269009000443905
1228360302162534400
1228137628081455108
1228340622219714560
1228401019106652162
1228197175982743553
1228429136185692161
1228182142443642880
1228208469343256581
1228254355662475264
1228375854264311811
1228410049321689088
1228106754359283713
1228355721839792128
1228201482823983104
1228341094154407937
1228354883297959938
1228378997786017798
1228106578995351552
1228233319545860104
1228365821988265985
1228419093889507328
1228209433831821313
1228255505157644289
1228270983481524225
1228278525666394115
1228286547197415424
1228314893666967552
1228355592445669381
1228426185316741120
1228154256806432769
1228193401155158016
1228249782449254401
1228426123777921030
1228252806131351553
1228385921516568578
1228405053985316866
1228405640969826311
1228435762867318784
1228273884274790402
1228356555650846721
1228359235613925376
1228363474331459586
1228365191567552512
1228370820923363329
1228394422796275714
1228154663901388804
1228247507781767168
1228311990147350528
1228348171811803141
1228352535691395073
1228238699621691392
1228276533225193472
1228310354163314688
1228363929572777989
1228381481560444928
1228238556197355520
1228260730270625792
1228363600781336576
1228377105072820229
1228379037007073280
1228201659110551553
1228318209570463744
1228385987652444160
1228360564415614976
1228362211929792512
1228381344885092352
1228384318587908097
1228151877503721472
1228183246162157571
1228303815713206273
1228369433481093121
1228389482484961280
1228419848721649664
1228271434071306241
1228282757509451776
1228318063877120000
1228332382249459713
1228360597395378177
1228406052367945728
1228114769254715397
1228144327685214210
1228213696658194432
1228277530014179329
1228315625623367680
1228336875779297288
1228340622391513088
1228369326526300161
1228400115112652805
1228223600219475969
1228238699579744256
1228302669200138240
1228359779199877120
1228396480433729537
1228174526766297088
1228234984340615171
1228337470913339392
1228345289485975558
1228420671392362496
1228426390476926976
1228226165262782464
1228249860169752577
1228283922389270528
1228353831571947521
1228355450577522688
1228372974551621632
1228377186991837184
1228415604660621312
1228422121359060994
1228143997014683649
1228243255508307969
1228250025567739904
1228285525661929474
1228295742084833280
1228308908021886976
1228326619024166912
1228363861323108363
1228364806190718977
1228387198652895232
1228136780072767488
1228162204555300866
1228210694429896706
1228241925569941504
1228311303158161413
1228359495773908993
1228392340454244352
1228417543678963713
1228422759837028353
1228193018437484544
1228227458488397824
1228249675863613442
1228269650808594432
1228378372511846401
1228393661051920384
1228397432024727557
1228419893898469378
1228422654056685568
1228208373687963648
1228219682986971138
1228280360536023041
1228288142463193088
1228294580165955587
1228337804289216512
1228361522298204160
1228368645383913473
1228380322317905921
1228407129171689480
1228427378642300928
1228438264870252544
1228109131380404225
1228178412046450688
1228194737695289345
1228250024636796928
1228257576103464962
1228281116265549824
1228297103404716033
1228312601693691905
1228356602996109313
1228369827221340160
1228379191521030144
1228393958071558145
1228412880221016064
1228416120501129216
1228419025610432512
1228129229239472128
1228147096135634944
1228266424331907072
1228321844358516737
1228343021323923457
1228361092738535427
1228375098438115338
1228375458032603136
1228378962625204227
1228393811866505217
1228149396556128259
1228179697378316288
1228207466497769473
1228265140954419201
1228301152112070662
1228304808773398533
1228305278136803328
1228305335351468035
1228328208199770112
1228342785297862658
1228351179157053440
1228365905211666433
1228370551447490560
1228373142239895552
1228386089880162305
1228393981870034946
1228396095405019137
1228401688777838592
1228202307625447425
1228233866915110913
1228257815304773632
1228266382254583809
1228344396623622144
1228372078736400385
1228380847906131970
1228381228153393153
1228390222448283651
1228414181168308229
1228415413899403267
1228167000251191298
1228230657156861954
1228294254172286977
1228296101884780545
1228332261151531008
1228338563441360897
1228348023576678400
1228351698638340096
1228362482483449857
1228375964960292864
1228384132322992131
1228416256115716098
1228422652743823361
1228436251486887936
1228275023716196352
1228279983052935168
1228302320443805697
1228355075279638528
1228363022718132224
1228376128865415169
1228377783618981888
1228406782210531333
1228419075640037381
1228419592428630016
1228425219536191491
1228187109720121345
1228305275418841089
1228345566175821824
1228349916067565570
1228362461214015488
1228364908703690752
1228373811961135110
1228385777924681728
1228394602836697089
1228409432821903363
1228420654141247496
1228436892212965376
1228131812863406080
1228197177572220928
1228214037139214336
1228227370819022850
1228255560736227328
1228303489031376902
1228310819211010048
1228315973192536065
1228361076636561410
1228373748056756229
1228390947039383552
1228401210409017344
1228420634952261632
1228421209718763522
1228452043410505729
1228453868347936774
1228107846082011136
1228164278407974912
1228226356887973889
1228230865072742400
1228238669300953088
1228267751149621248
1228286918720393216
1228287292206469120
1228388436454674432
1228395671977418754
1228397133151264772
1228417370361909248
1228426195517222917
1228442595300388864
1228451607848931328
1228119451515658240
1228147838984392704
1228189626134753280
1228262205877080066
1228301743856984065
1228306710718271488
1228351480391966722
1228351790971682818
1228363027973656576
1228364593040429057
1228372003859652608
1228375515666485256
1228380925072900097
1228405328099893254
1228408584863723522
1228418508679151617
1228106628748185600
1228106787749949441
1228167114940223489
1228186436089679872
1228204725822205952
1228208500699992064
1228229763375849473
1228248487235653632
1228307842068692993
1228314700498264064
1228324473142640640
1228364413138239488
1228367537014005763
1228384764249411587
1228386000499597312
1228409800914022401
1228136975351369729
1228148435024523264
1228167404187873281
1228174669489922048
1228204725658501120
1228216968156573697
1228239957971521536
1228248171115110401
1228286347103875072
1228299239391784961
1228309598110654465
1228352444003999746
1228362851330342913
1228365591066472448
1228371936658567176
1228383267822264323
1228390949803511810
1228393474107428864
1228394530019434497
1228399874720358401
1228421240697819137
1228166976972840963
1228172147173945350
1228182082062450688
1228207242425430016
1228222140500955139
1228222345321385986
1228242477938860042
1228250376769544193
1228267909379653633
1228269303230849024
1228280829207547904
1228302897198166016
1228304470548918272
1228339966998175744
1228350398119006208
1228363935142813696
1228365359520124928
1228370586222678016
1228376283043770368
1228379887167266821
1228385634622070784
1228394022353461253
1228394093463642112
1228420453213130764
1228446318185439232
1228199755433443331
1228219825975107584
1228221278928027654
1228242711318319104
1228256138195591168
1228258396983431171
1228265115654463489
1228269255461949440
1228273656763179009
1228287247763615745
1228296970055421953
1228298969689862144
1228299679143780354
1228304178965045250
1228308086890385414
1228309305868378117
1228314992480571393
1228322522057334786
1228339570837770241
1228341880028631040
1228345156966981634
1228355720745279494
1228362609558204416
1228377408228728833
1228385137433464833
1228389002597806081
1228389185595346945
1228391231601942528
1228401020834865154
1228448457993617410
1228459718365958144
1228122049585041408
1228132311201394690
1228207408607981568
1228215248164835328
1228218042196168705
1228227430675992576
1228237411970211841
1228242476168859648
1228243489823043585
1228258363844288512
1228268983650062337
1228270156985462784
1228272673463160832
1228304281524219905
1228305546232696832
1228311915702648832
1228314716239474688
1228320765642235905
1228340622127288322
1228364148909711364
1228364963120586753
1228365693051195393
1228367640487436288
1228369182087090176
1228370813503647744
1228373317645672449
1228378793431138307
1228379332592181248
1228380307935592456
1228394253451177985
1228398100198363137
1228416118638825472
1228432109263556609
1228453916787998720
1228458941790572544
1228128703445598208
1228141692676603904
1228147722005422081
1228173172001800194
1228208538880593923
1228219825379516417
1228224490695315457
1228234924051689475
1228238333626609664
1228249250234085376
1228249807464148992
1228256879144587264
1228262843335622657
1228270157195284480
1228277706690719745
1228285441176154114
1228288176143446017
1228288954383962114
1228291431443423232
1228295323556052992
1228306083451752448
1228310127062679552
1228312364799397890
1228313518849581056
1228327884303065088
1228328968673210369
1228358564810493952
1228358647270531074
1228363368760782852
1228363788929425410
1228367554269401088
1228370437652000771
1228375468170235905
1228375951991607298
1228377606480855040
1228378013265530883
1228392778335387648
1228393781474365440
1228394298653237254
1228396589938507776
1228398551744405504
1228404348713041929
1228408568883236864
1228414542910312449
1228416424256909312
1228419488665788417
1228108109006110721
1228121650312380419
1228148271887126529
1228155711860817920
1228177386815942660
1228190745070190592
1228194229840576512
1228242061091954688
1228251676496318465
1228259861995102208
1228265125120921600
1228266197864464384
1228287776950493184
1228319320687566849
1228328618843082752
1228332799700226049
1228333078101151745
1228334657747456000
1228340708878245888
1228363270605570048
1228364151061385217
1228366798518718465
1228373369189478402
1228374192728498177
1228374208725573632
1228375669945589765
1228378503151849474
1228379785593860096
1228380156148043776
1228383397367685120
1228383627744030724
1228385076158828549
1228386571327623168
1228387392509313025
1228388439805923328
1228394210887376901
1228402806060613635
1228416118974373888
1228461020550660096
1228121276469911552
1228126875844739075
1228145034131910658
1228146560413900800
1228148172154900480
1228185851391303680
1228187053994594307
1228202744411852800
1228216575058010112
1228247262926712833
1228260575249080320
1228281270184136710
1228310423620898818
1228313689532588032
1228317748222156804
1228343780299796480
1228347247047385088
1228350744706744327
1228360792267010048
1228361761922977793
1228363799364866050
1228367014286299136
1228367865922965504
1228370876376240128
1228372403723603968
1228380447559888896
1228387771393466368
1228388167545434112
1228397375456239617
1228423669321469958
1228423670004994048
1228423987547561987
1228425699976978433
1228431219055968256
1228149079990890496
1228176788796235776
1228181429424545795
1228183706663174144
1228189627179077636
1228219754948616192
1228223541658521601
1228224915037290496
1228238699688648705
1228241237532008448
1228246262207504384
1228253966217117697
1228257576569143296
1228265124374417408
1228273222644379649
1228274615694348289
1228278331856039936
1228281009734549504
1228281481706930176
1228302873504755713
1228310426204745734
1228325523337687040
1228341525052084225
1228352954547175425
1228354211248844803
1228355722712215552
1228362103930617857
1228362812117876736
1228363445105516555
1228364139887767553
1228364646744252418
1228365206952214528
1228365476201451522
1228369914077024256
1228370879891021827
1228371654876782592
1228375540127686657
1228375815701909505
1228381350144749568
1228381713866330123
1228383209316024320
1228387648621940737
1228394478349832192
1228395234695897089
1228402821307027457
1228415047019442181
1228415143865917440
1228415769660284928
1228419464418467844
1228423727358054401
1228434757836574724
1228457778689302528
1228117150994485248
1228117856157675520
1228166187588055040
1228169493576208386
1228189790622740483
1228220760801497089
1228223455272652805
1228224515018117120
1228225087196647424
1228235352231428096
1228238764532625408
1228248751032107010
1228250669787860992
1228253538108821504
1228255903880744960
1228265161250742272
1228272677594554369
1228275565968449536
1228280223222968320
1228282008381657090
1228282739868069888
1228285816977403904
1228292691135471616
1228293541249650688
1228295699202179074
1228300476141096960
1228302134166380545
1228325481780523008
1228325562596372480
1228334690467295232
1228335681635745792
1228338107528777733
1228339513325498370
1228357449062768641
1228362427542253569
1228363281116598272
1228366247454179335
1228366418237890560
1228366679027089408
1228367207027138561
1228368922581372928
1228369464351219713
1228374076156235777
1228377859334471682
1228383881457491974
1228383901762117632
1228386014592471040
1228388227637293069
1228393214761226240
1228394286359683072
1228401204801294338
1228403536762982400
1228408738056458242
1228409354560385025
1228416797575176192
1228435577873326080
1228439845506363398
1228443823287697413
1228447334259810309
1228447803678056454
1228456295910576128
1228115227109097473
1228125480630411264
1228136780379181058
1228157183839240193
1228169137731489792
1228171971587801091
1228183035629068288
1228194803445194752
1228215109417238529
1228216844567232517
1228223655278067712
1228225056548904961
1228233926570696715
1228252540812161031
1228252800297115648
1228257267876847616
1228257575394775040
1228258087016026113
1228282739729657858
1228282948723462144
1228284858679603200
1228285385769394176
1228286304858886144
1228290918442291201
1228290961756901376
1228291433523707905
1228291679066689539
1228295324650786816
1228310423977459712
1228314048883761153
1228317655544803328
1228329091260207105
1228329809924808704
1228354658722308096
1228361911693168641
1228362542285762567
1228362793470103555
1228363323449712642
1228363635090755586
1228364861668757504
1228364980568961024
1228366644302532608
1228370166033068032
1228370493914435585
1228371904744116226
1228372432752463872
1228372580085772288
1228373762724237313
1228376850646421504
1228379178292174854
1228379276443049984
1228379307493470209
1228379616630517760
1228381505363349507
1228382776648437768
1228385769972228096
1228385920644153344
1228386628454035456
1228389015734411264
1228394603000291328
1228395103020036097
1228395853058015232
1228401072458391552
1228401386498510850
1228401645618388994
1228403316641673216
1228411724132503554
1228416256275079169
1228423575226527744
1228427891412742144
1228431218074456066
1228434993027985408
1228438493661192192
1228459314156834823
1228108184776314880
1228109875533746176
1228110298244165632
1228136341474553856
1228159427506790400
1228176319357177857
1228177588041863168
1228179965088169988
1228186761878106112
1228192637200424962
1228226064784093185
1228227389571751937
1228227401940758528
1228230183552860160
1228232015608107008
1228233037382443009
1228236334600351744
1228238130802757632
1228268205166206976
1228274695981629441
1228289132344020992
1228292432372097024
1228294274044878848
1228305389562757121
1228311200737513473
1228316354253639681
1228328281725861890
1228338714667028483
1228341513748459521
1228343530466267136
1228347116612964354
1228348228409733120
1228349129249738755
1228350933500932098
1228363052074110977
1228363384866951168
1228364304308678656
1228364909374771201
1228368303900516353
1228370316738670593
1228372922907217922
1228377622356381696
1228377875960733697
1228378762955444224
1228380127429525515
1228380248598831106
1228380408640950274
1228387212829642754
1228388051069603840
1228390140491501569
1228396279732097025
1228408418479824900
1228408950007246849
1228409955360944135
1228422443125084161
1228423670776913926
1228429402402361346
1228431218506641410
1228433685977931777
1228440429110099969
1228442180433457153
1228443359435534336
1228443784918294530
1228443850991161347
1228443896801300480
1228445132380307456
1228459673696772101
1228107837475192832
1228116666870951937
1228138334985293827
1228154492266270721
1228159427427086337
1228173911096844289
1228175442600849409
1228178009498107905
1228194158151532546
1228206773703626755
1228209712199417856
1228214199332921344
1228215296042815488
1228215967689240577
1228217425574842368
1228219930937458689
1228221677906972672
1228221985672482816
1228223884299653120
1228228726334164992
1228229904010903552
1228233704390066178
1228239409306312705
1228240039747805185
1228241661626437632
1228242476554539008
1228245443047497729
1228246994025680896
1228247069837725696
1228249589498753025
1228251560469245952
1228252251287932928
1228254666162659332
1228255180736487424
1228263613871382528
1228271989069991936
1228272116522459136
1228280223487021056
1228281896469221376
1228285611003367429
1228286870464999424
1228287824031604736
1228290547619696645
1228294594594574336
1228295204857360385
1228318605768626176
1228320245229723648
1228320724198346752
1228323443881500674
1228332835779600385
