1246179183623122944
1246143355345604608
1245999763398578177
1245992002560364545
1246190723499728898
1246173992018497537
1246031615811301377
1246110668362788867
1245931132647952384
1246050409812242432
1246113834386980865
1245875857694044160
1246054517600333824
1246028565352775680
1246070354977513473
1246024516536582144
1246133949035884547
1246122792480694274
1246154244450893831
1246036183857201156
1246202684157370368
1246195247060836353
1246163053911126024
1245992446288412672
1245936558773067776
1246143697563062272
1246144569617584130
1246196014769373184
1246161257318813705
1246143588431548417
1246181641321578503
1246182758545854464
1246107256694996997
1246170304377958403
1246106566492913667
1245887650969591818
1246180676648517634
1246211847952510980
1245951980381573122
1245996302145597441
1246141685660356613
1246199977568862209
1246195774376927232
1246169632916021248
1246162676293697538
1246178962079916033
1246127869656473600
1246151590421151744
1246188376027430914
1246199482737401857
1246120950397009922
1246203323234938880
1246180772458967045
1245923397382463489
1246106271633244167
1246186585927925761
1245984022519525377
1246061670352461826
1246036787358728193
1246199192701276160
1245987780779560971
1246195541500923916
1246136729100312576
1246067499373740035
1246184301714182145
1246209211287121920
1246008739477544962
1246137914909753344
1246128007141523457
1246189608951590912
1246025858722271233
1246155794871209986
1245908125401710593
1246121534542004225
1245939081948741632
1246109882358562818
1245872017972146177
1246209389251497985
1246028712514068480
1245922165225996289
1246002829422190592
1246125833263165440
1246182194537693187
1246200406772011010
1246004615449128960
1246121798695096320
1246201980214743040
1246119103129157632
1246166311497019394
1246180003311759360
1246194569487757314
1246109397664792576
1246026951153913859
1246186329081290755
1245984171429892097
1246193348882452480
1246163786190467074
1246089255862120451
1246121354740580353
1246195521770983424
1246121771578863617
1246199258820349952
1246002175123259393
1246147525981151238
1246057961497255936
1245928219699580928
1246004624638820354
1246165635580772353
1246181963888832512
1246110232129998848
1246029770091003905
1246126918090420224
1246111153324990464
1246203378922917888
1246183113300094982
1246192536508608512
1246103608560627712
1246026030801969152
1246210587266342913
1246143436861968386
1246190157570756609
1246148880141553668
1246064550333616130
1246127076488470529
1246029174600617984
1246194917304684544
1245990420880011264
1246055634157613056
1246180459379412994
1246189330034548738
1246113572595400710
1246067685135245314
1246139551782973441
1246001955257888768
1246087026853785600
1246108397365329920
1246191007995174913
1246081463503720448
1246206571853623297
1246196675896582146
1246049574445297667
1246193828001910786
1246161799524667392
1246175640761466880
1246212624368447490
1246106169678102531
1246121651617628162
1246162281253277701
1246112994892939265
1245875671701782531
1246205039976296450
1246214230090670093
1246077925142810624
1246163014711160833
1246184192632856577
1246212728391434241
1246167685613924353
1246179358177452032
1246187429251383297
1246195222767337472
1246203444941279232
1245961851554406401
1246135377741709314
1246197978035113984
1246174382583451648
1246208391216848897
1246133129674457088
1246135707783094274
1246156766515257346
1246207275813031936
1246130980710232064
1246134898768982016
1246206721690927106
1246180558570479616
1246205452129624065
1246113091055693826
1246118676023181313
1246189796881502209
1246191517552840706
1246023157275901953
1246206556582154246
1246163651272282119
1246204113030914050
1246200083265224706
1246166090092285954
1246197400567459841
1245868646049570817
1245999845971759105
1246100539164819457
1246117794338521088
1246151733530722305
1246196747115868160
1246200806648369153
1246209590217375744
1245988258837868545
1246022229579771906
1246110209615020032
1246053222755729408
1246186991944962048
1246209698849849355
1246058799200382976
1246109159273181185
1246185229666193413
1246192779623006209
1246208133518823424
1246204218031181824
1245995056907116544
1246090230752595968
1246124668484026369
1246129361822068736
1246189014752858113
1246161065433579522
1246184078354919430
1246180288973213699
1246187923277570052
1245985533127507968
1246184166296817665
1246186396018257930
1246127825721180161
1246187318760931329
1246193124390703104
1246206922187051008
1245983777731510277
1246167066324934665
1246194011779543040
1246198290053500928
1246198654437863426
1246204727752380417
1246105179969085440
1246169897572368387
1246192158446628865
1246211435203571712
1246212564914253830
1246109193796571140
1246195773303332864
1246199576878612486
1246202306439393281
1246080189504905216
1246122182423519232
1246130450462056452
1246005444574838786
1246008533776302085
1246091872034054146
1246030432971489280
1246195564548669445
1246103320743288832
1246130794965413890
1246183131759161344
1246184735468072963
1246191217689473024
1246215428118020097
1245968583458459648
1246107663752142853
1246172055734833154
1246187827022479365
1246095383312334849
1246189058403041287
1246204662010777600
1246210074332323840
1246156212829331458
1246163982890786816
1246192413850419202
1245930299902398465
1246135378144198656
1246208434820845568
1246210875251286016
1246196160341180416
1246211499007369217
1246104703437594626
1246118276750618624
1246144866679230465
1246155508169543682
1246193464091557895
1246158025670430720
1246163551330414592
1246095022635864066
1246126809701330945
1246154932195069954
1246186559092805634
1246179069135335426
1246203266121244672
1246207484693557248
1246113984660623361
1246173268731715587
1246140872917426176
1246210872868925440
1246213878154956801
1246180867220869120
1246196344919937026
1246107444167823360
1246133134367821824
1246134071610298368
1246145710682189825
1246048250144215040
1246190683637067778
1246191670057713665
1246192269448921088
1246127240930373637
1246138509854990337
1246185370951221249
1246194820734992386
1246208055416623104
1246200281144188932
1246209994233647111
1246073806944231424
1246139066866941953
1246188049463218177
1246193935426490368
1246195625986834445
1246202419991793665
1246067892296093696
1246099662668513280
1246147952286072833
1246180526186278912
1245978180466487297
1245994023866839041
1246066970329415685
1246146118137806850
1246173067908395011
1246199930022174723
1246201629583585281
1246211748769730560
1246123792419651585
1246134286916427776
1246141666831917056
1246163803919781889
1246178385023438848
1246187566778417153
1246193514599284737
1246133183613108229
1246142819586265089
1245983656633683968
1246026291809320960
1246140041681920002
1246196600919273474
1246213517478330370
1246187272946532353
1246197980799152129
1246199548160032770
1246197688070295553
1246198235666042881
1246105675148800001
1246113984643616768
1246122818661691393
1246141055168323584
1246168626371203073
1246195521644974080
1246199499112034304
1245877546002059270
1246046810231234560
1246105178182275073
1246208781169709058
1246210904137576450
1246016615583485954
1246036634082185218
1246103511420538882
1246104199995240448
1246122778232795139
1246139000391438336
1246155533020794885
1246208571961999361
1245984069252452353
1246007260679221249
1246130923910955008
1246134148617637891
1246136093419986945
1246182644079120392
1246186279269785600
1246206165333221384
1245912911031271429
1245984252967223296
1246195774406328320
1245997136325627904
1246076115312988160
1246101853131153419
1246105619855269889
1246132973814140930
1246141820595208196
1246188306053967875
1246198415639404544
1246206478450593792
1246211155456077825
1246215692480888837
1245952532041662465
1246070287784759297
1246116371269849088
1246185017061126144
1246188274311475201
1246190740125908995
1246193436774055940
1246210711270850561
1246213641239552000
1246061114322030593
1246183190437355520
1246187210799489035
1245960836969086977
1246110387679956994
1246158743940796420
1246180675092279296
1246185377913847808
1246215235343613955
1246010700935413762
1246194693702107137
1246103260706021377
1246195499541180421
1246196978008182788
1246103918159048708
1246132064623132675
1246145113606234119
1246181517052780544
1246190727094296577
1246214417626398720
1246006400175702016
1246020036478763013
1246109874494345217
1246111608507637762
1246121176675553281
1246126279377764354
1246142925378957312
1246147828205981699
1246175716477210627
1246186969539006465
1246196436376715265
1246198419359707140
1245869062434861056
1245991292246659072
1246130572038209538
1246145221055983620
1246165575916650496
1246185637230850050
1246210356915167232
1245883935504183297
1246019128990851073
1246039431083163648
1246108412389310465
1246180992596840449
1246203570095034369
1245988865086799873
1246033528728571913
1246112713513873408
1246182479498743808
1246185390362578956
1246195669112676354
1246203355476656135
1246208480832339968
1246210918188490754
1246020070024904706
1246035069543821312
1246115736197697537
1246122708108218374
1246151436712411136
1246185249584951296
1246186772545052678
1246191773086613504
1246202289339150340
1246210678823817216
1246211614078054402
1245973920278294530
1246011305938563073
1246018923432116225
1246118574437158914
1246123048392183809
1246156011611639808
1246187462063464448
1246192240122363906
1246194273038618625
1246206640459841536
1246211004255604736
1246214988785688576
1245991316435189764
1246010593770954754
1246106794679730178
1246107148544880647
1246125812606283776
1246160443669975040
1246165020129538050
1246170252695744520
1246170598721630215
1246178582696771584
1246185642184318979
1246185707011551240
1246192156009783296
1246193252954505217
1246195070619062272
1246204432859254789
1246029679506550787
1246105743796965376
1246116715425157122
1246126930845466624
1246137388629254144
1246183025563635712
1246188380112617472
1246189449156968448
1246195611927445504
1246201183175356416
1246212952631500801
1245953866446798848
1245992137721876480
1246123703638921216
1246193123425910785
1246195770807783428
1246211011994099712
1245996791276998656
1246123649196843010
1246149905862856708
1246150001081946114
1246168365611257859
1246170537711337474
1246175856818622464
1245897054242693120
1246012937019547649
1246188847966420992
1246190091665649666
1246214986092904454
1246016615612846081
1246139074500411392
1246159091719905281
1246182548885180416
1246191332571430913
1246193932502994944
1245983726447800325
1246104810123919360
1246113552936697857
1246122000109711361
1246132442785873921
1246153702613946368
1246169982335057920
1246195524199419905
1246210792564932614
1245950388655833088
1245968665092079616
1245971382267187202
1246150798238724096
1246165013909385219
1246213051000541184
1245912396633382912
1246109450970202112
1246118459093778439
1246121261656391682
1246122628387127299
1246159410612916236
1246161945637650433
1246175061133983744
1246187555030171648
1246189376603897856
1246210486829486081
1246016615600336898
1246108272052092929
1246135819129233408
1246146121308737542
1246154446226276353
1246184534686785537
1246185732521308161
1246191998568144899
1246195445325606917
1246198506928451589
1246212780027523072
1245901130048999424
1245996986509262848
1246064272783872000
1246124104442413056
1246138214106173441
1246171091053281281
1246184575547641861
1246184639171084292
1246200011152666632
1246211881527840768
1245957752662392833
1246168461367222272
1246199076401475584
1246201229803388933
1246208657299308544
1246211124309168139
1246215864313135104
1246215906063265795
1245926599662452736
1245975658360188929
1245989712806006784
1246003317903425538
1246047515360845824
1246110242875871233
1246116828918792195
1246134736709472257
1246143027338514434
1246148485965139968
1246180411954401282
1246188224050913280
1246190396964851717
1246193256729370628
1246194452600848386
1245995475699892230
1246004672214847489
1246120459265101824
1246137702958936066
1246148384626544645
1246198057961734145
1246203844058464258
1246208601695412225
1246208905686003718
1246208961138896899
1246211170320764936
1246211316290916357
1246211788280156162
1246213641025642496
1246098944914006016
1246109392036036609
1246138744928972801
1246144112652365824
1246195218342383618
1246203324149280773
1246213971323035650
1245958278418489349
1245984322349404167
1246049190263894019
1246095233038692353
1246106267682254849
1246118548604424192
1246128818722668547
1246139106511421441
1246165970646958081
1246181735894827008
1246182081232809984
1246198347645497351
1246215595886022656
1245992900443418638
1245998506592145408
1246005190584664065
1246101986417803264
1246103341135994881
1246120786357882880
1246144527561371650
1246145024678604800
1246150168736645122
1246151491330637824
1246151806973104128
1246166077916295175
1246170427296231424
1246171105716506625
1246178408851075073
1246180450864857090
1246183859378675712
1246184497718099969
1246187402101743616
1246187547803475968
1246201938284331020
1246205088680554498
1246208684121821190
1246212666160488448
1246216377540714496
1245957271986868226
1245972299892703235
1245989267035361280
1246114340564066306
1246115230331154437
1246117154296078339
1246117704379097088
1246130082290315267
1246170335872987137
1246181163099709447
1246190011344658437
1246205089653706753
1246208370362720258
1246209638401486860
1246214028575334400
1245931990332739587
1246031693745721344
1246042935529013249
1246076092458217472
1246103109899890688
1246113099058462720
1246115132045963265
1246135154072006659
1246138573520285697
1246140573557407744
1246141918439976962
1246152126033788928
1246160995850076165
1246179217194258432
1246187222774288384
1246189621668651008
1246197178537848840
1246198256436158470
1246199650362839045
1246208274011209732
1246212010527907840
1246213745195524097
1246073817560010755
1246080919854878721
1246130342244659200
1246156434125082624
1246157653933469697
1246158730892390400
1246170518807629824
1246183334536871936
1246188224898379777
1246191273041694725
1246198872764014595
1246210872759873539
1246210876463411200
1246210897867137025
1245947702111883264
1245974537935740928
1246022896805388289
1246112282226167808
1246166008496259084
1246183190449905664
1246201922316644352
1246209543367012352
1246210872856453121
1246211396867698688
1246215037384929281
1245878581315723266
1245925773896069120
1246026443659845633
1246070017877135363
1246076087831900160
1246081512019238913
1246117699903725569
1246130657375461376
1246139466223366147
1246142837231620102
1246143391378915328
1246148312383750145
1246153317140611080
1246161521178292224
1246165576587804672
1246170085129101318
1246178799089221633
1246189816326361094
1246194492518150144
1246210987356753921
1245888449414148096
1245952782374506496
1246050708782231553
1246066106005106689
1246068529536757764
1246078823541735431
1246105299297148929
1246114093465063424
1246119231143456769
1246130159654187009
1246134509864734720
1246146590491934720
1246168878453055490
1246178585003601920
1246186210512551938
1246187171255549952
1246187535803592705
1246188223627505672
1246191907887349760
1246197198586556418
1246208456169852928
1246209726519664648
1246210702806835200
1246061362981285889
1246105194317873158
1246111283847532551
1246112770061369349
1246117577321074690
1246118682947977217
1246120368827441152
1246127418684866561
1246136674184310787
1246150477407911937
1246178569824415744
1246178627903008769
1246184394953576448
1246187946866290690
1246195439050919937
1246196555926974472
1246206654531723265
1246211103341850631
1246211789139959808
1246215739679354881
1245863738520944641
1246005937409863681
1246109510134927363
1246115129793658886
1246132384539566080
1246136979286380547
1246137295561986048
1246148232767471616
1246158984584859648
1246176213703540737
1246184196177113089
1246186239277117443
1246189351643549696
1246191960320335873
1246195147207049226
1246195406163279873
1246206614526361601
1246208997067235331
1246211873743216645
1246213022390968320
1246213389518422016
1245974767838072833
1245985705073000450
1246076078734495744
1246076083897679878
1246088308616298497
1246112726843179011
1246163905963077632
1246174226824015875
1246175918592327681
1246178333194412033
1246182084311474177
1246194625930461184
1246196144599896064
1246206810207522822
1246207719994019845
1246208914410127361
1246209402580975617
1246210563262361602
1246214380347408384
1245923035577610241
1245953142371606528
1246003873510236162
1246016182676860933
1246021136896401410
1246041036260093952
1246049135574351874
1246082433201713154
1246085693237051394
1246105031679639552
1246107238755901445
1246111171062661121
1246114401121427457
1246120663473061890
1246127220181082112
1246128919016878081
1246133398021779459
1246135293226504194
1246139896047104000
1246141470773596163
1246146890443501568
1246162090991267840
1246172996747878403
1246187768855715840
1246190640171491328
1246214527634505730
1246215209133445122
1245864649515388929
1245984042786459648
1245990040540454912
1245992301501001729
1246029718882643969
1246043480419446784
1246053150173343748
1246073928419692544
1246105337133961220
1246113001025024000
1246113504324661248
1246115526629261312
1246116053261975557
1246116536819089409
1246117873778675723
1246118587980566528
1246127745534496768
1246150625743667200
1246163896047734784
1246164230228840454
1246180590493237248
1246182401694457857
1246187223566991361
1246188224361398276
1246189941304016896
1246192983638249473
1246200362220036103
1246200630278062081
1246207598057193473
1246209248024866816
1246210809300234240
1246211406619381760
1246211630666579970
1245865616092758016
1245935482929696768
1245990156164890632
1245994958793986048
1246010650930941952
1246011466643394560
1246037366323720193
1246051121245937671
1246058023547789318
1246075948916551693
1246125313127583745
1246128387824984065
1246136302132748289
1246137180088655874
1246138105167515648
1246138535293472772
1246146256134701056
1246154876133896194
1246157937984274432
1246158643508232202
1246162693238804480
1246165532094664707
1246166258984390656
1246168413988421633
1246181858641088514
1246185698429992969
1246192238448820225
1246192334523584513
1246194634616946688
1246197332133187587
1246198499835875328
1246199877920591872
1246202352874467330
1246202495661195273
1246204913232891911
1246205308927500288
1246207258092023809
1246212115813347337
1246212131302682625
1246216965657591809
1246012495426465792
1246014581987840001
1246015008384958464
1246071604276162562
1246102128902516737
1246106471953293313
1246126354434850819
1246127406471090181
1246127471965229058
1246144573761417216
1246171462077157387
1246186411340050433
1246189886740344840
1246190784228937728
1246191576931602435
1246197005304631296
1246198289923366914
1246201627582873601
1246204886829731842
1246208128494055429
1246208130750599168
1246211051428904960
1246211765085646849
1246214611227025408
1245873428030242816
1245952896396668930
1245965259657134081
1245966527645581312
1246010492377804800
1246038569959010304
1246108494534774784
1246117748373061632
1246123545794658305
1246137371495710731
1246139869316997126
1246156556334481408
1246170704086794243
1246171759562362882
1246172011312885762
1246178982845747200
1246180595027279883
1246180820496285705
1246181231697551367
1246183183927967745
1246183681624072197
1246183799966310403
1246187820395442176
1246188987796140035
1246189793089933313
1246190888180744197
1246192350482833409
1246192526366777344
1246194781266554881
1246195051283255297
1246195774364561419
1246195938164604929
1246195946813378563
1246202776507633664
1246204595501772802
1246208914523394049
1246211429415428096
1246213999282270208
1246215826442792962
1245913489832439808
1245939170658455552
1245960074520154114
1245994670821453824
1246008456399683584
1246042761272459264
1246045821512138752
1246049965790629895
1246060462313177088
1246067689652510722
1246068529515790338
1246084484031754240
1246093699605499905
1246098431342411783
1246110311100317701
1246112616386347009
1246119268950958081
1246119962558771200
1246120970953396227
1246127558678196227
1246131959266455553
1246145193864302595
1246148607222468610
