1339141789685518336
1339150114397499393
1339187268163145729
1339151115204653057
1339231308392718337
1339067209201684481
1339070378409422851
1339149817038172160
1339097928837820416
1339251039367815168
1339103298385825797
1339130787283808261
1339128366990045184
1339151544474865667
1339278476067606533
1339118110897565696
1339130393073692673
1339208665996398596
1339218063871315970
1339324476761251846
1339121656598556672
1339120332750401536
1339186036484829186
1339058955826425858
1339226914544816131
1339328412536725512
1339119044239220736
1339139743301459968
1339089420230733824
1339122340098170882
1339112135335534592
1339095422225281035
1339126210387988480
1339148850666287104
1339148805506281474
1339331276101328896
1339149323108552704
1339208888273563649
1339149613362802688
1339333354508980224
1339148954135633922
1339153727274569728
1338998487749447682
1339153397539348480
1339156202190753792
1339092119877718022
1339128169861963776
1339133158168682498
1339081367020314624
1339085005490937856
1339140736227414019
1339072769980559361
1339130007784927239
1339312017023389698
1339108550581358592
1339151432621174786
1339124407965511680
1339138271167787008
1339132570659852288
1339141094383247360
1339042569720901632
1339138636214841344
1339065212926906368
1339083284240871424
1339137429131964416
1339137913028816898
1339093981955825665
1339313597789450251
1339336015899734017
1339020241431646208
1339082824062808064
1339146824653938688
1339003931226214404
1339099199770681344
1339149567531642896
1339100839898648579
1339119045421961217
1339121679163908096
1339027466862596096
1339003467688517632
1339072052834209792
1339073756308836360
1339010584180903937
1339094387385655297
1339102706796027904
1339096950763819011
1339150519760248833
1339015747654258692
1339105278621573122
1339150716842205186
1339110512811012096
1339057710600495104
1339096213501710336
1339104659890462720
1339086470754275328
1339086742624874497
1339130441299877890
1339149356147027968
1339306579515084803
1339274952395153408
1339086843783032833
1339135174710337537
1339006430100250631
1339125029691404289
1339133212853940226
1339340066242637831
1339010215740641281
1339081769929289729
1339082829574049792
1339337046188568579
1338998797490384896
1339076056859471873
1339140783497207808
1339099530692849664
1339332514146635784
1339129274037641216
1339143261550759937
1339146618529050624
1339107128649240577
1339107995590950912
1339126628723666944
1339235384513925124
1339308689145073665
1339043485354242051
1339127941301678081
1339174448293957634
1339002946533683206
1339275415567917059
1339042570622550017
1339106457535524866
1339116797761556481
1339131459664310273
1339304473873801219
1339008366450860032
1339102008821887174
1339325411419942915
1339084668998705153
1339101621310140417
1339235356462493697
1339255860296622082
1339338483853307905
1339031729294766080
1339071971284414467
1339111867193716736
1339130431636185090
1339146450467434498
1339126850367479810
1339145373156335617
1339336857553956865
1339002379627343873
1339107564882112512
1339125076747313152
1339000099335249921
1339115962977619969
1339219140389859331
1339096167091724289
1339123386711207936
1339133655684362240
1339138713536897024
1339148520662716416
1339332601128112128
1339107559949656065
1339116271179345923
1339150717408456706
1338997270537150465
1339113596077400065
1339115154131324928
1339126819296079875
1339080313410998272
1339085303995375617
1339127303285170177
1339118075870908417
1339118227771822080
1339146088624906240
1339125952958394369
1339129226415509505
1339133582871310336
1339144481485037573
1339145260262436867
1339319389011779585
1339099522119634944
1339126313072926720
1339132983475834881
1339149165331443712
1339103675344678912
1339108123789897728
1339331696836173824
1339099652172427265
1339122824527622144
1339291904232583169
1339101176944418821
1339110878579453952
1339112675775832070
1339120515873730562
1339121722524659713
1339126144570941440
1339148800376655873
1339225725199642625
1339024162799677440
1339047273880281090
1339072854764048386
1339106561965383681
1339124659162329088
1339058612363292672
1339097930469416961
1339100901362069504
1339114065453527043
1339120536836853762
1339132909651861504
1339008568977133568
1339070246934605826
1339106043260006401
1339109633961684992
1339124776368005120
1339126076623171584
1339148655702511616
1339231958983905282
1339274090083803138
1339067580980600834
1339078434228740098
1339110513750335489
1339124780612673543
1339138220068663297
1339327732983926786
1339078652823293953
1339113549730287617
1339113649827405830
1339123162609569793
1339131203937579008
1339143734068469760
1339148779283505154
1339305247211139079
1339328875415949312
1339289692965982208
1339022232052445186
1339123566445551618
1339130659135238145
1339136612886863872
1339237001896321024
1339332994897760262
1339337027884605441
1339338895205552131
1339028862269796352
1339055253262651393
1339065214386335745
1339086656993972224
1339106957886631941
1339134626003038209
1339149135484772352
1339149980972539906
1339046243855634432
1339071756917600257
1339092004576309249
1339103344586059776
1339113672984195073
1339222530805161986
1339246243856461824
1339335746361036800
1339016777360011264
1339045435248431105
1339125009088909313
1339132125107380224
1339132574191525888
1339148298616238081
1339270288320720898
1339078055965450240
1339080570895216641
1339133440348876801
1339135678030995458
1339138620943441921
1339149468902580224
1339295096425111555
1339316595143946242
1339337004467679234
1339001346796695552
1339040519616389120
1339042567992664065
1339069403665747968
1339073750898266112
1339081272870703105
1339088947012653057
1339091814209495041
1339096913795305472
1339138378198085633
1339140679461707776
1339141603122884608
1339148043606757377
1339271404932505604
1339287164329275393
1339326988088193025
1339328590631067653
1339031785800286215
1339032251036741632
1339051155889004544
1339081860564078593
1339090356835655680
1339093282693939201
1339095534003482624
1339098718990176257
1339101859416518658
1339105588920397824
1339106932041404420
1339107995586740225
1339110811340566531
1339115051240681473
1339119353220960257
1339129392476327936
1339139188646682624
1339168596824567811
1339346904715583490
1339077796640018432
1339081400713154561
1339083774395621376
1339096481870077952
1339104251063246849
1339110494993588224
1339119812170166273
1339122347937329154
1339131730620518400
1339133214418472960
1339133842406445057
1339148950562017282
1339149704920182785
1339150413325606916
1339151087589273606
1339170411788062720
1339250207788331009
1339304514432757764
1339306008523517964
1339334841955913728
1339342663301156865
1339013875455328256
1339057515242414080
1339071878967726080
1339072101161070594
1339073460417552386
1339087136214093824
1339087986793836545
1339096729875058689
1339106142354542595
1339115501734293511
1339121339270111233
1339124055174209537
1339128159774658560
1339139581715886082
1339254089021054977
1339299555301609475
1339307470355902464
1339312857536737281
1339316407935397892
1339018369954148352
1339048990617317380
1339057444463538177
1339072808194813957
1339076608385310721
1339079259965501440
1339085034318389248
1339102965227929601
1339104229286440963
1339113309849661440
1339119260518535171
1339122799198212102
1339126065999044613
1339133548570103808
1339140280373612544
1339148542011731970
1339190812832313344
1339229781477498881
1339261598020431872
1339310009960763392
1339329733151117312
1339003596285894659
1339042567246254082
1339056662402002944
1339075701656465413
1339084597490044928
1339094377726173184
1339101053233590273
1339104987297837057
1339120453051441153
1339121837171589124
1339127440820539393
1339130795114573824
1339131334518861824
1339133129852850179
1339133534817169408
1339134261509709826
1339135005050728448
1339135058846814209
1339138559383572485
1339149679301431299
1339150303992614912
1339182234755076097
1339191238810079233
1339216736873304065
1339233598914883586
1339255231801069572
1339335352214048773
1339003718499508224
1339012600810627073
1339017202389950465
1339042297401532418
1339060180529508354
1339064770083901440
1339066454780547074
1339067999425355778
1339079073058992128
1339100521081282560
1339101025861570561
1339102966138040323
1339108223694102529
1339110871964979200
1339114286933831686
1339130922961154050
1339131576496623616
1339138859255336960
1339141969650413572
1339150275433656321
1339150402663673856
1339151105503203329
1339172864713502722
1339212450865033223
1339252667550478336
1339306784100638724
1339313142313209858
1339334488187424771
1339351957857849345
1339038773372391424
1339055147415027712
1339058680130646017
1339080313033658368
1339084947995451394
1339101050041733120
1339115556964798467
1339116686327222275
1339124106290192385
1339126032402624512
1339132037874163712
1339133537459580930
1339134918463512580
1339137920322646018
1339138772148084736
1339144757860311041
1339149199921860613
1339155995218554880
1339296594911485957
1339344308986654720
1339348182367657985
1339006818673172480
1339007465317232640
1339018727480766467
1339033337046962179
1339070215087337473
1339071216502665221
1339072764624375808
1339079533450956801
1339081344538845184
1339098417763655681
1339099699773644802
1339102089109237760
1339107320501047296
1339108713253179392
1339110225455034369
1339110845914165249
1339110946598424581
1339111554164412417
1339112177752567809
1339113028696961024
1339118106766151682
1339120578603569155
1339125631993384960
1339126435999526915
1339133327152975873
1339134420121493505
1339134666113241089
1339134833252061184
1339137187946741760
1339138430194700289
1339138821137588224
1339139919051186176
1339140849993621507
1339145857267101697
1339145980722229248
1339150576848936960
1339155411287629824
1339164508703645698
1339185214199910400
1339219335785684994
1339248572710182916
1339260648690245646
1339307815870009347
1339317076503240704
1339330401630887938
1339351465501061122
1339012370555760640
1339015037600460800
1339025839078293504
1339051975304994817
1339063130966663168
1339077796556140544
1339093280299114497
1339097216259133440
1339104643201314817
1339106552368816129
1339110489100611585
1339113797596876800
1339115185555066881
1339115295638687749
1339115632038645763
1339116764429492224
1339117231310049281
1339119285944393730
1339119452558925825
1339126400670978050
1339127062557290498
1339128752542978049
1339129272082939908
1339129692226465793
1339134690872221697
1339135613963038721
1339135677955330049
1339135948433600517
1339136024837025792
1339136936276062216
1339137381660823553
1339138194592440320
1339142584032239620
1339145001251565568
1339145177991155713
1339145242168205313
1339146551592165377
1339148096379432960
1339148583279407112
1339149932746461184
1339151541903757312
1339247682666303491
1339269061272690689
1339328736718622720
1339331902336081923
1339338486944555008
1339338704574418945
1339339519376596993
1339342038060306432
1339005967405445120
1339013275086893056
1339024628820414466
1339034901111140353
1339040737141411843
1339073861770485762
1339074730574442496
1339074843204005888
1339078972890632193
1339092167155994624
1339096491760230400
1339099303470641152
1339100397571551233
1339101383585390598
1339102963059585026
1339106831432560640
1339107448536358912
1339109971515019264
1339113214764851200
1339113389713448961
1339114538721939459
1339116740647800832
1339118637387554817
1339122746643591169
1339127587499610114
1339128962988072966
1339129194861768704
1339133387903266818
1339134040889290752
1339136369155772417
1339136797423624192
1339140837733781505
1339141519622754312
1339145465552580609
1339145532669898753
1339149524976230401
1339149890824396805
1339150038522531840
1339150359336529921
1339151112205643777
1339168456298663936
1339212496712896512
1339232601001897984
1339247547106332673
1339251001728135170
1339272930958725120
1339273525819920384
1339277606798102533
1339315804219838467
1339320278028050438
1339323230616760320
1339334075379830785
1339334649592639488
1339335986522763265
1339338489008107520
1339348329227038726
1339000410443485185
1339005063692312576
1339005972262641664
1339026999587823617
1339042709055676418
1339068604306894851
1339079674715119617
1339083239810592768
1339089876180983808
1339092644329259010
1339095412549038080
1339096725122904066
1339099865192783873
1339101531824648192
1339103616792223746
1339104321724690433
1339104333355503617
1339104593658204160
1339105886493675521
1339106289826336768
1339111496794697734
1339112040259084293
1339113927456776192
1339114286971498496
1339116399692828673
1339122034274603008
1339124932501008385
1339129181385404416
1339130656048230400
1339131886157885441
1339134272792375298
1339134511808917505
1339136742771863552
1339136936469016582
1339137147564068865
1339139737588625410
1339141621296869381
1339142879529349120
1339148447488892929
1339148619111346176
1339148830764392449
1339149971078193154
1339151320671019012
1339170167474024454
1339243319491170307
1339262593991577601
1339305927850254338
1339318725267382277
1339336691677532160
1339001041107369985
1339001496667623424
1339011140068761602
1339018989016555520
1339026376523997185
1339028701611220994
1339032114063437824
1339048181477339136
1339050736764776448
1339057666275102721
1339066951390334979
1339071096621043713
1339071567062429698
1339071805747830784
1339072767325564928
1339075214550949888
1339080313427775488
1339080313616572418
1339086030755033093
1339087024905744385
1339087569863249921
1339087620161359872
1339094320301957121
1339094910008487937
1339095465623756800
1339095650219208704
1339098054591467522
1339100825839341569
1339103997869830152
1339106671642243073
1339108278651990017
1339109065599934464
1339111400959057920
1339112490567950337
1339115588602503170
1339118600653856768
1339119750811676673
1339120491538288640
1339120601085190145
1339121025154420738
1339121578391564290
1339122965959598081
1339125317579976704
1339126712613957632
1339126763650244608
1339127672702636033
1339130580336775168
1339130761849556992
1339132215343665153
1339132600665993216
1339135111682531330
1339136936263475200
1339141168899256320
1339141525859667968
1339141913719549954
1339141929393590272
1339144821575831552
1339149626956505088
1339149795764690944
1339153747113631744
1339163367219531778
1339183320127725570
1339187141792894977
1339191234968100865
1339194191923056642
1339202745442725890
1339210075282546695
1339253957311430656
1339256043503759361
1339298328526336001
1339301255202660359
1339302115748016129
1339309322182959104
1339310327415132170
1339318496862330881
1339319151094079488
1339320625349980165
1339325939830972427
1339325969530810368
1339335311407591425
1339335940653932548
1339337223666348032
1339338485413654528
1338999986135023616
1339000496640684033
1339003380375629826
1339004554415902721
1339004622992781313
1339012964423184384
1339015414085509121
1339016460086161410
1339029470200672259
1339031053403639810
1339034900217749507
1339037117033443330
1339042570161115137
1339043778066341888
1339046013559070720
1339050843979583491
1339052935913893893
1339064041025761280
1339068868984246276
1339070557317439488
1339070822791716866
1339071001301299200
1339071658741600258
1339072242198732801
1339072371706179584
1339076791873499138
1339083033706717184
1339087286483431424
1339087866702356480
1339092080203878400
1339092994591510528
1339098482217541632
1339099047727149056
1339100514219405312
1339100567927394306
1339101559821578241
1339101629526708224
1339104375919308802
1339105068507914240
1339105943628509184
1339107005995372544
1339107188955095040
1339109382240538625
1339109384501272578
1339110094764695552
1339113028650930183
1339113419304300547
1339115808711004160
1339116177264701442
1339118285649027072
1339118797417029633
1339118929927692293
1339120578444267521
1339120935006334980
1339121157400895494
1339123197598371845
1339124656897396739
1339125036272263168
1339125087845408771
1339127978593226752
1339128380244041729
1339129275040018433
1339129386490974209
1339130472455135234
1339132259803279361
1339132433573277699
1339132909723156480
1339134609964085248
1339135093781225472
1339136929309323264
1339137705394008064
1339138194646781954
1339138451896201217
1339138893497634817
1339139192497053697
1339140218356568064
1339148156018233344
1339149395791581184
1339149528776273921
1339150434334863360
1339150669870141443
1339151191889076226
1339171803558776832
1339194428255244289
1339215035856515081
1339232911577538561
1339246503597133825
1339252497177776129
1339258604134785024
1339260164738789378
1339264958991900675
1339273719722684419
1339273839705006080
1339294560606965761
1339296295593373704
1339298336076156929
1339307741748350979
1339309968483377162
1339313530521202693
1339319001713954817
1339340671132573697
1339347044947902464
1339350642909954056
1339350905582473217
1339351391798784003
1338997522660995075
1339002323486564358
1339012367208730624
1339012625598992387
1339012780322672640
1339014692119916546
1339018279877292034
1339019915064434689
1339020029237604363
1339030949263183873
1339032406905344001
1339035874558947329
1339044417462800387
1339048560457883648
1339056982582579201
1339062333960839168
1339064436015947777
1339065214466097152
1339065766503706625
1339067690451951616
1339072763512967170
1339073281421402112
1339074681144569857
1339074853094219776
1339076547978915840
1339077102365257729
1339079632172294145
1339081933314273280
1339085578709700608
1339085849561079808
1339086176813248512
1339087853876219904
1339087917629759488
1339091201597861889
1339094110335078400
1339094336139644928
1339097324841291776
1339097939478798338
1339098043518504961
1339098728909647872
1339099187489619968
1339099463617556486
1339099981035294720
1339100749054271488
1339100812954509312
1339101025395945472
1339103428652363776
1339103553638584321
1339103925056790531
1339105486340304896
1339106826986680320
1339107445541646336
1339108023856472064
1339108134430924800
1339109039117127681
1339110399724154880
1339111025321373696
1339112113046949888
1339112276503171077
1339113437117485056
1339113592658989056
1339115275665502208
1339115545434570753
1339116149162782721
1339116666890973184
1339118065460473856
1339118119290286080
1339119260501741568
1339119293259198467
1339119594557108225
1339120291713347586
1339120450631299072
1339120694580432896
1339121413601566720
1339123095248936960
1339123693818155008
1339124535375912960
1339125613010038785
1339125633658589184
1339125681649750019
1339125843176591361
1339126278012678145
1339126818679500801
1339126987592445952
1339127542494752770
1339127925409521664
1339128019944960000
1339128670477283328
1339129331570896896
1339129633804062720
1339130493284081665
1339130534937628672
1339131551536324608
1339132128970334211
1339132235379826688
1339132539504635906
1339133168083820545
1339133462243053569
1339133572897181697
1339134166299009025
1339135503032004609
1339135505833799680
1339136150422827012
1339137303009103873
1339138897255739392
1339139379294564354
1339139640750698498
1339139956158160898
1339140206335827969
1339140512884924417
1339140561090064385
1339140784810061824
1339144486006435843
1339145999567163394
1339146002427760640
1339148229762486272
1339149025736613889
1339149341072760832
1339150036517720064
1339150129832595466
1339150777974079488
1339150871922421766
1339151274563006465
1339161498812379137
1339169129178214400
1339173390507241472
1339187051854524416
1339212194031038465
1339229190290337797
1339272832723914752
1339280381762220032
1339284338379251719
1339292515145572357
1339309381440196624
1339316787125444609
1339318019307298817
1339324458901843970
1339325644627447808
1339330714609868802
1339333229711564800
1339338275711037445
1339340669647794176
1339344619264466948
1339346056669241346
1339351007063646209
1339352105862246400
1338997271178997760
1339000676404301832
1339005730293227524
1339006436081274880
1339009919740235779
1339010866516258816
1339012491968438272
1339014594883428354
1339016780539457537
1339019736017989632
1339019915441786880
1339020667736481792
1339020947496558593
1339024281230041088
1339029326923137024
1339029403184009217
1339032122468818944
1339033987474448385
