1243245854494011392
1243240900173725696
1243234013977939968
1243088265999237121
1243208218345529346
1242985053073870849
1243112552382464001
1243220201828745216
1243087430816796674
1243261658081918976
1243016071507922946
1243296783461158925
1243112486389329923
1243209744707399680
1243206713030967298
1243026317899161601
1243212848693678080
1242989058416140290
1243041963902939140
1243135809571749894
1243258292908036097
1243254710620037121
1243144066851889153
1243135069964951552
1243211713677156352
1243199921769058304
1243128744518221824
1243217057052794881
1243120081351081984
1243267109238575104
1243137345672617986
1243148987336720384
1243112726085259264
1243297721294950400
1243206590951559173
1243215900049842176
1243307498423058432
1243190370781089792
1243215382175010819
1243204039816261633
1243244653375348744
1243142621155020800
1243284809989992449
1243063539948040193
1243087161550950401
1243250645144162305
1243294889678381060
1243205507550150656
1243239353855467521
1243162794062643201
1243275552510709763
1243304292267819010
1243091609853612033
1243211228534751233
1243204359585968130
1243307550327652354
1243280453571940352
1243264728719294465
1243012417690484737
1243259180473081857
1243268921156874242
1243276948794675202
1243294628125782023
1243123149903929349
1243160777776934913
1243206857264594945
1243265554334482439
1243122387610107904
1243220416711274504
1243096445122744321
1243275183261130755
1243290067952635906
1243312976788062209
1243134220442230784
1243250859707904001
1243299040311283720
1242989966659129345
1243263163455492096
1243264449961656320
1243204628742836225
1243223271996260353
1243272670600364032
1243202177327382532
1243293047015780359
1243214315034939395
1243264785053081601
1243210125671882756
1243304653313490944
1243276755592515585
1243222753219686400
1243259029339553792
1243178565757173762
1243291810744713222
1243301198393942022
1243142708799180805
1243291537422852096
1243268027250065410
1243169661841297409
1243225138147057664
1243125053329420288
1243118231323398144
1243309537253359618
1243223855176601601
1243015787218178050
1243176341660368896
1243239090750881793
1243202466885271554
1243266711366836224
1243116328766115842
1243198152842326016
1243217072890544129
1243285141415505920
1243292464993251330
1243304220209659911
1243291001105629184
1243235781998718978
1243100167374622720
1243140875905048576
1243276592476049412
1243199980183203842
1243242982490374147
1243234734622355458
1243048685220618241
1243293266856026113
1243251449099845637
1243295466911158277
1243196680486428680
1243291428312285185
1243296007657586690
1243194010233122817
1243291379922591744
1243298261894643712
1243300982001471489
1243316599454601216
1243293279531208705
1243312693567803401
1243293405125451777
1243245100358131712
1243261117054554113
1243302075766841344
1243236904067268608
1243301878408138757
1243156661608513536
1243227266815049728
1243240428343906307
1243274881183162368
1243141236648824832
1243167479012229122
1243217478580305920
1243228828010504195
1243182389486067712
1243227486961512448
1243300402747052032
1243250992675794948
1243237318082867203
1243269893794996224
1243282739379527680
1243005190346813441
1243222468480978944
1243302977051508738
1243291574315945984
1243067904754679808
1243231545730752513
1243293757547720704
1243020703110135808
1243317237269889026
1243216662503067648
1243244566532296705
1243317986771025920
1243252486854578176
1243264570506035202
1243207024021835778
1243295644359495682
1243300234584883200
1243308827023376386
1243216599995252736
1243301632709976066
1242988080300265473
1243206187929174017
1243313719620382720
1242964662024572928
1243066835945304067
1243113033259507712
1243178374836748288
1243252741390184454
1243261037341786115
1243295939982483456
1243301953368719360
1243244222762885123
1243313575181025288
1243289708765077506
1243306298390781952
1243294459955154946
1243315478615003136
1243200553808801794
1243292735072800772
1243312412880666626
1243316785363005440
1243201600979681281
1243298805174411266
1243311703930155010
1243313110611628034
1243315966886522880
1243317195167404032
1243317725231034369
1243317986888429568
1243318859362426891
1243219396396449797
1243246551989977096
1243143283620151300
1243303106349326337
1243236545815027715
1243243875264856064
1243292712813703168
1243308964609228803
1243278902476386305
1243311770590220289
1243225052302237696
1243036842842341376
1243207109497573377
1243297054446833670
1243121562821197825
1243206201283878915
1243252493976580104
1243232342078115842
1243311859144540161
1243223382927212546
1243246124380684295
1243285940161982466
1243091521995452420
1243185829096361985
1243244920158261250
1243246623670571008
1243292514762752001
1243295566831980544
1243296760077959170
1243133980196691970
1243276403921096708
1243298953480802305
1243312993271713792
1243151617366654978
1243109695583334400
1243222804662812674
1243239270019674117
1243242182485716994
1243299548824342529
1243146365435330561
1243279602602119180
1243298731455373312
1243246338759733248
1243265962876514305
1243312692561133568
1243311771802206208
1243312843224748037
1242968044479156228
1243107592953565186
1243180119474176000
1243254241839513606
1243254940275007490
1243314406534131715
1243222612794277889
1243224863365570561
1243248559186739200
1243263024649076737
1243292026071810049
1243306415114137600
1243225972461182976
1243300445310746624
1243216273242292227
1243227450538156039
1243208976881332225
1243212367435104261
1243227851115114500
1243230202370625538
1243247348794392581
1243273243315896323
1243293971750797312
1243062813096054785
1243201667513880578
1243241830910693376
1243254114731069440
1243263550098944001
1243300001419341827
1243301325405855744
1243071412967034883
1243134725977518080
1243218767863316482
1243220071402569728
1243240339860840455
1243290749883633665
1243293834504781830
1242982700883083265
1243199781528317959
1243300492630949888
1243108982849495041
1243113513511510016
1243145648695914497
1243221775820996611
1243315280199266305
1243134452408242176
1243260052984791046
1243296962897682432
1243305021439184898
1243122357289574401
1243221244251693062
1243238246106247175
1243251165850210304
1243292612393656321
1243223461193035777
1243259612599631872
1243278203294224391
1243316533041995776
1243119057139912705
1243146553180774401
1243194288915308545
1243245608800063489
1243304471980957696
1243307202410172417
1243151915413897218
1243242135471652865
1243257522057883653
1243290173670121478
1243293971960528899
1243194571506552843
1243272339002920976
1243296302370304000
1243316020527411202
1243089343926935552
1243130644177326085
1243296112276103174
1243298294274633730
1243289983894552578
1243310788787535875
1243084252029366272
1243110976272113664
1243113029811572736
1243231850245521408
1243242042953629696
1243293220894920704
1243310673481908227
1243204375050362880
1243268552267874304
1243150204867620869
1243221179218837510
1243224999542087680
1243294731980898304
1243306658765385730
1243190579707682817
1243255399337385998
1243289229708464134
1243305339635802120
1243309715037343744
1243163290748026880
1243222689973768209
1243248516476133381
1243223689732251648
1243273494143668224
1243275409560608769
1243217675901440005
1243220899270144004
1243237744995958784
1243281734478807043
1243220502828720128
1243221771282796547
1243242254497730560
1243289257244065794
1243310542196006912
1243315716343955457
1243112143257567232
1243278414099943430
1243292753565491201
1243296704008540160
1243311422261657602
1243318340623400967
1242969245123858436
1243211860440211462
1243241042452897793
1243257607088898049
1243291807750017027
1243294438845304833
1243298795716214787
1243311884981481480
1243313227678863362
1243314100802916354
1243314378839113728
1243314575522619392
1243314974400921600
1243315222116470789
1243315377548992512
1243316097115475968
1243317421546536960
1243318733944258562
1243319108436967428
1243204802877820928
1243215253355315203
1243239235303477250
1243047599030054912
1243132952164405248
1243172286938693637
1243251699176878087
1243296632252268548
1243303228730675202
1243304898235641856
1243316672439685122
1243233352959827968
1243247127461007366
1243283848550588418
1243304517757800449
1243308123101769729
1243308221139423234
1243313979608440836
1243316143915520002
1243251547435393030
1243289794874167303
1243104829183934464
1243119565401477120
1243194885722771464
1243212524805402626
1243221396337168385
1243239519995998210
1243262188548169728
1243267730184249350
1243291720114151429
1243306404536033280
1243312513191743494
1243315131351805954
1243118252122931202
1243201133608345603
1243235071458512901
1243238015092350976
1243026068891676674
1243250356051742720
1243263113950101505
1243279231032983552
1243283914002771971
1243154524921122818
1243224160433831944
1243267094361387009
1243184848212299784
1243233402532356098
1243300836547211265
1243156609834070016
1243237930895839233
1243245538922946562
1243258263107514369
1243267035469152256
1243288181983846403
1243296044152246276
1243308080827437057
1243308634316079104
1243049137945415680
1243203556959649792
1243236429876146182
1243242908893032460
1243261568021913602
1243297038697222144
1243298694109200384
1243305831598342144
1243058005425500160
1243197923128676355
1243211899044597765
1243255865907523585
1243293489250668547
1243302464721477634
1243311769918902274
1243312566866268163
1243017007034966016
1243225530566148098
1243234105569009664
1243250387836121096
1243292922491142153
1243314040966873088
1243065869275725825
1243114762441035781
1243148108181225473
1243234527230779394
1243288576508469248
1243302513421541376
1243303681694609409
1243311446374731777
1243114991466754049
1243160358203899905
1243195054409355264
1243203538483843074
1243214620568977411
1243217600341053440
1243251717648650254
1243263468515528711
1243311724989726722
1243121304619954176
1243211476078415873
1243216602352562186
1243220613071765506
1243223856917200896
1243231649854349312
1243239293285474311
1243266266514808842
1243277415973113860
1243290043407634432
1243292482793869312
1243301294078648322
1243086101310472192
1243113608604717063
1243116409305120771
1243292984050888705
1243294644030627840
1243300226280153089
1243025101899137025
1243140567036497920
1243152141583253504
1243157950442725377
1243208314508500993
1243216139976654853
1243228984285986818
1243230649303138305
1243252872650907648
1243278063510663168
1243286129253777409
1243295737577975808
1243317018339704838
1243146560155811847
1243198807384489984
1243206043628457989
1243212369830035459
1243229615965036545
1243274022105665536
1243308209579929601
1243064979177254912
1243134040238182400
1243198523874496516
1243211480075505664
1243244105632813056
1243272281826177025
1243294137933336576
1243296099793809415
1243203035989454849
1243204065791750145
1243207370714603522
1243217628216397830
1243219441011380227
1243242646593822727
1243262512029732865
1243284128797253633
1243292103934988288
1243292895647416321
1243293668842274817
1243302412242345992
1243304220088033281
1243316309326249986
1243056863379435520
1243201008060203008
1243210443696386049
1243215870677188608
1243258031816749057
1243265031980146688
1243266596489084928
1243293188074463232
1243296696022511617
1243296837127352325
1242988837372035073
1243181548452667393
1243251655010914305
1243257957799931909
1243263639450267651
1243029742221234176
1243197627761668098
1243212670402207744
1243221426762665984
1243250770172149762
1243267241363333124
1243293195435458561
1243309791897882625
1243077460092207110
1243135245295194112
1243199311887949829
1243231502806196224
1243234421169369088
1243246247160487939
1243260687251582976
1243262915156881408
1243268092941291521
1243298857053806592
1243301904664473601
1243309784809517056
1243311890983456769
1243115234413424640
1243198671157673986
1243201929909583872
1243202478155448320
1243209575890911239
1243225019385360384
1243229937441669121
1243241768642138112
1243254935933853702
1243260962657968133
1243262908898979840
1243294300571668481
1243311363541401604
1243312758063534082
1243050033240473602
1243138140342272000
1243208149781356549
1243208216806330368
1243251014112854019
1243255977585127425
1243274612219281410
1243277094106337285
1243292865360547840
1243304593506865157
1243305397705940993
1243048633492176896
1243191983054753792
1243259567598981126
1243275359560306699
1243280703527227403
1243292856720244747
1243305248426463232
1243309212987514882
1243311771089338368
1243312013255872513
1243071823463489538
1243115275945488386
1243147742744059904
1243195115742679040
1243198691596525569
1243218282750128128
1243225878236139521
1243247742622842881
1243278630882627585
1243294540326453251
1243296522265116678
1243297164639514625
1243300865051709445
1243312008814084108
1243215275908096006
1243219512616529922
1243237125174280195
1243240760880889861
1243246033175482368
1243252894251581443
1243256476715671552
1243275413473943552
1243295652517462017
1243197580135354368
1243203790913798146
1243208976185122818
1243241799482818560
1243244186046017540
1243248077076680706
1243249916442546179
1243252808436060160
1243271765108969472
1243289375825412097
1243293939739832321
1243298586424741889
1243310028750192640
1243315343436759042
1242968685012189185
1243126954666098688
1243177688715735041
1243194899677286401
1243197468743000066
1243202418860593153
1243219020498841602
1243228677917282310
1243244940521549825
1243265935278059520
1243277456741728258
1243281752254296065
1243285402624167937
1243292114420748296
1243295760843767810
1243296589025816576
1243299187212468224
1243301950055157760
1243147730358337539
1243148683711066114
1243168995395678209
1243206257428791296
1243229205288177665
1243241081531228161
1243268592931672064
1243269507738677249
1243271495243137024
1243296670328090624
1243297451634720768
1243304517241835522
1243315732554924044
1243319103215058954
1243119497164226560
1243157922298974209
1243195388779167746
1243200396773949442
1243244919239647234
1243249513265061893
1243252525538709504
1243252884143300612
1243254963196907520
1243259717952176130
1243279529696727043
1243289799890472962
1243290388586213379
1243302710461505539
1243311369560174592
1243312528911933440
1243315045628592131
1243317442664898560
1243318419488940034
1242995754345598976
1243075105464422401
1243172100011155456
1243197939880734720
1243217704728907776
1243218413381713925
1243228756006895618
1243236258262011907
1243290721228132356
1243294244439314434
1243295657227673606
1243298412784693255
1243300105022824448
1243300723967827970
1243304969610108930
1243312392240578564
1243318292615499781
1243083282432118786
1243098172341121024
1243145033144053760
1243145677447630848
1243206480960065536
1243228777431384064
1243231528466907136
1243234684668129291
1243244559871684610
1243248569689260033
1243252481414529025
1243253711553650689
1243270314412433409
1243271742602317824
1243287941255962630
1243289181750808580
1243293135494696962
1243293986409889798
1243295398392987649
1243301422520819714
1243311770975887360
1243035901204344832
1243095775330123779
1243141027550113792
1243145400397246465
1243208906823938050
1243215724333727747
1243218099492577281
1243228685861298176
1243245165017550848
1243245542072868864
1243267567118102542
1243275896464846850
1243277758710583303
1243295103353065473
1243299892744851456
1243303030843412482
1243306736867393536
1243309601837199360
1243310613021036544
1243313235719344133
1243118343734861825
1243148954591780865
1243183250077605889
1243208605114998784
1243211813367447555
1243212588361678848
1243226595827089409
1243228267366285312
1243230684732325891
1243233191982501888
1243246379872354304
1243248353246314497
1243259224303513601
1243263427805614084
1243267992609263616
1243270489423962114
1243276112639164423
1243287265662701568
1243289120580849666
1243289449611636738
1243292036431839234
1243293543759851528
1243309336581070848
1243311358290034694
1243311937208889344
1243073792508755968
1243091900531445762
1243093465300373504
1243118081070845953
1243124546594537472
1243140252476289025
1243149090579505154
1243207101817724929
1243208323660427268
1243213611507515397
1243227447002349568
1243259401751986177
1243267867904290816
1243278255110721539
1243290372039675908
1243290466105397255
1243295499467345921
1243296862616109061
1243298132114444288
1243303189832699904
1243308626573496320
1243129749016383488
1243196329561653250
1243199830094237698
1243202950379581443
1243203987668680706
1243211707834683393
1243212432408969217
1243213623134056448
1243221573575868418
1243222673561473024
1243229657996156930
1243254910784847880
1243257294680461315
1243264010356695041
1243278146121666563
1243289315762941953
1243289470004273155
1243289988365791233
1243291187244453888
1243291411652509703
1243293813243813892
1243295139226943489
1243296582608531456
1243299803213320199
1243305807422373888
1243309552780619781
1243311770728460288
1243314915714220032
1243086435034505216
1243093532191207427
1243094139559981056
1243113828956737538
1243125064742121472
1243184321470627842
1243198763298160640
1243214024088735747
1243239188306239489
1243240358366130177
1243242664469975042
1243248157879865344
1243251732697800708
1243255077139349504
1243256777464074242
1243257585253470208
1243260990009073664
1243281758201790471
1243290109623111687
1243290417048760321
1243297959430758401
1243301202449829895
1243306079410323456
1243310610902892544
1243312740606902272
1243312957334753280
1243313956380434433
1243314286534901760
1243318360617730049
1243023891288784898
1243108046068420609
1243151065161367552
1243204162185289728
1243215553898168321
1243221175087648769
1243224914368356352
1243234979770970122
1243242603878977537
1243246515604291588
1243247195081658369
1243252733731274752
1243265316433596417
1243272582759092224
1243273084062306306
1243278158184484880
1243289747017138179
1243290408467288065
1243297969958313985
1243301260654190605
1243303577579335685
1243311772016078848
1243312008637960193
1243315411510321155
1243043728434040832
1243045289134632961
1243128071881973761
1243137695511175170
1243173321811931136
1243205653927264256
1243212367502114819
1243213071042166792
1243216893059780610
1243224363958181890
1243226157706874880
1243231593742901248
1243235753670455296
1243237269043056640
1243241716293029889
1243258092441210880
1243280527282573322
1243290106171215877
1243290654970654725
1243292203931381761
1243296418728574981
1243296671057899522
1243297201725603841
1243297510505971712
1243300729982509057
1243311836574990337
1243312698613542913
1243316962874347520
1243317721749651459
1243007084993679362
1243011045666492416
1243098131291467776
1243130456931008514
1243150704526733313
1243178853629153281
1243186193904422913
1243203743249846284
1243217580875227136
1243219283364241411
1243225411229749248
1243243976892743687
1243265433404420096
1243275182455894021
1243285644111220736
1243290438993395714
1243291789341216770
1243291844445954051
1243297414406123521
1243299053057847298
1243299407707004928
1243302418684706828
1243306050180337664
1243099475100471296
1243112903340961793
1243116368578428934
1243124150471983105
1243133267852886017
1243140259489165314
1243190961800429569
1243194847395295232
1243204073106653190
1243210723724935168
1243216160692359168
1243228625387827200
1243228723496783873
1243230775409094657
1243239710291615747
1243245481188343814
1243246050493767683
1243246338776727556
1243253888712675328
1243260250901360646
1243264274719477761
1243265214356901888
1243271280205410306
1243274287559118851
1243278189356556294
1243289431471079424
1243292895819358208
1243294104714387459
1243294182124539907
1243295041600344070
1243296974415241217
1243300277652000775
1243303337602277383
1243304552608210950
1243304805096755200
1243306110444089353
1243306736800464896
1243308737399578630
1243309253865152512
1243309756435116035
1243314857975386115
1243002947350540288
1243046403913506819
1243054896678604800
1243057727582199808
1243084500634161155
1243087650946514944
1243100595059294209
1243104194195787776
1243105925466075136
1243158475833778177
1243190379157114882
1243197003481448448
1243207686545707008
1243220510923726848
