1254842430530162690
1254805640880553985
1254878943481659401
1254783843875221504
1254786058253815811
1254874207806042124
1254899732461338624
1254733055891312643
1254674643178459137
1254834833068634115
1254892146802425857
1254855146200276994
1254880725310070786
1254751704899301382
1254861097498107905
1254751853801361408
1254861332106678278
1254751907014422528
1254889512750252039
1254882877118046208
1254787170411245569
1254882771425779714
1254904311018065921
1254890399740690434
1254877256675139584
1254908259535687681
1254843905109037056
1254758897929326592
1254791381366853632
1254884678085087232
1254568680110817280
1254776254500188162
1254847808827543554
1254900926470553602
1254909546943918082
1254870802618613765
1254880533798105089
1254865860985892864
1254900632785485826
1254847537028227080
1254891810188677120
1254790874707357699
1254911552853086208
1254875888057028611
1254902220115640327
1254905296469753857
1254880924803706884
1254854652262318081
1254856198727196672
1254880693974454272
1254863905370681348
1254870397520093186
1254843185941135360
1254875802635812864
1254796770661617670
1254897852536455170
1254898428506669056
1254606540323139584
1254783107451895815
1254724277590507523
1254896106502316032
1254905161748709379
1254866340038324229
1254878233029378048
1254912146363813890
1254866751889776640
1254894145308512257
1254790545383149570
1254862884158439425
1254818561605992448
1254733813697204226
1254833980706357252
1254783934111420419
1254773544694800384
1254866628174426115
1254898115636649985
1254674716834570240
1254842575795769345
1254848122095878145
1254677683809681409
1254779507887595529
1254825771056730112
1254856250325696512
1254786149718974470
1254855118219915268
1254788644344336384
1254862723986468864
1254900557610967042
1254854300083408898
1254842811465203712
1254888623591305216
1254909673674850309
1254777648565284864
1254869906929192960
1254862784455520259
1254873639805169664
1254850300327985159
1254862542318387201
1254862931080040449
1254886198369300480
1254809397827682304
1254818157736443911
1254868776367132674
1254880355133394944
1254892577574223872
1254834157483687936
1254699988514455552
1254718224505147392
1254870433226043408
1254851047841021957
1254833247370035200
1254779323346649096
1254903822687899649
1254705079023796224
1254847784357752835
1254845387447377931
1254860820514668545
1254778599539830787
1254792419394162689
1254859072190296067
1254905665316765696
1254876695745769479
1254878029530173443
1254764077412483072
1254855586920923138
1254898115330674689
1254872442859896836
1254693902906470405
1254855402044428288
1254799980478504961
1254908183132372993
1254774447753449472
1254844975189237765
1254788064863416326
1254774631208153089
1254892702711320579
1254852933629276160
1254889778652286977
1254864688464015372
1254808367605977089
1254847653445238787
1254903203285610500
1254881553169211394
1254863507444527104
1254857211181887488
1254859705589039116
1254896974836441090
1254854688991621120
1254909802716815361
1254791002272878605
1254872968158740482
1254676821205008385
1254790997760004096
1254831885206851586
1254676558683537408
1254900677534527489
1254881746220453891
1254872784288854017
1254874268615299073
1254855482461679617
1254903895349960706
1254823007983370240
1254850019825418242
1254862886653984768
1254880900573278215
1254901231266521093
1254913011946487809
1254801048683851777
1254813206603862016
1254856604832264194
1254864105199906817
1254893368804589568
1254772718425137152
1254832387193737216
1254887133682204673
1254730843286839299
1254771660474859521
1254872862059630593
1254904263513423874
1254826758400094209
1254878574139658241
1254895687243837447
1254869877443215360
1254878327145467906
1254894340704309256
1254576911474442241
1254792695475814401
1254870547428712454
1254870867881988099
1254888721633206272
1254768259766743040
1254866778154467328
1254889374019317760
1254901605004185602
1254908183815966720
1254914559816667136
1254791556311244800
1254856039427485699
1254773530585006087
1254864802591039488
1254901505230016513
1254844138811461632
1254900631908675584
1254847787574996994
1254850420335312898
1254904604493524992
1254774682189889542
1254865293299482624
1254874107042304001
1254876522286141440
1254776515268538378
1254779221689241601
1254787483344056324
1254895343931703296
1254775140375605252
1254780863545401347
1254836064059097089
1254846459184324609
1254797356945625089
1254913214791417859
1254710278530437122
1254770892321611778
1254833026724442112
1254898808510611457
1254853399302078465
1254859210824863745
1254823256185585668
1254849687426863105
1254895905146314754
1254826213169864704
1254844933095272450
1254850759201562625
1254860366560899077
1254860871278288897
1254864371475349505
1254867916417232896
1254793746190827523
1254821527566114816
1254842880880979970
1254864898506371072
1254871290281897985
1254874523482152960
1254878783376687106
1254773599367344130
1254868198375206912
1254887819757191169
1254888048963264512
1254889124101861376
1254825916703834112
1254849283347681285
1254870324354650112
1254886679741153281
1254898367085326336
1254782386845347847
1254833564916555782
1254851631067299840
1254875580711014401
1254878015508680712
1254855327071326210
1254857541248380928
1254888658475368448
1254905907290521603
1254834606140010503
1254844807387721728
1254856286597902338
1254882335453057025
1254888427901894657
1254902123990519817
1254904407029841920
1254904445420408833
1254845755535343619
1254885436771745792
1254900732282712065
1254675206737743874
1254823357792559105
1254876084232994826
1254876349845639168
1254881072065765381
1254887898035429383
1254890796479909888
1254895598827900928
1254900631791419395
1254908181928538112
1254910971971239942
1254836839711756288
1254856161116827651
1254863217261596673
1254902095028916224
1254606204585807873
1254775412648931329
1254855334109179904
1254870224219799552
1254889849049546754
1254892199046766592
1254906923348045825
1254675630890733569
1254792446439030784
1254877444865212416
1254885569823477761
1254562063374057472
1254789819713982466
1254842579230904330
1254867723185774592
1254870396412796928
1254886894699241477
1254888889724133376
1254903148419796995
1254744134159609861
1254774778273005568
1254775158855761921
1254795852775858176
1254842898870415367
1254843881126068226
1254861286241861632
1254875829030526977
1254887750937055234
1254890064699691014
1254591487821721602
1254679886070939654
1254781649931259905
1254843547582332928
1254856111531802624
1254875466244272132
1254884637911986182
1254893300022038529
1254908236265934848
1254908331195580416
1254773034117820418
1254787335826202629
1254808710595125251
1254850663105912832
1254862885588799488
1254887941005950976
1254899484728930306
1254903196763533314
1254908209845936128
1254675634879631360
1254727664469934080
1254774371593236480
1254790434477359106
1254826857796718592
1254844008909533186
1254844092942614528
1254849924912594946
1254886404552867841
1254891361054179329
1254679746736058368
1254772596672884736
1254802488332562432
1254851801725181952
1254852947860574209
1254856516542357508
1254857152394440704
1254900631988367360
1254913605314793473
1254675307832971264
1254677137333923845
1254777319400468482
1254792207669706762
1254834134700240897
1254836459158282240
1254851763355766786
1254865116480192513
1254870432928292864
1254888048891846657
1254903092828487681
1254911756897525766
1254856595067990016
1254900609804894209
1254903683357212673
1254906446166228998
1254907254060572672
1254830934559465474
1254887059170476037
1254888994158120960
1254891709646987264
1254898115573952514
1254909617605238786
1254676523128442880
1254772442473443329
1254774588694597633
1254777140001693704
1254785655088930818
1254828227538886658
1254836196921966597
1254841231873581056
1254846562565578754
1254878856944783360
1254891624372600835
1254898557779312640
1254908433481920517
1254733142226862080
1254779837396381697
1254836561667133440
1254847021288247301
1254864996619530242
1254873111473852416
1254886837488955400
1254903283606597633
1254569238414659589
1254592085501624321
1254607540094218243
1254777862550196225
1254797452097359874
1254825929119092742
1254859641894301698
1254885533513158656
1254889522766249986
1254896659848445952
1254896851360321536
1254903148495265792
1254905814332116993
1254909447316660226
1254914905205063682
1254710141661974533
1254817586354806784
1254841994087628800
1254866721221083136
1254873625875886087
1254908661757075459
1254912215930548226
1254692369578016769
1254802985231712256
1254842596238729219
1254872949598965762
1254881932447551490
1254778554677555203
1254780685824344069
1254838537867988993
1254842750610165762
1254843051987656709
1254851420731453445
1254892717080969217
1254900632709763072
1254771443218255881
1254771980697399297
1254772448093847554
1254777319425703936
1254781917850775553
1254784080928899072
1254790781484834816
1254811284249489413
1254831798669975553
1254834262077046784
1254850824049692673
1254860968598712320
1254861428139257857
1254866725599756290
1254879728227549186
1254902302932074497
1254903730689970178
1254907488379506691
1254907948410773509
1254826040779735046
1254844934135439361
1254849544233390081
1254855521850363904
1254857850158854145
1254859336377143297
1254875078564683776
1254875466185482241
1254875489191317505
1254883588769820673
1254890344040280070
1254910380012380160
1254759679114313728
1254769790175993858
1254829645989642240
1254845834572824577
1254853396575772672
1254869332598960131
1254872767096410115
1254873122806870017
1254875290146426882
1254893870908874753
1254896857131683842
1254898203331383300
1254907833428172803
1254659622918553600
1254715327973335041
1254773585668829185
1254796236294627331
1254815068308549634
1254844009035509760
1254846314002681859
1254851573622157313
1254856250254258176
1254860669201113088
1254862991020797954
1254863198458490882
1254870286819868673
1254872523264741376
1254872903511760896
1254876912977088512
1254877985498378241
1254898144674004994
1254899201013698567
1254900514011197442
1254905665388150785
1254905697873145863
1254789896373366785
1254831618021306368
1254843401201164288
1254843426568392705
1254844008851005442
1254846429132197896
1254847785465069573
1254850856069070848
1254855334017019910
1254859566430539779
1254872584900018178
1254893636115972097
1254897940155506688
1254909927665086470
1254827779734081538
1254859377376325632
1254867626632847361
1254867916404727811
1254905634077716480
1254908426083336193
1254909601478254594
1254747705630433280
1254799636600061952
1254804419268485120
1254804649061814273
1254815918510747648
1254828022663954432
1254840938762993668
1254845184694779904
1254848052067815426
1254867611038466048
1254872357304512515
1254877043092852736
1254886011190026242
1254890721116651523
1254891407925481473
1254897072442093568
1254905664981401603
1254905791326412803
1254716836874203137
1254725787401490432
1254738920455262208
1254758000285364230
1254772290799104000
1254818712886132738
1254830096512417792
1254830993837633536
1254837014530228229
1254842356941172738
1254850112918114304
1254852794911088640
1254852816989851649
1254858210013589504
1254859724643799047
1254863051645280256
1254868803747483648
1254877327051415552
1254891329617788935
1254900267226669058
1254905028432855044
1254914731233730567
1254768461344935936
1254815068300161025
1254831483371618306
1254835905577222144
1254839344101298177
1254844344340791296
1254847783988719616
1254862345601454087
1254862631514468352
1254865079347994624
1254871872497504257
1254872046066155521
1254873673527439360
1254883729115426817
1254888194270781441
1254893082111143936
1254893357597327362
1254900632147894272
1254908184646397953
1254911956609359874
1254675821907845120
1254776061260333056
1254780574964649985
1254810250504478722
1254821650522087425
1254829354007265288
1254834163242450945
1254842486385782788
1254851553636356097
1254859887235956736
1254863606123868162
1254864450169036800
1254879267407695874
1254882100215504897
1254887467276271621
1254890185281560576
1254891878136385538
1254903034053898240
1254903743235133441
1254907302307663877
1254908300786835456
1254911434984734728
1254667784979648512
1254704819832524801
1254775147367546882
1254783621828718593
1254785098047557632
1254802492916932608
1254821084656021505
1254822492457381890
1254843791254654977
1254850964122750976
1254852604766629890
1254852707774496775
1254858127528177666
1254862416141119488
1254862426454896641
1254864333105856512
1254865600075067393
1254866147922468864
1254874713052123136
1254903066618408967
1254678616174141441
1254770374237024256
1254775230871949320
1254783658285658112
1254807802641612800
1254809736702316545
1254822532487626753
1254836793712824323
1254837717730357250
1254847777290563584
1254854612495953921
1254857853921198080
1254859523380006913
1254865399822331905
1254868191114858497
1254876830852616197
1254878199374319619
1254885757015203840
1254890357550190592
1254895024585822214
1254897970996183041
1254900608127115265
1254904342932488196
1254907908153802752
1254676493390745600
1254679203091550211
1254770497356619784
1254772197006012417
1254772417966166017
1254773812224159754
1254803771504427010
1254836426878996480
1254839693277085702
1254848179297714177
1254848603463483394
1254851296621924352
1254851558757396486
1254857975044255745
1254867916316487680
1254870629351899150
1254872879658872832
1254875752220307457
1254880276049788928
1254885533257351168
1254888048900182016
1254892784030539784
1254898115276136449
1254898603358851073
1254901394424893448
1254903621071835137
1254904331935023104
1254908678915993603
1254908829634101255
1254909995826794501
1254910234067382275
1254911335361634306
1254731685083701250
1254768886425063425
1254771168168427528
1254780840275374083
1254789480017362951
1254793396406886402
1254797127697534977
1254812535074762752
1254816450352689152
1254823443792572416
1254837361181102080
1254849436376801280
1254852697108471808
1254855802340274177
1254867413054578688
1254878341989109764
1254885700551544832
1254892860593385474
1254898148893474816
1254899291514118144
1254900435112034304
1254900631841603586
1254908249192706049
1254723376737849345
1254750026166931457
1254767669431144449
1254776312100601857
1254781480250667012
1254788650711171072
1254799160597008385
1254814928470507521
1254818748789329921
1254820101385265159
1254830381364322307
1254843726133891073
1254846123371630593
1254849809917399041
1254852528249769984
1254862886981242881
1254870368105279491
1254870432886460418
1254871305243033600
1254871807909343242
1254882925159632900
1254884369161809920
1254888626325946370
1254898435599278080
1254905435875917824
1254905758015258628
1254906889693003778
1254907011394875400
1254907238776483840
1254907421937618948
1254908732997357575
1254908868766978049
1254909016238587905
1254909140952068097
1254909572483108864
1254911052506169344
1254911243216990220
1254911332819841025
1254911452135243778
1254911630388998144
1254912610593628160
1254913214581792768
1254913359624970240
1254706400485355522
1254709710835650566
1254783176221667341
1254792004489355267
1254805516699779072
1254805584211255296
1254808221170221056
1254810088893820934
1254829139342868483
1254829358558130177
1254834162445549568
1254847394128125952
1254848395581313024
1254849473924214785
1254857126360395776
1254857887282839552
1254864256765276160
1254864988121870338
1254865413063704576
1254867393311985664
1254878807871365121
1254880479284793351
1254885519869214720
1254887999113965569
1254888069758664705
1254890253837578242
1254890511871152128
1254898463365627906
1254899336153927681
1254902813081174021
1254903511747301382
1254904001222582272
1254904821049626633
1254906487115321349
1254910350371303427
1254912419148726272
1254562144122736640
1254577812968820736
1254752492937764865
1254776808416796677
1254778045006675968
1254793482692149250
1254793942790537216
1254801571004776450
1254805001777475584
1254808968033177600
1254817616268574720
1254825169916497920
1254846506915573761
1254853916002582529
1254855392254820352
1254865646292275203
1254870612562108418
1254871136099348486
1254874526351003648
1254877984944775169
1254880749209243650
1254881172385157135
1254886858196242444
1254895626732650497
1254895910447910912
1254898913124978689
1254899396191412225
1254900195508305921
1254904431755354112
1254905414908620804
1254906935117320194
1254910314946138112
1254910342783795205
1254910345593970691
1254910347561099264
1254910352355139588
1254910352422309888
1254910353353383936
1254910353458290688
1254910353705762816
1254911247595814912
1254913897636737025
1254914806731112449
1254569929057226752
1254769197990555654
1254780057387589632
1254798587252412419
1254799592509636608
1254815786914504705
1254820497596055554
1254824909638823936
1254825514780549123
1254827969744384003
1254832710469718017
1254839005654528001
1254849318831501314
1254849609689706498
1254850848494149634
1254853338023309312
1254855495489220608
1254860177129353217
1254879975804731392
1254880916847177730
1254895221369864193
1254898115418742784
1254906594900480000
1254908657634074625
1254914619082145793
1254915752316014593
1254633569248595968
1254700185143390209
1254712748736417792
1254736130555162624
1254781435598082051
1254793752616583170
1254817589173223427
1254825135887941645
1254825895203872768
1254827333287964672
1254834670228955136
1254839329710620672
1254844763871670278
1254847022991126530
1254847826628087808
1254848273510252544
1254848911593832448
1254849911029477376
1254851558514110465
1254851558753341440
1254855084459962368
1254857072002416647
1254857254081146882
1254857608164335616
1254865686112976897
1254866086224211982
1254872394864439297
1254874802487283713
1254881008966684680
1254891917462167554
1254893491697713154
1254895212024995840
1254895607719890944
1254895620931772416
1254897706805465088
1254900258741551104
1254900488413347840
1254901757660012547
1254903163645132801
1254903869223718914
1254905095545860096
1254905660233433089
1254905710430818307
1254908967274364931
1254910200970186758
1254913228167090177
1254913287969550336
1254913505674891264
1254915034695827459
1254674839174029314
1254768892087373827
1254769358280122368
1254776916025831429
1254778857162289153
1254785858533683200
1254792774295175168
1254828259956723715
1254836603085873154
1254838983739269122
1254842904335527937
1254842978637451264
1254843856354451456
1254844431649423362
1254845651281731590
1254846140689854470
1254846645952528385
1254847825290186753
1254849270475132928
1254853554579230720
1254853600100016128
1254854727180750848
1254855854664249344
1254858542353285121
1254860366590488586
1254861216930869248
1254862980904153088
1254869831402299393
1254870379639832578
1254870482542899200
1254872510086164489
1254877730912366592
1254877982839017472
1254878467566551045
1254879136016932867
1254881036577714176
1254881984939253760
1254883015844605958
1254884841012834304
1254886855000104961
1254894200253972482
1254898664889290752
1254900518167724032
1254901096696381440
1254901203676418048
1254901387026067456
1254903679855013889
1254908185183281153
1254908248739549184
1254910387369189377
1254913079416172545
1254657738795294721
1254675867290218496
1254710166542565378
1254768327802535936
1254768459918893066
1254768802664865793
1254785404659625989
1254795453939449857
1254810182347042818
1254814112556744705
1254825015255748608
1254826202717736960
1254833948384989184
1254841840253239297
1254842180633591808
1254842995528077312
1254843799144103937
1254848938735218689
1254848956108021760
1254850479726702592
1254850610005979136
1254852579542077440
1254853643074965505
1254854588550639616
1254855333412995074
1254855333991690240
1254855945684840448
1254856177147613190
1254857536475295744
1254857818697392128
1254860234012504068
1254860248072011781
1254861127718023169
1254863244616822784
1254864850477408256
1254866178427609088
1254870565178966019
1254875351697817601
1254877136831295488
1254877263943864323
1254878173164158977
1254880452546101251
1254885578077876229
1254887665650057216
1254888475209404419
1254890187336884237
1254892245708406784
1254895218966638595
1254895598760677377
1254895598765068290
