1246830010188607488
1246859131375562755
1246627409534881793
1246631998464106500
1246777452233396225
1246727565500350464
1246788168378200064
1246831504392687619
1246784643808088064
1246735811443339264
1246808483565010945
1246906215227105284
1246855400751841282
1246682607053615105
1246784086439591936
1246886202202038272
1246740548465164289
1246823672821751819
1246917260574371846
1246813683356966913
1246675236881412096
1246905306849988615
1246930050655584258
1246873246114422785
1246818596787032064
1246723298999877637
1246904953131741184
1246782661454168065
1246751288412553217
1246799367450886144
1246765083163836416
1246783525212360704
1246704631897559040
1246822403700899842
1246821300049502211
1246817090067103746
1246747744082857984
1246886169197121538
1246899319539732480
1246779108350189569
1246824991523573761
1246911678001881088
1246941299552460800
1246905484734615553
1246834763039637505
1246828359381848064
1246682653685878784
1246903094757208064
1246890825713401866
1246879309513490444
1246779823558623235
1246786630301765638
1246870217571123200
1246931169599512577
1246791900583034881
1246832645348220928
1246913027003289603
1246786032588206083
1246832605271597056
1246879025546616832
1246808378116112386
1246757161402880001
1246828555826278400
1246873992322932736
1246920772620255233
1246904305627664387
1246872525159706625
1246835297335283712
1246929140701331459
1246860906321018882
1246848654486487040
1246831889903685633
1246651992757452800
1246818263671156737
1246922361640833028
1246701344645361664
1246866217610219525
1246934693313949696
1246836243717029888
1246841552896393217
1246742050810335233
1246782955449651201
1246867480846438401
1246767890784817155
1246832408252612609
1246893875916087298
1246909159469207552
1246810399372185602
1246731101013491715
1246920550854909955
1246880161854824451
1246626949377769472
1246786772866138114
1246919560579735553
1246916090179006470
1246664209510928384
1246848357429121025
1246901786012721152
1246923515288268801
1246702025607430144
1246900849659523072
1246905617287168000
1246807761456947206
1246813561143386112
1246911694326173697
1246937746826039298
1246787170251218945
1246821494295891968
1246897969481371649
1246819000815955975
1246681137679872000
1246682908435320833
1246799697827823619
1246794720119934977
1246907460243382273
1246912066012798980
1246920010313973765
1246938421827907589
1246897719328849922
1246807324183924737
1246867775915778050
1246939359825330177
1246708697029586945
1246905953276047367
1246819912947023872
1246925051506626561
1246834293122400263
1246912999681482752
1246912893754454018
1246686392836636672
1246906354293448705
1246792894565900289
1246905451884818443
1246671282059476993
1246690816271278080
1246705697070473216
1246798044349202433
1246802224405262337
1246904290691747840
1246927227285102594
1246812428802961408
1246882800323739648
1246891801144897536
1246916044578488320
1246856596183027713
1246931295898406913
1246906041239027714
1246907654255054849
1246935695740067843
1246670873198759946
1246893824032604160
1246798001458290688
1246930092909084675
1246730366880305152
1246921671249985542
1246773329119170560
1246699684414005249
1246818627623542788
1246833108063838208
1246847727545303041
1246878318386917377
1246847450524061697
1246912108551213056
1246761012801482752
1246794344008421377
1246864909511602176
1246855118093291520
1246901137585864711
1246687965591613440
1246912850288877574
1246876311706099713
1246914217665536011
1246928911142981632
1246720741745332224
1246842568605863937
1246883555302502400
1246763412295647237
1246783260811759618
1246789050155044866
1246910943881297921
1246923519855931394
1246840018481504257
1246913493544120320
1246797622746198017
1246823256981753857
1246868772947927040
1246881542330253315
1246870237926100994
1246829955125776390
1246835241228161025
1246907597254467586
1246913413940498432
1246782667992989699
1246806512108015616
1246837548741087237
1246897899906240516
1246917492858949632
1246599299879915521
1246674110333280256
1246721771929305090
1246759597840498688
1246939611139637248
1246841574048313347
1246928099482071042
1246791739907756033
1246864549661286401
1246866437878304775
1246865727795200000
1246900717757104128
1246934280699330568
1246936232220864514
1246751386630569985
1246916774198738946
1246928134139719681
1246863726516502529
1246901643955834880
1246938436252155906
1246835537924816896
1246866442613448705
1246890488080355329
1246936848938778627
1246641208316833794
1246682870556561409
1246782139733094406
1246787046682890241
1246903579824316419
1246906394441285639
1246908909551566848
1246826304734986240
1246930779457945604
1246939609004675074
1246890278579027974
1246904772520816642
1246937281115688963
1246938401116499968
1246802364947890176
1246778912551690242
1246797953320321024
1246833727142944769
1246892023031959555
1246871300779450368
1246904040623083525
1246696175237042178
1246865746904432642
1246934047462436867
1246745504370876419
1246815050742054918
1246839540163186689
1246850967884181509
1246926134870265856
1246881027840040960
1246901876689436679
1246935650370191360
1246941232645001216
1246686705933078528
1246783214431227907
1246804992767537156
1246839481526824961
1246841056186040322
1246615329935110145
1246881688069775360
1246816790338048011
1246830400107937792
1246838760299429889
1246844866161545222
1246848826507313152
1246868926950146051
1246874641190268929
1246937209741115392
1246809839147323398
1246819885742583808
1246848625742884864
1246851368012349440
1246852158135447553
1246918032464609282
1246629049688096769
1246886803778555909
1246922262156115968
1246934470818758656
1246938037680058369
1246675556973678594
1246880058482012160
1246914914914119684
1246916227244666880
1246935649321549826
1246936441927667712
1246787745856528384
1246880787225591810
1246906120360407040
1246908646090563594
1246917743464648708
1246937597143846919
1246939625245020167
1246940345620979717
1246852602396106753
1246906925754843137
1246940492333449224
1246794565832630274
1246829350072311810
1246932173313191941
1246939026222956549
1246725119210373121
1246761191399096320
1246788215291416576
1246831347399905282
1246834808489213960
1246834985337671680
1246857180323688450
1246920956217565184
1246938226398572546
1246939799837200385
1246882301792960515
1246896394838908928
1246929357194629125
1246755561569497088
1246876713692344323
1246934050775973888
1246935391262867456
1246905450081157120
1246909221259673610
1246937533709049856
1246709334081495041
1246880283661463552
1246897154406387713
1246912999752859650
1246913599689428996
1246915529668997122
1246884385636462593
1246904637959081984
1246910482767736832
1246790735275405312
1246821409583742978
1246862667698057220
1246786900515606532
1246847568262422528
1246923496376197120
1246938574966095872
1246811077758910466
1246859051209822216
1246906622301163528
1246907966374248450
1246928152712163329
1246935749573914629
1246613275728584705
1246787318373122048
1246831520964378630
1246852077852262401
1246857659342561280
1246915084162609157
1246926908610228230
1246771211398496256
1246785678886789120
1246787919970308096
1246837352405839874
1246902114045046795
1246928098768982017
1246782396676083718
1246802680527360002
1246823660813508608
1246869462361542657
1246907856265400321
1246922090990747648
1246934039979790336
1246935539808448512
1246939483708239873
1246787004051881984
1246814852602970118
1246893383278362625
1246918561911767049
1246928807807913997
1246933020336173056
1246672889220399112
1246791667933499393
1246799000507953152
1246831238469558272
1246878270504808456
1246889826055569410
1246912901794988032
1246933980055777282
1246937052685504514
1246939356633477120
1246852602249109506
1246860156010455047
1246895350729900033
1246909549505843202
1246910786758459392
1246925212848992256
1246929286675791872
1246753572454359040
1246837479887507457
1246841070425714693
1246844208893194242
1246850979909304321
1246862096404545538
1246935476751261699
1246939410601476097
1246750569257205761
1246865538363654144
1246908397787774977
1246916015759544320
1246917896120545280
1246939401457983488
1246676168276934660
1246836066977538048
1246884945655668736
1246887275226697730
1246923123062116352
1246664056381018117
1246783696096710658
1246786535091056641
1246791952965808130
1246908267181289476
1246939632375398400
1246690120423661568
1246702332429164544
1246799753029042176
1246896506139037700
1246910752751071232
1246920550254927873
1246933870097960960
1246937416834875398
1246658744861294598
1246786601168052225
1246872390040203266
1246875251344117760
1246900902050619395
1246910518490783745
1246589270476931072
1246794059466919936
1246800363518386176
1246838798056644616
1246895907498590208
1246904191353749510
1246916297805479937
1246926531907276800
1246936334197043200
1246936487863537665
1246676484657483776
1246784657460510720
1246826666539745281
1246846399926415360
1246855067774435330
1246879599537131534
1246902994181984257
1246909921813319681
1246918032464568322
1246921797448105986
1246924324000403458
1246937544899661824
1246939044774391809
1246807338297802752
1246836094588592128
1246855521493229575
1246914931435483139
1246925875838320648
1246926924900950018
1246626861683261440
1246784273182580736
1246824933684129793
1246864448050139136
1246884244011528193
1246889421015744512
1246903082295885831
1246738135016517637
1246864516794724355
1246876314088472576
1246909978746781697
1246934390166315009
1246837954670145537
1246859696729964544
1246870617015681024
1246901674821771264
1246903041753845763
1246913321917448198
1246920126961717249
1246937693730353160
1246662245108645888
1246780647131226112
1246787343442481152
1246789041934290944
1246798998448623621
1246805308103626753
1246810862695964675
1246821144071561219
1246839821986865160
1246880284009775106
1246913209610706956
1246923065667325953
1246927122020605952
1246739270154571776
1246775699953811456
1246796900143173632
1246805250180341769
1246805265036517380
1246812627881295873
1246836316819554305
1246842700911071236
1246858899505979400
1246860152889913346
1246863797144469508
1246867496478662658
1246892866737016833
1246902932995313664
1246908915297726467
1246913827704385536
1246922491999801344
1246934400304103432
1246784332599099393
1246832468667269123
1246843170807218178
1246918787351359490
1246729000841601029
1246790999973736449
1246796930296020993
1246831251203506179
1246901674708357122
1246902001641951233
1246910710237495296
1246918093038903299
1246918457884622848
1246918554743603200
1246697378947764227
1246774716104347654
1246788849482838016
1246796135135657985
1246901136617070596
1246923307859021828
1246932250182238209
1246938281184542729
1246939201410674688
1246690486083039232
1246832793688178688
1246846337133535232
1246850106499960833
1246865358860025856
1246881755862351872
1246900030113484800
1246900883943763971
1246905750615666690
1246918761833259008
1246939540151054337
1246942126677598214
1246696124175581184
1246826471903166464
1246834610174070784
1246837503572705281
1246837776428957698
1246842535177154560
1246858453227909123
1246872468809187329
1246904957682450435
1246919216520925184
1246930248224198657
1246934245454594049
1246757382434234368
1246812632365125632
1246818439085293570
1246843958879232001
1246852385328283656
1246871942751227907
1246877382331555843
1246881133121409024
1246882641086947329
1246890334778535943
1246902172039680000
1246909302469787658
1246910620693340160
1246916282815053824
1246935650764349441
1246682005095546882
1246797097367670784
1246803766944444416
1246831382355152896
1246853995282530304
1246867700858720258
1246905669854339073
1246912839710900224
1246917604733747201
1246931367293792258
1246934444176543746
1246936586543083528
1246940879316750336
1246768760826089472
1246768957807353856
1246791889375965185
1246803605140713474
1246842582568763396
1246866128435060741
1246884566117289986
1246888017324802049
1246900622592442369
1246905186330828800
1246935817383182336
1246941317822910464
1246734046782201856
1246788477456470019
1246789344305831936
1246809294277881858
1246834748842000387
1246843591261147137
1246850085012594688
1246870305030750210
1246877618428768261
1246881578007040001
1246883328990621701
1246894822792757249
1246897899864113152
1246903510119129089
1246904116275826690
1246913000260415494
1246931873680384000
1246939403580252160
1246664619197947904
1246769725444685825
1246773365215551492
1246786495916249089
1246803306023981061
1246847371272769536
1246888588563922949
1246902219556954112
1246908795822972930
1246911703129915392
1246922762607833088
1246932927411376140
1246933739080429571
1246935650516885505
1246685460149293057
1246704609311236096
1246729311576621056
1246829318753435653
1246839539127275520
1246840035451731968
1246856704102465537
1246859284744470528
1246882366116765696
1246883280911306753
1246898052041973763
1246905786783207428
1246910938705473538
1246914490995822593
1246924322716950534
1246929526162173953
1246929824398086145
1246935379011305478
1246786203770392576
1246803763647721473
1246807502605488128
1246815980375941120
1246827435531710465
1246853769813528576
1246859383386058752
1246887833605935110
1246898347899838468
1246906413089243136
1246913251490664454
1246928098936762369
1246932397498785794
1246932652122411008
1246939280846585858
1246710288960950273
1246757725972975618
1246784658647298048
1246798312361152513
1246820440212897793
1246821657542524931
1246853178982895619
1246901187380731907
1246905450290991104
1246907016335015943
1246907592187707400
1246925607302242304
1246925773383950336
1246927480138711042
1246933161105293314
1246939816488513536
1246749989805621248
1246751004881756160
1246776599653081089
1246787431254368256
1246793562039021568
1246815185999990785
1246830132859473921
1246838617290440709
1246839126487445504
1246864959323230208
1246868120561737728
1246877933744119810
1246894206611841025
1246902178092060678
1246902568648933376
1246903617556267011
1246904637309026304
1246912985475530753
1246913359108362241
1246913651514249216
1246927298353336323
1246721023334141953
1246757545357737984
1246784918438412289
1246796229985566720
1246802078753787905
1246808396281585664
1246823323968966656
1246833756109000705
1246846956598464514
1246849652428812288
1246858899845787650
1246859116137664515
1246868388800081920
1246874276399058948
1246892576495603714
1246894878363189248
1246895527532388352
1246904953182007298
1246906917357846529
1246919110086332419
1246926119762305024
1246934399750492160
1246936955402833921
1246685248534052864
1246798728327049217
1246821887000313856
1246839374106578944
1246862276071690245
1246882800290144263
1246882800751595522
1246889731226361856
1246897900120145922
1246905695313842177
1246906906658189316
1246907339082469381
1246915821441515521
1246924529152204803
1246930945128701953
1246673265457803264
1246688389082079232
1246782647382282240
1246782967290224640
1246790783056990208
1246799830359425024
1246830043915071489
1246830204120469505
1246867025408004097
1246879188222717953
1246910482696392704
1246917158862454785
1246922821441335297
1246930363701657601
1246934390191673345
1246938896455340036
1246939705230462976
1246939946264547330
1246679744722108417
1246684563507724289
1246705187584163841
1246711769604788224
1246806225586618368
1246816872718352384
1246829637638000641
1246829936335339527
1246844106455887876
1246845055224238080
1246887908684050432
1246900589549813762
1246900833326899200
1246908370142937088
1246912999421546497
1246914687691874308
1246915260755435523
1246916315534839809
1246918911565709320
1246920550468870145
1246925375755739137
1246929490099437579
1246930350481321985
1246930615338856448
1246931625050595328
1246936380795691008
1246938176851267584
1246941352190976000
1246941671155208195
1246686240952500225
1246728160936448000
1246787424631631872
1246796285539225601
1246822502027931655
1246831357965328385
1246831723591217158
1246840774580408321
1246860067611213825
1246864225320013826
1246865586979852292
1246876337987518464
1246879494595588096
1246883056549576715
1246885778355036166
1246900416501231618
1246901674737913861
1246903518184824833
1246905098573418497
1246908078227886080
1246908274005479431
1246910027904024578
1246932036725682179
1246933440722763779
1246935221267771398
1246936016801411073
1246937854032449542
1246628895861936128
1246794473880915968
1246799480940384258
1246804579821457409
1246811878317309957
1246820118916665345
1246827974042750977
1246860011575431168
1246868248508928010
1246871355544473600
1246883048337166343
1246905329679339520
1246905468213174273
1246916787884752900
1246919372309966848
1246919910456012803
1246920096003567617
1246934645658267648
1246937293790670848
1246603016939212801
1246709260777594881
1246714246194499584
1246724497232838656
1246797016304410624
1246799279785684993
1246800370711629826
1246810880639209472
1246817184661340160
1246819780801290240
1246831636898934790
1246854112408416258
1246858125694689283
1246860743292719106
1246873222739615744
1246883111666880512
1246900402404167682
1246905195235328000
1246905654704553987
1246908870989152257
1246909318181662725
1246915196318294021
1246919281004118019
1246931873802182656
1246933131912867840
1246934617640390656
1246936227724623874
1246937600000221190
1246938178914746368
1246942329791025152
1246701726834573314
1246758019762982912
1246761109580926977
1246773744951058432
1246781590425960453
1246783933276094464
1246795778678554624
1246796155670933504
1246798085201764352
1246798817384693761
1246829953452253185
1246832503597551620
1246834125849452546
1246836733339217929
1246837502612312064
1246850266759979008
1246854700558962691
1246860155947491328
1246884159357964288
1246887537693667329
1246905293973446658
1246905596756086784
1246907819611340801
1246922863858327554
1246932590722002945
1246935592186851328
1246935814346604544
1246667158601502720
1246784441990725632
1246829954496696321
1246831227312713728
1246831899529621506
1246862222728585216
1246867432083423232
1246871914787868673
1246884210649989123
1246888128712978432
1246890885125734400
1246900710496747525
1246907768201764866
1246908946138443777
1246910892085850113
1246915035697463296
1246916534880124931
1246920549370077191
1246921871456641026
1246929297656500224
1246933582582550528
1246934052835393538
1246934409879715841
1246935649229213696
1246935679654932481
1246939446739697665
1246648918554939392
1246685288748978178
1246709654694039552
1246716793659494401
1246737827536293888
1246778004791078912
1246787021928087552
1246803814201655296
1246829955889192962
1246847502009196544
1246855996934434816
1246869819502276610
1246872214416306178
1246872960012410881
1246878425614336004
1246881028393897985
1246884398953357312
1246900878658998275
1246905283898748930
1246918662734446592
1246920550401933312
1246923759585570816
1246924629119315971
1246925183430115328
1246925750235734016
1246926272116092928
1246932173145374720
1246936349757800449
1246939683109699591
1246940376713138176
1246696795390054403
1246726395461611521
1246747560078987264
1246759294105772032
1246770473817554944
1246783006725099522
1246785846595989505
1246799165218336770
1246829999526752258
1246841333366566913
1246847479380758528
1246851343207325696
1246852349638791177
1246863370957000706
1246868380042383360
1246875252254076929
1246886094408503297
1246886333227970560
1246902521244741633
1246903850164006914
1246904775205060608
1246905810803884040
1246906027464941569
1246908649173368833
1246912999639511040
1246915516020789249
1246915765640392704
1246916589968072705
1246927848864178176
1246934306246844426
1246936571951173639
1246938049004658688
1246939423482114048
1246941859701764101
1246589273081602049
1246668257093922817
1246784531149000704
1246794204249980931
1246797274619019264
1246825503362859009
1246832468943986688
1246832956863393792
1246877333048492034
1246894333074092032
1246904180062720001
1246908058015596545
1246909465775034374
1246912795691692032
1246917539168477189
1246919033099870219
1246919101836132353
1246925153621225484
1246931306459602945
1246935678732177408
1246937933535469574
1246943135051243528
1246592068732039171
1246687727241830400
1246727106178043904
1246728103579262976
