1258794623352389633
1258888193820233728
1258726293744553984
1258849038163640325
1258718287589806084
1258854841528602624
1258851363884355585
1258775442439524357
1258672375928946699
1258568513972776961
1258871780053340160
1258869032310263814
1258860419818696709
1258869435370258433
1258801427142631424
1258744221831507968
1258890250241413120
1258872820492316675
1258741287743873025
1258710044557873153
1258870150247452677
1258796981243256834
1258730344267812866
1258874346774372353
1258848701579132928
1258878314187575298
1258717074261753858
1258576758737076226
1258747868288090112
1258867218261123072
1258869550369685506
1258550739455991809
1258845812559351811
1258849153045737474
1258735760007745536
1258783700977942528
1258889918333382657
1258883966528098304
1258780300878008321
1258672546767126529
1258739158283157504
1258714127738028032
1258856245894754305
1258866604701556736
1258862440193851392
1258715420955115520
1258889240894738433
1258881949239820293
1258749981512675335
1258587778939596800
1258894449922527233
1258725721683496961
1258810074979540995
1258693198362415104
1258855775553966083
1258792769893666816
1258848055635390470
1258854543397453829
1258760039898193920
1258853257998467073
1258846442682228737
1258800406110576640
1258841647196110850
1258888049313886209
1258751731166523392
1258813258678575104
1258604877531410437
1258710242789072896
1258869338100170752
1258889865053245441
1258859935196164102
1258899682442559488
1258869806117330949
1258672758621339648
1258685757679702016
1258875422495965187
1258648244093169664
1258853000392687617
1258849789120253956
1258640664524357632
1258788450117062656
1258837375385550850
1258660646331183104
1258841600051916800
1258863394322595840
1258758603613192192
1258847832049627137
1258853246707343365
1258818459347140609
1258892378766745606
1258866383762395137
1258553316289757187
1258767636747489281
1258874755446452225
1258896200381673478
1258687328379457536
1258739855770750976
1258720531735621634
1258741896719015938
1258784943536209920
1258711603358425088
1258715014195752960
1258811540536516609
1258844007821606912
1258867932752490498
1258850914963726336
1258749008132128768
1258804353688895492
1258760305171144704
1258665048748195841
1258848017442123778
1258895482769858560
1258720238000115712
1258846793389035520
1258677093774299137
1258875532781006848
1258560795232874496
1258559760158339072
1258686639091654657
1258688908944125957
1258775089153269761
1258865358330638336
1258825159240228864
1258726360639516673
1258749854928580609
1258688214212190208
1258738795933052930
1258798964020822017
1258896631375806466
1258839271928143873
1258889172976361479
1258873615052869636
1258841210371878912
1258871592802758657
1258672513229426694
1258809254892523527
1258851773374238721
1258751747893473281
1258884788875902978
1258705317287919616
1258836842180460546
1258890709832216576
1258742413868367872
1258893036559441922
1258677527545077767
1258761443748515842
1258835890484531200
1258730696811655169
1258848793308643330
1258581917680775171
1258882238655102982
1258889720324665345
1258685141465141248
1258837909869862914
1258699384696553473
1258750645072527360
1258701347794366464
1258845251604754433
1258782477751136257
1258831446862696454
1258877691643727878
1258891579932229632
1258570861939961863
1258738727846842372
1258793162828591105
1258894138063441920
1258711438719422464
1258778944016449541
1258840085296025605
1258734238117122049
1258833477677572096
1258863093452505088
1258877404199686145
1258742023059918854
1258881810777456646
1258548814949965825
1258648172420792320
1258719635475697666
1258727479868612610
1258822885512273922
1258857216439918596
1258641506166091777
1258712599258152961
1258825916727377920
1258834093980241920
1258856699403870209
1258896665785794560
1258560896659488770
1258739639143235584
1258741959923023873
1258871465564205056
1258860805401051137
1258871852056936449
1258837335288020994
1258742328262643712
1258792642495893505
1258855418035605504
1258863003518357504
1258863068043448322
1258890804095041536
1258867396498120704
1258898312054353921
1258705714484256768
1258840491552014336
1258859189125947393
1258676464649678849
1258739395450023938
1258801836670271490
1258708781120344065
1258811641296281600
1258878563442479104
1258892303743225856
1258840794250739712
1258885697584484354
1258892190413205506
1258711054856728576
1258850447932166144
1258729182030450696
1258848311622144002
1258870267071381505
1258886944198742017
1258640558068809730
1258834532188520456
1258845027524116480
1258879765416730625
1258891423778209792
1258806367902720005
1258563589209681920
1258590450799214597
1258619633365659650
1258675569769709576
1258834040691593216
1258877799504449538
1258720630251433984
1258838473546571776
1258882241742229504
1258887876382732288
1258727808332947458
1258746965501906945
1258796867787395080
1258842138256826370
1258844970393403393
1258863617560240134
1258873202094333952
1258569809148760065
1258715314591879168
1258741554719666183
1258846761336090624
1258855153412845576
1258680228873936896
1258841623099629568
1258849151187431424
1258854033978281984
1258854182871805957
1258876806335250433
1258669302179299329
1258801252625985537
1258841649867902977
1258882519258279937
1258887495137271814
1258890244939710469
1258896120278892547
1258604069519835144
1258859243467350019
1258864381846306819
1258869534028492800
1258711987590225920
1258741860459298817
1258843871095767048
1258852915260858371
1258857004984143873
1258868630663712777
1258556630809133060
1258751003916218370
1258812880574709761
1258875735688851457
1258889679866400768
1258669425357660160
1258749975745441793
1258841765328621568
1258847584988340226
1258848576001773568
1258858081800388615
1258876900556013572
1258705922962137090
1258834114762940417
1258854993156857856
1258873654907228162
1258877077887074306
1258897868808695808
1258717410753986561
1258722759762460675
1258789118961729538
1258846633258713089
1258847557968637954
1258850105454714880
1258889961031577601
1258684481717899264
1258725612027613184
1258793111825907712
1258839631346401287
1258843354953121793
1258852122126409731
1258865266219454464
1258874957171392512
1258730703530926080
1258750219455471616
1258791878000025601
1258874445109886976
1258880376648413191
1258891931716775936
1258893449698390016
1258894788411129858
1258745435826655232
1258788803894001667
1258826103801683971
1258839102457368577
1258842295660675072
1258866765750247428
1258884113831952384
1258841601478209536
1258874315472285699
1258886727688749056
1258724171498037251
1258876631197929474
1258884279905419271
1258709714759794691
1258718246628478976
1258772142264639488
1258815828985815040
1258840968540938244
1258857635333509120
1258871896382287872
1258885450372190221
1258705786605314048
1258781645617991680
1258847604349243394
1258850236283465729
1258866318805209090
1258891261785903104
1258895417133150209
1258755640283082752
1258777828251885569
1258833916955365382
1258839083398434819
1258734161302556672
1258775352471683072
1258886898401128448
1258894641555963904
1258666059432964096
1258715569827840001
1258732885365972993
1258846611628871683
1258849056031457282
1258862068360495106
1258875163338252290
1258597994766782465
1258713377238548480
1258759803616157699
1258772281284685825
1258789878621495297
1258857570023899137
1258871511659745280
1258871799439396864
1258878573022187520
1258892908964569091
1258678040181248001
1258707962610270208
1258741475329945600
1258835038302543873
1258869580266721281
1258874590438330374
1258878407741517825
1258889416359194630
1258892908507344897
1258701304144289793
1258743503322046464
1258792567040344064
1258834053756669952
1258859003192455169
1258862823788236808
1258865581534650370
1258889888264605696
1258721381644210177
1258742114768302080
1258813303238922240
1258837824985432065
1258860689197686784
1258860765945180163
1258866765792239619
1258886599754080258
1258891245792960513
1258690357803585537
1258726912668635139
1258757257803808770
1258799269848457216
1258810379318235136
1258840741381636097
1258844331433213954
1258874050249711617
1258880729175515138
1258894739514023936
1258895833220644869
1258587993029382144
1258672695102910466
1258707950891302913
1258764804069654531
1258787243646423041
1258815246287998977
1258842515056328704
1258879398977122305
1258884381990502400
1258889156748546050
1258891381914906625
1258893913630429185
1258673001261862912
1258692116613644289
1258724891446165506
1258762104095588352
1258784223667855361
1258849384399323141
1258858441638109185
1258860862233882624
1258869429548527617
1258871058259681281
1258872436101087233
1258879230709989378
1258592446507876352
1258735512191414273
1258756057402351616
1258832362441490435
1258850450746552323
1258879727487549442
1258890334869864449
1258901597129711616
1258711746396786693
1258834774724132864
1258838598901784576
1258845716707004417
1258860543772897281
1258864250329550848
1258866117801639942
1258874336473223168
1258883211540803587
1258803855824842752
1258851304551710727
1258861317244551168
1258874389166264322
1258877150641491971
1258883506412965893
1258886593995309058
1258900091039035392
1258705002220212225
1258742312118759425
1258748486088097793
1258794778952699904
1258833840107409414
1258834373371199489
1258849299418537986
1258852821971226625
1258614504876904448
1258677876775321600
1258709917894090752
1258711489462120449
1258721983849803781
1258766900101873665
1258774951013867521
1258817431495213056
1258860789072527360
1258867841580830721
1258868575097499648
1258872521568464899
1258884151639527424
1258893753298890761
1258897898647040000
1258899559419273217
1258598970760273923
1258738632564920321
1258740523378135040
1258748989706387456
1258777661050179584
1258828018128162816
1258828506483605505
1258837573335687168
1258884400051183616
1258889836481654785
1258622803043106816
1258786942969413633
1258792695130021889
1258799934452772866
1258805014035869697
1258834050074148864
1258838301965824000
1258851462223986691
1258867969926598663
1258876051775795201
1258888867287007234
1258889341646131201
1258894450455187456
1258898375090606081
1258673005523337217
1258691415703519233
1258713609645023239
1258739314613239809
1258773711693496320
1258823598241910790
1258832595401539589
1258837314337476608
1258838101268578307
1258838306839769088
1258843011406082054
1258866572950736897
1258877874486104066
1258880385011810310
1258883803390623744
1258890914925330433
1258891644402896901
1258893231003222016
1258895963323863045
1258752223674281985
1258807739964362752
1258828431061549056
1258831533638639616
1258834763625963521
1258842784292909056
1258850864346861570
1258853904261005315
1258868251901059073
1258869303157415936
1258871843315945479
1258873429131956225
1258874550508572674
1258882158464245760
1258885627749249024
1258885993014460416
1258886899281719303
1258888254948020230
1258888586486833159
1258890345141743629
1258890958218936322
1258899984545648644
1258665439066021888
1258690605560901637
1258736023212888064
1258739383974404097
1258742132233457664
1258749271853142021
1258797646170542080
1258826501329350656
1258830127959609344
1258852927684427782
1258864250577022977
1258876521298776065
1258891925966422016
1258894458730483718
1258661261237198848
1258676889641783297
1258679294802493442
1258712666958372869
1258720803903860736
1258752066207571968
1258786088505749504
1258847211229757442
1258852919920689153
1258867204528967685
1258870216366477312
1258871799116333065
1258882962944339969
1258884309508927488
1258889414987710466
1258894775777976320
1258896673268514816
1258897580433510405
1258556479705157632
1258580542611693568
1258620114032906242
1258675936930811905
1258702795533946880
1258713107733635072
1258755473953697792
1258758726955290625
1258767361097625602
1258838844411121665
1258840220264542209
1258841457139560450
1258856047034368006
1258860365686988800
1258861223745064961
1258871799275827207
1258880865674936325
1258881372824973322
1258884403297759232
1258568874364211200
1258592475435937793
1258710209217925121
1258713419311714304
1258728357102903296
1258746813055741953
1258747184591376387
1258753853182312448
1258756036095328256
1258761069469863936
1258791552601726978
1258835814798315520
1258839979696050177
1258852862207066115
1258854069889875970
1258888419230601219
1258893044553781248
1258896648190771200
1258647873585111045
1258652049006383104
1258656768336560128
1258708856869466113
1258720805304713216
1258815685481959424
1258837919076409345
1258843545391300611
1258855340579356673
1258858985186381824
1258860929317580800
1258864333188194304
1258868309937868807
1258874107690659840
1258879791404638209
1258884558273089548
1258891303087214595
1258676748465704960
1258692804219412480
1258707846239313920
1258714565380014080
1258715770994880513
1258749374592700418
1258777149965840384
1258812449479954433
1258825942371381254
1258835824143224835
1258836480266510338
1258837908284375042
1258843938091343872
1258844215909462018
1258859153939980288
1258865033192386566
1258871807333093383
1258874044885225472
1258890204913504258
1258892873224814595
1258893713134280705
1258894518235119617
1258895568199352320
1258899039438999553
1258714099455844352
1258742323548217345
1258744221244284928
1258748486360555522
1258765634604806144
1258817923885543433
1258818954174312450
1258818980942352388
1258835228690440194
1258835776437174273
1258845226929709057
1258853342375219200
1258854915193090053
1258855848111157248
1258857629390118913
1258867459370745856
1258871233619386370
1258891068373942272
1258892204984197120
1258684297105604609
1258690747894763521
1258692378036183042
1258710280491675648
1258729073989292032
1258735905579270144
1258742552578187265
1258785169865150464
1258798985113976833
1258811293517086722
1258834326449520640
1258843557072420866
1258844902336716801
1258847607948001281
1258848805577011200
1258858916529811459
1258864251780894729
1258875740524810240
1258877026620096512
1258890495826235393
1258890673228398592
1258894389646065664
1258895875910311937
1258896167976554504
1258672988984991744
1258675305818005505
1258678914077114368
1258727604217053184
1258746388034334721
1258752272651161600
1258765829707104256
1258773699425177601
1258784837575610368
1258833975604400130
1258847640550363136
1258854929256665089
1258856455001825282
1258856457346453504
1258864686323417089
1258874315484745728
1258881570901016576
1258888561530732551
1258888565150437377
1258889883101409294
1258890364536135680
1258893287777239040
1258896994875080706
1258675012493627392
1258683151720738816
1258692084686561281
1258705834172915712
1258713615676432384
1258724950191505409
1258735814546161666
1258736790565007360
1258746766331166721
1258753659292340224
1258769905056391168
1258788757333069826
1258792193977978880
1258799199228919809
1258805828494209025
1258817701574840325
1258827774242021376
1258844724397592578
1258846651621552128
1258852599933079552
1258857062345388032
1258858979872161796
1258859987247542277
1258867227367034883
1258887924898320386
1258888005382701056
1258889133403049986
1258892675723354114
1258895560326684672
1258901194153627653
1258667955820388355
1258670472247549952
1258672566178328576
1258672992613289984
1258705605054861312
1258709612016123909
1258720838163017729
1258739170375327745
1258739773470015491
1258741100539523074
1258742289326899203
1258834099223044102
1258839077765419009
1258851798246293505
1258851942207500290
1258855376642072581
1258856914387075078
1258856992774422530
1258859157240844289
1258860653659422722
1258864923779764227
1258869785816969216
1258870862062784513
1258877016419467267
1258886950607609858
1258887954359037952
1258889117234016257
1258890349545762817
1258894429206843392
1258894448097923075
1258896964944445440
1258898652468334592
1258560993615118336
1258564251171598336
1258567340729536518
1258651403469365248
1258672563238187008
1258713618167869442
1258722547555852299
1258735914366402562
1258749136712732672
1258749256485212162
1258758192584163329
1258776436812451840
1258788617234911234
1258836959209848836
1258837650749956098
1258839201484849153
1258855597493100544
1258864250874925058
1258865429260439555
1258866036620869636
1258868787379687424
1258872964554133506
1258874728963547138
1258879974716702727
1258883540969836545
1258888975592435712
1258889018323996674
1258889292971196417
1258890313273352194
1258891054767579136
1258893804184182784
1258899481183031306
1258899741762609160
1258901033348104192
1258556713201999873
1258560461064282112
1258651215258411010
1258660498205224961
1258674031433256960
1258713344904777728
1258714614902263809
1258728970834632704
1258729962841964546
1258736371038068736
1258741451778916352
1258743080506851328
1258746684722601986
1258758163660226560
1258800076408803330
1258825576187662337
1258834305771601920
1258844602095763456
1258845157979553793
1258848242890129408
1258854201494552577
1258856599470379009
1258856682161045504
1258859255895068673
1258859623009878016
1258860646151618561
1258863643673968642
1258866217248608258
1258870317512118273
1258871876207722496
1258875097496117249
1258876443007860750
1258879371127001088
1258885720476913667
1258890070746116099
1258890615028400129
1258899513252761602
1258646874883579905
1258743076048306179
1258748200254611457
1258749613126889473
1258753437908557825
1258784222027841536
1258786245477568513
1258792605741199362
1258794618403131393
1258835291403665412
1258836264884764674
1258837202894798851
1258837230849753089
1258840176329187328
1258841002401464320
1258843998690705413
1258848934144991233
1258851666192936965
1258855264087937024
1258856358444752896
1258856699307286529
1258859302594510854
1258860188104306689
1258861386656071682
1258861655443886088
1258862635321307140
1258862955820703748
1258867123801202689
1258871163217948675
1258881353992585224
1258888016162164737
1258888035493654530
1258889296255352834
1258891746928463872
1258895090761768961
1258895857451249664
1258895963869118464
1258896058186371077
1258896339083157505
1258896496734470144
1258896757028802560
1258896929938968576
1258897064399982593
1258550282260078592
1258569434773573635
1258578851594190861
1258583151602999301
1258599978232164353
1258676798252072961
1258686507189182465
1258687819217854464
1258689880097533952
1258690192174694401
1258709862457933835
1258710315811758080
1258712977043345408
1258717930935779329
1258727454090371073
1258738133337870336
1258741507898703877
1258741559203450884
1258743176518606848
1258745080975949825
1258746278437179392
1258750980973309954
1258751382372454404
1258767448213512193
1258771619494932481
1258774670247108609
1258776384102490112
1258780889489854465
1258793762505011203
1258817701893595136
1258819052962750464
1258836148903952387
1258840007831322628
1258848747779473408
1258850405829795841
1258851046404821000
1258854961867304962
1258857690492801024
1258857825515831301
1258862282966216706
1258863103841832966
1258864007282294785
1258864041071710209
1258871077486329857
1258874620662472704
1258875290643828737
1258877416925249538
1258888156646170625
1258890146692423681
1258891378152660993
1258892192799690755
1258894638615875591
1258713606453166080
1258723127070273538
1258726809740460034
1258727616447754242
1258728273862963201
1258738618593685506
1258749283400105986
1258751304865845248
1258760123868209152
1258777128524558336
1258780788126101504
1258787522668355584
1258808037667635201
1258832456096063488
1258834180852666370
1258834265753759746
1258838247788236802
1258842874663391234
1258845159804080128
1258845402289319938
1258845513669107712
1258846425045229569
1258847360526028802
1258851684903780355
1258852461181313024
1258855417251332097
1258859208033873923
1258861808103952386
1258861865205223425
1258867082999070725
1258868081851609093
1258868213372223488
1258869966926905344
1258872750564876291
1258873651262369796
1258874163940470790
1258876832260034560
1258889979507376138
1258891876406616065
1258892680664317953
1258893119082332167
1258893969792040961
1258894835764932609
1258898584583516160
1258899024301764617
1258899481325481984
1258586633940733952
1258598540986769414
1258644844311871489
1258656375523196928
1258671787015102464
1258687762024275968
1258688897573433345
1258691964955811841
1258693502432616449
