1291619037148057600
1291714600195502082
1291841220608692224
1291848167764512768
1291848460732440583
1291846124224077824
1291660329093652480
1291839975621824512
1291697662098583552
1291715162366500877
1291719443081560065
1291701914225319941
1291838877095923712
1291616289610444801
1291828507669135362
1291853376238559232
1291650764067266563
1291661720583319552
1291692478576418817
1291638582294216704
1291660478272491523
1291533736098648064
1291825730490454017
1291841267098365952
1291722943249121288
1291622602771841030
1291718535828443139
1291641994972991488
1291859856102764548
1291814276202729474
1291805705452679168
1291834139587547142
1291689450859368451
1291721331793375233
1291758738291007500
1291657822367670272
1291721745473339392
1291744457075892226
1291853529498386435
1291790772296200196
1291731254564528131
1291601143920025600
1291715808280956929
1291755078702043137
1291648311728967681
1291779637031456772
1291715950937595904
1291728271344902146
1291845637391220736
1291660125040672768
1291664220162011137
1291717060452548609
1291812691955376128
1291714892106469376
1291830337639784450
1291714716482576387
1291745961895657474
1291622905823088640
1291850292347142145
1291745217276784641
1291840799504826371
1291858355707928576
1291674445208223744
1291616483542474752
1291737300444106759
1291768641827020801
1291739847951036416
1291656741751599104
1291644309280903168
1291758061489717253
1291826576942944256
1291690623351824386
1291731240396238848
1291636292506267649
1291718564534247425
1291739721647955969
1291680015298506752
1291703072280936455
1291743223266902018
1291748589065175040
1291758864535375872
1291616294509240321
1291714457878446081
1291718345675476994
1291532699686113282
1291821249648373761
1291591155763818501
1291864128676597760
1291852569309061127
1291841747757273090
1291605307253297153
1291656314410676224
1291865630170374146
1291716002045136896
1291689291748265985
1291714748594167811
1291719925627846656
1291634286957932544
1291716012862316546
1291785009766989829
1291755466633228294
1291551240313348096
1291609172530933760
1291790148099858434
1291842125559222273
1291558987968712709
1291842842256703489
1291683416983863296
1291769822485925888
1291681201984610304
1291715146432356352
1291656674932031488
1291702339871670272
1291745720471412736
1291684471863902209
1291859862419394566
1291641998114463744
1291722376309243904
1291714076641558528
1291715738823282689
1291813533550772227
1291716152754933761
1291746785656999936
1291841506198913026
1291757433061285888
1291770325718503426
1291788719683510275
1291842453595664387
1291714457744355329
1291715550968713216
1291735260569513986
1291793900244471808
1291679225460580353
1291848759375269888
1291641996596084737
1291776275888181248
1291732001784041472
1291537979073343488
1291724270364692480
1291544359637327874
1291691569309941760
1291719931164336136
1291767649253416960
1291549544065503237
1291554695622864896
1291656851449405440
1291755199850217472
1291823924590845952
1291830220627095552
1291855901608087552
1291566539867594754
1291839125885157377
1291857375721328646
1291724713123864576
1291748586049478657
1291751364637470721
1291856973202427906
1291629648745381888
1291672198500028416
1291676709176172544
1291681155444604928
1291732617352622092
1291847508533051394
1291680483617595393
1291713202087235584
1291715471667007488
1291756028015652864
1291841154737147904
1291848076559298560
1291659958514221057
1291774306926592000
1291812256179724289
1291839783224913920
1291607424651218944
1291871743821275136
1291710366368530433
1291766053589065728
1291839037959999488
1291870802397323265
1291701280365260801
1291714751735660544
1291726722430316544
1291749602442522625
1291768606938877954
1291836431711830022
1291842767275032582
1291843004404240384
1291860467623886850
1291562959412457474
1291675378008961033
1291787047661969409
1291841417959084033
1291541383103348736
1291600024586125313
1291715261192712192
1291723395684536480
1291724974835806209
1291725837310582784
1291740882073419776
1291807875459932168
1291850020652711939
1291860037581910017
1291869376950534150
1291714874599444480
1291728867036745730
1291841059459342339
1291729674238865408
1291847008261738496
1291847650598412290
1291849775529234432
1291569096065261572
1291857860511637505
1291859919772278784
1291654879778344960
1291705655863078917
1291714272171622405
1291769860976971782
1291781997246001153
1291816675621445634
1291715639120474112
1291722535688720395
1291753886982836224
1291839983217778693
1291846640849104899
1291853656799805441
1291865589879726080
1291714709406846976
1291730305473273858
1291737743559733248
1291858989911887874
1291869383661441024
1291630151923453952
1291737852561305606
1291828813584830464
1291847464899809291
1291854288365531137
1291861576853655553
1291683019384852481
1291718694570164230
1291757360428482566
1291842357810388993
1291683461661589509
1291800200139411456
1291836738395164672
1291610459288809472
1291645547221311493
1291715750403637248
1291726223392018433
1291730118365319168
1291779024864382981
1291811624056229888
1291831982058545158
1291671421144518656
1291686750667124736
1291704891178659841
1291710352644857856
1291715827847385088
1291718009028063232
1291742713096937472
1291762705741864960
1291842565608747009
1291874689812439040
1291658206855528450
1291698903415390208
1291719810804527105
1291755855818510342
1291843202488598528
1291622556450070528
1291718167333568512
1291731102546235392
1291844461895602177
1291848978422800384
1291634084897226753
1291690552895909888
1291731240954015744
1291833977066659843
1291720750232145922
1291721408855384064
1291735850313752578
1291822671051862016
1291847745704275968
1291864046053072897
1291713200073797632
1291716813076811776
1291718925382758408
1291807934163410950
1291837770156007425
1291849095754264576
1291870656867504129
1291617480562089985
1291631913556467713
1291748431552286721
1291778225786552323
1291845548195151875
1291862439378792449
1291637701704183808
1291718478857216001
1291721359479975936
1291778494293319687
1291838535184592896
1291846276175335424
1291854388638765062
1291863780859748358
1291869128475709441
1291869187237978112
1291577638109224961
1291642241539289088
1291649049406447617
1291652114209484800
1291662018118852609
1291680371009085440
1291715705587605505
1291725903614169088
1291740620600553472
1291752655602225152
1291817140748791810
1291838550229622787
1291843041549058054
1291848492428779523
1291871748053274624
1291541591375650819
1291589347746209792
1291678932601888769
1291680986854555648
1291693061723107329
1291716379943591936
1291717495846576129
1291737449127981056
1291743398999851010
1291743448576544770
1291840432041791488
1291871782409035779
1291545502916521984
1291552137961381888
1291574630726205440
1291658281929314307
1291671675587776514
1291682333553299456
1291694873209380865
1291717511159975937
1291726289267810304
1291726772292268032
1291786914429841410
1291829645323595776
1291855386060845056
1291866259601215488
1291873999811739654
1291610443262435330
1291624077137006593
1291711218206552070
1291712013366898688
1291714457802928129
1291717906691166213
1291726537247555584
1291762147719077889
1291838714499469314
1291841837209190403
1291845320054321155
1291855071068794881
1291866074770702337
1291872306852171778
1291547122622500864
1291634618987212800
1291696281384099840
1291774877918212098
1291796701498478592
1291841716119633920
1291849130046783492
1291862692123291650
1291875189542846465
1291661056423743489
1291715209632059392
1291716690720555008
1291789543184662529
1291800575072522240
1291823221801721856
1291826334612815873
1291846464197427200
1291849652258705410
1291852613571547136
1291872018929987584
1291874006468120577
1291599958794067969
1291675339945644032
1291708258932207617
1291716219138080768
1291718904591593473
1291754769447559169
1291785651315249153
1291837431642296320
1291847111739351041
1291848981136527365
1291849751156187147
1291856573413851142
1291862684317691910
1291874032325931010
1291876268183617537
1291611568829018113
1291615054379405313
1291630128129290240
1291661817023025152
1291715945556254720
1291745499012370437
1291754790066716676
1291770631860756482
1291862996311068672
1291868422872211456
1291569757594857473
1291637703164002304
1291650284708679680
1291700708048330753
1291703548623847426
1291715090392264704
1291715277424656386
1291732073628102656
1291754577038061569
1291765020234338306
1291790573175808001
1291798763351101440
1291829950794936320
1291846541158813696
1291847723134705664
1291855833123495936
1291866813668700169
1291876606173163530
1291607672446484480
1291630152741531648
1291651321678921728
1291666179669602306
1291702471505719299
1291751663343210497
1291755683902361602
1291757791347187712
1291856403091652609
1291858968986423296
1291865103525187584
1291533869880168454
1291607427595542528
1291620588860116992
1291646651116015616
1291656854851006470
1291660776319705088
1291674287074619399
1291695430582099969
1291714849177833477
1291717189544927232
1291726486681145344
1291735855489523712
1291760245916672007
1291786619511623680
1291796604484308992
1291808907875188736
1291826450010501121
1291840162998124544
1291840711256682496
1291847570470338563
1291853208084676616
1291866848045215745
1291872893815709701
1291874091503357952
1291543693560815616
1291561022323666946
1291652801932734465
1291697659833655296
1291700235299938304
1291715716043829248
1291719497892716544
1291734994994499584
1291747173470736384
1291755718010384388
1291796458556084224
1291816379230945286
1291818684743385089
1291820977354158080
1291826446223187969
1291841548729098241
1291847123533795330
1291847611469697039
1291857955944574976
1291872959297200130
1291875405788479488
1291555413926666240
1291621295575175168
1291656335755444225
1291706908131254272
1291716561930276866
1291730854692245507
1291758497667915777
1291760620505911296
1291781151330168836
1291784399843983361
1291788728986406913
1291815121337978880
1291831592701353984
1291862809718984704
1291864210515927040
1291585014166171649
1291605351566057474
1291615089942986752
1291615406222987264
1291642294043541504
1291642735040970753
1291643100897726467
1291660357925244930
1291661305070395395
1291681924814114816
1291697226486550528
1291715724852035589
1291720751502958592
1291727072776388608
1291727129567268867
1291754978902593542
1291755981399973888
1291776113862012928
1291799306496860161
1291820227152547840
1291826807755481091
1291827868742418433
1291841544941535233
1291844727294365696
1291844800703062017
1291846720733827074
1291846908286324739
1291848927457746944
1291853322270498820
1291858785250750464
1291864411070758912
1291867968947724289
1291593347522596864
1291611277635121152
1291637702064971776
1291651122046918663
1291652721301495808
1291655535100604419
1291660507607433216
1291664949727694855
1291666046479413252
1291675510758608896
1291709424457977856
1291717847006220291
1291718084064161798
1291720364054257665
1291732073586147329
1291741180858859522
1291743780027211777
1291772699732250626
1291776005988921350
1291784796390273025
1291786683466125312
1291789047741001729
1291795781909917697
1291807004512718850
1291817032976142339
1291838158229909507
1291840259639128064
1291840301666115585
1291841682951020544
1291842770366345217
1291843553119805441
1291849686891081732
1291851611237539840
1291858723879747584
1291860419422846976
1291864594185674754
1291556767432933376
1291559080847450113
1291569788389675009
1291605733398794241
1291627849410019328
1291640218261413890
1291657918983675904
1291666034571665410
1291671209642426369
1291677967257464832
1291681329504018433
1291687071090958337
1291689690282827776
1291697493571514373
1291698097714802688
1291705569556955137
1291712736305582080
1291715138970681345
1291740103056986115
1291756014463864832
1291772782158774274
1291792866512117760
1291806378768596994
1291819492717273091
1291820058776342529
1291821720014381056
1291824497411096576
1291840587382095872
1291840787878207488
1291840880660418561
1291841169077436416
1291841184734883841
1291841642966798338
1291841678672887813
1291841757437665280
1291847965913554944
1291850220171599873
1291850282020806658
1291872217744191489
1291872290058141701
1291872385222742020
1291872421839085568
1291872493821624321
1291872594094886917
1291872770524094465
1291536327452827648
1291557992668827648
1291561468496957441
1291574788905766918
1291596178107359232
1291645712988606464
1291647013172310016
1291655971383775232
1291660514117013504
1291668856281411584
1291679225368412160
1291682369771102214
1291683003475927040
1291695925228982272
1291713798202679296
1291715200652120064
1291716136925573124
1291719210201239553
1291719497448030208
1291729044703195137
1291735460545466369
1291738063366955016
1291741027041251333
1291746769664188425
1291753265277829120
1291762272914878466
1291768268500459527
1291774031113461760
1291786226446544896
1291788132770287616
1291792095481602054
1291794466328719361
1291796285717184517
1291806312926294018
1291812755792699392
1291837056893804549
1291837941145317378
1291846578546778112
1291847866294599687
1291854127794991107
1291854443965816834
1291858986254372864
1291552315959255041
1291554656389226496
1291567670551347200
1291572370465947654
1291595811785236480
1291606244466274306
1291613794112647168
1291618018234175489
1291623871087550464
1291628138674491392
1291628293352050688
1291638714163175425
1291641273481388032
1291647768042319872
1291656158248407041
1291660848163958784
1291664805183598592
1291666089705955328
1291686775509811200
1291698212869476353
1291715980100620288
1291717097219936256
1291732493104807938
1291733664821383168
1291739327735660544
1291743400773865472
1291750956196143104
1291771252294721539
1291794349521620992
1291839783342182401
1291841259338969088
1291845181701062657
1291845332964446209
1291857796456226816
1291873809356685315
1291875780809633793
1291878345240649728
1291549641071304704
1291597436276936710
1291603677690630144
1291609756961046528
1291656841546600449
1291660508752424960
1291671920665137152
1291692259054886913
1291714104110055424
1291714724078456832
1291714767439175681
1291714781750202368
1291715810340331521
1291732862937464832
1291734421511516161
1291748810629292032
1291749485429903360
1291786463718313989
1291792321923645441
1291792430510071809
1291795387897073665
1291799014816403458
1291800131323428866
1291804255574274050
1291805639182897156
1291814965733621761
1291816467336437762
1291832445659222018
1291837925781573632
1291839028401250305
1291839952318275584
1291840010057125890
1291840478497910784
1291840569220698112
1291840755695325187
1291846693424693248
1291847135705653249
1291847611339677696
1291850403945095168
1291857167742640129
1291867831072698368
1291524458566627330
1291542755806773251
1291548215704195073
1291551309083160576
1291586334449164289
1291609769183186944
1291610445636423680
1291615279844167681
1291617839842037760
1291635688480284672
1291636314673209344
1291636854001893377
1291645188998418432
1291649712655917056
1291657461280145410
1291660052856803328
1291660353089265666
1291660445498171393
1291661295444525056
1291661609547505667
1291676709184397312
1291679422223982592
1291689644204142592
1291703202430308353
1291714880026873856
1291714930786304001
1291715273859502080
1291715399331979264
1291715544484327428
1291716953153900546
1291717719201656832
1291723208127852544
1291725027339984897
1291727609706029056
1291728298905608194
1291736320331702272
1291753464645681152
1291753546862518272
1291757249094995968
1291763635702956033
1291765271586365440
1291774100713672704
1291791501505245185
1291793692949467137
1291799389053296642
1291802030663774209
1291842466690347008
1291845975238221824
1291846008339681281
1291846057459097602
1291847062229856256
1291848724424151040
1291855018551894019
1291855356017221635
1291856435085807618
1291865423596707840
1291532012805914626
1291532660024713218
1291569757573980160
1291577151163191296
1291600738230185986
1291606047287840768
1291616814028529664
1291623876380766208
1291639617125527553
1291641742178095106
1291642248833228801
1291645489553846275
1291648686045433856
1291659657568804865
1291665384198684679
1291678818873286657
1291690215371874307
1291693587185446912
1291695055355379714
1291697948359897090
1291698101095260160
1291702499129401345
1291703710607908864
1291706675028729856
1291709415142428673
1291713123985100802
1291714445941637120
1291714592490627072
1291714735268941825
1291715054950322177
1291715541858750464
1291716168684916737
1291716613465677827
1291716874997313537
1291720752954212353
1291720928674615296
1291727078925242369
1291735850196369408
1291737816536416256
1291739623538925568
1291743882682802176
1291750953830539266
1291750956841852930
1291759534998986752
1291782350456729600
1291784944356925440
1291786596241625090
1291788697105346560
1291796250136846338
1291799837583835136
1291816406447730690
1291818125894324227
1291818611003346945
1291840520260648961
1291841569251876864
1291843206317895680
1291848229387153411
1291850078664241153
1291852814021517315
1291855616512843782
1291855909350670336
1291857272939970561
1291861874384998404
1291862698766917632
1291875337383575552
1291566820915322880
1291569753954246656
1291589902686134272
1291592403602870279
1291609246702985217
1291614793619701760
1291629747378823168
1291638689794101249
1291648744597983232
1291653603296333826
1291656689985433607
1291665754694320129
1291667900957446144
1291677212102537218
1291683270124396544
1291683862515417089
1291688095981723648
1291690324415451136
1291693073500639234
1291702508017131520
1291708671446200320
1291711361400147971
1291711663658479616
1291715826962309121
1291716908287393793
1291716974544916480
1291718078783520768
1291728787265196033
1291732554270289920
1291733317658779659
1291735970849665031
1291739918260199424
1291741667855343619
1291746932306710528
1291752933642698753
1291760069768552448
1291765519599755266
1291765695043305474
1291766049898139648
1291771661251993602
1291775338318630912
1291788784259026944
1291789291937509376
1291796131173851136
1291796253097902080
1291796829106065411
1291813633270456321
1291813994823446530
1291815863805517824
1291823202667311104
1291829586465034241
1291830220756901888
1291839982685102084
1291841643843395585
1291843967005360129
1291844447257399296
1291844743606022145
1291845080224018432
1291845319982903297
1291845369110974468
1291845873593454599
1291846517641351168
1291847145511944197
1291847268908380163
1291848898110201857
1291848927675809793
1291848971833487360
1291853385738723329
1291854917003608064
1291856651310510080
1291857391131262977
1291859999870849024
1291860419477245958
1291863653705289729
1291864194740916224
1291867292062699520
1291868861717983232
1291869106946351104
1291870462298001408
1291870485765148673
1291870543885590534
1291872475089960967
1291872755688837126
1291874205286506496
1291874260651134976
1291875152259624960
1291878656822968320
1291878828911013890
1291534274185834496
1291545091916673025
1291557333055619072
1291568325181550592
1291578573069983744
1291581078612742149
1291604986066083840
1291615203763859457
1291630152699514881
1291632245246177280
1291632668702998530
1291635229262667776
1291642476458061829
1291643568956809217
1291656037783699457
1291660353965678592
1291661412499181568
1291672666261291008
1291679365403684871
1291681464711548929
1291683434860077057
1291691047169531906
1291691181215223809
1291696170989948928
1291697309886099456
1291703300199452672
1291705396688822273
1291714361266974721
1291714990924275713
1291715852589563905
1291715871254118400
1291716232283119619
1291716570436296707
1291716624265994241
1291726780534071298
1291728956631257090
1291729160453357569
1291729582052253698
1291733281701015554
1291740572441554946
1291750957932359681
1291752566519402498
1291754980324638720
1291755590520393729
1291761371789627392
1291765236924592128
1291767841591615492
1291769095344590848
1291769304401293315
1291781419509874688
1291784921879588864
1291791910215077889
1291792264709189633
1291793094732644353
1291794761674825729
1291804637071319041
1291805088072245250
1291807571334926337
1291810929966034945
1291811425770512385
1291816882467753987
1291817065318408192
