1268997070746193923
1268967394036404229
1268974977723891715
1268954504617234433
1268986384204926977
1268981697397358592
1268900964444131328
1268969035875717126
1268980711706460161
1268967994467778576
1268998876360577024
1268935725615120385
1268947143429144579
1268872284456071170
1269030784989564933
1268962077323997186
1268952789243355136
1268961245694214144
1268957857669578760
1268993778989314048
1269009506408771584
1268965404266954758
1268984107486380033
1269032690201870339
1268921424946790403
1268993992613605384
1268958309991792641
1268970944980226052
1268897560653189120
1268952175289536514
1268872652061630468
1268996011352969216
1269033790694981633
1268987464032624640
1269013015665532930
1268970706676715522
1268985229882122241
1268894471321722885
1268998586458615808
1269048032131235840
1268834865417457664
1268982261245972485
1269010278215307265
1268978240334503943
1269013275280396289
1268983447332282371
1268985313831124993
1268952047153549312
1268977606793273349
1268948899873656833
1268935617674534912
1269016023530983425
1268956715401252872
1269004625975402500
1268941121427824640
1268943632897388545
1268955865857605633
1268944422068203531
1268976092540518406
1268883761153916928
1268998060132139009
1268961852521885699
1268951315956281344
1268996012879691776
1268940627443621888
1268988425023238144
1268977135525351425
1268871559726407680
1269000789068058624
1268975486773997569
1268969227052109827
1268968906833702912
1268960777748090880
1268967739470872576
1268967532951732224
1268955601289318403
1269000873688121346
1268814614508249089
1269012829627170818
1268965048820604935
1269046975049195520
1269032605107847186
1268997681252270080
1268968862407671808
1269029794135539713
1268965827921010689
1268920634379288583
1269020675089588224
1268779589209403393
1268966641024581633
1269000579529007110
1268885030127972353
1269043738170490880
1268967531961819139
1269044146205003778
1268965345483767809
1268987140781887489
1268992838420832256
1269040277500702722
1269015544428064768
1268971855479791617
1268937182166867971
1268953401049612288
1269032167629361152
1268987142719647744
1268975991663349760
1269031245104758792
1268950065009352705
1268992281887064064
1268907346375462925
1269023692346048512
1268967503931346944
1268804726692499456
1268910850443808773
1268960536802332677
1268834918613819400
1268923873866715136
1269033903370768384
1268975877234110464
1268992264845570049
1268958289498451972
1268888599711358977
1269041949492772865
1268803570096320518
1268976147854999554
1268970829565607945
1269030340363943939
1268928063321993219
1268939718135349253
1268996512203374600
1268884172795502593
1268904923388919808
1268971021278883840
1269019832164499456
1268931447232094214
1269009520514207747
1269033003704913920
1268918658404925440
1268965812468985857
1268984083255824385
1268924287924068352
1268972276596252672
1268909187896995841
1268998403792478208
1268897734402195458
1268962125801816065
1268964153198284801
1269005045250560002
1268962010617860096
1269009996722900993
1268966579464810496
1268972151161401347
1269031036568113154
1268939027882881037
1268784353515053057
1268987274336841728
1268883258328133632
1269007334585634817
1268973394818732040
1268856165141753856
1268892541153353733
1268934397300006919
1268975273766260737
1268977786422734866
1268982897584766979
1268888082511794177
1268859857211478017
1268996132610457601
1269013173585223683
1268973755990237184
1269008519136763916
1268843309180555264
1268996010702827521
1268985905534164997
1268994751702982657
1268837055628533760
1268902089746415616
1268930197044244498
1268954486824816640
1268969055496613896
1268886523090436096
1268965933223198720
1269013973367762944
1269022838935228417
1268967582444519427
1268893370266550274
1268901638280040448
1268931308769677312
1268975468994334723
1269037844829540352
1269042489287225345
1268740684498026496
1268932817389527042
1268955127995682817
1268987201888518144
1268993119019819009
1268916910550368258
1268972249723342848
1268975836578951168
1268851624807739393
1268936145594994689
1268962035980738561
1269017923185790982
1268833729293824002
1268955654728953857
1268957760969940998
1268979633929814016
1269010332883787776
1269044217642397698
1268713447010840577
1268729297835110402
1268802884277358593
1268949546081701888
1268963392355815424
1268963453559070726
1268967285303148544
1268974687587110912
1268982616184836099
1268982414996537359
1268991977330225155
1268998154680139781
1269009851084046336
1269011772251484164
1269021136622358530
1269026179673194497
1268940756884078598
1268955446322356224
1268968246109261830
1268968350949965824
1268975668194414596
1268979838775431170
1268983220143562752
1268805345880801280
1268886033908862976
1268982092349784064
1268991820140347392
1269012048043802630
1268826551413624835
1268840160051056642
1268862941673205760
1268885315151855616
1268895584896892929
1268943330794262529
1268949567367794690
1268956148234887168
1269028978305662977
1269036884128337920
1268968882842329089
1268990976741302272
1269005341657829378
1269015727899582471
1269028601376227330
1268886211545923588
1268888121413898240
1268970337741537284
1269002676710387712
1268944983027040257
1268971842280329217
1268979885135011840
1268924288079245313
1268974002141310983
1268974663146835969
1269032127015911425
1268962363966963712
1269003215485501443
1269044854077546497
1268873547864256512
1268912646058848258
1268956949036650498
1268758511602843648
1268962810106654721
1268970079271686149
1268994714574831616
1268995425668825088
1269034718227574784
1269038783359565828
1268971850870095874
1268891306413219840
1268903381105606656
1268975128408469504
1269005460671258627
1269006076285980672
1269030673567952896
1268899255638466560
1268950901869379587
1268955129547497478
1268968680479752197
1268975810762997760
1268985968226381824
1269030273494200326
1269036773532934145
1268950572243267586
1268953077933117446
1268972645409792001
1268996023898320896
1268944481166000132
1268988460381220866
1268807266179768326
1268977319860940800
1268977527667806209
1268980655658065922
1268990565015748621
1268999003103952896
1269018904778739713
1268852691498827777
1268984778285625345
1268988322220777472
1269004953005305856
1269007738014662656
1269012132009594880
1269026257192267778
1269032710087081984
1269036533232873473
1268890532035559427
1268973362476351494
1268977825828286464
1268982547687620608
1268988176577769472
1269009538629410816
1268739334968168448
1268948522713460744
1268953228042895364
1268954035849179137
1268994071374245890
1268948946463883267
1268950279216660487
1268965812267888645
1268983317124263944
1269008264639000577
1268955941694824449
1268959565472768000
1268969045661028359
1268982713610108930
1268997183656919041
1269003652544573441
1269013562632126476
1269032760573820929
1269041400961814531
1269043467814154243
1269043955880079361
1268709178362728450
1268845914439004160
1268858572324196352
1268904114341150720
1268939628943376385
1268968101187588099
1268979013420269568
1269003621154394117
1269011110436446209
1269031274473312256
1269044305341165568
1268929922053087232
1268937727757750273
1268947319094943746
1268954213083725828
1268962831782817795
1268972574022807552
1268980912093458432
1268989422348972032
1268990976829227009
1269029988428386310
1268760215530475520
1268954796356239361
1268966269103026182
1268966355178598401
1268967637725429760
1268969016158232576
1268976180918652931
1268995608490258438
1269003561406328833
1268844944577507333
1268988461031227394
1268998400579682306
1269038380614066176
1268896831100071936
1268897659835887622
1268948748819927043
1268960777836400646
1268961963561934848
1268967478480252935
1268980913284583425
1268991003534524420
1268998381512376320
1269014414159642627
1269042746842464257
1268885442352603136
1268944158619840527
1268971182818238464
1268976558674522113
1269009926728409093
1269026386200666114
1268885358453968897
1268901290714726400
1268960051714236418
1268993316634480640
1268835451965595655
1268849381547167747
1268886380832337923
1268961232054255621
1268965815161929729
1268977561415168001
1268986088502280194
1268996348822552578
1268998649700397057
1269009366973382656
1268739436315127809
1268754503693750273
1268889095473958912
1268969518480703489
1268972102406864896
1268985616047509504
1268991747683737600
1268998386268725249
1269026492283080708
1269035366994128899
1268795942087520256
1268813388500647936
1268814903193862144
1268872697561268226
1268875216278523904
1268913980707426308
1268925545749843968
1268929610558967809
1268934412928012288
1268934614585880576
1268950547685662720
1268965294061555716
1268974741886566402
1268976942252019715
1268995939747889152
1268997084671356930
1268998226025353216
1269015552271552512
1269042856871821313
1269043832596938752
1268809180825165824
1268830819914842113
1268962499379986441
1268965813517598720
1268968961951047680
1268971149259616256
1268974290462007297
1268996595657388033
1269002661048786945
1269015521590157313
1269036153241559040
1268872706684071937
1268886152561508353
1268932474677141513
1268958261681799171
1268964870495571970
1268967961144053762
1268981892923166721
1268988045476364289
1269011115201175552
1269015541563326464
1268741543772512256
1268944339054366720
1268950036370653186
1268952021538869248
1268958201271259136
1268969044436271107
1268969489070252036
1268986590598225920
1268994631452196864
1269003654943686665
1269006076265074689
1269036989132742659
1268792628851757056
1268899954531106816
1268925468146892801
1268960822233108487
1268962046307164160
1268965817246527493
1268965922393534465
1268966856817348608
1268971555742244865
1268987578813947907
1268993217502068739
1269022295374397440
1269035014387388422
1269037777930215424
1268802233006788608
1268884825798295553
1268925270486122496
1268962366064115712
1268966075737260036
1268982627412869122
1268989956132868101
1268990645311602688
1269005193510821889
1269007944949080067
1269008412894953472
1269021112136015875
1269030479635890177
1269045285528969216
1268724441946697733
1268847663761539073
1268848232752394242
1268860114410393601
1268875524065067013
1268878988790857729
1268901705439117316
1268951498270146569
1268978618153275394
1268980912693313539
1268989134456213508
1268997486154260485
1269034512685715456
1269041309517398017
1269047928838131714
1268777222191677441
1268793037934792707
1268809782707712001
1268822427594825729
1268853480875266048
1268877753086095361
1268897050621612032
1268910720877506561
1268949331345903616
1268950976469311490
1268954020787490816
1268961637375057925
1268965836225761282
1268967602954567681
1268968513286352902
1268968939981283334
1268972756676349952
1268973756539699201
1268977777237209093
1268985825590751232
1268987618299174917
1268988618024062977
1268989987103612930
1268991010706767874
1268993725159669761
1268996534693007360
1268998410943815680
1269001549314961413
1269003559531499521
1269003599641706498
1269012903040032768
1269015895847964676
1269021929870065665
1269032622837170177
1269033231934017536
1269034600417898499
1269035279165394944
1269037527836569603
1269037652461924352
1268827053333282818
1268837721151332353
1268844153343000576
1268861893382373376
1268878882897264641
1268897865193197571
1268921543716941824
1268922659095576576
1268925364920889345
1268930747035013121
1268950958526128131
1268952309037481985
1268954635332550656
1268960668566327302
1268963340627456002
1268963638683066371
1268968327600377860
1268968574321856518
1268973407481323520
1268973473487036416
1268979812670021633
1268984471304523776
1268984571229503488
1268984862465232897
1268985754207780864
1269004349587574785
1269012708428582914
1269030963373395974
1268883324208140288
1268929992425078786
1268948722584621059
1268964404713979910
1268971471227039744
1268974636924055553
1268980913406382081
1268981819279585280
1268983683077353473
1268986548797804544
1268994727162064901
1269003734224429056
1269005194249060352
1269011191722127360
1269012106847965190
1269025298881941508
1269031446766813185
1269040784768143360
1269043133351956480
1268819728103092225
1268843756670922763
1268876394018353153
1268876687351128064
1268917871339614209
1268951034170351617
1268953300684152834
1268953336658657280
1268957451820380163
1268959623190642690
1268963799480045575
1268964201596321793
1268972209567039490
1268974934447063041
1268984100918099970
1268987526234193921
1268991077178118150
1268993369700786177
1269020221236555778
1269034374764335110
1269047751309955072
1268777735746396161
1268831764518260738
1268849351889223686
1268856807633682432
1268868592239591424
1268884048409214976
1268884273173594113
1268889600535248896
1268913563927707650
1268950711955488777
1268952877185327106
1268964742216978432
1268965522298847237
1268972523640762369
1268975583637254145
1268981461404786688
1269008614536208384
1269037165402640386
1269038372665929729
1269039757755133953
1269040733261971456
1269043733015732224
1268866772729462784
1268873453513433091
1268893596461211649
1268949177461080067
1268968010359934978
1268969892755226629
1268970844161597440
1268971592165490688
1268972765685702661
1268982505257996289
1268993179514220546
1269000383952752641
1269036615143489536
1268839547212910595
1268860130671710212
1268868654487212033
1268870164554100736
1268888913139175424
1268916737941966848
1268951792899022853
1268958534563135488
1268966112575795201
1268966542269714433
1268967213639352320
1268972201996357632
1268973385901658120
1268974884887150600
1268978480500400128
1268989215284609033
1268995826556207109
1268998002473152513
1269002491615682560
1269012403099963394
1269027766038642688
1269030391698112513
1269035051452424196
1269035828954697735
1269038023863394305
1269041157247467527
1269041364500656129
1269043824900272128
1268838250095030272
1268847197082304512
1268870055560974337
1268870117418508289
1268877895260426240
1268883131421122562
1268886538898857986
1268902682674290689
1268909580215619585
1268951471514501120
1268954926778064900
1268964115457990659
1268966277747531776
1268981165194727424
1268984985299693569
1268985943614242816
1268987119101411332
1268989876482998278
1268997430974001152
1268999557628780544
1269033366344564737
1269033440122482688
1269037112130748416
1269041967746494465
1268760385391337474
1268862634352353288
1268897273083297793
1268907334195204101
1268935538758889472
1268950453544460289
1268951892249522176
1268956795059478528
1268965861597024256
1268968486933540866
1268968944968380418
1268969276456734720
1268974929871097858
1268980239461494784
1268980366842507265
1268994843142959104
1269002102732455936
1269004736931549187
1269032336907210752
1269033233477500929
1269034247223939077
1269034431467204610
1269039706370686982
1269044652684062722
1269045237193887745
1269047096499302401
1268804638540730368
1268858265045209088
1268886181024010240
1268901638099566592
1268949214844854273
1268950689620930564
1268953475272118277
1268959256138702849
1268966263059087360
1268973262270353410
1268973497889546241
1268983427111333890
1268983589934424065
1268988569072414720
1268988815089242114
1268990101624893441
1268993984002699264
1268994249594474498
1269014118507438080
1269018343312416777
1269031261621956609
1269031624051773448
1269031962334953477
1269037270247575553
1269039257194237952
1269039746338238464
1269042347167363072
1268765764963700736
1268769518484172800
1268868025131896833
1268882779447705601
1268886513695285251
1268891831049338880
1268905698248790019
1268950712504823810
1268951086561443845
1268952768464764929
1268958536362594304
1268968044254113794
1268971022687993856
1268971145958764549
1268971680803827712
1268974456795541504
1268975538280038401
1268979772476055557
1268985880020221959
1268987184817856512
1268998063500165126
1269013108414009345
1269021269988605952
1269030533205458959
1269037533431771137
1269037856334532611
1268799493211918336
1268877821130223616
1268899305693347842
1268903747222036482
1268912707899703296
1268915003190661120
1268930723332882432
1268947912836472834
1268951052256190464
1268955306639470593
1268956860452868102
1268957404844130304
1268958931734401024
1268959492512919557
1268960777630707714
1268970844140666880
1268976726173986818
1268985290514927617
1268987399977254914
1269002813335535617
1269004818229542912
1269005791920521217
1269034951799910400
1268700688772726789
1268814816824766466
1268836126707593216
1268858349371756544
1268873452502515713
1268877667207729153
1268895924983681025
1268902273289076736
1268912923746996224
1268925748678733824
1268933255824314368
1268949704890552320
1268962190717071361
1268968722288517134
1268969899122216961
1268970502913220617
1268971813197025283
1268971879395733504
1268977478665744384
1268978456701911041
1268979794064048128
1268980744984113152
1268984112334995457
1268984631937900545
1268988500738748422
1268988523148972032
1268990092242227200
1268995360699154433
1269014813277110272
1269016142661615617
1269026210803101696
1269029182916485120
1269030429350395904
1269032907550662656
1269040678262243341
1269041418363961350
1269046341520539648
1268718034996342786
1268773309312913409
1268786010567000064
1268847969970860034
1268850609601609729
1268855628958773250
1268857620015779841
1268868922805153792
1268880595460993031
1268901362726850561
1268913878051799043
1268918094459699207
1268950055400153089
1268950214569836544
1268955744604499976
1268955774555951110
1268970747239825408
1268970844145025024
1268972775051530246
1268974240176496646
1268977102596067329
1268980289721810947
1268980981739945985
1268988773297262595
1268990761632137216
1268993069879365632
1268993381528670210
1268997400787591168
1268998010991792129
1269003625998811136
1269005002309337088
1269006096716517377
1269013122804785155
1269017373941673984
1269017514069106688
1269021175667015682
1269032954136801281
1269046966685581312
1268700210986987527
1268754417937002498
1268815213949829120
1268848047611576322
1268849630449721344
1268856807222661122
1268864897565306880
1268867664484720640
1268882852948606978
1268883166208630786
1268888757064867842
1268893390642581505
1268894088641646592
1268902838207463426
1268909188190744577
1268916276501590017
1268932524455211008
1268953438429249536
1268958262717808642
1268968712406695955
1268969222182506498
1268971655839256577
1268971794783965192
1268975566138552322
1268978154552647684
1268983918533005312
1268983931388473346
1268990070964576258
1268990617985695744
1268994198117769216
1268994319475781638
1268996229700206599
1268999981542801408
1269007658020896769
1269010028184457218
1269016342759424006
1269023573588525057
1269028685719523333
1269029436013281280
1269030007764115456
1269031114708004864
1269032871353876486
1269033120122241024
1269035840212275200
1269037292838141958
1269037778857111552
1269038085033078785
1269038794659049474
1269038960619261954
1269039070417760256
1269039454607618048
1269041107695996930
1269041329088204800
1269041710446895107
1269042931681431552
1269043233377660933
1269044378674184192
1269046086808801281
1268779048500629504
1268793276125102080
1268794343516667904
1268802711857872897
1268812013486178304
1268829671178801153
1268835905994993664
1268836886954618882
1268883963558408195
1268884443558817792
1268892921778114560
1268900408094871552
1268902860072325123
1268907435756064769
1268911530822602757
1268916029159280640
1268919416135331841
1268928726756143104
1268942108716683267
1268944033973501952
1268944357425586179
1268948654854995970
1268954861514772489
1268955173474492421
1268959013410091010
1268965872418373639
1268965902961258497
1268968631075057664
1268970977523793924
1268971093970366466
1268971107757043721
1268972024019509248
1268972165266845696
1268973362937659397
1268991122329698311
1268994641753505792
1268997771505340417
1269004214858133504
1269007764422111235
1269014952339259397
1269015007557292032
1269019678762033153
1269029838104510467
1269030566126596097
1269031242239860736
1269035323008352258
1269037421271769089
1269041311413387267
1268696789122715648
1268739348884860928
1268799720140312576
1268825574681784320
1268829171083591680
1268855081274707968
1268865686706798594
1268876237461770240
1268889792445628418
1268890594862120961
1268904384953548801
1268919941442535429
