1246385424924381184
1246466175359422464
1246432524622012418
1246539026036862978
1246554339923185666
1246524849498939392
1246432332103516160
1246529581231808517
1246495355950239744
1246490094531481603
1246445836688601089
1246460246136098822
1246490625350008835
1246471731012919298
1246495261666443264
1246473183009689601
1246539918706462721
1246418282846072832
1246549678356914187
1246533684724994048
1246480650997321732
1246443496229220353
1246422962460393473
1246504098964234242
1246521111749300226
1246343910240194560
1246476989902524417
1246496901253476355
1246430552489672705
1246446951861805059
1246549480188633089
1246389288008323072
1246425094567723013
1246468820249739264
1246559531917852673
1246478207764893697
1246553941631995905
1246478437889585158
1246541531319865346
1246576403115651072
1246345017217748992
1246544219675688960
1246420446356086785
1246421599546466304
1246353971880562696
1246467734654812160
1246467771224993794
1246449415910555648
1246469198290829313
1246471773408972802
1246445594417205249
1246444631346368513
1246558203128807426
1246509904006991873
1246454053477003264
1246512787301568521
1246530449914114049
1246542894808412166
1246460772336701441
1246545578386841600
1246448295716757507
1246457786533380097
1246475219742543874
1246566956951633920
1246548127580139520
1246480325087244290
1246516637534060545
1246530270314012680
1246554925053759489
1246229765989728264
1246417564932214786
1246574545777065984
1246484056428208130
1246546751408005122
1246475574178205697
1246539335484219393
1246458551620505600
1246423045918601217
1246467567407058944
1246472106868723724
1246488038840164352
1246470885806088195
1246561181806006274
1246527800691118082
1246343937742327809
1246548224892121088
1246482370225672192
1246469448292274177
1246504430339534856
1246556268975788035
1246562227248914433
1246296673518747648
1246418031783354368
1246383345380012032
1246524187415441408
1246573302648315908
1246464514347937792
1246527063860875264
1246480485636886529
1246567219917660162
1246530998566817794
1246552699543396354
1246371888651272193
1246493429904875522
1246547165406732290
1246495549282562049
1246251294903472132
1246558761172504578
1246519245510447106
1246550611765669889
1246484365217013762
1246492730160635909
1246518357270069255
1246553930735276032
1246572735180025862
1246444411204091904
1246548593932210177
1246468551105544193
1246478449243492353
1246486660684095491
1246543063066890240
1246537965460951042
1246569852086747148
1246552301973749767
1246387696869793793
1246396167681904641
1246552495867990024
1246494310331228160
1246541242651082760
1246384507307130880
1246546073004507137
1246506240613789697
1246564978607489024
1246433729205211144
1246546268815572995
1246526035530833922
1246543317153787904
1246417771484848129
1246542809949065217
1246558191602860039
1246573313310195715
1246495387344568320
1246498637506641922
1246244079698132993
1246471743411310592
1246572037503692800
1246541538076876800
1246547600851025927
1246492476933799938
1246490814668210179
1246472597707149314
1246390164106153985
1246479264289034252
1246300693822136320
1246445267873927169
1246453607072968709
1246497435951804417
1246448072353292288
1246454968783175680
1246556260826300418
1246558163006042113
1246291681982451712
1246487724590276614
1246551838528360449
1246396809217544192
1246455074215399424
1246568001085870085
1246455029898379264
1246457937545043975
1246494153913098241
1246538028685750274
1246571239386292232
1246447939440062466
1246475114184507398
1246533254884311044
1246543063624716288
1246570295974154241
1246489383760474116
1246492898394345473
1246472953711210498
1246506259815239680
1246542507703447559
1246564230473580545
1246433851485937666
1246502833404379137
1246563855972655109
1246437597636935680
1246575480066715649
1246497936671936512
1246458272393170949
1246462530962116608
1246492782774177794
1246540490264186880
1246228826591571969
1246552700545884166
1246342560127336453
1246497794086645765
1246540130040545284
1246548892688285707
1246376092614746113
1246460902255333376
1246487696920449025
1246571687681970179
1246470236741787651
1246473747063848960
1246505234131832833
1246449475331207169
1246518972880748544
1246539713495867393
1246298953114509318
1246448714455158785
1246473764130492416
1246460072903016449
1246481033291272198
1246491556179333128
1246556104340930560
1246558491155800065
1246295020078063618
1246352449541148672
1246400313575211008
1246383932481982467
1246424525350330369
1246560011473563653
1246544320192073729
1246549652624879617
1246555003994566656
1246240563055206400
1246355725309423616
1246441154708680705
1246464063833546752
1246471886667689985
1246463382217203712
1246470081015615488
1246435722082615296
1246498724886478848
1246528639342084098
1246538603427176448
1246485980594479104
1246539486282100748
1246554710917734401
1246561936122286084
1246448941165621248
1246522929078206469
1246569460179312642
1246484425489166338
1246434848685744129
1246458288604164098
1246466626607812610
1246449340031385603
1246491966306750464
1246375099592212480
1246423239678664704
1246470609778991105
1246511882015576064
1246525445597581312
1246459655783579655
1246544823374544897
1246474118079434753
1246482083100450817
1246546857863434240
1246473100813692931
1246534422549139457
1246567416160751618
1246271516372844544
1246467568036204545
1246536254725865473
1246572000447025152
1246573108665991171
1246427458930384898
1246452347196379142
1246458732772548608
1246530478821146624
1246550611857829888
1246423163719815168
1246438031302811648
1246545312187121664
1246557291018620928
1246574323197972480
1246452468411662336
1246468717342593024
1246512863692427264
1246538028664999941
1246547476326363136
1246245470508285954
1246436782251692032
1246483210697150467
1246518110628327424
1246542401268834305
1246544856136200192
1246564936236621825
1246367878057779201
1246490676692385799
1246415927706636288
1246539286725275648
1246566372068425732
1246425839715201031
1246466385846382592
1246471182150443009
1246321885018763264
1246359085085339648
1246417613506347010
1246514116619108355
1246548095027929088
1246554326383898625
1246558962704678915
1246345279520927744
1246410435458408449
1246539784782258179
1246572499464306691
1246444928089153540
1246459171438018561
1246468756601176072
1246529220848672768
1246545536733282304
1246553987442081797
1246572810497150979
1246378467446439936
1246452352367972352
1246509652856262658
1246541574726651906
1246543233909428226
1246555968437211136
1246476145283010560
1246437535494082560
1246480488014983170
1246548806495281153
1246549828953399296
1246352791087411207
1246457498048970752
1246490261435408384
1246502796439904256
1246533498673848323
1246543062001565697
1246544504724824067
1246546416148926471
1246505313647226880
1246545410761601024
1246519989051498504
1246570299371524096
1246572301690245120
1246414927004348417
1246468440069672960
1246490214408822784
1246543943346642945
1246280546893824008
1246479802120523776
1246493590647431169
1246542685063839746
1246551259089379329
1246423808594137089
1246469193463205889
1246533399369703426
1246533709542699009
1246542872477827077
1246575223182426114
1246455692082454528
1246479944860995585
1246480158959288321
1246494162138157056
1246538667637735431
1246561531946565633
1246570918371082240
1246576080120696832
1246336570690584576
1246448504416931843
1246449948121587718
1246458071884464128
1246475114276745216
1246481033408765952
1246552746045485056
1246571397167661058
1246576869211869185
1246330576128430080
1246463090981552128
1246540732267139074
1246547371909173250
1246573262600978432
1246458756122189826
1246507860386856963
1246514237192708096
1246534948095430658
1246544506146652162
1246558888671002624
1246376810079752192
1246442686753669120
1246507813968523268
1246540884704886784
1246542889108332544
1246543064597815296
1246550611828576259
1246553380580929537
1246575696937451522
1246519154296922113
1246570646383058944
1246493444824092673
1246498859590791169
1246549048691232769
1246552738013601793
1246568208301162496
1246429307154468870
1246437228932403200
1246445477769420801
1246460519118188547
1246466195450191874
1246476225507450880
1246509299813187584
1246512312758022152
1246539152792915969
1246555687183880193
1246577242865573888
1246231202769616898
1246473855675314176
1246494668180918283
1246499262789234691
1246515523057324033
1246543867513581569
1246566210403254274
1246577035507621891
1246578103662641152
1246260506622603271
1246466232603344896
1246477701424259073
1246537942589419520
1246550283599204352
1246551957298446336
1246570749323853825
1246423317105557504
1246456120283144193
1246492438526603269
1246530527957594116
1246569402448912386
1246572375157755905
1246347926802227200
1246357488112459776
1246368740075278336
1246412778488938496
1246470302059683843
1246510060198604805
1246527963547369472
1246547641640587265
1246549913556656134
1246574519118159878
1246371888655466501
1246385845264961537
1246437366941667329
1246438428532781059
1246460054842355712
1246472611527299072
1246473724905259009
1246519644061564930
1246540325205807108
1246541739088908295
1246542031142387714
1246543251051548678
1246548980181487616
1246552261943328769
1246564269950488576
1246565711461462021
1246425000690831366
1246442941381558278
1246461200566714368
1246521893382995968
1246530445422067713
1246316671113011200
1246441140233986048
1246475723130515456
1246500279945756674
1246514511122759683
1246518399259365376
1246520413091508224
1246537268506038276
1246551585645383683
1246553134748631041
1246573366645063680
1246344767690203138
1246432813282471936
1246455717365719045
1246465451997171712
1246466994758656001
1246505313454436353
1246548406593638410
1246573655162785792
1246365755429568512
1246480576237928448
1246504303457599488
1246527419047202818
1246538592706576392
1246546463292821505
1246547292624125955
1246551710555914241
1246553501414678535
1246562636495499266
1246349006244061186
1246392146372026368
1246403597392318465
1246456239967461376
1246481111733219329
1246495473638219777
1246538864002584577
1246539405885669377
1246540252434530306
1246540326518521861
1246544399795924992
1246553144391237634
1246570530859372548
1246295549256572928
1246368181767360512
1246433590369382401
1246435224080257032
1246451408431452161
1246507202946519043
1246572990755737600
1246229285918121991
1246335543249641473
1246462171711758342
1246471165020983299
1246471970155311105
1246490931429343239
1246512749578014720
1246540277797568518
1246544461167034370
1246549973820493825
1246551217507090439
1246578114483937280
1246375320745381888
1246446618968231938
1246459600657842176
1246519893304004614
1246534028817305601
1246543722885582849
1246548598180859904
1246553108580311042
1246555469797363713
1246560236749668354
1246565307747049473
1246347773382983680
1246352168929636352
1246375810384232448
1246442901841670146
1246446323295019010
1246464424602411009
1246491117845127168
1246491485022883843
1246496385727377408
1246508693165924352
1246534063218929664
1246538590877777920
1246553354416926721
1246554806631698432
1246567246199218179
1246574812228726784
1246447780639498240
1246448689956061184
1246455657219448832
1246477922199908367
1246482020664049664
1246534024740450309
1246541127358058502
1246541322976202754
1246543203857203203
1246558869477826560
1246561084590510083
1246573101925744640
1246575794933108742
1246452048465461248
1246460913173045250
1246476133719314438
1246485621230768128
1246493172580208641
1246508070068518919
1246533129449484291
1246543061577940992
1246551285215756290
1246554538275831813
1246556544650678278
1246564364875948032
1246572773402652672
1246377135473860609
1246429816565436418
1246431087997456385
1246467905434370052
1246491450222817280
1246513247752269827
1246538050081042433
1246543694746001409
1246558515755454465
1246558577675862016
1246559867260866560
1246560929086672899
1246575655447400450
1246577253120688132
1246353729902739456
1246432437518958592
1246433669545426947
1246447137753358347
1246488916179509254
1246504247908282368
1246535510174171140
1246540545125576704
1246544918060859392
1246548041739505666
1246570119616180225
1246573261892149249
1246263639948099584
1246370218663915521
1246398994382835712
1246401724824326150
1246404408281313280
1246448675607449601
1246457498044948480
1246468119926800385
1246481082125516807
1246485115095695360
1246487332791910401
1246493064539111429
1246528077515153410
1246531737112338433
1246543688928559104
1246550764174086148
1246553298305454082
1246561312819146752
1246564961381486604
1246573260642357252
1246579123750932480
1246233522655956992
1246297649327869954
1246349642968727552
1246464014881783810
1246471892791410695
1246477167564918784
1246510572218265602
1246528775124389889
1246537771679875072
1246550663556980738
1246559791079661569
1246561438191292418
1246567069266706433
1246382410222243840
1246412049296568320
1246430061999292417
1246435301351972869
1246458001386422273
1246461892106870784
1246487560278421510
1246545668535132163
1246549215049900033
1246565711259918336
1246570402043887616
1246352776059392000
1246438344797585408
1246442854307823617
1246444915732754432
1246453990914584576
1246471807496065024
1246476403983384578
1246497763623346176
1246505519772241921
1246513135709798401
1246517442358251521
1246522136510029824
1246525065270677506
1246538945531445249
1246542826546114562
1246544481089880068
1246551001500352512
1246555093295435776
1246564734129836032
1246571576365121537
1246363135948263425
1246489404518076418
1246513734857752578
1246515932677246986
1246520225396404225
1246530142605901830
1246532995508469765
1246558163207364608
1246570582554095620
1246573188705853441
1246229695005429760
1246240631644499973
1246313037105111040
1246348705227251713
1246369589858054144
1246412193249320960
1246439421651701761
1246476849607258112
1246524099486273537
1246525073038729223
1246532110174892035
1246542780744286211
1246551802549542913
1246552281581002752
1246552351579799557
1246557536041517060
1246564551367196672
1246573261363859464
1246578766081638402
1246317289634398208
1246403298736955393
1246449299388534784
1246449948268187649
1246456578292830214
1246470793149722624
1246482412156010496
1246482663692623872
1246485940979236864
1246501557601959941
1246511290790694912
1246525486383104001
1246540141453357056
1246543995641245696
1246545549567852550
1246550103587946497
1246552711061016576
1246568140210831360
1246574281523433474
1246409443929141249
1246414651937771522
1246433572413734913
1246439266907041792
1246444139274739716
1246466719780163586
1246491057526919170
1246494023168204800
1246496701566922752
1246513261517983744
1246528884050407425
1246531702681460738
1246535511960891392
1246540059945435138
1246543327782191113
1246553783078989829
1246571572602822656
1246573779079200768
1246577909785075718
1246338944771424257
1246374460334227466
1246459492449034240
1246459768585293825
1246465385991413767
1246472050635673601
1246484568103845888
1246494001483653120
1246520361979699200
1246537940559376384
1246539719959351298
1246544577747697664
1246544743686955008
1246552189255979009
1246559124638388225
1246563194438549506
1246576805441671178
1246335400865603584
1246430960121413633
1246435285862318081
1246437998767546368
1246475075102130182
1246494390652198914
1246522607266074625
1246538058884882432
1246539257029840896
1246545690710413313
1246545942989455361
1246550611333492737
1246552635655716872
1246557168515637258
1246565711562117121
1246573800931700736
1246578704525991942
1246341453527298051
1246349164272902145
1246399079787245568
1246420460683890689
1246447207559172096
1246448438205538304
1246456376731320322
1246476107773292544
1246476718992433153
1246478210537336835
1246485556982407168
1246495848630009857
1246530209328873473
1246530439080271872
1246548353279762433
1246568563340689410
1246570972028776449
1246571005021163526
1246572014007132160
1246573294305914880
1246573436450807810
1246578573890248706
1246322485341061120
1246381014152294400
1246400526654242816
1246429960237006848
1246431766853935104
1246444973098250241
1246447063782641664
1246454495112019969
1246455639087493120
1246475114843181061
1246480397313196037
1246481175834697729
1246485284923084801
1246490863552933890
1246510443142828033
1246521077523759105
1246537771885432833
1246541120651309062
1246541358980096001
1246544196460306433
1246545788554981376
1246553195356225537
1246555086005972994
1246555644615749632
1246558465612550145
1246560171100442625
1246565711033577474
1246566917030252552
1246567381058514944
1246569485798191104
1246570305281294338
1246573316409884673
1246371888651284481
1246427595035627522
1246431990062211077
1246438921111822344
1246439388583620611
1246451085490995201
1246454236990386182
1246457127230636032
1246466671281426432
1246467078720311296
1246471807647059975
1246472011611766784
1246482743258763264
1246487697008533506
1246491796248702976
1246497550800125954
1246505982051717128
1246509591321591808
1246510734529478656
1246511777254379521
1246512863662899201
1246538228057980928
1246546266030583810
1246551208040509440
1246551329637531656
1246553816041959425
1246566168992854017
1246574423303507968
1246297164231442438
1246315704523128833
1246321170548432896
1246325530221318144
1246340120472702977
1246344062539640832
1246405331649007616
1246412312858243072
1246434617130921991
1246473765615292418
1246489968282910723
1246491672705478656
1246500010293788672
1246508584495652864
1246510848903872512
1246513902848020480
1246520319227109377
1246526039737741315
1246527336343842817
1246528997686677505
1246535935052955648
1246535993710215173
1246541410691620866
1246545578529558530
1246549204459311104
1246553904483098625
1246554398236573697
1246565056327843842
1246565512047472642
1246568227506978819
1246571277659377665
1246574057828634626
1246578516105166848
1246330689206788096
1246370043044212737
1246399108434333696
1246400890229186560
1246401832550830080
1246422715067662342
1246444451007991809
1246446155879321600
1246461417496117252
1246467565334847488
1246468864852013056
1246477438055481346
1246478530550157312
1246500116279840768
1246509624787972096
1246512300317650945
1246512413945540610
1246514756623753218
1246515379310075908
1246515486159970306
1246517895921840129
1246528263297675265
1246530023105986560
1246536309667217408
1246538091302735873
1246538260672897024
1246538590793990147
1246542061987340295
1246544828650881024
1246546532503097344
1246546950553571328
1246548767895171075
1246559320403214341
1246570320905060356
1246571706598281216
1246573056283291651
1246573295165673479
1246573425243484160
1246291807778025474
1246301055350161408
1246344133490458624
1246348255954436096
1246360071635906560
1246386149012189189
1246400364137545728
1246416164110163968
1246442118962450434
1246443417992925185
1246450207765774336
1246452443224903683
1246456432121262081
1246469574893109248
1246476349721763840
1246482666448248832
1246490867889778692
1246491649112526850
1246498958077288451
1246518586216243203
1246524256160186369
1246536690434551808
1246540264568762369
1246543738039607296
1246546619564163077
1246547067998212097
1246548868067741702
1246549747479035909
1246551184778952704
1246552479069876225
1246553344145010697
1246560333155774465
1246560828351852544
1246575022170349568
1246575046606405634
1246300412661161985
1246301469692788737
1246330591840272384
1246343787028320257
1246361482717278208
1246437003794751490
1246439463317909507
1246455106251390976
1246464527090229248
1246467635979657218
1246468793834057735
1246482071050223618
1246489312285384706
1246496096416935940
1246506390547501056
1246508013466288128
1246513487360253954
1246520843347398658
1246522832714190848
1246530498052136960
1246530929738293252
1246531200883347462
1246538043877511171
1246539179821056000
1246539255024844800
1246543177223454720
1246547306188595202
1246550612172472324
1246552344806010883
1246553716435673089
1246555014845300737
1246556922007994369
1246557013649260552
1246557184143568899
1246561539605307393
1246562294512922626
1246563448487653381
1246564055936049155
1246567333591728128
1246568637189816322
1246570582168219648
1246572436637835268
1246573161652662274
