1267156033375481856
1267185114427031552
1267005479630393344
1267032265747574785
1267031327443910656
1266910225476575232
1267079029057880064
1267150209236303879
1267156746172325889
1267033075550162953
1267125366369345540
1267184136739065856
1266981808761188352
1267031422558224384
1267006925234937865
1267165646338613253
1267065595608121346
1266887008565280779
1267161421529247744
1267000256132272137
1267161797452316672
1267194134911242240
1267158558451392512
1267179966967492613
1266956426494214150
1267012305537073153
1267084849015332865
1267063278959763456
1267062095771729922
1267167000964542464
1267068889655058433
1267159827094089729
1267164728238972929
1267223142034014213
1267144915068256257
1267012352731492352
1266972101514276867
1267180540324646913
1267193932515065858
1267126422285570049
1267184331493183489
1267029669532119040
1267169748745412609
1267177075917631488
1267159062036336641
1267231369043808258
1267221987363115008
1267155377633865729
1267055350970286080
1267181599575158787
1267223539771412481
1267031463737864192
1267127608451436544
1267150614846373889
1267129233664610304
1267179127091724297
1267160148776292355
1267214864944107520
1267046731851747333
1266953589718749185
1267086243529134080
1267169084225064973
1266934671767724033
1266953072296812545
1267223107644817409
1267210740764737536
1267169074389364736
1267143336470761478
1267225114594234369
1267152627252563968
1267158669592068096
1267038595778523136
1267150473792032772
1267156767408095232
1267124750184255488
1267196425131130880
1267171487691296768
1267081924838817792
1267151038412455936
1267149782109347846
1267226554905608197
1267020492768079872
1267156703197495303
1267160163783499777
1267073001696223234
1267153872176340993
1267219026272542725
1267223390156447748
1267184396278390798
1267138243084115974
1267143444553760769
1267158904749699075
1267031379453378562
1266998434092834816
1267202756923854849
1267159741454835712
1266953463906344961
1267168972878647296
1267185067195056129
1267035910270484487
1267107016222351360
1267178419592278017
1267221819594952704
1267091367257419777
1267145593652236288
1267152081246437377
1266996585163968513
1267172743931408386
1266998779481391104
1267087545474715649
1267157369676541958
1267033077101948929
1267081703585177600
1267175692720111616
1267161049591095296
1267021750958727168
1267155632404267008
1267157176239427584
1267171453876801539
1266936486504599553
1266998571871752199
1267145093452124161
1267148892883173382
1267180134592851968
1267042752606412800
1267166617487773701
1267102436612804609
1267155232766689283
1267052302797623296
1267156219451650048
1267051750017597440
1267050691744448512
1267155316036247553
1267158463463002114
1266971371290099717
1266991042596876290
1267155627463360512
1267185285323993088
1267185992844394499
1267219182912929793
1267077645185036297
1267175575636054016
1267005475079544832
1267151647437881344
1267216921038139397
1267146647999561730
1267186578201419779
1267001729255645184
1267035842956181504
1267165915193499654
1267000023054721025
1267230321713524736
1266972723181490183
1267056578521444352
1267203319392612353
1267230766125199362
1267155168661037057
1267088083721347073
1267152911865450501
1267159435652354048
1267066651956129792
1267138938705248266
1267012196111912960
1267023159045349377
1267180533991301123
1267206550420103168
1267143606726537226
1267143805234409473
1267162833965457419
1267229370311049216
1267031817363714048
1267221353083609095
1267144065495240705
1267147580380758018
1267213027708985347
1266946440179392512
1267159618490445828
1266950557048193024
1267152358334742528
1267113625950576641
1266916905522212864
1267179057105588224
1267187769899724800
1267107956455333889
1267165922797772800
1266927382360805376
1267089128237260806
1267098536740638721
1267191620954398721
1266970366444011521
1267155973711560707
1267219364446638080
1267082222022144000
1267107639017779201
1267046139804520448
1267063925444673536
1267019296363945990
1267187464730480642
1267199604270886912
1267146322311819267
1267180692443738112
1267183297697918977
1267187191635161088
1267060396722176001
1267145142353514496
1267213218105249796
1266950028733579264
1267089729096429568
1267150337456041985
1267151753591619584
1267152282862436355
1267224009369964549
1267227748705034240
1267049706875748353
1267199170605191168
1267207978308055040
1266924102553677825
1267011402402803715
1267158822931566597
1267221828172423168
1267227935578238976
1266975249813430273
1267146576998342666
1267165121710829569
1267165321892372483
1267224843403046913
1266946121018093568
1266970787271098369
1267050719137468417
1267187897930743808
1267206719999967232
1267219468960358407
1267220320597020673
1267175386754023424
1267182419662209034
1267228768067821573
1267164304618504192
1267171879414095873
1267183768252579842
1267217575815139328
1267229410324856834
1267033077450235904
1267170258483372032
1267193594055622657
1267203963801214982
1267212316669550599
1267218877185998848
1267031974939631617
1267032527543373824
1267159134765559809
1267185048454942720
1267195138377465856
1267210701644476417
1266913474870943746
1266997843396562945
1267010987791650817
1267153330633089024
1267173826758168583
1267212256346955776
1266972443438178305
1267021656117182464
1267160411968864258
1267221819620093954
1267223945096450049
1267231193671614464
1267053208297508867
1267139893513334789
1267150177007292419
1267187845459873792
1267221824846409733
1266957826599116801
1267033206202695681
1267095990332342280
1267113192926449664
1267162749815140353
1267189515233435650
1267196653573939200
1266957579088916480
1267017979537035264
1267040626350133250
1267108499722469376
1267143785093439488
1267147859008393216
1267167639941636096
1267067304510136320
1267152914063204353
1267154377770491905
1267165196142784512
1267224034288246786
1267230302847545344
1267017532621324288
1267037433138491392
1267160455698690048
1267173769295982592
1267174906199969792
1267176071784468480
1267186830220374017
1267187683849375744
1267187918709444609
1267060638775476225
1267078106147442688
1267132930528350215
1267157504150077441
1267163937826435072
1267163937868398592
1267164045670522880
1267187433315217409
1267191620883173378
1267196060629434369
1267206783111696392
1267226852587782144
1267030559160745984
1267095563092271104
1267128932375068673
1267159074409533441
1267172253705347075
1267197413074313216
1267205079125254144
1267224940354449410
1267002133964115969
1267101025120354305
1267111751570554880
1267151760214327301
1267152547913105408
1267157011575300096
1267157464685989893
1267161686982746114
1267165242116788231
1267195983999520768
1267219075085762560
1266990293687009282
1267011079957295104
1267060169722265600
1267071331897614339
1267153874797735936
1267156807677628416
1267200207806234627
1267209154084646920
1267231885807235072
1266955093401833472
1267002888116670467
1267012942861484033
1267041737039589380
1267073341082333184
1267136955420196867
1267167945257627648
1267173959700791300
1267219302685511680
1267026784303738880
1267031909516877829
1267158468718403588
1267168607391363075
1267182111188008960
1267223532829802498
1267223556343107592
1267232614852763648
1267048175011082244
1267063278360055809
1267125987973742592
1267137478059851777
1267146322554925056
1267147412327538690
1267151902371872774
1267152965892276226
1267155153259552768
1267166671422263297
1267169784359268365
1267174098884603905
1267223447672967173
1267228752171413505
1266912441591648258
1267009167937675265
1267019234501996544
1267032590545977345
1267034635822862337
1267071870085537794
1267126189493063681
1267148992661671936
1267156001733718020
1267170956621029376
1267173684139130884
1267176521753600000
1267189374644629511
1267204294538924033
1267217634766082048
1266938544297312258
1266961456785997829
1267082972320215040
1267167351813914625
1267204325434155011
1267222928019554305
1267230039508234242
1266902213345099776
1266925313013035009
1266985747049074688
1267011313777225733
1267020586179530752
1267093116001103872
1267100161802752001
1267140330459140096
1267165618341634048
1267175955761594371
1267177410421760000
1267177647332823041
1267186254090768384
1267188415835111424
1267206719727235074
1267232176212508672
1266927394092453888
1267014201240928259
1267033077496164353
1267044603125026816
1267111089835175936
1267148838470668288
1267150096744935425
1267161421877559303
1267166036446584834
1267176133579153415
1267214269608685568
1267223814515109892
1267232210207334400
1267109531244531712
1267126237174075395
1267143650145972225
1267156043311742976
1267160681205452800
1267176521938030593
1267180678065590274
1267198405039792129
1267218759917473798
1267224526217252865
1267229559172333573
1266882337872187398
1266889630772854785
1266948015115272193
1267151292683694080
1267162679996792832
1267174759604916225
1267175951013740544
1267179053833949184
1267223724111126528
1267013819123085317
1267033940486914048
1267041607079153670
1267138775852945410
1267151370542632961
1267157646450274304
1267169150029398016
1267185737549701127
1267207462828081153
1267210735656058883
1267214031993155584
1267214033066786817
1267223675549483009
1267145762204499968
1267153875364007936
1267167712750432256
1267176335086157825
1267190629131583500
1267199216503398402
1267205623462146049
1267206720075337728
1267216786078027776
1267224336039137280
1267226758018932738
1267231185958207489
1266908109496299520
1266953020547489792
1267070474879741953
1267164815052673024
1267168973776445442
1267175485454327808
1267186587294674946
1266962203531493377
1266969356774359040
1266980615905312768
1267025526679572482
1267034766014132224
1267045608948449280
1267051176169799680
1267133919784288257
1267154234564321280
1267155499981643777
1267162704118255616
1267163041541562368
1267167097651691520
1267171834556006406
1267187847829884930
1267192690669690880
1267233789668966400
1267002878662635520
1267033029660291073
1267034334264885249
1267154092884926467
1267163190871429128
1267167215964557312
1267196102320754689
1267199224531292161
1266978214074650624
1267018057010077698
1267032344063508480
1267140367901736960
1267149641168158721
1267156921536196616
1267159400042684418
1267165368675680257
1267169593438715905
1267175262485168130
1267223715806396418
1267028560507789315
1267046922021408769
1267066318454489088
1267088559405662215
1267123833779208197
1267139027700002816
1267142991946362880
1267154642527490053
1267157487813304320
1267158580320505858
1267159404580950017
1267166465238728704
1267184128811810816
1267189772663107584
1267189808398557186
1267191081244000258
1267205813459980291
1267206592308666375
1267224244737409030
1267225018850820103
1267025697048014851
1267037844008243201
1267093462341636096
1267093497905061888
1267150221202657280
1267152361526628352
1267157072019406849
1267192972011024384
1267221819884474368
1267224770661085189
1267230464911331336
1266884092177645569
1266942479728652289
1266942599669198849
1266997249890029568
1267010808095166464
1267035787767549952
1267055725018300418
1267111955992543232
1267164864155394048
1267168620288802818
1267172986336862208
1267184071458897923
1267191469355470849
1267214541118681089
1267233188725829632
1266922113463713795
1266982732757958656
1267018030879592448
1267042934656061440
1267054106792919044
1267075955224449024
1267079869994803204
1267082115381964802
1267095132974784514
1267148119613071368
1267155478657761280
1267155767829856257
1267157948045971458
1267164085281579009
1267176561226199040
1267178526555418624
1267178648790085633
1267179736687575041
1267184635068506114
1267187298929688582
1267196653489930240
1267198517602377728
1267207514891980800
1267214270661627904
1267218929438658560
1267219697684094976
1267226808572936192
1267229787703128067
1266970772876255233
1267027251872313346
1267076073898029057
1267144355715977217
1267148258683609089
1267148849317122050
1267158703347818496
1267159161395187712
1267160894569623553
1267161422229917700
1267179914198953984
1267180576689324032
1267187438839095296
1267197747507138562
1267211377623683072
1267228886561103877
1267229136570986498
1267232439711170561
1266963555988971520
1266982819655532545
1267000481899057152
1267019059687829504
1267029300873748481
1267056196382601221
1267082038634524672
1267097112199737345
1267125428340371457
1267143027698565120
1267143626607525888
1267144789348233216
1267157361103437827
1267183024971579394
1267185906009681921
1267192878884892672
1267199283062812672
1267201055240175617
1266989739921616898
1267031184338493440
1267048209085599745
1267048346516062210
1267076426970402816
1267152048585347072
1267153269740253186
1267153892615360516
1267158455816773632
1267161901731102722
1267175137465565189
1267181234209222659
1267182427832815618
1267185261873696771
1267201780351414274
1267210931802701826
1267214830022332416
1267224635076161537
1267230201802625025
1267230744029560833
1267236556349243392
1266940753336549377
1266965186369503233
1266970346655223814
1266970884293582848
1267032155454148609
1267032831294930944
1267034738356899841
1267038162766921728
1267042412771323904
1267069472592089089
1267146480399327232
1267153873044566016
1267153929722355717
1267154014053031940
1267154247323443200
1267156535781793794
1267182927508619267
1267191620312502272
1267202485485215745
1267206805077340163
1267223241875230723
1267233479395364872
1266888545127596035
1266942730548076546
1266964029580480513
1266999306864779267
1267025037917331456
1267032895446822913
1267033078624649217
1267057857268244481
1267063910819135488
1267108636926582786
1267124783839358976
1267129435997835265
1267144612705075200
1267148488325894154
1267152147877171201
1267156376771604491
1267157965079023616
1267158681566806016
1267159168919748612
1267171709318299649
1267184070452293632
1267190514820014082
1267191654924124161
1267192353665822720
1267197429264384000
1267206759095156736
1267217641531494405
1267219597377384448
1267220784688357376
1267222177654476801
1267222529988575234
1267224972805779456
1267226713232150528
1267226868085854208
1267228304647630851
1267228915808055298
1266900397467328515
1266903611147198469
1266903724833849344
1266950028255539207
1266999475794567169
1267004006435520512
1267045443772522497
1267059486570708992
1267070091440644097
1267079411419013122
1267114054461652995
1267122714608840704
1267143964928475136
1267144562604113922
1267146009873973250
1267157603081244672
1267161421428686851
1267162811723120641
1267184119781433345
1267189845375492110
1267190265359597568
1267190490744729603
1267192963286908930
1267202201694453763
1267204427548700672
1267216828578910210
1267217360848596992
1267220999449333762
1267222595486842880
1267228734106542086
1267229481770651648
1267233505949474817
1267236117583183872
1266957716708302848
1266995430648406016
1267039784821764096
1267041270658187264
1267100751786115072
1267112889061605379
1267119307563155457
1267139006782988290
1267147531546484738
1267149142859513856
1267156496556658695
1267157143247093767
1267157798095335427
1267158742447112196
1267160021315584003
1267161242055172097
1267161455079632897
1267164963526885379
1267165467652902912
1267167478075064325
1267171142348861440
1267201145950408711
1267208535147937800
1267208636176228354
1267209360159186946
1267217337524068353
1267218907208781825
1267226449154650114
1267228276650651650
1267228806558908422
1267229165029412865
1266886842374332416
1266968940187734017
1267019056529510400
1267031785214525442
1267032274152968195
1267085493600227335
1267103557779668992
1267108627548078081
1267116490869936130
1267134545922592768
1267148859756724225
1267149729399541761
1267150096883302400
1267156532262830083
1267162697348648961
1267173289010565128
1267179380138262533
1267184047576559616
1267185570054316034
1267192671409442816
1267199351157411842
1267201451547398152
1267205461721223168
1267208618216210434
1267211765789704192
1267215402465218561
1267220993988321284
1267228160422285313
1267229383598751750
1267229385318334471
1267229445380767749
1267229500888227843
1267229627904397312
1267229754069000194
1267229879487156224
1267231770883301378
1267235152029196288
1267235728964169728
1266907578149281797
1267004499413086209
1267019045242535936
1267031647310024704
1267042856092553216
1267044400120635392
1267056585244893189
1267064298154725382
1267077115842826241
1267080760344928257
1267097248443310081
1267144053793177601
1267144782960304130
1267148195664199684
1267150031603326976
1267157549134069760
1267163589493886984
1267175593948459010
1267175666526703616
1267179644186394624
1267183195876974596
1267184072859676674
1267192019669192705
1267192790607368193
1267193170003136512
1267196605247225857
1267199213957525506
1267206720520024064
1267207097462251523
1267214271248658432
1267217638775717889
1267219160393814017
1267221819557154816
1267226543878803456
1267229690319777794
1267230079920353280
1266894724276924418
1266897692598439936
1266910839363252232
1266916155354230789
1266994568836386816
1267031428405100549
1267034136121937921
1267036850818035713
1267078121553002496
1267082148973916166
1267108204850425859
1267115432651128833
1267129074155225091
1267142907754143744
1267143252173557762
1267145781804441602
1267146573676343296
1267147008994934794
1267151355044495360
1267153091939491841
1267153816689840128
1267154906689015808
1267157646777421825
1267158917634822144
1267159040775401473
1267176802360995840
1267188369483681792
1267190643660656645
1267199563036856320
1267217691607101440
1267218499954450435
1267219254706929667
1267219302744313865
1267220531293585408
1267224180375932929
1267225285080092673
1267225845770248192
1267228686325088257
1267229372139876353
1267230520548700160
1266883341581783040
1266907246396465153
1266909763071127552
1266933981917745153
1266952949944762368
1266957822295752710
1266990296430194688
1267032411554164736
1267032967651692545
1267037297956044800
1267039048637579265
1267069135823024128
1267081416174718976
1267084665476788227
1267113540101554183
1267119616238784515
1267143822615752704
1267144918008582145
1267152172158013444
1267153280221818882
1267153872138764290
1267158901381836800
1267168841911721987
1267172177591353347
1267172745953128451
1267173110421340160
1267173268819193864
1267181567123886081
1267185319260098563
1267209706080174082
1267210611101847552
1267214313430945794
1267217989201510400
1267220081177698312
1267224368645574658
1267229385955971072
1267231739002392577
1266882118640111616
1266903263313526796
1266958157869449216
1267001140157308928
1267004958597173250
1267005716608548865
1267040255510581248
1267042154448408579
1267058535097151488
1267059499782877186
1267067562283712512
1267070989839601664
1267072722225545218
1267075852971446272
1267080378059276288
1267101522720063490
1267103346252341248
1267147630255185921
1267157049831497733
1267159834203389957
1267161202628726786
1267168972752990210
1267172284114112522
1267186051736576005
1267187845522833408
1267187996404723720
1267192983688040449
1267196282948464640
1267207409858154499
1267217737958461441
1267218215173791744
1267218668427018241
1267219378086559744
1267222037396930568
1267222862739447809
1267223089865162753
1267223179845566464
1267225754028343296
1267228367625035776
1266947763478151168
1266997780259766275
1266997993590456320
1266999379908603910
1266999481842663424
1267007256153018370
1267008743142756353
1267030339588886528
1267041828257378305
1267043109596258305
1267051950006308865
1267055955201720322
1267059132684779521
1267067697302470659
1267072498216157184
1267095688946561025
1267113813419028480
1267150053505933314
1267150096816357380
1267156401035632641
1267157919281397761
1267160841247391745
1267165027724857344
1267169145088610304
1267171826914021378
1267172746082963457
1267175601674301450
1267180428483534855
1267184439756558338
1267185742968692737
1267188955952418817
1267197740834045953
1267197782609313798
1267198169441538048
1267201945908834304
1267203499151982596
1267204203363082242
1267205780354318339
1267209323790438402
1267218805312245760
1267219151266942976
1267220065797074945
1267220735254200328
1267223387161624576
1267223684722327555
1267224239427538944
1267224335925817345
1267224823794671616
