1327401658821783552
1327715041664258048
1327537352714096640
1327405995329544195
1327589617936322560
1327732946544058373
1327421297912139776
1327409565168775168
1327410249440047112
1327400998244151296
1327462613366808581
1327592973861859328
1327583828639100931
1327572401786396673
1327590590121472002
1327744072438718467
1327743109636251651
1327401179958177795
1327597142148583424
1327596489477124098
1327403059530653697
1327713253737320449
1327717944990846977
1327732548395556864
1327408405657526272
1327745626164011011
1327401516001603587
1327570117459406848
1327742860632989698
1327408405288402944
1327401088346185730
1327431053858881537
1327594321869156360
1327623042420404224
1327687748841594881
1327690329219330048
1327692369463042048
1327753149030010881
1327404629102092293
1327401297872564225
1327742867675242496
1327753819619536897
1327400934771744769
1327753175848214529
1327402112821637121
1327739334469017606
1327739564421754880
1327408831647928321
1327600713946501120
1327744379788857344
1327476480973168640
1327576418113490947
1327667828778995712
1327747938232233986
1327752935615377408
1327408425010143234
1327413680959524864
1327753506204348419
1327754555086544897
1327737086909313025
1327748270282727425
1327573894149132288
1327598932327882758
1327656281365221377
1327671111925067776
1327679556715737093
1327733044946452480
1327746815349940225
1327748145200054272
1327533578125778944
1327585393810739200
1327670186833481728
1327700580677115905
1327739762137063424
1327400903368994817
1327401720289366016
1327567563014987776
1327582249588547585
1327706383173742592
1327740040353624067
1327749227498377217
1327749882988417024
1327411159998160896
1327422564612907011
1327518530204524545
1327571454750322688
1327616890613735431
1327639936158343169
1327741319469559808
1327754730546884608
1327492341297537024
1327555721043595264
1327641459399516160
1327744363523399682
1327745674960461825
1327401375584677894
1327401545990860804
1327563324880515073
1327689661570043905
1327739566435020800
1327401110550814721
1327401214137528320
1327406433110024193
1327407809600888832
1327412390233837571
1327412635890020352
1327423505839890433
1327593340016136192
1327677576073129985
1327677593999597568
1327687317591650304
1327697371300589569
1327400963414618113
1327401398179393538
1327409971294834690
1327499043212234753
1327509208380616709
1327512329454571521
1327530818672136194
1327573079569149952
1327590638280388610
1327591026475806720
1327591126908461056
1327591411500388353
1327591587841454080
1327592539495526401
1327600208742649857
1327642438677245952
1327657547088732162
1327666661529440257
1327690526120964096
1327702535872909312
1327743407268225024
1327748144587821056
1327752665745551360
1327753217774653440
1327753784064434176
1327755518618775553
1327401534448160774
1327401546154467334
1327401854754566147
1327403093936508932
1327410669004656640
1327417097505398785
1327418159905845249
1327428589948694529
1327519869231788032
1327591249331810307
1327595201427337216
1327605891584167937
1327629871556784129
1327675673503215617
1327678768291471361
1327680266903674882
1327721431510167554
1327724959070908417
1327735603450941440
1327738180611739648
1327740840035422210
1327740854384144385
1327741573514342404
1327746651184910344
1327746884493053953
1327750900434210816
1327752782707830785
1327753852158926854
1327754403831570433
1327754695855771648
1327754702382096385
1327754790378594306
1327754991755522051
1327400886080049152
1327401085590528000
1327401314100318209
1327401397881540609
1327402062636789766
1327405667439828993
1327408215601065985
1327408505683402752
1327415895149383681
1327462072276426752
1327502573658664961
1327512913008058369
1327527224090693632
1327540888357253122
1327561666809245698
1327562897720045571
1327564177922252800
1327568043472547843
1327581128690200577
1327590476791341056
1327591233129209859
1327592057783902208
1327594873076199424
1327595722083086336
1327598385973571589
1327599660681342981
1327604549423665152
1327617764429869061
1327618485137121281
1327620831032258561
1327664332029751296
1327666147580407810
1327680847567319040
1327697000020717572
1327700098210553862
1327700134633811968
1327701752901152776
1327702847492911112
1327711725156700161
1327711883101671424
1327715982283075588
1327717197280632832
1327717744834457605
1327722124132409345
1327731369921945601
1327732141661315072
1327733425420308483
1327734630330605568
1327738663275540480
1327742851279695873
1327744387879677953
1327744925153320960
1327745405099061253
1327745469339103234
1327748147892809728
1327748404949250049
1327749005435154436
1327749937250115584
1327750007617937408
1327750491296641033
1327751863693930497
1327753539368738816
1327753775696777217
1327753970656350209
1327754700033318913
1327755175646343168
1327755178351751168
1327755438360727552
1327400880963006465
1327400895781494784
1327400919458320384
1327400977884979200
1327401011196137477
1327401013574250497
1327401067538239489
1327401075654144001
1327401101184937985
1327401125943898118
1327401131270680576
1327401136760958978
1327401200774475776
1327401205107134466
1327401252632875015
1327401315765530624
1327401373378482176
1327401380252889088
1327401408082161664
1327401464541622275
1327401470195617793
1327401471982399491
1327401513438818304
1327401525099028485
1327401619076608000
1327401629717557251
1327401645605580808
1327402946682908673
1327403149930401799
1327403539627462656
1327404928759984129
1327405364204232704
1327406762744573953
1327407031964274689
1327409407894941696
1327410313608769540
1327411914641727490
1327414117817327616
1327416249438134272
1327437469684477953
1327447473477062664
1327491575652511744
1327516670257225728
1327529188098715648
1327536126689763328
1327549557287378944
1327561758345728000
1327564385007661058
1327573208040677376
1327575591911124993
1327587360784125952
1327588749455273985
1327589847373144064
1327589893007171585
1327589915014664192
1327589994656100352
1327590574665461761
1327590580063449094
1327591265660252162
1327592090566610944
1327592346326863872
1327593241001275392
1327596378231541766
1327596625229967360
1327599925513883651
1327604200092692480
1327604982204403712
1327604989431328768
1327611145587449856
1327615660134895616
1327616478158450694
1327617758230704129
1327618319000735746
1327619539115323393
1327619570807484419
1327620076497932291
1327620240662937600
1327621359904624642
1327623887564255235
1327623933600862209
1327631780845903876
1327637975140855811
1327660769056579584
1327661405030539270
1327667289790050304
1327670851685199872
1327680297572462592
1327685289335250945
1327685855117520897
1327687794379153411
1327688860617363456
1327689383567306754
1327693595525124097
1327697982838480896
1327698651054026752
1327699595728707584
1327699714075193344
1327700410170290180
1327700414851129349
1327700810269077509
1327702326828822533
1327703121439711232
1327710859272089600
1327711373783158785
1327711734606557184
1327716343928467456
1327717873247252481
1327718196057681925
1327720397387788291
1327722685439176704
1327724326162993152
1327729366911098880
1327734402152062977
1327735475059240965
1327736195196088322
1327738493389463555
1327738637082046466
1327739675218415617
1327740464339030017
1327740512263155713
1327741137227030532
1327741406178390018
1327742630839640065
1327742850306609156
1327742865695518724
1327743155790368768
1327743647652175876
1327744556989898753
1327744820530597890
1327745153730277376
1327745601543548928
1327745773484863489
1327745974605934593
1327746162078703616
1327747187158159361
1327747328594337792
1327747618743709697
1327747621914628098
1327747845563232261
1327748146605264901
1327749541798445057
1327749852273512450
1327750885003440129
1327752034087559171
1327752230095761411
1327752280075100160
1327752605972504580
1327752765209239552
1327752810243481602
1327752810503532546
1327752843684704263
1327752977147330560
1327752979039064065
1327753045304893443
1327753190603960320
1327753205929930752
1327753273751769093
1327753348506820608
1327753354693513217
1327753430039924736
1327753508905492480
1327753677059334145
1327753717618241539
1327753732835201025
1327753746533724162
1327753779048042496
1327753785637285889
1327753787319185408
1327753871142363137
1327753904113807360
1327753935122259968
1327753954831249411
1327753974741692416
1327754102642716673
1327754127229788160
1327754332113166336
1327754387381514242
1327754439629869057
1327754522710732801
1327754567170150400
1327754678235504640
1327754689702715392
1327754825132552195
1327754957068640257
1327754971547394049
1327755015545614339
1327755079227727872
1327755095669415937
1327755101054918656
1327755108466081792
1327755130842865665
1327755147238371330
1327755184475398144
1327755185536557057
1327755215873957888
1327755235058704386
1327755255615004675
1327755261931622401
1327755283326791680
1327755286459932672
1327755348351062016
1327755360271261700
1327755448292929539
1327755479632711680
1327755480102563846
1327755593885622272
1327755620913704962
1327755640777924608
1327755659337752582
1327755662235987974
1327755671589285889
