1302478918067335168
1302600454820581377
1302660259803258888
1302482288232587264
1302729060481748998
1302552218231623680
1302535318361563136
1302725558288121870
1302472813882859520
1302518396832153600
1302573209997529089
1302412484092063744
1302397395309932544
1302433903886716928
1302454008767033347
1302568434618847232
1302459396434395136
1302474600840933376
1302430516541497345
1302430311058493441
1302571268043083776
1302514937839845377
1302547869208109056
1302696669465718790
1302401225736978432
1302397109740679170
1302665932087554053
1302452431524069376
1302401668496134144
1302461286429667328
1302425196113145856
1302565960809938944
1302426340285710336
1302649187432124418
1302399313751019520
1302536844903624706
1302399879885606912
1302406942351069184
1302443221310730240
1302400763197612032
1302565792840585216
1302698148167643141
1302475811153498118
1302649579947675650
1302713183233339394
1302409216033017857
1302449945396547584
1302460702087696386
1302406083856740358
1302592387080794112
1302507171926638593
1302403646961995778
1302565918900355073
1302409320760565762
1302441393692975113
1302459169195413504
1302397150911922176
1302430322953531397
1302586990303629313
1302522440661250048
1302411776622047232
1302727887917928449
1302471632007516160
1302453341029572608
1302401124809441280
1302478869321183233
1302479978131533824
1302423773791039488
1302452708050448385
1302521883850571776
1302418111732174851
1302464039239389185
1302402800308097025
1302471846432919552
1302478693370134528
1302485550021177345
1302694930779865091
1302736745696501760
1302414697224982529
1302450198044532736
1302655376043769857
1302396830005764106
1302451136742543361
1302461522594197504
1302622589542596614
1302441393630126082
1302611659970805760
1302426291644362752
1302536675579637762
1302629147089555457
1302735971289649153
1302423481393569792
1302434001051811841
1302474105560674304
1302739641347584000
1302430854266925057
1302443906513076226
1302411193617768448
1302474963664932865
1302633345629724672
1302724485993435136
1302419500126609409
1302476002514399233
1302532072918192131
1302399750692454400
1302403498739486725
1302474750028115968
1302396323430313985
1302397372450902021
1302435991379226624
1302584558232141824
1302447105244528649
1302467688804032514
1302479151065190401
1302567264202432514
1302408778877251584
1302420249233555456
1302441420599554049
1302512010081468417
1302396961757241345
1302402924132397064
1302411567263252481
1302412710735499264
1302418741599166465
1302529070190735361
1302533173822263296
1302668842452295682
1302396860372529158
1302420807575113728
1302433840091271168
1302477467614154752
1302568966548852738
1302667906833174528
1302689780497616897
1302448666997862403
1302471287621771265
1302475154044354560
1302480519192547329
1302448021163122688
1302481907918274565
1302691977348157443
1302396092521291778
1302398358267604992
1302402407943544832
1302422374260842497
1302442678345437185
1302464755802796034
1302471762966450177
1302482125690728448
1302699178112491523
1302738948473737219
1302426552177774593
1302442852102873088
1302465482478563328
1302597166569930755
1302728202616483840
1302738346620456961
1302402802015240192
1302403641240846338
1302419220286840833
1302445164800012288
1302448684886642688
1302471590152560644
1302472841376526341
1302479015169732610
1302479150943473664
1302480445406404608
1302498992694145024
1302709602782511104
1302737096629780480
1302397317052534789
1302402783728021504
1302436727492145152
1302452463769968643
1302453905780023297
1302458388840767489
1302471591209521152
1302479180366520321
1302532020141199362
1302554646188359683
1302586118429384714
1302591513495572485
1302665085681389570
1302684811010727936
1302743382561714176
1302397720242671616
1302400899155996672
1302403113790459904
1302403655937687558
1302411479837282305
1302432506927550471
1302437263310237703
1302438770151755777
1302446012636827648
1302464039864406016
1302468107353587712
1302472625915154432
1302477826906615808
1302480999700410369
1302517069267730435
1302535824815292416
1302573951479095296
1302582638885167105
1302604945011732481
1302748916304220162
1302413454406488064
1302426720650358785
1302431905263083523
1302432870997340163
1302436199123103752
1302465966266363904
1302476827504652288
1302398849823264768
1302415075463106560
1302438873386156033
1302443737667100678
1302456490402349057
1302464040136925185
1302471222433918976
1302472826834821126
1302475151326547968
1302475542965506048
1302478066342649856
1302482007411298308
1302506374182694912
1302743779858944000
1302396094295441409
1302400783468703744
1302402947096211456
1302408422437072898
1302409540177211394
1302410223479599104
1302435813989457920
1302437817558204417
1302438219812929537
1302446723026038794
1302468399507922944
1302471492182179840
1302471588952944641
1302474355901976576
1302476163655315456
1302482100902342657
1302489960004673536
1302509189739282438
1302522055842099200
1302549030669611008
1302549111493795840
1302570348332883968
1302622721449361410
1302629612325875712
1302661621085597698
1302690556842258432
1302697153131769856
1302722537470689281
1302728284053135361
1302747456728371202
1302749281267445762
1302402279291736064
1302424428538744832
1302430832305602561
1302434112855257088
1302440636134678529
1302444308667211777
1302445624063860736
1302446423129100289
1302456635525398528
1302458547255599104
1302460945118175242
1302462986397904896
1302462991653384194
1302465376295563264
1302467265061937154
1302470115951341568
1302470239062495232
1302472838704701442
1302473924572262401
1302476562298744834
1302482091062579200
1302624107079507970
1302700927363805184
1302712440287907844
1302732055302742016
1302399235015561217
1302400670914490379
1302402916435845120
1302403190068047872
1302413707603922944
1302416400422776836
1302420117502992385
1302425331626893312
1302427508743245825
1302428149309988868
1302435494337413120
1302443142608760832
1302456373507022849
1302457078867427329
1302463537797902336
1302465437473660928
1302474952961032193
1302475620329435136
1302478939420532738
1302479139031715841
1302480909648756737
1302519984044867584
1302552466479886336
1302552756952195072
1302584472345423873
1302599952338739202
1302600675835228165
1302643837001781250
1302713344105811968
1302714956765331458
1302726646609444864
1302726988373856257
1302727061572931585
1302734537630404611
1302742131266723840
1302742862048657411
1302745629622501376
1302748053221371905
1302748794493304835
1302396126503620613
1302396717833359361
1302400276582879240
1302400981452435459
1302405557551280129
1302408227452317697
1302409820952289281
1302413999477338112
1302414059619450880
1302414429133434880
1302418001086435328
1302422081594888193
1302424597091020800
1302426810156752902
1302426979283726336
1302433135959908353
1302437725044387842
1302442934416150529
1302442979764953090
1302449286928629760
1302449970168070144
1302451150273339393
1302455045569548288
1302459283695702017
1302463230334455808
1302464039084322818
1302465224411406337
1302465245034799112
1302472060283871233
1302472365771718656
1302473109136498689
1302473706418114560
1302476873759371265
1302477946981158912
1302478665008197633
1302481191786942464
1302481373941379074
1302481655299321857
1302481928550055936
1302494238727262208
1302512535787143170
1302517220233351169
1302524051114676229
1302554780460605442
1302690371995131904
1302708285343227904
1302716067752677378
1302725450100289537
1302730465124773890
1302731398172864515
1302733318778019847
1302734755570634755
1302734866891583493
1302735852187971584
1302736084464553984
1302739829940277248
1302399135807672323
1302399580894646274
1302399881299058694
1302400967464419329
1302402138396676099
1302402381729222656
1302403013500448768
1302406409569685505
1302406701409333252
1302408692130869250
1302409169719488515
1302410833151111168
1302411117277384704
1302412956567662592
1302413511423864834
1302418740693405696
1302418870821703680
1302419253505687560
1302420394113216512
1302420535364718595
1302423803319013377
1302426511253942274
1302428161339281409
1302429163568078849
1302431750312865792
1302433917035843588
1302435988308779008
1302437339944357890
1302439567228915712
1302439681653702656
1302441080084979712
1302442405233225728
1302443038006968321
1302445289857527809
1302445835041599489
1302448954014138368
1302451604298309632
1302451720048521216
1302455054373355520
1302460412311543809
1302462743140761600
1302463763925225472
1302466077029543936
1302466531905933314
1302466770855493633
1302466955513868288
1302467693837197312
1302468660540383234
1302468704140054529
1302468795026608128
1302469368127852544
1302469727835619329
1302470540108730368
1302471385671966726
1302471605600358400
1302471951424856070
1302472618801532928
1302473229437673472
1302473671924166656
1302475630227992578
1302476124262461440
1302476166922678272
1302476404844638208
1302476574504042496
1302477993076576256
1302478135460585472
1302478196798033922
1302478452315095042
1302480057194119170
1302481904491520003
1302494252723822592
1302517173060018176
1302552384099561473
1302565391781240832
1302622735244328960
1302654859435544578
1302683289166151682
1302694166695211012
1302709956576251904
1302713818771001348
1302716717127348224
1302727229504466944
1302732379090550791
1302735997109710852
1302736126755721216
1302737900937850883
1302740081468493824
1302746346206760961
1302747772358144000
1302748940190846976
1302750488677490688
1302396429139410945
1302397108423516162
1302397359733735424
1302397884026028033
1302398076397785088
1302398226721648640
1302398700891840515
1302399024700575745
1302399658006806529
1302400827940843520
1302400883049857024
1302400964503240709
1302401038398427138
1302401220951375873
1302401288701915136
1302402472737202176
1302403175698190336
1302403553454153730
1302404070074986496
1302406259145158656
1302406269517680641
1302406315147485190
1302406571813675008
1302406669045989381
1302409334329090049
1302409906474176512
1302409942725427202
1302409954649874438
1302410244614688771
1302410600849514496
1302412429062701056
1302412919729160192
1302413989511602177
1302416890090921990
1302417354488532993
1302418318750613504
1302418394952724481
1302419365908959232
1302424162254766080
1302427703283527680
1302428118829932545
1302429000221036548
1302430622280015873
1302431015395352576
1302431166390308865
1302433795417743361
1302436132072894465
1302437479107174400
1302438732470026241
1302438751704985600
1302439455962398720
1302439580080263168
1302439636627841025
1302439854811369472
1302439945739538432
1302439955944419328
1302440565364195329
1302440974870773761
1302441066134671360
1302441393244102657
1302441958758113280
1302443209868685314
1302444321518620672
1302445464822992897
1302446768639143936
1302447463543037953
1302448940856479744
1302448954626408454
1302449265860579328
1302451467228512259
1302451760645181444
1302451829238910976
1302452532535586817
1302453773990846465
1302454240963485698
1302455743166246912
1302457797834047488
1302458424584744965
1302458838575177728
1302459819438342146
1302459984941375488
1302461321653506048
1302461753209618433
1302462097859792896
1302462735029014528
1302465265972793345
1302465941326852100
1302466080183652354
1302466286677569536
1302466349764161536
1302466932713676803
1302466950384279552
1302467431152209921
1302467989925756928
1302468098184876034
1302468436086452225
1302468968817610754
1302469178549571586
1302470078907121664
1302470912722305025
1302470916950159360
1302471066762252288
1302471605352894464
1302471645026832386
1302472102340169728
1302472853925761038
1302473105080807424
1302473966607568897
1302474030189027328
1302474489532420096
1302475363897933829
1302475568424910848
1302476206319771648
1302477022799843329
1302478274145054721
1302478416005005312
1302478836458807297
1302478920537845761
1302479127459528704
1302479136062156801
1302479138658439170
1302480355795009536
1302480775238037505
1302481136078262272
1302481356958642177
1302482130249887749
1302482666680471552
1302485008951775232
1302486728025014272
1302491852994641920
1302501788982026240
1302531773272920071
1302557074992369664
1302567573314318336
1302572244980371456
1302585184391442434
1302586640536416256
1302663290867326976
1302671273353449474
1302689994050600962
1302691778382958592
1302708729759096833
1302721048102789124
1302731106278572034
1302732797648478208
1302733607908376576
1302742124593586176
1302749438633480192
1302749658075271169
1302396313275957249
1302396350294876162
1302396630868676610
1302396722929446914
1302396781288882183
1302396940592844800
1302397250346389504
1302397280406958081
1302397452704796673
1302397488020754434
1302397515975852034
1302397797073915905
1302398083079299072
1302398365003476993
1302398860069830661
1302399322017812480
1302399655515484161
1302399696800026624
1302400233360560129
1302400297378160640
1302400595781996550
1302400613376983040
1302400698227843072
1302401858661646336
1302401898369224704
1302402366378053636
1302402610360713217
1302402779248558080
1302402941291319301
1302402992595972098
1302403167737479168
1302403213149245447
1302404057198407686
1302404115029463041
1302404174953365504
1302405092856000512
1302405941149667328
1302406140630831106
1302406361813311495
1302406374324932608
1302406798117351424
1302406890257879047
1302406904346480640
1302408540016054272
1302409277248864257
1302409515703455745
1302410059100684294
1302410288625520640
1302410465033760778
1302411163737772035
1302411193794011136
1302412562227777536
1302412662924554244
1302413124683919360
1302413335103778818
1302413672036392961
1302413708837171200
1302414162337894400
1302414281779097606
1302415378551840768
1302417848938172417
1302418286643163136
1302418503459315717
1302418510681968651
1302418599760584706
1302419093459546112
1302419502248984577
1302419646654578688
1302420416582090752
1302421605797298177
1302422614208634880
1302422719036821504
1302423651002855424
1302423762592202758
1302423791981780992
1302423796826214400
1302424127463186436
1302424214079713281
1302424457013846019
1302424836535353344
1302424874800078848
1302425722989019139
1302426018607706112
1302426312368427014
1302426873356578823
1302426931950952448
1302427029430771712
1302427062456791041
1302427522647425024
1302427648614948864
1302427991717408772
1302428122772582400
1302428131438071809
1302428580950020096
1302428789339758592
1302429045720838145
1302429745955602432
1302429900884905984
1302430065305812993
1302430842241847296
1302431037956464641
1302431878830583808
1302432010259099651
1302433055521599490
1302433473311899648
1302433526944538624
1302433570238197760
1302433586310676482
1302434073583984640
1302434183378350081
1302434225136832512
1302435235552989185
1302435528512598017
1302435560682815488
1302436309533945856
1302436508964737025
1302436566783217664
1302436989388689408
1302437462837547010
1302437495691456512
1302438054494375936
1302438309625462785
1302438609828577282
1302438879803453440
1302439507132903424
1302439526028251137
1302439728986443783
1302439746917068800
1302440542807224320
1302441186104430592
1302441392044732420
1302441988323647490
1302442598544674817
1302443104595832832
1302443308757790720
1302443796773441538
1302444351914749952
1302444407791267840
1302444913565601792
1302444948101439495
1302445530132500481
1302446504297279489
1302446688116895744
1302447349210460160
1302447640249020417
1302447777084047361
1302447919526809603
1302448870438457346
1302448979842539520
1302449848872992768
1302450210145210368
1302450791572176896
1302451092568113154
1302451158880071682
1302451389633826817
1302451575223390208
1302451589677023233
1302451593263095809
1302451992200175623
1302452075041886208
1302452539900731395
1302452660965171201
1302453085764231174
1302453120954437632
1302453500077649922
1302453718793646080
1302453755355566082
1302454958143541253
1302454965999468546
1302455504455823360
1302455599653941250
1302456259208192000
1302456994717224960
1302457947755343873
1302458677501267968
1302459527514787840
1302460106957885440
1302461237532467200
1302461593586892800
1302461678932590592
1302462411186733059
1302462570608177154
1302462598835834881
1302462920962576384
1302462962339377152
1302463501949194242
1302464023125000192
1302464087826235393
1302464261705404418
1302464434548420610
1302464941866319873
1302465469547413504
1302466756234149888
1302466849309851648
1302466999507914752
1302467065215934464
1302467177069654017
1302467397857746945
1302467616192245760
1302468382722228224
1302468608853970944
1302468612431765505
1302468860118020106
1302468861200130048
1302469061285117953
1302469262775382020
1302469343385726976
1302469378932379648
1302469529923203074
1302469855904497666
1302470340971581442
1302470367055929349
1302470666768338944
1302470735261323264
1302471190292955136
1302471199692394497
1302471233968144384
1302471558146002944
1302471614173507587
1302471622566260740
1302471715189075968
1302472275011276800
1302473071626989571
1302473102178357251
1302473358911647744
1302473764685389824
1302473829160300546
1302474034173673472
1302475442855780353
1302475672938479621
1302476123364827136
1302476864108277760
1302476870383009792
1302477498085715968
1302477652222185472
1302477743016366080
1302478008473784320
1302478092779368448
1302478112236728321
1302478186572382209
1302478649443180545
1302478836534259713
1302479150851207169
1302479337145405440
1302479522957271040
1302479841183387649
1302480067063353345
1302480186525601792
1302480262362787841
1302480496014876674
1302481013612969985
1302481260414210048
1302481877211717633
1302482078542508035
1302499316930678784
1302515297090449413
1302516553414516736
1302524683808641024
1302528058692456448
1302552571475759104
1302552677604364288
1302553246511370240
1302565415466553345
1302569181255172096
1302570892640354304
1302592998719488001
1302596495061979137
1302630155840610309
1302646001430417408
1302656590181552130
1302660558299295745
1302668137989582850
1302671276973195266
1302671284518739968
1302683420863143936
1302687789474086913
1302689153440776193
1302690551230328838
1302692260308570112
1302702680268247041
1302713329476087815
1302715504805773314
1302727905953357825
1302729313347940358
1302731031947227137
1302731069297287168
1302731611734249472
1302731645980680192
1302733150301368326
1302734577019105281
1302734654357876747
1302735831392804865
1302736537516421122
1302736623881383939
1302737056909664256
1302740365762535425
1302743385275396096
1302743715048574976
1302743993986494465
1302748673802153986
1302748682413060096
1302748711370526720
1302748884599537665
1302748988991569927
1302749022269169665
1302749061150367745
1302749124262080513
1302749179396190209
1302749395809599488
1302749599455735810
1302749743970422785
1302750693959241728
1302396097659367424
1302396125450731520
1302396163463634944
1302396169730093056
1302396181486678017
1302396269592301573
1302396334943723520
1302396348088582144
1302396414841028609
1302396457329340416
1302396617409073152
1302396670345388038
1302396700301111297
1302396726721089536
1302396758530625536
1302396780940873728
1302396901975752705
1302396925677895689
1302396998923046912
1302397041365180416
1302397247615897600
1302397398736568325
1302397478369722370
1302397523521404938
1302397546116022275
1302397618744700929
1302397621814857734
1302397693503864839
1302397970336284672
1302398009423036417
1302398027324416000
1302398125689118720
1302398202767986689
1302398286213636097
1302398557568339968
1302398626417704960
1302398627898302468
1302398630167326720
1302398773776265218
1302398796043870210
1302398832219688962
1302398844899151872
1302399099753422849
1302399223053381633
1302399229114101765
1302399382784892928
1302399476141875206
1302399502381441025
1302399515094380544
1302399546601988096
1302399567074385928
1302399595528572934
1302399750872817664
1302399768388304896
1302399835040108550
1302399837116264449
1302399866350440450
1302399935317409794
1302399960189734912
1302400392056242178
1302400494116179969
1302400506313297921
1302400616225013762
1302400617135198209
1302400639172055041
1302400662257438721
1302400699561578496
1302400854427926528
1302400870789808129
1302400905766146048
1302400925093507078
