1234523092581523457
1234579642478100481
1234567314504404998
1234629114461609988
1234571873410846720
1234515483208175616
1234593514492657666
1234574796056408066
1234427186561667073
1234530948928221186
1234436127999877120
1234553134879514625
1234514463635759115
1234556870947459073
1234579478937993218
1234551546655977474
1234544675505295361
1234448783464976385
1234624589738627072
1234419556841644033
1234573586809180163
1234579471648403456
1234589295496880133
1234573371645493256
1234491378253561856
1234572119897448454
1234347703330435072
1234536207247380480
1234515711965433856
1234583311340666882
1234365467378307072
1234539661730643968
1234569126506631168
1234614756830519296
1234539753191673856
1234584160641146880
1234568631377448960
1234583274326024192
1234569477913706496
1234599262232682496
1234580021542604803
1234448822446837760
1234358960079220736
1234541418196107265
1234571608813162497
1234594223799836676
1234500139299090432
1234542775472939008
1234580819714478082
1234486457336811521
1234446339284578305
1234365373480361985
1234544255487610880
1234555554162450433
1234568507448348674
1234536524148019201
1234550794122407936
1234402035451256832
1234491776322416640
1234578269539880965
1234575454197039106
1234571056628760576
1234529544415174656
1234580250790637568
1234268193797156864
1234496539210506240
1234578116133216257
1234583033757433857
1234535189264486401
1234584937686323201
1234527284557754371
1234585094834266121
1234568344336052225
1234505604938567684
1234478103789031425
1234569017018519553
1234565377616732162
1234534707284598785
1234539064126300160
1234572964282191872
1234516788429443074
1234607578992254976
1234534743531610112
1234552370794835968
1234623432177934337
1234571985021210625
1234517354018676736
1234542449189670913
1234503396041875457
1234563655087329281
1234445239986708480
1234583885742256132
1234304921727569920
1234604638126661637
1234361978665209856
1234575997573488640
1234541828600365056
1234415193201029120
1234447172705320960
1234545923075772419
1234577935383830529
1234378709576101893
1234408124171399175
1234623238682050560
1234584591559790593
1234563525697208320
1234564214053908480
1234543293121339392
1234571532204171265
1234609366273228801
1234515853984620553
1234498559430533122
1234415651160240129
1234432947995992065
1234463991533129729
1234403848707551239
1234474643953737728
1234567875266064385
1234612190742798336
1234604192267935744
1234529929628471297
1234621299374329861
1234432557636296704
1234607031228796928
1234580089452539905
1234531548021624834
1234419975449972736
1234556193185521664
1234588191182729217
1234450312418779137
1234528897494126592
1234431682243178496
1234610396855767041
1234610868924637190
1234552980948627459
1234569222333902850
1234584262298476551
1234573250543464450
1234593975446753282
1234550300851294210
1234455474411573248
1234611661283172352
1234449064936312834
1234455984355061761
1234551855142854664
1234611257178775554
1234530293073293312
1234574207595532289
1234571718359949314
1234518419946508288
1234565493312323585
1234422922606981121
1234574740125294593
1234539086196727812
1234552611812057088
1234413919365738498
1234581233474195457
1234575329274028033
1234572361309081600
1234295315521507329
1234396627026239488
1234585500343840769
1234624787768475649
1234484318740910081
1234597517653954562
1234524766003978246
1234450246794649601
1234448579202297856
1234426164661379073
1234554719575650305
1234565454892556290
1234523865033740288
1234414334526328832
1234414040212025345
1234587696816959489
1234628769933119490
1234562992647393281
1234515346457026567
1234398765064314880
1234542934537756672
1234544059957628928
1234610147927916546
1234565519363145728
1234504967970545675
1234475143528960001
1234272300125622274
1234498245306572800
1234591813459005440
1234585600361205761
1234395079734943745
1234539101816315904
1234367235126448128
1234538510352146435
1234573920780587012
1234369281330229249
1234474203480547330
1234602695429951488
1234586014645182474
1234542887771287559
1234427208422350848
1234466479048929282
1234612240088797184
1234450845892304896
1234600855904583680
1234485361432199170
1234572367399178241
1234461051141476352
1234568202283253761
1234539812813758465
1234505638379737089
1234590011091234822
1234596230359142407
1234385149099417602
1234585772247994369
1234572072640286721
1234627505329516544
1234366652252348421
1234593137575825409
1234534786355650560
1234543450311340033
1234509246496202753
1234469568170647552
1234534954584899592
1234381163734671360
1234585252980576258
1234621948984020992
1234484041342226433
1234623549513486337
1234606178556170242
1234568316565491713
1234419674051424256
1234578401211617280
1234400791835938816
1234606144443670528
1234547438779871233
1234617601315069952
1234570985841528832
1234521218612629508
1234453858266599424
1234574016536600578
1234442447406747649
1234465461947043840
1234603028008841216
1234561061187211266
1234597215479500800
1234594816664711168
1234520808631996416
1234567721758732290
1234501216786251777
1234592086831325184
1234472431953350656
1234588866591576065
1234478509650841600
1234581814896943105
1234532279093022722
1234530312903962629
1234625078857551872
1234583973596160002
1234532915813462023
1234482466792103936
1234477775974735873
1234587964069548033
1234606940929581056
1234542185955123200
1234538937651204096
1234366458551029762
1234603326853013508
1234582239528267779
1234528525950078982
1234482865578168327
1234274065449439232
1234573625832935424
1234572722220474372
1234377065090162694
1234619696575586304
1234590687233966080
1234460750695084037
1234584140667858944
1234577035474997249
1234282530171424769
1234567963572875264
1234413643699302402
1234394491534168064
1234610366895796226
1234608096233820160
1234594939725635584
1234546860854874112
1234574523783172097
1234625918481707008
1234587030417330176
1234551513302917120
1234521738769289217
1234384193863503879
1234350598369239040
1234614039923261449
1234591653631078401
1234573384601739264
1234560191041024000
1234494036746100736
1234600436608401411
1234342697516748800
1234527324793638912
1234584616821981184
1234467352097501185
1234581503042031627
1234595459274039303
1234585251042799617
1234427003287343105
1234580847283576837
1234529286142484481
1234387229843214336
1234585058658439169
1234581828310372353
1234560597380956160
1234538908450480130
1234568056409665536
1234454890296086528
1234527900914913281
1234580395695452162
1234567238243487747
1234365390844809218
1234543946698821634
1234611944708927488
1234557838430593024
1234476897918124032
1234462448368877569
1234463602159079424
1234334194979004417
1234520439482920960
1234478398849855489
1234478784407052288
1234590355133214726
1234568118418231296
1234565022669508613
1234536941024051200
1234616282185641984
1234593430174674945
1234593771700002817
1234585661497368579
1234504623840546816
1234612005799170048
1234569360913641478
1234567265242304512
1234498953816748033
1234460716712824834
1234429040368508928
1234366860461735936
1234360618251104257
1234577363528290304
1234545269561229313
1234591872468897801
1234586778721370112
1234490996576202752
1234541706663600128
1234425718139834369
1234587261733351424
1234581551515607041
1234542208868593667
1234444908183932928
1234286664735842305
1234465799622012928
1234568892099571718
1234555819242422275
1234406772775030785
1234620767041708032
1234575713094832129
1234566307162525697
1234392726373851137
1234524131699367937
1234520276769091584
1234272649267830784
1234532369425629184
1234503757179826176
1234612471559852032
1234553898414809093
1234437040198049792
1234598999845482499
1234573423185137664
1234566959045500931
1234554065553629185
1234571729097412609
1234565558839992320
1234618541426515979
1234606827268169730
1234584133336170496
1234581733439418368
1234536813777297408
1234435779931361280
1234592282864758786
1234298599820996608
1234574297731096577
1234464880662601728
1234459789469589504
1234578964561133568
1234571314729541634
1234529029774041088
1234517458880548865
1234503065098706946
1234576550219124739
1234569503356354562
1234555133612130304
1234505664178872322
1234535087452119043
1234470807843332097
1234326650021650433
1234606719294033920
1234569190679420928
1234525909128040450
1234589605514575873
1234553709532721153
1234506372093534210
1234464517721067520
1234612239484772355
1234491729685942272
1234437545473105920
1234578597505007618
1234575128593387522
1234526380731224074
1234475429303607297
1234618961163177984
1234401303620616196
1234272614392254465
1234588168344756224
1234584793012228096
1234580569616474113
1234484695427166209
1234482839867056129
1234409867252768768
1234354094611009537
1234272528287387648
1234581992223760391
1234481437740429312
1234468194854764544
1234433742283952128
1234361340954914816
1234608006714810369
1234603136439865349
1234569092662775809
1234450128288862212
1234539155658616832
1234526081450942467
1234498528891867142
1234456398311890945
1234419325412478976
1234623888966987778
1234592405195755522
1234571954008547329
1234460442363383808
1234336028258947072
1234597358056415233
1234566415199428609
1234517529168695298
1234273018085404673
1234612383332655105
1234604394777366528
1234594883794546692
1234533376230645761
1234427560303484928
1234399293278023680
1234347697571799040
1234611152203767813
1234576054678937600
1234538281976651776
1234537826575953921
1234536894630940672
1234459345762516993
1234599642379292672
1234595911021535234
1234589881701146626
1234550736970711040
1234540841517113352
1234411452930428929
1234603528838172672
1234583191341674499
1234504885938335744
1234409749439041536
1234611189683867649
1234604759249801216
1234579732345180160
1234570830694232064
1234565619917287425
1234558892186755074
1234513862411591681
1234595686424989696
1234565387909554178
1234560395676913666
1234571552236109824
1234571679231291394
1234567816117878784
1234541066801557505
1234396671368364033
1234611307598491650
1234592496367362050
1234552832654749696
1234301933411848192
1234622774968225799
1234521592614572032
1234397130049060865
1234622010816266241
1234607819040661505
1234598399648968709
1234586159487037440
1234580295036391426
1234497542144000000
1234273269957697536
1234520801552060416
1234464779525332994
1234462965182664705
1234417644515872769
1234593269838991361
1234489974873088000
1234435197371912192
1234608204400791552
1234520691585769476
1234432328061026304
1234603406188318720
1234581686802898947
1234440133698560000
1234596207709892609
1234586778906103808
1234584264081059844
1234476424196771840
1234595053013733378
1234593846815809539
1234564724081205248
1234548235475308546
1234543020055449601
1234481486038011904
1234482766919733248
1234460692364824577
1234397112479178757
1234272426030239746
1234622114461868033
1234612442648453120
1234583440554647552
1234536787395141638
1234523988380061696
1234513972193300481
1234496614087217153
1234577810125205510
1234569582087680002
1234489890382860289
1234473388862820352
1234592969975631872
1234548023163793416
1234530426594701313
1234413980837384192
1234369616794865664
1234567093376425985
1234535204787609601
1234534284507144193
1234483512289435649
1234479355977510913
1234618392054726661
1234614040154066944
1234601357581131776
1234600100053356546
1234576264993918977
1234489307349602312
1234442327814438912
1234433552529358848
1234303307310653444
1234306055464599554
1234616466139500544
1234611870071480321
1234603395702575110
1234603671247376385
1234588613851197440
1234582986768764935
1234571231132778496
1234565590410518530
1234548172061630464
1234542365366521857
1234452976468725761
1234454776391356416
1234432179654025217
1234402099124998144
1234625207207227394
1234613141524406275
1234611417501794305
1234597684704575490
1234564589985173509
1234533794113376256
1234505397416886273
1234501821437267969
1234484120258072577
1234399816974839809
1234267173926948866
1234621043517554690
1234578882675838976
1234576232471310337
1234574217045331968
1234559729529167874
1234486597753724930
1234480086566522881
1234435098054995969
1234389188788748288
1234601745113919492
1234600294350192642
1234541657070145536
1234528026651742210
1234501659545436160
1234472378383634432
1234464678958555136
1234391980542586880
1234270502476226560
1234571785036804098
1234568097526435840
1234567450450112517
1234468664851779585
1234623867831963652
1234598242106662919
1234596670224072709
1234593289921343488
1234550035737665536
1234464053604605952
1234452141667844096
1234440285956005888
1234610150826266627
1234582770233618432
1234578872932368387
1234569164272041986
1234540826467983361
1234519557706059777
1234507035397500928
1234476983339438081
1234458453806063617
1234341130990428160
1234567676963545089
1234555440953880576
1234550276033568774
1234531720222867457
1234488157426667522
1234391743656673281
1234581054335455233
1234574229502382083
1234565345287032833
1234562481902804992
1234560818005643273
1234553321781944320
1234574714502295557
1234553127824764936
1234547131593232384
1234530181068529666
1234438221808967680
1234410928038436864
1234355253371441153
1234355390537580544
1234607876758495232
1234603886142423046
1234590933389320197
1234584265049792512
1234577784292487179
1234551694656245763
1234533668120559616
1234517576052543488
1234596813220478978
1234584021717463040
1234579666385633280
1234575755645984770
1234572752364982272
1234547613388754947
1234450430572232704
1234409146134540293
1234591022824542208
1234586749130694661
1234585587652481025
1234582541753032705
1234580916678406145
1234568295128457218
1234540204096196609
1234520710170791937
1234513066458583042
1234434513780060162
1234389761118396416
1234350638437367808
1234613966095208448
1234569411559862274
1234569414869168128
1234544563387281409
1234539818895446018
1234523225339682818
1234478651409862659
1234399281836183554
1234621044905979904
1234608843549806597
1234600500869423104
1234595893158043648
1234582554759585794
1234537629263122432
1234506978287812610
1234478677481721857
1234432588615471104
1234590794784309253
1234574151668641797
1234570535968919559
1234564943502041088
1234546653950025729
1234536967448166401
1234519274808578048
1234510140323352576
1234506327591923712
1234464744171622402
1234461746531852288
1234462117664894976
1234440818322280448
1234397896247738368
1234371388804386816
1234611156549087234
1234594439290671105
1234581249945198593
1234571360233492482
1234553352299655170
1234535045773307905
1234478502541496324
1234590111184162819
1234574936955551746
1234570170502406149
1234568949817278464
1234566646230114304
1234554982248128518
1234549757261107208
1234530141914746881
1234525182980771840
1234482233215504385
1234464926980329476
1234452790946205696
1234613238354075659
1234604394966142977
1234603564468666368
1234599364305158144
1234595779211382784
1234581839618199553
1234543655081381894
1234594536925650947
1234588671791202304
1234587576809480192
1234581547027779586
1234524797234753537
1234411638847090689
1234621909037441030
1234613833542651906
1234592525366759426
1234552667529191431
1234512854470053888
1234500528878563329
1234462278512189440
1234369094373257217
1234615234729476097
1234596845382356992
1234591912511840257
1234591812804841475
1234589656915808258
1234579959622066176
1234540097028186112
1234534051320602631
1234532257643278339
1234476271813484544
1234403070739542017
1234391995587743744
1234359605746130945
1234623269426356224
1234621795443015680
1234586580897222662
1234531981171580928
1234486116490924035
1234464443469352960
1234464095627358209
1234451750930829312
1234438924103274501
1234611156960055301
1234605658873487361
1234596245936787458
1234581254026256385
1234547926912978946
1234543835172212738
1234516448225251330
1234484578066345984
1234464385260752896
1234457743530057728
1234614542388342785
1234588807023951873
1234582223510175745
1234578259116994570
1234569044587622400
1234546183718215682
1234537135786602501
1234498729023016962
1234496629799096330
1234474020898246658
1234454401357578240
1234426021761486848
1234415113744142336
1234601899271258114
1234540307406086146
1234467291225579520
1234421367296200707
1234418650184081410
1234378725409595394
1234611373071462400
1234580919744372742
1234568985754161152
1234525894275891202
1234523685438001153
1234520721486905351
1234433559382896640
1234311514091290624
1234586633686704128
1234584265288904704
1234581376785113095
1234579381084971009
1234579628142010369
1234569390525493260
1234539429999542274
1234533292214542342
1234522331655155717
1234513116299436032
1234500302109368320
1234398449841459200
1234393571735801856
1234614388935491584
1234613429782163456
1234607714459885573
1234596342628069377
1234581697263521795
1234561306658852864
1234519370975629312
1234499420936425472
1234478005898051584
1234480187326246917
1234476955006881792
1234408565009534977
1234402816656998401
1234361544609189888
1234267710722387968
1234606296646766593
1234596766890287106
1234594393056739329
1234577580638003203
1234568278120554496
1234567512223866882
1234557838413795329
1234538304244244481
1234533880121692162
1234505997919670272
1234410252210143232
1234410539268354048
1234350517696057349
1234347759064449026
1234603233982734339
1234587453102739458
1234586216730972166
1234580849993166848
1234576712500940806
1234572932338376704
1234550926377201664
1234530390519549952
1234511451227934726
1234501818505252864
1234490986732105728
1234619714900561927
1234599604957667328
1234598064133898241
1234545623375974400
1234542176643768322
1234540248832643077
1234522287497502726
1234519530967388164
1234514573304238084
1234403019078488066
1234387968804212737
1234323551320236035
1234270456930172928
1234622011646758912
1234620752550232065
1234609902376583171
1234609195959193600
1234600100829310979
1234600346128965638
1234589985321496576
1234586840855801856
1234583712328814601
1234578471453708291
1234540264729010180
1234538967011381248
1234536586819362816
1234454833228369920
1234395445125881858
1234331345586970626
1234596851493543937
1234593766264201216
1234590553028861954
1234587868028424193
1234577054047383552
1234558642382344193
1234554222017949697
1234546514233417728
1234483838274981888
1234476030980653058
1234470384826748928
1234429043988103169
1234404554952888320
1234383853478871041
1234624134199595009
1234609471466373121
1234591527776784386
1234590894533332992
1234590266033659906
1234565488245694465
1234558458315362305
1234551446756118529
1234528459285815297
1234516192070684677
1234506758405660672
1234504712873005059
1234420684320690176
1234372042620719104
1234625315672121345
1234623511785807872
1234609359721771009
1234601006815698945
1234596001941463040
1234581069644681218
1234574422062911488
1234574075034468353
1234560037714042883
1234558521435447296
1234556336853127174
1234548881024856064
1234530633139003394
1234530289008988160
1234522866030391307
1234512704154537986
1234486340483534849
1234389054894100480
1234392012176052224
1234626332258193409
1234616292935634944
1234614128100171778
1234601686037147651
1234586577373925376
1234578153047240708
1234567074946723840
1234551919101739008
1234544204019314689
1234504205538336768
1234493257305948160
1234461219731525633
1234412913848442880
1234412992646844416
1234409736147259392
1234402061564960770
1234382318162382848
1234361538951163904
1234335120359747584
1234612392430047237
1234606814903328770
1234600079027245064
1234595912695062528
1234585280021192706
1234581681291612160
1234575410890973184
1234570317982568456
1234557962951241729
1234558383446990852
1234505473535205378
1234613221438480385
1234612696550649857
1234598218614308865
1234585384736231429
1234583593298669580
1234546567996149762
1234539019482079232
1234538670289498119
1234493417092153344
1234426451203624960
1234412217019195393
1234598642692100096
1234594590457503744
1234589433984319488
1234581009099825154
1234578296140181505
1234574218576220162
1234572703249707010
1234573156893024256
1234572524710658048
1234569433663836160
1234555891363524608
1234544125237776394
1234541098351108096
1234536123344572417
1234468965797240833
1234465416774344704
1234465543656132608
1234432200705282050
1234433069748191234
1234410499787436033
1234367119212584960
1234367995796914176
1234620842480324608
