1304397642013777921
1304243176652378113
1304541091048427526
1304436761674878977
1304389311069073409
1304545196961603585
1304410364075937792
1304378880933990402
1304481140888174592
1304208814271586304
1304283529392599040
1304358802289053697
1304292034346442756
1304352543405944832
1304299697805295618
1304310121179348992
1304498672672092160
1304268429956845569
1304343711451623424
1304354440523198464
1304347320633511936
1304208368173805569
1304214668521635842
1304496869721202688
1304349571062079488
1304211805682593792
1304356348273004544
1304374650739269632
1304358482104037376
1304235264030715904
1304445371880439808
1304555355163291653
1304557332580294656
1304262307028119555
1304532670991523841
1304239989388201990
1304349157348511744
1304326577484959744
1304503041111085056
1304231176626933760
1304391838975979521
1304484668650196993
1304242762473242625
1304268182660808704
1304291442987339776
1304348975835865089
1304248296228167681
1304283531003256833
1304305989898952704
1304313730835124224
1304306707313700865
1304234454932762625
1304222771216613377
1304225646831431680
1304297744052314112
1304316307215654912
1304321857269780480
1304322747422715905
1304492899489460230
1304337292174266368
1304239748987400194
1304258409198387200
1304335760015994880
1304494976911507457
1304298795325370368
1304504192300650497
1304326310102208513
1304389125081104386
1304521340104454144
1304218097247608832
1304238231483904001
1304362940049612801
1304397986332585984
1304547221178810368
1304497506181677061
1304227449903943680
1304302940371517441
1304543432963219456
1304208195955691526
1304326685924433920
1304392497704169472
1304484547179012097
1304547603472887813
1304208036270141442
1304213113940647941
1304230769980780547
1304291078808375296
1304217193975091200
1304238231211241472
1304290636603027457
1304349386441457664
1304383139335282690
1304399263162662912
1304343324808146950
1304447050231275520
1304497450388992000
1304268432259657728
1304325656294158337
1304353992621793285
1304506246255374337
1304554568563470336
1304296511908581377
1304317815873302624
1304328833051496451
1304334861805801472
1304439493097857024
1304549085903556608
1304327065173454850
1304338893077204993
1304360764044652544
1304464862299516928
1304234667206414338
1304298629130334210
1304313148313407488
1304540714408251393
1304553652590391298
1304560352567328769
1304208764795588608
1304223219109556226
1304238230217269248
1304284757371617280
1304331848944939008
1304340846083559426
1304352582824087552
1304494423385014274
1304356243792965633
1304403413795516419
1304494151661166592
1304509052542742530
1304208844051095555
1304235160532127750
1304297013874491392
1304346442878783488
1304351646294695938
1304430748666073096
1304209092936953857
1304227892218523650
1304233131919187968
1304336378327638017
1304338538834558976
1304343968482758657
1304361985929347073
1304385499377926144
1304418811257466880
1304543405977067520
1304232506150055941
1304239749352181762
1304304190173388800
1304310344203075587
1304318048921321472
1304320017350172672
1304320427653828609
1304332200213721089
1304332601692270592
1304344980576755714
1304353247814127617
1304357742698782721
1304444578586603520
1304543914955878401
1304552091428573190
1304223482717384704
1304228504918282254
1304239559073501184
1304253333755043840
1304260220756131843
1304294902415712258
1304333589224607744
1304337823710023680
1304363148846206977
1304486970438057988
1304518802437214213
1304208180868767744
1304208478370701312
1304215611959017476
1304218097390432256
1304220613838430208
1304234454957858816
1304331181622784000
1304389361107177472
1304432995944878083
1304560611087527937
1304214017490247681
1304215707526279168
1304219332591796224
1304223169801224194
1304318373904486400
1304409043390345217
1304482050641141762
1304493421013368834
1304552802560040960
1304555100770390017
1304209423288668160
1304217974904160256
1304227684520730627
1304231652206485507
1304236136550858752
1304253329309143043
1304283434731425792
1304317502219079680
1304325051920121862
1304328827146063873
1304331343296376834
1304336376473751552
1304343928120860677
1304345506685030400
1304541511208652807
1304542526058233858
1304547512204877826
1304555354886492160
1304556830941732866
1304557073179578368
1304560352353497088
1304212444630450178
1304212682694897664
1304213507706159106
1304213739353374720
1304223134849982464
1304223438475722752
1304225984888082432
1304226954162384896
1304237608776740864
1304242614464638978
1304309952656191489
1304317183913275392
1304317337206747136
1304325606469967872
1304334165937205249
1304343774194069504
1304346733162496002
1304349205524131840
1304355457449054209
1304356169041969160
1304363800909545473
1304369092149743617
1304410953174462464
1304223573788241920
1304283723190415360
1304311819859828737
1304315007577059328
1304321278271254529
1304326310194565122
1304347041586458624
1304351671506669569
1304354483334504448
1304382735272865793
1304401419357827072
1304429693215682561
1304431545365782528
1304490145702346753
1304528404339994625
1304539421023313922
1304544602985295875
1304555322665656320
1304560420565516288
1304215601653723137
1304215883464794113
1304223456351969283
1304227131485020163
1304227684524982272
1304236315068817409
1304293594556137474
1304314410488467456
1304325453520482304
1304325498491883521
1304331146386436096
1304331877315227649
1304333859991953408
1304333860285554689
1304341371625574400
1304347525835640832
1304347701199339520
1304354759541960704
1304356062674464769
1304357534120148994
1304401743887970305
1304441169582133250
1304454505434669056
1304510143934201857
1304550028372049920
1304211177048870912
1304212242179776512
1304213585938186241
1304233604340494339
1304262891072348161
1304268455328309250
1304275979431538688
1304283599127142400
1304292128940421120
1304306177518391296
1304313536554897568
1304323282737467396
1304332620688429056
1304336313936683008
1304339389867327488
1304340151309565954
1304342592847478784
1304343282823163904
1304343934034796544
1304355976259174400
1304361001131933696
1304364996550369280
1304373891503198208
1304394769842479104
1304417771862872065
1304475720056532992
1304487526800011264
1304498178939654146
1304509526096441345
1304526049099894791
1304541629865439233
1304562650509176834
1304562670352334849
1304208036978921479
1304210547378974721
1304213914314575874
1304236890510503936
1304238482303451138
1304239187785330688
1304240750234800129
1304302974404042752
1304315518015463426
1304316306053828613
1304327584373772288
1304328969102282752
1304332829501861889
1304337634932727809
1304338893123194882
1304339189459189762
1304341486096601089
1304344770777690112
1304345625992015873
1304348698093248512
1304374180641681410
1304389381244026880
1304400942679429124
1304412470996500480
1304482014444257286
1304541975262179330
1304544049517527040
1304549524782952448
1304553845163536384
1304562074429861889
1304212850127384576
1304213001533190145
1304214076483145734
1304216350672420865
1304218329247293441
1304218758089707520
1304219679506993153
1304223788087771136
1304228864890212352
1304231138836328451
1304231530026471427
1304231950333480960
1304232991573659648
1304236953446088704
1304237293805412354
1304238800567230464
1304240179545243649
1304260634574544902
1304260880490590208
1304293664773021698
1304294855816904704
1304296390038880256
1304300103650471936
1304315998070284288
1304322838577451014
1304326445259321346
1304326711950159872
1304329330382700544
1304332560550559745
1304333130585776128
1304333336731553793
1304333370533576707
1304335926374682625
1304339861231501312
1304343060466282496
1304351236339056640
1304351662908354566
1304352514347855872
1304354515857145862
1304369092158087168
1304387374185623559
1304404310738960384
1304513796111659008
1304535333846032384
1304546073915068416
1304548065945309190
1304555189647618048
1304561329336987650
1304209619062059008
1304209650078953473
1304211846866534400
1304212507452735488
1304212811250364416
1304214207504683008
1304216805813166080
1304218735604051971
1304219133194760194
1304220670428143624
1304222094721462274
1304224022649958400
1304224524309856258
1304224758423314433
1304225250876493824
1304232400680103942
1304233196683513856
1304233209060876291
1304236034759237632
1304238231257362432
1304239005584814080
1304239421148090368
1304239722190041089
1304240979264888832
1304253338779897856
1304268431366057985
1304290333388201985
1304291156658991106
1304295919106617344
1304300348279062528
1304300705927266304
1304301553378000896
1304303173725753346
1304306200784273408
1304308141383913473
1304308900779438080
1304313728066826241
1304317514768355332
1304320882903592960
1304320940906553345
1304323431501115392
1304327065664212992
1304333311154761728
1304333792505671680
1304334836052697088
1304337801174024196
1304338474645041152
1304344244346290177
1304344392988229633
1304345386384003078
1304346667735552005
1304348411865583616
1304349205088141313
1304352216359337990
1304353781791023104
1304356721067012096
1304365476747907073
1304366576737583105
1304370151618469892
1304382424118366209
1304389559149617152
1304392541098385414
1304396691865468934
1304403313060769793
1304417410183761921
1304423702222708737
1304448441091796992
1304472807527641091
1304509663149535232
1304514294399283200
1304525648841633793
1304544595112595457
1304546422180794374
1304551098536079363
1304555093132554241
1304560539549478913
1304560546675556352
1304561095617785857
1304208030754627585
1304208031576662018
1304208067161190400
1304208154532642819
1304208509484052482
1304208593995132930
1304208682419466241
1304209039291809793
1304209230451429379
1304209278916534272
1304209627782041601
1304214340233555969
1304214985405542401
1304215279321350146
1304216947991678976
1304217590127099905
1304218212096258049
1304219064794050563
1304219269584969728
1304219294058852352
1304220625540714496
1304223491256975362
1304225026598670336
1304226064865071104
1304227656184090624
1304227998124646400
1304228093192802305
1304230144110989316
1304230247538319363
1304230681380368386
1304232696600834050
1304236174148501506
1304236251105710080
1304236320424890368
1304236481544847360
1304238387218583552
1304242758186606592
1304242976634306562
1304243164677636096
1304243263054983169
1304243263130533888
1304249554384990208
1304251670315008000
1304258362482196480
1304263395722493952
1304268462441869317
1304284285021675521
1304285174000091138
1304287141112033280
1304288561605140480
1304289857854992386
1304291077982056450
1304291915605716992
1304294915019546629
1304294964185255936
1304298587342413824
1304301066025132033
1304306196795490305
1304316056308273153
1304316978719592449
1304318760392638466
1304320018784559106
1304320348704452609
1304323793561825281
1304326815385870338
1304327701877026816
1304328254048923648
1304328369195102208
1304328691732881408
1304329396745052165
1304330374168940545
1304332417482788864
1304334030633152513
1304342667980144640
1304345995946450945
1304346442920722432
1304347799794806785
1304347874508107776
1304349525964972034
1304349974386241537
1304350596653342720
1304353709741215745
1304354417727201281
1304357906175995905
1304358100254810112
1304361542398275584
1304365887525449728
1304367658398351361
1304378787795271689
1304389603009400833
1304390477559607296
1304393460494065667
1304395753444511744
1304398821426823168
1304402847904272384
1304427672697798656
1304433309179576322
1304487453064036353
1304487735223300096
1304488081429614592
1304493058101309440
1304494454519275520
1304495561605775360
1304498662182133760
1304500241870262276
1304514713322221568
1304515192278208512
1304543958987669504
1304544100801228801
1304545336464216065
1304548045372231680
1304551027430092800
1304551544453431296
1304551970125078529
1304555826376515586
1304558442397470721
1304560185554460673
1304208147335327744
1304208189735538688
1304208230013374464
1304208377132843010
1304208542686236672
1304209066739281925
1304209258221842433
1304209475654516739
1304209495258693635
1304209933408362496
1304210009019109377
1304210732532277251
1304210940817178632
1304211425271992320
1304212553321545734
1304213173164216321
1304213209763713036
1304213342756757504
1304213427179737088
1304213643001819136
1304213851190235137
1304214712465461253
1304214785320460289
1304215308773793799
1304215527527780352
1304215598910640128
1304215667416031232
1304215752652795906
1304215763079827457
1304216582630105088
1304216700871757824
1304217056783601664
1304217371389890561
1304217450364497923
1304217589137145856
1304217737158430723
1304218279276433411
1304218551117647874
1304218716079620100
1304219909346471937
1304219929818914822
1304220091211485185
1304220246413381634
1304220309898264576
1304220689835192325
1304221886423789568
1304222293376339972
1304222460611526656
1304222741302665216
1304222854922338304
1304222905891422214
1304223132060917761
1304223640054046722
1304223828994818048
1304223894279278594
1304224232302354433
1304224712524996610
1304224860374171653
1304224967199019009
1304225221386407936
1304225805745238017
1304226175691165696
1304226628038524936
1304226634975903745
1304228012150448128
1304228103959478272
1304228163690663936
1304228787014512643
1304229282068262912
1304229576458080259
1304229803344699392
1304229813692108800
1304229818146398210
1304231327366107137
1304232073570529280
1304232424453419009
1304232684986793984
1304233196972777473
1304233592789360641
1304234704808423428
1304234852301058054
1304235009998495746
1304235154399993857
1304236104804171776
1304236637442932736
1304237135520825345
1304237251682066435
1304237365502844933
1304237432951508997
1304237814771601408
1304238869328527360
1304238940971560963
1304240710732976129
1304241538432667648
1304241571488043009
1304241669278232576
1304241776639840257
1304242063576387585
1304242465315196928
1304242706886033409
1304250199976665089
1304271704672342016
1304278367924031488
1304281192062160899
1304283595482304518
1304286332966055936
1304290323707891713
1304291475602235392
1304296272208302080
1304299891284471808
1304303497333137410
1304308442581135361
1304309720187129856
1304310290683748353
1304312127256133632
1304313727534030852
1304313912536584198
1304314480759910400
1304315855283646464
1304319364712235008
1304322486121771008
1304322502433402880
1304322858647248896
1304323400903557120
1304325951770288133
1304327743455232000
1304328828110606336
1304328940744564739
1304330347719475200
1304332492841902080
1304332601763573760
1304332998976962561
1304334198640181254
1304335371753447424
1304338838739877889
1304338893265756160
1304343415375753218
1304343435307036674
1304343927122788353
1304343933846134785
1304344214092816387
1304344778742661123
1304345113280249861
1304345184969412608
1304345828019056643
1304345941185626114
1304347152068554752
1304347338891116545
1304347517488951296
1304349843595419651
1304350410640158720
1304351477109006336
1304353333315080192
1304354968674209792
1304356503403589637
1304357200337539072
1304357296210948096
1304357757013950465
1304358033594572802
1304358786522513408
1304365085335396352
1304365412092719105
1304374128108015617
1304380575864762371
1304382158379929600
1304388718837600256
1304389675730305024
1304390127020650496
1304390958835011587
1304397452829757440
1304414137896796164
1304414292255617024
1304426723388411904
1304433225088077827
1304433391715135489
1304450481335435264
1304483816652722179
1304487663760822272
1304492570261716993
1304494424219684864
1304494982489927680
1304496681115844609
1304497092069650432
1304499358155649025
1304506457740713986
1304510459186417669
1304511338803326976
1304523291642732554
1304523932339507200
1304525602343604228
1304541092273180673
1304541338239729666
1304543994706382848
1304546141501943809
1304546438425325573
1304548263253639168
1304550637057839104
1304555177777737728
1304555326226587649
1304555347718402055
1304560258141032452
1304560810790973445
1304560898892279810
1304561164471414785
1304561188664152064
1304561252786737153
1304561753662128132
1304562184513617922
1304562223499694082
1304562253698564097
1304562289253715970
1304562381666897922
1304562440622026758
1304208086811512832
1304208114175139843
1304208144097304578
1304208226691543040
1304208275186085889
1304208355548950528
1304208379724926979
1304208458275868672
1304208668972515328
1304208797498572800
1304208834668507136
1304208904574959618
1304208978902224897
1304209184611807232
1304209487344144385
1304209505195036675
1304209514816827393
1304209687303409665
1304209688859488256
1304209816139821063
1304209831889338368
1304209895164698625
1304209909756694529
1304210002719182850
1304210044116926466
1304210398850277376
1304210428818608129
1304210559215247367
1304210591641468929
1304210599660990464
1304210648851767296
1304210831039778820
1304211079942344705
1304211133361000450
1304211163371253764
1304211288294412292
1304211346712477696
1304211365788254209
1304211445861801985
1304211503848009728
1304211523221573638
1304211637772136449
1304211686694563844
1304211815405096960
1304211821054889985
1304211846027784192
1304211891531718656
1304212005839085573
1304212082792038400
1304212208591630336
1304212213054414849
1304212378876223488
1304212480378445824
1304212480739213319
1304212531406200833
1304212669961064449
1304212853201743873
1304212868615802880
1304212988702883843
1304213076959428608
1304213108265713676
1304213255380967426
1304213284942381057
1304213476726976514
1304213484767457282
1304213512324100099
1304213533467594752
1304213822358589441
1304213897159860224
1304214042614136833
1304214131902492673
1304214204833038336
1304214206367985666
1304214234935504897
1304214343513505792
1304214484811231232
1304214494034485249
1304214623470727169
1304214672611119105
1304214746393182215
1304214804861784065
1304215119954612225
1304215203991687168
1304215415321694211
1304215433051082754
1304215732906061824
1304215930537414657
1304216057553453056
1304216066097377281
1304216067024195584
1304216128714047488
1304216274067746819
1304216398479196167
1304216673239654401
1304216683398279169
1304216798070558720
1304216815988617216
1304217033710743557
1304217049183457280
1304217097925521408
1304217108855902208
1304217493351870464
1304217516403822593
1304217543981367296
1304217561207316488
1304217687954984967
1304217796218413056
1304217806104416258
1304217835036696577
1304217862056411136
1304217986505601025
1304218071108849669
1304218128684023808
1304218152239276035
1304218222904963072
1304218300931551232
1304218335287152640
1304218416274907136
1304218424495742984
1304218470452785152
1304218555781722112
1304218616653586433
1304218695930085376
1304218696701718533
1304218752691691520
1304218820417118208
1304218849802358784
1304218904814850053
1304218984162697217
1304219049149304832
1304219147094634498
1304219298022469635
1304219457091440645
1304219621470482433
1304219807315881984
1304219842455638016
1304220065659838464
1304220076413980674
1304220266755698689
1304220295075639297
1304220460515811330
1304220557345517569
1304220619341475843
1304220797633007616
1304220847427780609
1304220883754586114
1304220891912507394
1304220949718458369
1304221046711742466
1304221294150529025
1304221357857701889
1304221365332049921
1304221386152513536
1304221628533026816
1304221744060936194
1304221816718843905
1304221831788986368
1304221939125215233
1304221968871362561
1304221991113719811
1304222022491230208
1304222135284506624
1304222283318394881
1304222385122553858
1304222445935747072
1304222490483404804
1304222564718444545
1304222611602317314
1304222968625745920
1304223115388637186
1304223281986375681
1304223435174936576
1304223454066102272
1304223594130681856
1304223616578596865
1304223730562936832
1304223733792604160
1304223884451999745
1304223909072367616
1304223923073056769
1304224165290016770
1304224321271992324
1304224322530291712
1304224337864667142
1304224441740734465
1304224451085598722
1304224838270189568
1304224899033071617
1304224914380120066
1304224930431668225
1304225067044229121
1304225069292498952
1304225102125465600
1304225396444069888
1304225546331721728
1304225551050313730
1304225565143162880
1304225917791801346
1304225997357813767
1304226113716195338
1304226216359194625
1304226499327864833
