1255839283769999361
1255882409784025090
1255915965642092544
1255959522146947072
1255858169412231174
1255973132554338306
1255753323862425602
1255808955391115265
1255783401937870854
1255823681508577282
1255819056554356743
1255970141797523457
1255877725040054272
1255858886835343362
1255966824774209538
1255836477583474691
1255948373003206657
1255903990702911489
1255920485407379456
1255840132353138688
1255843923848765441
1255974364815785984
1255848773110108161
1255821123847102464
1255932441249931268
1255970159887605764
1255958469208879104
1255904398720397313
1255954738300018689
1255921663151128580
1255899988787421188
1255980623329660930
1255945241024180230
1255990126192349184
1255944153013370880
1255686228390838273
1255801375772065792
1255756374287491074
1255935546662289408
1255945739219406849
1255981543790645252
1255993543895719953
1255952954416300034
1255936839564832775
1256001166829379587
1255993093825933312
1255844169022570508
1255836676645150723
1255912449238282240
1255809317896323073
1255976673570324481
1255905895180955650
1256001201713405954
1255826966143545344
1255960088877113349
1256000003065217025
1255997279472926721
1255889092090494979
1255809108554457088
1255935617126539270
1255977328498429955
1255807660865306626
1255822216475918343
1255829253947564034
1255753466334662657
1255991082950832129
1255815956183515137
1255691810761998337
1255826467906338821
1255680432743616512
1255750329548918784
1255862028981268480
1255875557507715072
1255942662236131329
1255965925712551939
1255951366503256064
1255931624191078400
1255989859786862599
1255980128586412032
1255983192609304577
1255962957156098048
1255987795383816193
1255883120022298625
1255907253695188996
1255776403598921730
1255759373474947074
1255816326557376514
1255982554617974795
1255982287633747971
1255995346666348547
1255826491432189954
1255952561464631301
1255864096601395201
1255981323757518849
1255798872821170176
1255956672473968640
1255958577468014593
1255988812012027904
1255987700877975552
1255884455446753283
1255899902833496064
1255949753248034816
1255995626040500227
1255910989008076800
1255917828798066690
1255659463446577157
1255841668374429704
1255951479392919552
1255989872655040518
1255962869520379905
1255760476262236162
1255864792469962753
1255939930125107201
1255981943096827912
1255926928583864322
1255811141265248257
1255850322452496384
1255872547851325443
1255905032442122242
1255976475515289600
1255984020673966082
1255976036287774720
1255958100672118804
1255958083551088646
1255959695065481219
1255967131201687553
1255969887727558657
1255988821730131970
1255888609456066565
1255989054111432705
1255824424466558977
1255839561583820802
1255949297008422913
1255996884222689284
1255964447828586500
1255998909492662273
1255756402183802881
1255861901982130176
1255952742134231042
1255966456468189184
1255889926408663046
1255932991647494147
1255664985113591809
1255962886838661120
1255839146205200386
1255924928307703810
1255936287913267201
1255987796508135424
1255799190682087425
1255896858137899013
1255951305689964550
1255852511271038976
1255953821576069135
1255840161142902785
1255814304235876352
1255960713853571078
1255989956788531200
1255653504775053314
1255961254730096640
1255976413292879872
1255659117378703360
1255966392874131456
1255985001591603202
1255873673665413120
1255933603902603266
1255938820949848065
1255996521855815680
1255983559984242691
1255972696183263232
1255975609743937538
1255904045857939457
1255978054209462274
1255936628696264704
1255985673212964866
1255655346707869701
1255754238648553472
1255835997360840704
1255934002495721474
1255947944462860288
1255979494197862400
1255742307049132032
1255971994518126598
1255998853121277952
1255848224973303815
1255873008004145152
1255958351554347008
1255840034823036939
1255916647338123264
1255939677351227395
1255941697005072389
1255986556642439169
1255692655222276096
1255761709412712450
1255888366404583424
1255936656433176581
1255944180167294977
1255977477530251266
1255933020084809730
1255939751573585920
1255966412000165891
1255966815022387200
1255985427472932865
1255995810896060416
1255810786011811840
1255938772119826433
1255658488530980864
1255945525167370246
1255984020749508610
1255991348257263617
1255992075302158341
1255668692823801859
1255671594200023041
1255958547600494597
1255996667842740224
1255780695051468801
1255809433629794311
1255997217028165632
1255893911219961856
1255924157218463753
1255964161022009345
1255964851429675011
1255996482240548870
1255794074969407488
1255840465552912390
1255854233661976588
1255932257371635712
1255954962703581198
1255966228440584194
1255810378568806401
1255935170517118976
1255946698016337922
1255953555032342528
1255991095739252737
1255840378873434113
1255897556757905411
1255966954185162754
1255714701759131648
1255954235348353035
1255994220780929025
1255990797402603522
1255889932800884737
1255915770468610055
1255940181158494209
1255940850942709761
1255957534512484353
1255770571113148422
1255895190742749185
1255911831127932935
1255992059766415361
1255831881230299137
1255873956474691586
1255877348794281985
1255887212723519490
1255942835460808704
1255745436398354436
1255855448177156097
1255867136691634177
1255964119519330313
1255978229573304326
1255988317000269828
1255995563155300352
1255997048836497421
1255778035720224768
1255891716588134400
1255951301629927426
1255979896016375816
1255980378415927302
1255882377525633027
1255939197120262145
1255978295402864640
1255866708109275136
1255883066251321344
1255954104964263936
1256000150415331330
1255882120284852224
1255928167392559105
1255939950845087744
1255979784514998274
1255992771460161536
1255846805721546752
1255860548845084672
1255903048452489219
1255965300585095170
1255995516527226882
1255965324748500997
1255683792276242434
1255922107793526784
1255960805495001089
1255966970152988675
1255664124719063040
1255791379197943813
1255946823258300424
1255953872901869570
1255957132731613194
1255991763371687936
1255942249503997958
1255682890890973185
1255787987222355969
1255832238295482371
1255840333411295238
1255969555723227137
1255983162771017728
1255991497318637569
1255895501813284864
1255956853105844231
1255969451217911808
1255897600722690051
1255933621447413761
1255980258915991552
1255850332179005443
1255940153958375424
1255988179783516160
1255998980321955850
1255769472809435136
1255772795361005568
1255798317042274306
1255851058498351104
1255934822507257859
1255935130767687681
1255943167981092865
1255977806812643328
1255991531049291779
1255939337990164480
1255942703877103617
1255952806038638592
1255953814181556227
1255668501081206784
1255804266687717377
1255897266470166535
1255903919642783744
1255912299103227905
1255942198677385218
1255958933967077407
1255959010089611266
1255978386738085889
1255989612121673733
1255934951331106818
1255934952287301632
1255936841049653250
1255955782111236096
1255958646590255105
1255967211778342917
1255998231554686976
1255666807068856322
1255759750219755523
1255819188012306432
1255939104086331400
1255947066691461121
1255949501384310793
1255950432343658503
1255976216852680704
1255852575490019328
1255936600636301312
1255941403315769346
1255949675204657157
1256001195581345792
1255917095394717698
1255938019921743875
1255939217852641281
1255949899872567296
1255951836500066310
1255966853790404614
1255982762336518144
1255680982797164545
1255809713889034240
1255848105423101952
1255930365455339521
1255932184743096321
1255935015273234432
1255994668682223616
1255794025623404546
1255794662507524096
1255834179901820929
1255870404926865408
1255927397435793412
1255937047275155461
1255956466395119618
1255961423945089026
1255965165763342337
1255978313861853186
1255984899087007744
1255990781111873536
1255993551164444672
1255699505372188672
1255773526671450112
1255821702375890944
1255888257952419841
1255912299405041664
1255940714741075968
1255944586029158405
1255951803784585221
1255972929751470081
1255975342675841025
1255980038488555521
1255988195239526400
1255663917940047872
1255748538736263168
1255761403870359552
1255791784141246465
1255829994019971072
1255835294756147200
1255840966629613569
1255886664309891072
1255901158037688321
1255934995136483328
1255959304420589583
1255959864280584194
1255975188811911168
1255654637794996224
1255658984343830530
1255713051229278210
1255804770016731136
1255859558611812353
1255902447253499907
1255934275364454401
1255951251885494277
1255955080119029761
1255967134557057026
1255985278986194944
1255991805998510084
1255695178930798593
1255713990329720834
1255755542234103809
1255818770595135490
1255840862216556549
1255861844251680769
1255869483836637184
1255878022084866049
1255888774871093248
1255933346070265856
1255936793167478790
1255952000094744582
1255975212706705408
1255992291031949324
1255996462783172608
1255662604799873026
1255757208354271232
1255767596542185472
1255789489009508352
1255814853559713793
1255824720814981121
1255864384607436801
1255934948642394113
1255946348823797760
1255955982863171585
1255956366486798344
1255964289363566592
1255971759121203200
1255972696824975366
1255801211925782528
1255814245431812097
1255865998973992960
1255878266302365698
1255910466427195392
1255934859584909314
1255942168247701504
1255964896174526464
1255970167575674886
1255971016595169285
1255979858133430272
1255995170069319684
1255995348549373952
1255780849490046977
1255838954064097280
1255846295962554373
1255847134634692608
1255865798679244800
1255886941805051907
1255918250103386113
1255919904584273929
1255932829118193664
1255955743020404737
1255958450103779333
1255962986486923265
1255972461339971593
1255975435827060738
1255975788870021120
1255999450348056576
1255678469893169155
1255693424872828929
1255893066839404550
1255913760360931336
1255945281155346435
1255957837492125698
1255960934927020034
1255994248836636680
1255793209965522944
1255832091637530632
1255842541141983232
1255849391182753793
1255876658051067908
1255887132327120897
1255896656341536769
1255934615212232707
1255950262197538817
1255953732661129217
1255957659146125314
1255967753405714432
1255975662483132417
1255976415545167872
1255998806136696833
1255770308017098753
1255787331946188800
1255794028563574785
1255815170565312514
1255836801115123712
1255877468789051393
1255941582404141057
1255943333458968579
1255946123828740097
1255947602593558531
1255949131228602373
1255949795165904896
1255957596952911872
1255960513386774540
1255962661499498497
1255967829641363457
1255973867602022402
1255974017447723018
1255978835042086914
1255981513369440259
1255985505814052869
1255992250565304321
1255992828779356161
1255759973780520962
1255838837764509700
1255851049660923904
1255879582848151552
1255891398869561346
1255924232405635073
1255934719620939777
1255936600128847874
1255940483890601984
1255944288770248704
1255946007940157440
1255946271845576705
1255953375901909001
1255960790533799958
1255965264677666817
1255974361040896000
1255978191480598528
1255987091038666756
1255659970470739974
1255830923133833216
1255832203277357056
1255865766638956546
1255879168195211266
1255936475084066816
1255942590484054016
1255944994881441792
1255948641979826178
1255952331935494151
1255977729222197250
1255984721147899912
1255992103257149440
1255793586299375617
1255809246899429378
1255810106677174274
1255878639507431424
1255904752296251392
1255905803703386112
1255935089474711553
1255936733398667264
1255948617325690880
1255955997421690885
1255957446113230849
1255974113144967175
1255977108918108163
1255777739614887936
1255814284677963776
1255834603400675329
1255845799797366791
1255886657980633089
1255915409703866369
1255936913653075969
1255942207175081986
1255953170318217217
1255967881466167296
1255972486174441472
1255973174128361478
1255978206219378688
1255979506923438082
1255988832140316672
1255990328760455170
1255990812002967553
1255991182825586690
1255991990891753474
1255992594154377217
1255648058341117952
1255703368904798208
1255748186838380545
1255766276879847426
1255833441318236160
1255884745935851520
1255887114329358336
1255932544232587264
1255935065789353984
1255941581116510210
1255942945909465088
1255945968572383232
1255950049680543744
1255951737749471236
1255953732908527618
1255954027218718726
1255955079913406470
1255958140757172224
1255961071589961728
1255992008201711619
1255995413213167617
1255653593346015232
1255708651878309891
1255772400865730561
1255801923921379328
1255816256206356480
1255825713845895171
1255839497746550787
1255872544906907648
1255890831795458054
1255919849676529664
1255933274737856512
1255934391446122496
1255937463941562370
1255939554688806912
1255939980645543936
1255951465157402627
1255973100220547074
1255981114579181570
1255982273742213127
1255982762319699968
1255985253593812992
1255991556798021635
1255992820655173633
1255993885148446721
1255995345122865152
1255995595501772803
1255801288165666816
1255807330404499456
1255820843051089920
1255841316254162944
1255862589696999424
1255934954099236865
1255939544337301504
1255948126998925314
1255948539575898112
1255955080131428352
1255962241532395520
1255964339032424454
1255973549254344711
1255977437256613891
1255980247574433793
1255988109168214016
1255995369521131525
1255683792313782272
1255693465247191043
1255698882018893825
1255812923051708416
1255815083307020289
1255819244522127360
1255820149992677376
1255822146925932548
1255880085824958467
1255884005934841857
1255891256347156480
1255922209186557953
1255922316850192387
1255932517716307974
1255944179139645441
1255945121268465672
1255946769562730496
1255950384985714694
1255957597309583361
1255959005635194882
1255961006083379200
1255961934148534273
1255962154341187586
1255967100327378946
1255981521623748608
1255983288344350720
1255992416752013315
1255760841867177984
1255772987296448522
1255786733788069889
1255823808822460416
1255824133872549889
1255829665001934849
1255839834406617095
1255854179903582208
1255864510394634242
1255893478715928576
1255897291245989891
1255925167022313472
1255937598670897153
1255938231905980423
1255948808447459334
1255957470616465408
1255960994830041088
1255962629941624850
1255971211886186497
1255971409425244161
1255976398344331264
1255990024652423168
1255991091771383809
1255995534164340738
1255799297418956801
1255804964766654464
1255812617077227521
1255825476385308673
1255829253498822658
1255839788621606912
1255843723365306370
1255894976266936327
1255907368782757888
1255935922639638530
1255937212111175680
1255937463870087168
1255942624172814337
1255946399813906432
1255963851138400261
1255975226350940160
1255999537564585984
1256000303658385408
1256000882015174656
1255648076817149955
1255648826586783744
1255659381556801536
1255728625963413506
1255783032100962304
1255814426114039809
1255859904147054592
1255871066087534592
1255893150146670603
1255895185353048068
1255902094609059846
1255912913765830659
1255937243631562753
1255938722316595202
1255948001224384517
1255952183335542785
1255954358971387904
1255955108271132672
1255957146249965568
1255959007291899913
1255960271476187136
1255979515983073281
1255983967611817985
1255991696950620160
1255999931963277312
1255796719645835269
1255821466978918405
1255832432647049218
1255839713371607042
1255850960099979272
1255854681865236480
1255897501309304833
1255899715239116812
1255903011181821952
1255905997689892870
1255906150714937345
1255906294810230784
1255912299291791361
1255938774724419587
1255940462759862273
1255946622577643526
1255947742104285184
1255948693838204930
1255950747377774593
1255952384498466823
1255955312009531393
1255967704445603841
1255969018797752321
1255969835177127936
1255975220290236420
1255986718206947328
1255989784633389056
1255991908926660608
1255992270647681026
1255993051769692160
1255994505750294529
1255995722966740993
1255663280833658882
1255749178497667074
1255761021542825990
1255775153209978886
1255804630224773122
1255820318565978113
1255823040631504897
1255828824626991105
1255847695618637824
1255848788209602560
1255872539299139588
1255875808255754241
1255882217882038272
1255893628553236487
1255923215353942016
1255933991565361153
1255939431552495617
1255942706616041473
1255948036439670787
1255948970674847746
1255950457257762817
1255951947787534338
1255952910103580673
1255960113178869761
1255960698804371457
1255969344930054144
1255974150184800261
1255975348577210368
1255982738957533185
1255983543873867778
1255986681200758784
1255991973296685056
1255992828443807744
1255994041214414861
1255995556020838400
1255999027352485888
1255999204998230016
1256000819704541184
1255710166546124805
1255714173557899265
1255743022194622466
1255765004936192004
1255779713856999431
1255789401747136514
1255797186840928256
1255817148758441985
1255818454285922306
1255827356687773703
1255834120149774337
1255844353945239554
1255845373287030785
1255854920265129986
1255859667764498432
1255864323643183105
1255866478726909952
1255873124429676557
1255897219674357760
1255925291127619585
1255934948034387969
1255936821311221762
1255937463970824195
1255937984106508289
1255941472874094594
1255945113534001152
1255948840236171264
1255952960028319750
1255953273871360005
1255953445019844617
1255954907905081344
1255955470805803010
1255956313298829312
1255957808555663361
1255959331876614144
1255961900929691649
1255965123631624193
1255965598032461829
1255966859045867529
1255970083131682817
1255971453201154048
1255974672598011905
1255975875063025667
1255980184643215361
1255985542740705280
1255989155827417088
1255989587593355264
1255991945685544963
1255991968246751232
1255991968607416320
1255991980154335232
1255991980221399041
1255991981228150787
1255993185576288257
1255994112320438277
1255994355233497098
1255994787662102529
1255995375896289280
1256000263502135296
1255684852092997633
1255700775449194496
1255777507275669504
1255787511005274112
1255792661958660096
1255800555353657345
1255814444833275904
1255818345234018304
1255830349604683776
1255833670423924736
1255836216546734083
1255840042326593536
1255846111853441025
1255847925307125760
1255848890554867713
1255858994155003904
1255867730047229955
1255868355237511169
1255873347440840714
1255875196134850560
1255879137249636352
1255913883417612289
1255938445454839809
1255942534192300033
1255946366645342209
1255950239535636480
1255951493879955466
1255953639304298496
1255955080001527810
1255955188826898433
1255957774015610880
1255965712243400709
1255965913028997121
1255974596525858822
1255984926517837825
1255987898631049219
1255988670189854721
1255990312050163712
1255990825739325442
1255991938370715650
1255991943902957570
1255991949548556290
1255991962542518272
1255991965222686720
1255991973372141570
1255991973690966021
1255991975423217665
1255992049247170560
1255992849780420608
1255992880105246720
1255992985881399297
1255993032828207104
1255993088230785029
1255993155792576518
1255993234989494277
1255993272117407750
1255993316757430273
1255993367986667524
1255993623600140288
1255993753648664580
1255996246646558726
1255997033296605184
1255997423052357633
1255997485035724800
1255997620675280896
1255997623342899201
1255997820806541314
1255997875152203777
1256000770337636352
1256001395439726592
1255666413517373443
1255674480862478336
1255738520947343361
1255792518127595520
1255796262789681156
1255799764588867585
1255814154402791424
1255815417244852227
1255815970192601088
1255822252186230789
1255826149667753984
1255828985189150723
1255831587318628352
1255841392561176576
1255859457176862726
1255867445555990536
1255880257481170944
1255916431629303809
1255927470605373440
1255934947942109185
1255934957664550912
1255934967420346369
1255939181655797764
1255942502013640705
1255943998449094658
1255944916913598465
1255949806431764480
1255950375846318081
1255954260799508481
1255955936977522689
1255959247763857410
1255963000822956041
1255964922422464512
1255971273953497092
1255971640619470849
1255972719251935233
1255983075252633608
1255983519794421763
1255988164302442505
1255992748685111297
1255995347865755648
1255665160980758534
1255668692689408001
1255744190522122240
1255768148890079232
1255773065952342016
1255783011121061888
1255804663653335040
1255806682929692672
1255810808451198977
1255813845144285185
1255815112180600838
1255840735833849859
1255856076383232000
