1332784566172590085
1332664323248975877
1332658794409693184
1332595193175040012
1332596539328487426
1332571454332948480
1332571568967446532
1332649102111334402
1332605446809595906
1332631288960970753
1332584844489011200
1332630286702686209
1332631561603264512
1332630621802409984
1332622931449548816
1332647949751504896
1332631253460389895
1332624980090236934
1332565751169945602
1332584901569351680
1332606367371288577
1332549783253381123
1332611304079634433
1332506666005393410
1332805720744529922
1332623471130578944
1332630964963602433
1332474457244438529
1332600736660774912
1332653383140990977
1332630695987060736
1332604941534449664
1332588223906910212
1332560260163276803
1332611075435532290
1332742390222888963
1332745804788936705
1332541385237536768
1332654535626674177
1332597346568441859
1332595820579983361
1332596900613263361
1332600130311217152
1332599088970391554
1332590840330514432
1332826394187980806
1332590835679039488
1332561531670851585
1332589922990116864
1332598808417538049
1332589339046449152
1332622691589894144
1332625280301735937
1332592673308479493
1332609375383543808
1332580812592648195
1332604548876210187
1332629879305744387
1332704342370111490
1332603042705838085
1332610735382388736
1332625260596883461
1332529257554317314
1332575686100463622
1332607836464013312
1332526589301694466
1332554354046476288
1332575778077339650
1332614918063972352
1332816539595071488
1332546837274882048
1332624476689879043
1332629244665618432
1332598555140304902
1332602839038894081
1332566639678803968
1332590844512268288
1332657499086991360
1332586177006870528
1332544222440853505
1332594778324824065
1332613850512957440
1332619672244662276
1332582512921554944
1332488357755162624
1332601195878342656
1332628590928793600
1332591535364452352
1332630915152023552
1332590846340947968
1332619335555293187
1332564884106559488
1332817149925199875
1332588550882291717
1332605147302793218
1332619733003341824
1332677080182558720
1332524874473082880
1332614052489654272
1332746077510963204
1332552743995715584
1332596756396302341
1332817983291363330
1332540695937232903
1332554815017263104
1332588292190199817
1332590065227362306
1332612620701011968
1332621555361320977
1332582851997552641
1332590514265317398
1332614185310691328
1332566357506985985
1332593512852967424
1332604542228295682
1332512335416750082
1332589870603259905
1332628821913251841
1332615068710805506
1332630711375982595
1332785734806347776
1332554234814980096
1332606535864868873
1332623488692195330
1332624799651270656
1332642583261097985
1332763304792649730
1332815067788742658
1332504514440679425
1332563101183578113
1332582946805604352
1332613972105814017
1332622762767118337
1332811280500084737
1332821318421667841
1332529268639870978
1332537923594559489
1332594597244100613
1332617981562675200
1332581817623457792
1332604059400941568
1332605035826606084
1332605459413544961
1332609550969688064
1332626922539536388
1332536115052613632
1332589706585010178
1332607517239676931
1332555798870974464
1332568100416393216
1332592065021153280
1332625808628867072
1332627399012478976
1332574018222903297
1332599730317238282
1332621798345682945
1332594643494707200
1332600866864558081
1332605035138740224
1332616564592570368
1332616910786228224
1332596916660678656
1332601575123144705
1332615235069489153
1332488203769700352
1332526482762108929
1332629058237194242
1332630885158559745
1332588804926947330
1332611922244538369
1332626401237852161
1332630781466972162
1332579984800530433
1332590458237759489
1332527057650266112
1332579061412061184
1332602937760247808
1332605961719197696
1332606499051491328
1332628416840003587
1332810800214446080
1332590368542625793
1332592075422896129
1332595081270857730
1332596901783478275
1332627904254124034
1332537825284268032
1332570796049489922
1332573595307012097
1332598137433755648
1332613954829496321
1332615266807779329
1332816916658987008
1332489419023118337
1332489471116324869
1332574580754542593
1332590136790544384
1332590145988685829
1332649528940490759
1332808496111374338
1332544748599480322
1332552667722289152
1332580736994578433
1332581709515284483
1332591657364099073
1332593006764056581
1332595131149676553
1332595553344102400
1332741916027465731
1332543310330736640
1332576205904752640
1332586919419662336
1332587190132633601
1332587491229134848
1332629305852104709
1332823041118760965
1332549578210627584
1332564982333059073
1332587115977314304
1332588753781723137
1332596231361716227
1332597965874229249
1332605806152454144
1332606110495363074
1332606795718778881
1332610215771041794
1332614862317514752
1332623787368587265
1332734704806735872
1332825599283322881
1332546448613724161
1332553452715642885
1332576985458102272
1332592741180731392
1332599048839245825
1332613313180692482
1332621016250642433
1332524900893028352
1332529695863214082
1332550961760493569
1332583067643490304
1332591738028953602
1332593874980712449
1332595297617326082
1332613105675890688
1332614334820782081
1332618385184731136
1332624554041217024
1332748897828167683
1332809049591738371
1332497449903153153
1332536600446853120
1332538431357005825
1332554814954360832
1332559661774622720
1332582948575571969
1332587146906103809
1332587664298700810
1332588654984884224
1332596522895241217
1332599333729005574
1332610433270870017
1332611721396170754
1332613351264972801
1332622487297941506
1332624545380003841
1332627505652658176
1332526762597748737
1332553556662972418
1332556437332045826
1332569920887009281
1332585197150367744
1332592481444257793
1332597421063380992
1332597438813757440
1332614786815832064
1332617432310099968
1332823364675776515
1332525988035637249
1332538389242007553
1332579991629000704
1332592601757835269
1332593540581515265
1332594609164333056
1332600703500611584
1332618823762055169
1332676447492861953
1332694239701049344
1332537457284444161
1332554827155456000
1332564986368028675
1332570776659259394
1332576215031574529
1332576282090098689
1332581533711015936
1332584429622091776
1332587795634905094
1332593821939535873
1332594335729160192
1332598808237256705
1332608160545255424
1332616141177544706
1332618374606680065
1332625651954802688
1332628464474722304
1332813042850156544
1332519605638729730
1332534429932285955
1332552280093171715
1332561681193594882
1332563691280142336
1332573601044848640
1332575511558713345
1332587646288359428
1332591510039240705
1332605265447882752
1332615644743864321
1332619460893663233
1332620749484408833
1332621214284738561
1332625521906216961
1332626046181666817
1332626500525420544
1332811506367537153
1332814023226748931
1332539344893194240
1332546335623548929
1332561163331178501
1332585447923572738
1332587170205413377
1332597596901269505
1332599447403048960
1332604781500661763
1332605199962103809
1332611628827893766
1332620026063564801
1332620524871184385
1332621519399358464
1332624007204626432
1332700937857736706
1332752767924965376
1332474321504264195
1332535974946070528
1332536328966303744
1332572179343552514
1332573698646302720
1332576875193962497
1332581327749648384
1332587313273184258
1332589391181737984
1332595315501838338
1332600548214927360
1332602812883234817
1332611228041175040
1332613901863804929
1332617004902182912
1332618984919871488
1332624998595489798
1332625162181566465
1332630553707868160
1332669100439576580
1332486047289253888
1332504511835987968
1332527384495419392
1332529765870415874
1332541394368548865
1332554140740939777
1332576762916712450
1332578499719258112
1332589969957851137
1332592739788185600
1332593821994061825
1332595081782702081
1332595301820080128
1332596081369247744
1332596771848138753
1332599899460956162
1332600113412366342
1332602265203511296
1332602433906880512
1332603151829135362
1332604073254805508
1332611136550821888
1332616771153633282
1332617730651025408
1332624432548995073
1332625609411997700
1332628201768620032
1332716457780801536
1332774364031438848
1332810268225794049
1332525265998766080
1332530789121093634
1332536206287106048
1332558138491465728
1332560127866638336
1332572430913605632
1332574119452434434
1332582718266281984
1332595860929208320
1332597941283008512
1332598292358852608
1332600668398477313
1332602952901685252
1332603695163461632
1332605015832326146
1332607166478508034
1332610137010290688
1332611099498319873
1332613709869576193
1332613954728849408
1332614429331103744
1332614631660130310
1332616424129486856
1332618262635540480
1332625564478431232
1332627300144345091
1332734973959417857
1332810867264655360
1332811910199332864
1332821130172887043
1332821857574260738
1332480912064458753
1332489792748187649
1332560569187135489
1332564882705838080
1332564910425796609
1332567394078707712
1332570166912278529
1332577894984536064
1332578997918715905
1332587530492014593
1332589260273315841
1332591392443551744
1332593673566031872
1332593835835150336
1332595284841558016
1332595612613799941
1332595850950946816
1332596747013660679
1332597422023905281
1332602630309253122
1332608541765623808
1332608900831600642
1332610553160798208
1332610684799029251
1332611471948341249
1332612696374714371
1332613334764544001
1332614132974104577
1332614894114525185
1332615456159621121
1332616919808167937
1332620456613044226
1332621662190243840
1332624925455233025
1332629054676213760
1332630879848566784
1332811508586225664
1332827173225443333
1332482152005586948
1332499473604349954
1332505592909492232
1332530710683525120
1332534684987781120
1332549587043840007
1332552469507956737
1332553719850946560
1332561106360020992
1332564639834660865
1332566003549675521
1332568942058106881
1332579984444182528
1332588946019258373
1332596232896835601
1332597007186268161
1332598855205064709
1332599799007285248
1332602630808322050
1332602631630385154
1332603114260664338
1332603520478892033
1332604148328640513
1332606405019242498
1332607488009637888
1332608921417248768
1332609953438294016
1332612139937357826
1332614943561183233
1332615441508945922
1332616695148662784
1332617730826985480
1332619992488144898
1332623057194803200
1332623954759049218
1332625868838072321
1332626286267817984
1332630492865310722
1332630644334223366
1332639154115653634
1332729003849953280
1332738526232915971
1332805783751364612
1332805988307636227
1332817500623548427
1332489389901975553
1332529649142775808
1332529850687643649
1332535694405799936
1332536286465363969
1332536955305947139
1332538920463175680
1332546522001633285
1332553556851904514
1332557332962795520
1332562316819378177
1332569349916340224
1332572431043547137
1332572461800550400
1332576205942501386
1332577472228040704
1332579877497823237
1332580316633059329
1332582617137491975
1332589023932665857
1332591305315246080
1332593296594636800
1332595126066180096
1332595944190332929
1332596119466106887
1332596190253342720
1332596759609176065
1332599605905788934
1332600690464727041
1332600744529301504
1332603861824114688
1332604098890371072
1332606724684001281
1332607656150913029
1332607856592510976
1332609816104230913
1332612672278454272
1332613410870136832
1332614622411689984
1332614920475717632
1332615213095419906
1332616215655804930
1332616388188524544
1332617300617408513
1332618865721937920
1332621504375263233
1332621781455294464
1332627795953020929
1332629727757168640
1332630815763804160
1332631223416578048
1332663030384091138
1332665455631364097
1332671575326416898
1332752209470222337
1332783320569143298
1332808989864841219
1332819066025881600
1332826257608814595
1332481684084826112
1332524838406160385
1332528074727043072
1332534698267045888
1332547250334142465
1332547744171483137
1332548182434312192
1332549783056158721
1332557332010725377
1332559901269352449
1332564603147071492
1332564883829784576
1332565939511062528
1332568656471965696
1332570300345565185
1332570654021971970
1332573006674219008
1332574355700715524
1332574723704836098
1332575788642734082
1332580263646416896
1332580527413600257
1332582521062690825
1332582970042015746
1332583471798169600
1332584243273355264
1332585292952375296
1332586135084814337
1332588323471286272
1332588646252359680
1332592175725604864
1332592824035008514
1332593140734316546
1332593557560025089
1332595748303757312
1332595851898851329
1332595900917669888
1332596025425584129
1332596143017091072
1332596527160848393
1332596700754665479
1332596718991331329
1332596763795058688
1332598065388261376
1332599067298435072
1332599564176662528
1332600043644317697
1332600081430818816
1332600086782763011
1332603295278436352
1332603843050430464
1332604449706139649
1332608124868550658
1332608254669713408
1332608947820367873
1332609273587699713
1332610480486158336
1332610786070556673
1332614498088333314
1332615223824560129
1332615374278365184
1332616478596747264
1332617538019188736
1332617730944421892
1332620695667404801
1332623788236791808
1332625436900270083
1332625824235843584
1332625889788645376
1332626561586040833
1332627618101866497
1332627968653451265
1332628306487877635
1332635345545015303
1332662624362827776
1332748624686706690
1332769387301003264
1332771241170702336
1332826373136805892
1332475542956814336
1332484851015036930
1332502936862253058
1332524895780040708
1332525301872676864
1332525418344292355
1332526539351744514
1332526758483156992
1332526762434105345
1332526771942662145
1332530363877502977
1332536300797374467
1332536632042528774
1332538246631460867
1332542231979421700
1332543797008457730
1332544695780696064
1332546967675744256
1332550788619542530
1332557340193722369
1332558568147591168
1332560081515393026
1332560566137851904
1332562631161483266
1332564892436492288
1332567565776920579
1332571859251044353
1332575067964903425
1332575333493714946
1332576024421392385
1332576457655283712
1332577057931489282
1332578471218978816
1332578722432499712
1332578763083747328
1332579876788899840
1332579980719648768
1332579983395532801
1332581283810177025
1332582382214504449
1332582395288186881
1332585564340674568
1332586048963145728
1332586083259981828
1332586881964531712
1332590249395056641
1332590684637982721
1332590689318789121
1332590874727944192
1332591968380137477
1332594913159077888
1332595081040293896
1332595657220222977
1332595792998244359
1332595905019654145
1332596495590305792
1332597553704136705
1332599342004367360
1332599848349134848
1332600536642805765
1332600843682656256
1332602035859034113
1332602630988734465
1332602777844015104
1332603068551208960
1332603402828836864
1332604559060054016
1332606127461314560
1332606208306520065
1332607709011734528
1332608120393232386
1332608867847516160
1332609534301495296
1332610182128480256
1332610314781696000
1332610340627095554
1332610608357924864
1332613267710242817
1332613507775406080
1332614359797915662
1332614558175858688
1332615843998527490
1332616268164296704
1332618129424396288
1332619198405730306
1332619341448273921
1332621097976680450
1332621781308493824
1332622829406326784
1332623224836853760
1332623420530548743
1332624049248276480
1332624244400852993
1332625201423642624
1332625521658761216
1332626676451303426
1332626754771546112
1332626912284381184
1332628065797754881
1332628837197373440
1332630628404244481
1332630788966375424
1332631068474740736
1332631829149593601
1332664515297746944
1332666987500236802
1332669015588790272
1332673929647955968
1332697326473895939
1332738604246986752
1332743867066691586
1332753576075079686
1332761978377482241
1332789597739347972
1332802352361984002
1332803993169498113
1332826132136288257
1332477357341483014
1332489416523145221
1332494410928545792
1332495461643595778
1332525824298397696
1332530304964308993
1332533236392660993
1332534682433548291
1332535295137427456
1332536930362417155
1332541135676444672
1332542579024551936
1332545091249065984
1332545900070252546
1332546976336982016
1332549396559441920
1332551570299482114
1332554242062741510
1332562364583923712
1332562618297540610
1332562886766579713
1332563623021924354
1332563624183918593
1332565580268916736
1332566532581371904
1332567046039728128
1332569720063729665
1332571885780037632
1332576019455369218
1332576285705588738
1332577362987409408
1332578765277368321
1332580142506500096
1332581002242297856
1332581139358359552
1332581953049161729
1332581962079481856
1332583660797784066
1332583755689627648
1332585544015110144
1332586322691842050
1332587982663147520
1332588123113582592
1332589245534523392
1332589531892224000
1332589552582729728
1332590604287664130
1332591479450198020
1332591696081788928
1332593195063111682
1332593252286001152
1332594944175910912
1332595080469884928
1332595136023420929
1332595156265086979
1332595157074636801
1332595444879388672
1332595677696839680
1332596308767617024
1332596608849076226
1332596648128688128
1332597849947844609
1332598273501245441
1332598460407832581
1332598867964137475
1332599539761618944
1332600819062091778
1332602059573653504
1332602405993787392
1332602551141806081
1332602857539969025
1332602912921497602
1332603240026939392
1332603628549406720
1332603873857560577
1332603897542815745
1332603983144345600
1332604741629652993
1332606619373461504
1332606836541952000
1332607251958337538
1332607426395320326
1332609464088858629
1332609511497019392
1332609946836459520
1332610080131387394
1332610089467981824
1332610181134495745
1332610181277028353
1332610187224440833
1332610222721019904
1332610299288035328
1332610612879298560
1332610619175006214
1332610668692983808
1332611370194497539
1332612147373891585
1332612761667448832
1332613257752875010
1332613284827172864
1332613676629684224
1332613963557834752
1332615484471177216
1332617317507870720
1332617332020154369
1332618085182939136
1332618515082317825
1332618667956301825
1332618842120581123
1332618909967659009
1332619137668034560
1332620027921637377
1332620291084869634
1332620291227459584
1332620542562627585
1332620760465223682
1332621964289126400
1332622698955087872
1332622915376992258
1332622983291088897
1332624855242579969
1332625147526836225
1332625283862720512
1332625414292975617
1332625475886321668
1332626071930490888
1332626108550934528
1332626553411424256
1332627271111335942
1332627361502797825
1332627364547846145
1332627455237115904
1332628684369432576
1332628826606751745
1332629568528629762
1332630008192503809
1332630017235439617
1332630082146492417
1332630841604907009
1332642312040669185
1332653901716348930
1332673413295562752
1332676956161241090
1332685468509622273
1332697245477707776
1332710775690047489
1332729865062244352
1332736465407766528
1332747058864910338
1332777319279292422
1332777352334516224
1332797921755062272
1332821832756551682
1332823191132270600
1332823561610924034
1332826518691717127
1332474882345607168
1332475291315433474
1332477652368822273
1332481116578729985
1332497077675364352
1332519726082387968
1332526221679357954
1332527138361266176
1332528171762245632
1332528350586433536
1332529863023013895
1332534307580211201
1332534532227141633
1332537543762522113
1332537550976724994
1332539427655196673
1332539821936553985
1332541478632099841
1332544731323244544
1332544782770589696
1332546007041597440
1332548284800528391
1332548782697766915
1332549784893329408
1332550908018909185
1332552566983581696
1332555615324008449
1332556955005685762
1332557718905753602
1332558932301254657
1332561075087216640
1332562822107160581
1332564107099303936
1332564840083320833
1332565643757981697
1332566519138627584
1332567228299026432
1332568125586481152
1332568787196010496
1332568805629947904
1332570031763419136
1332570675291316225
1332571782545543170
1332572256195719169
1332572641476153344
1332572869734359040
1332574959206621185
1332575183392153601
1332575722481836034
1332577230933819393
1332578057975177217
1332578403434827776
1332578722550001666
1332579078206083072
1332579539323658240
1332579982267191296
1332581052863438848
1332581478782410753
1332581805581602817
1332581915086426114
1332582086251864071
1332582419585765377
1332582659063762944
1332582747429171202
1332583053819072513
1332583285151719425
1332583901622112256
1332584068467318785
1332584144614940672
1332584740810092546
1332585471034204160
1332585519516160001
1332586230383513610
1332586741446946816
1332586762703605761
1332586969256357888
1332587179063775234
1332587421142290432
1332587451903320064
1332587560254787584
1332587785233059842
1332588046483664896
1332588237366366230
1332588291837861888
