1386109967183187969
1386110431748444161
1386297690678497286
1386309235022176257
1386128473970855937
1386417977122332672
1386297979410292737
1386389376545042432
1386108621621055493
1386377357141946376
1386409680407203841
1386392650094452744
1386209526848925698
1386288823575920642
1386228487091073024
1386222282557861894
1386137888442617861
1386122792198803459
1386409712963526668
1386122789053108228
1386376063673008130
1386107849240088583
1386256680200118280
1386108365819072516
1386111896357539844
1386306036278218753
1386309756873166850
1386123349387091969
1386456612265676801
1386388432931356672
1386245334427385857
1386298113313419272
1386249964750217222
1386130331460308994
1386108191973560321
1386112617819693060
1386107688740737025
1386111582938091521
1386435389846474753
1386304995897663488
1386351336178999298
1386373249039273988
1386108047588827137
1386128759552725000
1386111163482533891
1386109811280936961
1386273783468630016
1386209685007654912
1386274610094776324
1386437215442542593
1386394584675139584
1386401204033527810
1386202479415660546
1386112721662402562
1386261789286014977
1386111223075414027
1386261770763964422
1386407513873022976
1386108139829972994
1386191236130775041
1386371795033497600
1386429761770110980
1386455818409816072
1386109231951081473
1386107692310204425
1386352177002725381
1386111153831432195
1386115239515541504
1386389158306910211
1386422455091138562
1386407981533646849
1386411365129089026
1386113401714184193
1386262036997279747
1386420037787869184
1386257778319183872
1386259163806851075
1386417228287983616
1386123130930974723
1386422565401284610
1386454787936428032
1386148157701120002
1386390323975180296
1386285761927028737
1386454976717758466
1386118734964613127
1386419099929128962
1386452774515355654
1386389001611923458
1386410362606702593
1386421467429044231
1386108522027495424
1386183188754563072
1386109508221427712
1386273464181563392
1386434355438886916
1386450447091650563
1386453880293187585
1386120747798642689
1386266646285799424
1386112714469101569
1386113870490574852
1386128898501533701
1386393267449761795
1386108226656165888
1386126133939392512
1386305251226050563
1386392062807838725
1386432328122044416
1386117054961307651
1386122523910287361
1386276844337565702
1386402134757834752
1386406933645701125
1386447384499085314
1386112756898693121
1386108070368059393
1386108218196336640
1386112159860490243
1386134924684574722
1386184703695273985
1386257900809728000
1386296424313147395
1386376861572288513
1386377644648894465
1386115435272097797
1386436737971331072
1386111044913872898
1386114515129884676
1386125258521026563
1386309489121452034
1386109250850549761
1386114637721047046
1386310648284450820
1386365427715039232
1386451462599872515
1386108203696627719
1386118359356424192
1386255733545652227
1386350734371966978
1386398287905771523
1386434232315228161
1386109127923953670
1386378371488264194
1386386815066808336
1386425700710813696
1386118818070626308
1386306114191380482
1386396752681390081
1386433939749883908
1386109988427374594
1386111495411437573
1386118833673486336
1386132838718836736
1386262832522608640
1386348889201074177
1386373714128904198
1386112262729916417
1386127749597761536
1386168019114676224
1386250437238550531
1386298161619214344
1386414963149860868
1386425446762356740
1386108154585432070
1386110046963077120
1386233831963889665
1386122869919338500
1386128764439044101
1386229048829960193
1386237722738761729
1386294917262200833
1386298991147683842
1386379314170576902
1386444409844256768
1386124651215077378
1386130477321445378
1386136931742924801
1386267070506090496
1386354023561932802
1386383038486044673
1386409681594224642
1386416628015923203
1386444126892163076
1386125618773901315
1386154944818974724
1386210059907211264
1386243589127254016
1386319086469140488
1386383269822976007
1386385733020094464
1386394640358666240
1386436746875920387
1386108185786847233
1386108388409491462
1386112721888837635
1386114892541927432
1386122423905529862
1386161116015992836
1386220253047365634
1386307312906874881
1386353724906422274
1386372504403447808
1386377476964761603
1386377709811605515
1386442749436735492
1386109894567333890
1386126078717087751
1386129734984249345
1386158768631726097
1386169672303796226
1386223425254043649
1386229359866957826
1386255058019434499
1386288024359739393
1386372899213299717
1386396517158703104
1386406536432414721
1386445834418589698
1386449952440717319
1386450195248996356
1386457993051574280
1386107895629090817
1386110321257979904
1386110582026166274
1386132854225227776
1386161039922847747
1386230222807343105
1386239968763338756
1386273358883479554
1386273390084960258
1386294953475723264
1386306760122593288
1386336288941486081
1386336347422695429
1386400395623231490
1386406646520303623
1386446394169430026
1386449159742447617
1386457493467918336
1386458284828336137
1386107692037595137
1386110205113602053
1386111104921735171
1386117754982334467
1386130791667752960
1386234114668474368
1386235447924363266
1386242071854452737
1386257047885332480
1386296794359889923
1386302810409607170
1386308311381790722
1386313449592999937
1386359446599831552
1386372059459198979
1386379241621803012
1386380738543722496
1386409923177680897
1386429292498722817
1386454768197984260
1386456092046204930
1386108022716616707
1386112479512522752
1386115251632889856
1386129392577957891
1386164776687083521
1386185702447009793
1386195228789465090
1386234487059714050
1386242991141097474
1386243025970483201
1386299145657458690
1386307318980218881
1386349282698186754
1386359880601190401
1386370304319053829
1386386001493479431
1386409957189296129
1386413453615771650
1386418493193555969
1386427519406985216
1386442077148307456
1386107692721348609
1386107970514194432
1386109468925038593
1386120301596053504
1386176013726625792
1386214374562541570
1386232172286201858
1386239565862739974
1386270312476651520
1386308885351387139
1386312993437274114
1386362946507485186
1386393704034828288
1386395159772884994
1386395426232832002
1386432327790866434
1386440460500037632
1386108265789116419
1386109026069536769
1386109312771137536
1386109445722284036
1386109858139803648
1386114209973301255
1386116387865731076
1386122562397249536
1386124555689803776
1386125907308462082
1386128331754590208
1386131199689625602
1386134106011049985
1386134112528961538
1386134277365043200
1386135187185147904
1386168089054638085
1386210014692581376
1386219587503542275
1386223127559036928
1386232007584206850
1386257627936612356
1386274723080937473
1386311060420956164
1386315306671345665
1386360255572062215
1386365506677051399
1386377016883228680
1386380732306755591
1386383092601008128
1386383768127164426
1386406910627172355
1386409953548660739
1386420733971091456
1386447678871990278
1386107703840358400
1386109773276319745
1386111328851353601
1386111678174035970
1386112231327207426
1386115797811011588
1386124057649811457
1386128468841320455
1386131247294976000
1386186709184942082
1386186968032231425
1386213079734706179
1386233281071431682
1386233905217409024
1386242376193122305
1386270008058077190
1386281332896985095
1386284461030060032
1386319261413650436
1386334148793671680
1386358617272721410
1386364382406320133
1386372551622938637
1386380824686350339
1386393576892866560
1386409884225212419
1386428552598507524
1386445604893515777
1386107809276874752
1386108163712241668
1386111804502388736
1386111858336309250
1386114328194031617
1386116900200108035
1386119383081172995
1386122724465119234
1386126562974633985
1386127159534751744
1386127239029346304
1386127603409559557
1386141785815126016
1386142429884174336
1386146213192421377
1386175636734050304
1386205835907538944
1386216211046965249
1386220695756197888
1386223083753771012
1386239945493385216
1386246278313558017
1386254535870586883
1386262593199804418
1386281109290430465
1386284116832931840
1386293033667239938
1386304341116600323
1386315380864471040
1386355665178873859
1386364081687441410
1386381978971394048
1386392985781288960
1386393296793083905
1386402922355781633
1386407410361798658
1386412705003704320
1386418930890067971
1386428182597832710
1386442872505909257
1386445162222661634
1386449676380016645
1386453840749285377
1386454410843365381
1386454913123823616
1386461691664293894
1386108181827489793
1386110718479503368
1386114296250212353
1386115497272385540
1386115954640400388
1386124538564460547
1386125143118737413
1386125738538115076
1386129209018535937
1386131036854173700
1386136636698894336
1386173645186158597
1386196872189054977
1386209172027580416
1386216472196919296
1386216668062486528
1386223428823396353
1386229192262627328
1386230581177069568
1386248881281851394
1386262482923175937
1386269283651624961
1386284195979268098
1386284979034931205
1386285368060878850
1386287016724344834
1386308046117167105
1386349888095535106
1386371999421841414
1386372080090898435
1386373937798557698
1386380991837704193
1386384766644129799
1386394047577829379
1386395617614876672
1386402492645216257
1386407504377126912
1386410205815087105
1386420273214234627
1386432306013900800
1386433252261572608
1386435878860386308
1386443610808324098
1386447255167807489
1386447506830209024
1386448632304521217
1386449219251232769
1386450053578043394
1386451096042881025
1386452666998566917
1386456420271468552
1386107800477175811
1386108288799023107
1386108871282810881
1386108952677584898
1386109049935118336
1386109606389112833
1386110064189087744
1386110132526850049
1386110627895144451
1386111615288840195
1386112291792322564
1386112399334313988
1386112910179528712
1386115230824996868
1386119153686171649
1386119181834272772
1386120095697711107
1386122887141240835
1386123022176854026
1386130374728761350
1386133350356815874
1386135502072565760
1386137542463004676
1386137887788392449
1386144848072384512
1386145621434937345
1386185968626159616
1386193500950069249
1386213122457968642
1386213422644277249
1386213505989292032
1386223744063049728
1386224254803382273
1386232218570444802
1386241570584862720
1386248346671751168
1386273785247064070
1386275041587961859
1386283685792649218
1386294958685003777
1386297121352073218
1386307188621291521
1386318470653091841
1386341824961384452
1386344491662069766
1386346703847141376
1386369463101140995
1386380667580203008
1386385599721050120
1386400618013626371
1386404742037860353
1386412686724849668
1386414711420432384
1386416953170952195
1386417626654511106
1386421565437341698
1386433598618619906
1386434048453611523
1386434648851378184
1386439223801221124
1386439725024780303
1386440065837006849
1386440939661455364
1386441360933146626
1386441794129367041
1386444184568180746
1386445614347657217
1386447424982556679
1386449171511656450
1386449463561097219
1386450526456401923
1386452605682044935
1386454081460477952
1386454618436259842
1386457031255674881
1386460325038497792
1386460716253818880
1386461900121255936
1386107809079742473
1386107842218926081
1386108148377923584
1386108156103757831
1386108205554614274
1386108424090525699
1386108581687304193
1386108666105958409
1386109527825653762
1386109741995233281
1386109964108779527
1386110220485595138
1386110955411558401
1386111683920338945
1386111744309858305
1386112844475691009
1386113096360529920
1386113147975585796
1386115321455579136
1386116239949369345
1386116467070889988
1386117648740540419
1386121929703124995
1386122050373394434
1386124312118190084
1386128706498879493
1386128904549699585
1386129051572744194
1386130091176984583
1386130361038643204
1386132237960241156
1386138918475603968
1386139361897558018
1386141361959849985
1386159436771831812
1386161717739147266
1386176740486156289
1386184240035995648
1386184906884190210
1386186466603245568
1386188397614665728
1386196292934766593
1386204965711003648
1386208909375979521
1386209598009397248
1386211460255305728
1386211930831036420
1386213407003746304
1386215027665825794
1386220890103365632
1386220905907556353
1386226975367438336
1386227629938905090
1386237950636093442
1386243585364791300
1386245269797449730
1386254334258827264
1386267073651822592
1386272921086275591
1386274016185528324
1386279469686657024
1386282170717593607
1386285408032538624
1386287762471493634
1386287824689827842
1386287908009746433
1386302473044963334
1386302661079732225
1386308292536799237
1386310527647944708
1386311347496001538
1386311507957456896
1386314137572102147
1386315449692946433
1386350555816022021
1386356903370973184
1386360682837385222
1386360726047105026
1386364762087383043
1386367418843475971
1386375498373210115
1386382186236977153
1386385410063015941
1386386868707676167
1386394240515596289
1386400610560274433
1386409878105690113
1386410063133245440
1386410578843951106
1386411037474246665
1386411053215404032
1386411364441153538
1386413482430681088
1386421776201232393
1386422099753926656
1386428658814832642
1386437595748438019
1386440353511878661
1386440368867082240
1386441555704115200
1386441565384560642
1386442846878773256
1386443091951951876
1386445313943212032
1386447942567989249
1386448312207912960
1386448763942838274
1386449361836683264
1386449834782216202
1386450835500978177
1386452718441615360
1386453147594510339
1386453827193278467
1386454784677453831
1386454948829872129
1386455460430159876
1386455480491552768
1386456888955576323
1386457397485527049
1386457430138163201
1386460433394159617
1386460450594885634
1386460861552803840
1386461019686391811
1386461268341624833
1386462154472280074
1386107923303178245
1386107949257564160
1386108057290264583
1386108100185411587
1386108148239437825
1386108253084524551
1386108409997627392
1386108477429399554
1386108665225113601
1386108885602164738
1386108940740612096
1386108953956741120
1386109082046799872
1386109216687984641
1386109733405298689
1386109835108777984
1386109849499435008
1386110159601164288
1386110793083760640
1386111322861969410
1386111357246971904
1386111752140562435
1386111981078253568
1386112130877775878
1386112467449925632
1386112818878066693
1386113671164833799
1386114092004487168
1386114949982814216
1386115267776847878
1386115354456248320
1386115801720098823
1386115913112461314
1386116422426939393
1386116710395219971
1386117579677356034
1386120290518847490
1386120395229581313
1386120505535631360
1386121148631457794
1386121235105517573
1386121571488747520
1386121586529378304
1386121748328894471
1386122179176124418
1386122378753761281
1386122771780997132
1386122991977869312
1386124295278039041
1386124515420352517
1386126434947768321
1386127726952828937
1386128850413932545
1386128878939394056
1386129614481862659
1386129633674997761
1386130028438736896
1386130966293385216
1386132853881196551
1386134585428353032
1386135373106094085
1386141054487830536
1386144567032954884
1386151399906496513
1386159665533358081
1386168086584299521
1386173147347623938
1386174453348962304
1386183773641904128
1386184674238676992
1386184685873676289
1386189477400367107
1386190292009762817
1386193096094928899
1386198033260503042
1386198285489217536
1386198461155090432
1386198822704009217
1386200436818984960
1386209131632136194
1386217374102265856
1386218581843644417
1386224647075676161
1386226286641700864
1386226471014965256
1386232184047120386
1386233197269327872
1386239809018945538
1386241522409086976
1386243003438743556
1386244561832488964
1386246129549991936
1386254111654432772
1386258008624218114
1386261486243356673
1386267994817400835
1386268561782583297
1386273846890835974
1386275796206067721
1386280084198371328
1386283737021747204
1386287101742833666
1386287837478363136
1386290222695124997
1386293380825686020
1386294926569361412
1386299250393366528
1386300302773702657
1386311032541532163
1386311188234055682
1386311977354465285
1386314178303086593
1386315060402814981
1386320343707656193
1386327980193026055
1386328371622301702
1386338836884725762
1386345506130042881
1386346807987511299
1386349044784640007
1386350325913866246
1386359415335489541
1386360291353632770
1386360605376868352
1386367757403426822
1386371278404308996
1386374316854374400
1386374348433416193
1386375173499203589
1386377755693047810
1386379295430434829
1386381047902912521
1386382287269515270
1386382466492030977
1386382767718547457
1386385726800109572
1386387344287219713
1386391429874868227
1386391590340481026
1386397095800700929
1386397487942889473
1386397889073606658
1386398922634002432
1386401713637101568
1386403002454523905
1386403129877352449
1386404946568830983
1386405194678820865
1386406305225531398
1386407125379846154
1386409029497499653
1386409361581424642
1386409589785055232
1386410011262341122
1386410686993952769
1386410944859758593
1386411632214036493
1386411755845394433
1386413094205853697
1386414192391954433
1386415284546940929
1386417093281779715
1386418638299623429
1386420613036744706
1386428486617681921
1386432288183836674
1386432300250845184
1386433214525317127
1386433464837173248
1386434645022154753
1386436402628468744
1386437068134379524
1386437077995122691
1386437520242610176
1386437780830621699
1386439022742884355
1386439088824360963
1386439521764397058
1386440129477234691
1386440365377396736
1386440591257468932
1386440815061446657
1386441097765810178
1386441329488633859
1386441593952026630
1386442281956302848
1386444149625397249
1386444642124591108
1386445626188222465
1386445800667033602
1386446027742490626
1386446247771394050
1386447059042115598
1386447493160914951
1386447630293737479
1386449426672193543
1386449957478141957
1386450851225640962
1386451348909006854
1386452007859392512
1386452912868560901
1386452959639310339
1386453836332732418
1386454588753125378
1386454702494212104
1386454866164293634
1386454978345250827
1386454979322556419
1386454981595729924
1386454982694744064
1386456289899843592
1386456327619334150
1386456383344754688
1386456769640255490
1386456952415346689
1386457472316100610
1386457494806044673
1386458660033810433
1386460470299795458
1386461171084152839
1386461268366725121
1386461654540554240
1386107688757731329
1386107701198049281
1386107719497703430
1386107805673955330
1386107829384265730
1386107861042860033
1386107954995372042
1386107993343803396
1386108013472321537
1386108027217063944
1386108054018662400
1386108167810174977
1386108198420193283
1386108250903416836
1386108272621539328
1386108283019272192
1386108301457428482
1386108344834867202
1386108380285128710
1386108403018346504
1386108418382077955
1386108438393073669
1386108447079505923
1386108472748494850
1386108525210963971
1386108534132289537
1386108559713263616
1386108602092605444
1386108618026672128
1386108621965115392
1386108631024762884
1386108688134557702
1386108705649922048
1386108711018668034
1386108712561958915
1386108724863963139
1386108772486156289
1386108773786394624
1386108797828190208
1386108841905909763
1386108890312450049
1386108899476967430
1386108947942182913
1386108982788427778
1386109226519449603
1386109251039420419
1386109306425147392
1386109318789959687
1386109340155793411
1386109398410481681
1386109402206244864
1386109481474420739
1386109483177455616
1386109490034995200
1386109504719228929
1386109542216306688
1386109556833480704
1386109644699963393
1386109654451859456
1386109668821409792
1386109717173325824
1386109784676470787
1386109845468708865
1386109856562642944
1386109900095475712
1386109941769924611
1386110052608757766
1386110086381117441
1386110123681013760
1386110149782241282
1386110195789484032
1386110322675752968
1386110333761196032
1386110374840311809
1386110413624860673
1386110427206021126
1386110645851070466
1386110928022765569
1386111282261073921
1386111364347809794
1386111569096970248
1386111578475401223
1386111704044507136
1386111828917309440
1386111882465976320
1386111886786060288
1386111900191059973
1386112198502543360
1386112269252108291
1386112321857146880
1386112435287859205
1386112519819862016
1386112572039045122
1386112584814792704
1386112672459022338
1386112867750010882
1386112891045175297
1386112997551083522
1386113095399985152
1386113285519413248
1386113289441083393
1386113320214618116
1386113473193549829
1386114073939546112
1386114088539856900
1386114107909185536
1386114154231173124
1386114445194108928
1386114500110086145
1386114568527638528
1386114724497031168
1386114970287362052
1386115128785965059
1386115175850274817
