1369990236957110274
1370120775974408198
1369937276516585473
1369803391636025344
1369844959424155650
1369914130698752000
1369905931929063425
1369949770631028737
1369886190955077639
1369944176993918982
1370080548543156229
1370000312673652741
1370063788536426500
1369809311665426432
1369987425347510272
1370000132041768961
1369934649724522498
1369980366530969600
1369847317109628929
1369946504429977606
1370044922473119746
1369850415127404544
1369938422815686656
1369904330208337920
1369970264142974977
1370144546856779778
1369895840257560577
1369900842720124930
1369988960701779970
1369801649607344128
1369865275747803136
1369891905484451841
1370126142347296774
1369958603776548865
1369818000526893059
1369941259159240706
1370014517804081156
1369955742518808577
1369800730849271814
1369849186242285574
1370139975354880005
1369891346933239811
1369920511040438274
1370007854640476164
1369831117281460226
1369966338085621760
1369911812720840704
1369925250868199424
1370136386657992705
1369897211023273986
1369851308266708995
1370059846859509767
1369831623286489098
1369901640187326464
1369916222066806792
1370139592884690952
1369908022823256064
1369966173677309952
1370122535044530180
1370082679203504129
1369898120256032769
1369829612851785729
1370024250652909569
1369826864441753602
1369865248715329536
1369880559325954050
1369826866022977543
1369968947731308546
1369884061448118272
1369901635426717697
1369952204476530693
1370017748085071876
1369807538791849986
1369926550372634627
1369895154086187008
1369904829842214916
1370042470084587520
1369860632460341249
1369801752233574408
1369865422183555074
1369872580283408385
1370135908431843332
1369879322312531971
1370060949697220613
1369996530720079876
1370122860379869186
1369903101487034369
1369917077562212352
1369934993968017414
1370078337297752070
1370142502590681088
1369860769958014981
1369802800285294593
1369875990663622659
1370016692479344641
1370096907821940739
1369859635193208833
1369945691317997568
1370042100641828867
1370145124873871367
1369814259664818177
1369883282393862146
1369907425806061568
1369936955342000131
1369815305472606218
1369875587519635457
1369888815825965058
1369916061190078465
1369926642920001540
1369941181195505666
1369943779323559938
1369887162569785347
1369948809950867457
1370003667919732738
1369885891053899779
1369895934700716033
1369898592836673540
1369900061434535939
1369907666311667720
1369992643707609091
1370087211694186499
1369837638186852353
1369856866487042052
1369888587924246534
1369913481202438145
1369940476476985344
1370011416095318017
1370143525287903243
1370051183063277570
1370117328260657152
1370137466259312647
1370144113904005123
1369876686989389825
1369878832396767234
1369912662184890369
1369932055530856449
1369935085957484545
1369975061541703681
1370008514584846336
1369816227741327361
1369859577605468161
1370044404866686978
1370048144403234822
1370147781252382722
1369809094736027649
1369890832438939651
1369925960187936768
1369931117726420994
1369938276002435072
1370116647361593348
1370139823797903367
1369800235074154507
1369830436323594240
1369947757134237700
1369970103962398722
1370119208919560196
1370145040627081220
1370147262144376836
1369845534404448258
1369928328585506816
1369936133866491907
1369947763119644677
1370007475076861952
1370138144205647880
1369837483366756353
1369856576719360001
1369927232140029952
1369933792429944834
1369964714994851841
1370051514417434624
1369802697675784196
1369835970158235648
1369848512905613316
1369850380465635328
1369883231626141711
1369895864676741129
1369924805483397124
1369944760287395845
1370145366155390980
1369844945482289152
1369881204439322624
1369891852141363204
1369898381880004613
1369912035610394630
1369924771002126337
1369942085474861056
1369800572438802434
1369807040416202752
1369816672526340098
1369835466669756417
1369847016101056513
1369873215384735745
1369876368687853569
1369885062431465485
1369899137588727809
1369911773625729027
1369935789908451334
1369939921021067264
1369970157091762176
1370095933187182593
1370104331832266756
1369800234767806469
1369811716201197571
1369818548470767620
1369845539244679170
1369866936020922380
1369890833932058625
1369892715668897793
1369916646903668736
1369919613744594947
1370141460067196936
1370141515759165441
1369805912609853440
1369846336481353729
1369853084461985794
1369860892842672129
1369883258410958852
1369889076686565381
1369899137718759425
1369902831117950978
1369947183970144256
1369978656106352640
1370015867296157697
1370105244370284545
1370148207402045440
1369820087344054276
1369872217157349379
1369880003610107912
1369896431599816709
1369917740149002241
1369924682858827779
1369936412817100800
1370055902104059905
1370117323919605766
1369807786075295746
1369808199042408450
1369848161305583617
1369906277149675521
1369906744365780992
1369925853212213250
1369926938186354688
1369957326246060038
1369999603597205507
1370032363732865026
1370044420674949120
1370044749541953540
1370064210898657290
1370087352295653383
1370141155627823109
1369859046950506496
1369872034109546496
1369884570003374082
1369895864760639489
1369901216566759425
1369902155994431492
1369905698176434177
1369906984795914240
1369923734719565827
1369923998474194945
1369936219677876227
1369938927990231043
1370043718410121217
1370079815362097154
1370110473396482048
1370138714878439429
1369802334201647111
1369809287854362624
1369824399474499586
1369824800559005701
1369827698051284994
1369840757029429250
1369845650096087043
1369850458387406848
1369880224112984066
1369890872939208705
1369893348174036992
1369902702860308480
1370014884256219141
1370105021535293448
1370116177658273793
1370145504051494914
1370150980780707840
1369806747565654021
1369819328116326409
1369825366655836160
1369869784171560960
1369883038725922816
1369885373690753026
1369892142999560192
1369931137133518850
1369934261378224128
1369949463851204610
1369988304712634368
1370003759527563265
1370049899685937156
1370062380756000769
1370072028154331137
1370111532521111555
1370119881341947904
1370145799833841665
1370150433130483713
1369875733703753728
1369876368658477057
1369889365174980611
1369900580580126720
1369913214956343303
1369918514039984135
1369929238044884992
1369929987881656326
1369939490610024448
1369981507801145345
1370016531090866177
1370044718919389186
1370050804401455111
1370104741011722241
1369808229253931009
1369836850710515716
1369868441847558147
1369871464334295044
1369874945518501888
1369891638399619073
1369894729563967488
1369897127313293314
1369902258687737861
1369923257399443461
1369931441027571712
1369948276032737281
1370006725080850434
1370086015680053254
1370087354665406464
1370088037510742016
1370107388850798598
1369802227943153664
1369843532891045891
1369843786256318469
1369848333557243905
1369854784296091656
1369865837574819843
1369867343338307589
1369875732344631296
1369883949951037440
1369885575264763905
1369895181315624961
1369897626217246721
1369909015099170823
1369909370683850753
1369913636492369922
1369922529465356294
1369923287820697601
1369932086463848449
1369936558321762306
1369937685087932418
1370004324059918341
1370014336681398274
1370022700538761229
1370051947663912962
1370057429799510020
1370068464187097092
1370147333929844738
1369800234952355842
1369805267685285899
1369822228225826824
1369856848560586753
1369858549543825409
1369870920765091841
1369878387829903364
1369897604855783425
1369898381695418372
1369900891873103873
1369920952797134848
1369921040730755073
1369955466646798342
1369966699315945476
1369996302923223042
1370042279868706822
1370054674569699343
1370072081770156032
1370093382903664641
1370097241659150338
1370114384941449228
1370130677723758599
1370147686662410244
1370150640383619076
1369801963047694338
1369803902485487621
1369806345990455297
1369807457543917570
1369808922157191168
1369829435436843013
1369833114546167815
1369869986282496003
1369874231081639949
1369876335817068549
1369881724180643844
1369884693747879938
1369885466573541376
1369891912409309184
1369892844802953216
1369894295789043712
1369898150912172032
1369902690113892353
1369905936064671745
1369907189658181632
1369910905899782145
1369921785832034304
1369922235272683523
1369926766643535872
1369928581703405572
1369932049667198976
1369934007778021378
1369943373906386945
1369947731213627394
1369948117022498820
1370020794747658246
1370032674350501890
1370044359173939211
1370051345349292035
1370090330448658434
1370110404286947339
1370123504432070656
1370143039038107648
1370144650040860693
1369805267664179211
1369812574687141888
1369816117930233857
1369818385517838340
1369824109190930446
1369824715389419522
1369830722463297536
1369836937876488201
1369839799276867587
1369841398661476353
1369844183624744960
1369845634069585920
1369847339687493634
1369860727067078662
1369860745362616321
1369866059520630790
1369869015536046082
1369881040345518081
1369886110697086979
1369886121602211840
1369890151455981568
1369890811912085506
1369896846454362113
1369900107869655040
1369903095237533699
1369903414398877703
1369905725498068992
1369907912525615104
1369930385967177730
1369930965028634624
1369933761064931329
1369934536553955329
1369936037573722113
1369936240582230018
1369941163243794435
1369949423472680964
1369994429537394688
1370003571350048771
1370012164879224833
1370035109584379906
1370043404311224323
1370043463484473345
1370047969475563530
1370048756767457289
1370055802975883265
1370058080495538178
1370105063218290689
1370105578840788999
1370108693048668162
1370111365290004480
1370116180569059330
1370125658563698691
1370138726802853890
1370139150020665344
1370140937112928261
1370148781640069122
1369801723544539137
1369807542411534336
1369810300904632322
1369820227719094274
1369830636895223812
1369832949982593027
1369836774864916480
1369837480048926721
1369842130244546566
1369845534257651720
1369845839317831685
1369846228528336904
1369849143959695361
1369849351955185664
1369851525338632194
1369857916107431936
1369858724907671555
1369861063823355904
1369866497724719108
1369870591059189762
1369873005451620355
1369877241929347073
1369879103625629700
1369879236350119938
1369882529486999554
1369883949531598853
1369890903125614593
1369893512179810307
1369896562789396482
1369900314548125696
1369901047569915904
1369903047565049857
1369904059365347328
1369914990698840065
1369917086001225728
1369929967786725380
1369932055690305537
1369939149952851968
1369941819610570752
1369947006467244032
1369956779090644995
1369982174213136386
1370002182234341379
1370012036743061504
1370028720958840832
1370029133867020298
1370038571713884176
1370042859643109382
1370044500211548160
1370049224491024388
1370056149060485121
1370057334039400453
1370096511468638209
1370099350727241728
1370100430575910918
1370119735094968328
1370124745736355843
1370127152386080773
1370134651872940041
1370136516400451587
1369804916777172994
1369808020922851329
1369812250203217929
1369816144106958858
1369818958145150980
1369819580655353861
1369820086933000194
1369821607888379904
1369824082120896515
1369824156032851972
1369824208784531456
1369825292605419521
1369828098678661121
1369835466644541444
1369835980547497996
1369842779799556101
1369844274804625409
1369850407015641091
1369856047867863041
1369863614421741568
1369863684139417603
1369864712951889921
1369872316025495553
1369873068454277122
1369873416971517952
1369873719481536514
1369876912156385285
1369878158888013824
1369880765144592397
1369881634091175936
1369883649605263362
1369884265547190279
1369885167448436737
1369885341625237504
1369885406678839304
1369885672937504768
1369886201025597440
1369886577862803458
1369888176798633986
1369888231240704002
1369890550816661506
1369891222635085831
1369891329799491590
1369891337244381185
1369893417036226562
1369898690006163457
1369899573909544962
1369899713051426816
1369899785931591683
1369900568005783552
1369902718949675010
1369903746608738304
1369904521422454785
1369910428491481089
1369910774538330114
1369911026968363016
1369912034696060928
1369912730384269316
1369913471408693249
1369913990260940801
1369916138616979458
1369924562159345666
1369926708061700096
1369926772469477377
1369927854151110658
1369933671231324160
1369935357601603586
1369948822877659138
1369967816774987778
1369986127088791552
1369991494984114183
1370018717078220800
1370031417720180739
1370033793621499904
1370036489262936068
1370044465663123457
1370054012771434498
1370054061484032000
1370060929854021641
1370084016888631300
1370102589749129220
1370120499573968896
1370135455400878080
1370136401275187214
1370138437618184192
1370139322163339264
1370145390239043589
1370151528934297612
1370151909936496641
1369804175396192256
1369806486562541573
1369808842402435074
1369809212704952320
1369811317561962501
1369815010931859464
1369817604592959518
1369819199368003585
1369824646892257289
1369828182954627072
1369838462132760576
1369849907893387266
1369850132754292739
1369850825879732228
1369853508317552644
1369855396358283269
1369860260396212226
1369860540076527621
1369862092698742789
1369864221798899713
1369865061750210561
1369866184464666624
1369867298757111810
1369867700516782082
1369868182874435585
1369871291386314754
1369873078398951424
1369880872074293257
1369883497041645569
1369883535335636995
1369884189865168899
1369884817941204994
1369884884471267328
1369889671128481797
1369891511958130691
1369891536050208770
1369893350711640067
1369895425411584000
1369895917730607107
1369899448101437446
1369899891326128128
1369899955247276033
1369905469377101826
1369905934944907266
1369907192707616769
1369908950909419526
1369912073476509696
1369915705626345479
1369916625529487360
1369918283965665280
1369918298717093889
1369919631255830530
1369920294702481409
1369921366510735361
1369922100421660677
1369922275684847616
1369924626965479425
1369925560277684225
1369928552385282050
1369929740652544000
1369930233965608962
1369933091012280323
1369936880553320449
1369939560248008709
1369940609289617408
1369943479900590081
1369945647672082433
1369946512353034241
1369949486450151433
1369952058388979713
1369972151244230656
1369991266272960514
1369992693904969729
1370044436906971136
1370051286322843651
1370051341771489287
1370053440500555788
1370053553918722048
1370053856072245251
1370061997417594881
1370063564212424710
1370072182722867204
1370083708087205895
1370088384031506434
1370089641844432896
1370097612163067906
1370102225222184966
1370103968395825159
1370106230824448001
1370121564105146372
1370127954999644162
1370129665927548928
1370141167589949440
1370141691953381376
1370146138892931074
1370147827670728711
1370153070756163586
1369801483810729986
1369803717420195842
1369805174450061317
1369805972919685121
1369809536937320449
1369811145918357507
1369812104958599169
1369813039709630472
1369814120174936065
1369815335247876104
1369817575723515908
1369817810189357060
1369819787409391620
1369822400481816585
1369824007067996165
1369824191659270147
1369827238170988549
1369828206203842560
1369828636170280961
1369829473508614147
1369836895551823878
1369837176566013952
1369837684286455810
1369841324762034176
1369842362202152962
1369845009944567810
1369846477690970119
1369847808451375108
1369851573975871488
1369852850185076737
1369853666031771652
1369857527781982209
1369860635731890179
1369862656245587972
1369868182891073536
1369868193905381381
1369875132295110657
1369877316562608128
1369878963972153344
1369880366241226755
1369883282154926080
1369883354473103365
1369885139300405248
1369885676112547843
1369887909575340032
1369889185289605121
1369890172066729986
1369891340264292355
1369893829910872074
1369895787853979653
1369896054972383238
1369896976532258817
1369897680101462021
1369898884491804672
1369900186772910083
1369901312981209088
1369902452401704963
1369903046801588229
1369905199469453312
1369905463215718408
1369905869618634752
1369906606213840897
1369908472557494272
1369910848890748931
1369912829067821056
1369913481957421056
1369914739049005059
1369915499375628288
1369917610914111488
1369919010108813312
1369920255695392772
1369928580751372291
1369930429470478336
1369931739628507138
1369933805142827009
1369934344538710016
1369936012198154243
1369939067555749888
1369941009703067648
1369942626619822082
1369943183384268800
1369946536898142210
1369946947377893377
1369947023294791683
1369947649923821572
1369952101883854849
1369962541095518209
1369966011877851138
1369985418238771203
1369997938815078411
1370011219244027907
1370033286718820354
1370034656620466179
1370038273612070916
1370042386789847053
1370049397900382219
1370053435714846732
1370058107326500867
1370061041229570052
1370063435967438851
1370064037116051457
1370077370162503682
1370085202903638019
1370091548101185551
1370098505688158209
1370100861528125445
1370101412428967936
1370102457653731333
1370104853096239107
1370108559158095873
1370111090605035523
1370116325541085187
1370116541065400329
1370119313345146881
1370120335928987661
1370122809352060929
1370124291853942787
1370131059568955401
1370132160791871500
1370132424311635969
1370138289529884672
1370138494878748674
1370143368097959939
1370145206851547141
1370145489686040580
1370146348033531915
1370149331865632773
1370152739813134336
1370153442254131205
1370153829090660355
1370155037427662852
1369801117727604740
1369803056573988865
1369803061724467206
1369805477689749505
1369807252790599689
1369809030475055104
1369810052983488514
1369810428021403650
1369810441271140358
1369812606744158209
1369814301473710081
1369814397686800387
1369815145103425537
1369815334069227520
1369815342835507201
1369816469471629312
1369817144905580544
1369817378733891588
1369818064326303744
1369818362361053188
1369819108938682371
1369820046130880513
1369822965152370689
1369823928915525637
1369824076919889922
1369824212098105359
1369826650435772417
1369827237252509697
1369829079197876225
1369831485608521728
1369832160614486018
1369834200900239362
1369835636409184260
1369840208192094208
1369840749466906627
1369841890552602627
1369843401592553480
1369844803505160194
1369845677841342473
1369847172607381508
1369847440665370625
1369848570371846153
1369848882511888390
1369848930150846467
1369849277921497088
1369852151665750021
1369852254887571460
1369853356517322754
1369853403539648512
1369856251136512006
1369856757875490816
1369859708350324736
1369860451178274817
1369860485135413251
1369860632808329220
1369861018776637440
1369861921424474114
1369864716521271297
1369866179913859073
1369866559750037515
1369868080067850241
1369868241204621313
1369868302680535040
1369868416891428867
1369868805225279489
1369869781915033602
1369870385714520064
1369872619097440256
1369874211737636864
1369875571623215104
1369876760293150728
1369877747263283201
1369877781010595840
1369877804846886913
1369879145195388929
1369882307755180033
1369883004047392768
1369883423150641153
1369885425028976641
1369885428107599873
1369885772527067143
1369886137427316737
1369889423102476292
1369890853012000772
1369892090075897859
1369892395702247428
1369895245689786368
1369896390822944769
1369896860924731393
1369896940385734656
1369897183902896129
1369898381607383042
1369899159659102208
1369899547867164672
1369899924893147137
1369900898915262466
1369902361095864320
1369902688209625089
1369903578933035010
1369903644498362371
1369904745675169802
1369905656652763142
1369908491167666177
1369908575963865088
1369909705829724162
1369912912358354945
1369912983606939649
1369915449484394498
1369916007142338561
1369916822485495808
1369921071370149891
1369921865439969280
1369922558624141312
1369922635040251906
1369922793358381059
1369923739169742849
1369925246690660365
1369925337749065728
1369927016347209733
1369928869260713986
1369930209110151168
1369932098073677825
1369932966567280642
1369934188602884096
1369934368395907075
1369935626607472641
1369936130293047297
1369936307582087170
1369938921166082048
1369942839522639874
1369944587750477824
1369947530054733824
1369947533179506688
1369948591087882242
1369949390723502081
1369954056588906496
1369955185192296450
1369957674394222593
1369969453480435712
1369973076461559808
1369973687676456961
1369979043085488130
1370011313120940037
1370017735917273092
1370018685566476288
