1353224280352370690
1353261319781281792
1353320394996912128
1353179947481903105
1353369779512303617
1353429793774047233
1353202948080361473
1353187898330402819
1353205871371841536
1353205902300622854
1353347148541210624
1353281758926663682
1353180385199460357
1353447536422318080
1353278572732030976
1353176461067378688
1353238315265306624
1353239389665693696
1353139556300763137
1353209631410159616
1353210034394689541
1353319155701788672
1353472498151677955
1353210565284552704
1353217790853996546
1353459454092562433
1353407856415006720
1353404468293939202
1353131161082597378
1353217346480070656
1353171487734325248
1353364711681781767
1353175692578443264
1353280971848740870
1353432757024641025
1353328284675796993
1353476700345085953
1353130446931034112
1353284861977628672
1353142859864670209
1353221009688690689
1353380550283718656
1353238766727655425
1353171880409059331
1353470131754696704
1353438665289076736
1353185190244450305
1353297203633270784
1353137473774374912
1353134167614246921
1353160593822396416
1353248376838610946
1353210683626844161
1353241754946961408
1353464747539058688
1353151000882917377
1353165403791503361
1353210612898279425
1353296560948457472
1353206712396869635
1353250423864496129
1353211651118551048
1353163439984795653
1353138180980166658
1353211515952746496
1353295111178903559
1353431124475662338
1353257558497255424
1353430726792814592
1353214268804620289
1353403856340836352
1353133054081069057
1353215317279961088
1353236859216928768
1353255436682719233
1353143057697230849
1353220068780474372
1353351271894425607
1353356988642693120
1353282214407114754
1353218336700686338
1353314606547140614
1353328158225928193
1353146942944063490
1353167972039331855
1353285870007234561
1353202239784026113
1353194198342770689
1353232314428514305
1353153055810875398
1353236089805238272
1353345934655107074
1353181194456879104
1353339146471841792
1353471612562108416
1353205974471852033
1353218376869535744
1353469500138676224
1353181794691141632
1353223567131996160
1353291705588576258
1353376686201393153
1353384496381513729
1353143923443716096
1353157841968902145
1353160090124218371
1353255606719631360
1353283391005843461
1353311005372256256
1353224987176542208
1353154656403390466
1353189707228868609
1353213440861609985
1353473615602323459
1353253705303302144
1353372461463691265
1353477681006796802
1353133769767735299
1353240835043823617
1353145597105238016
1353179575287767043
1353187273207119872
1353132259193344001
1353206179711868929
1353212484983910405
1353334815181987840
1353472600790413313
1353175692842737664
1353372061834620929
1353201281352015873
1353218490925076480
1353482028256256000
1353186304289370112
1353219489706467328
1353410587368124416
1353417841861685253
1353178095952535553
1353196507613298695
1353467384795955200
1353472758882119681
1353160630606376961
1353181164262010882
1353295953214779392
1353304555073794049
1353168371190288384
1353191243359145984
1353462613867421698
1353132521752506370
1353352751422566401
1353366951356223490
1353165618921484288
1353239519563231232
1353307812127006720
1353213465595269121
1353236284366594049
1353312287348678656
1353468999963713545
1353148447638122497
1353175950733799424
1353307307397042176
1353286240091729920
1353147009709039629
1353252794162159616
1353328896943534083
1353347069298302976
1353432444599488512
1353131666919870464
1353132671279353856
1353134487350243328
1353140459141537793
1353145725991985153
1353274457331277826
1353158604711485440
1353218364735369217
1353337501688197120
1353158075109138434
1353210519134547969
1353219670082519041
1353242421652582400
1353403442165768192
1353475340195274752
1353189710030581760
1353209699143970816
1353402183539187712
1353407694464573440
1353437736838045696
1353185198909902850
1353398408762060800
1353430822125101058
1353468315977572356
1353155340821532678
1353165624873267200
1353188175301271552
1353214645373448192
1353425973325262848
1353447486229245952
1353467620192825346
1353139461274685441
1353140458940063744
1353155703003901956
1353161266123182087
1353211413385371648
1353226673962033152
1353236340545114112
1353261962856181766
1353265029735469056
1353271888806621184
1353376162265899008
1353457800093945856
1353482973971181568
1353141729453608960
1353152205159866368
1353178015287685128
1353220192768290818
1353220882387398656
1353257067751104512
1353312695156695046
1353436761192607746
1353437787089817600
1353450891978764288
1353160594640101377
1353175694914666496
1353198019374706693
1353199191221219329
1353205891248480256
1353207012054675458
1353243246084960256
1353286238422392832
1353405301307932672
1353457548620230656
1353471927118139393
1353473484815536131
1353475454628491268
1353140927511080960
1353162744732725249
1353163402294792192
1353176635571380225
1353210942566379521
1353212941550690305
1353254875929444353
1353290783718309893
1353311599281377280
1353312845451018241
1353314103574421505
1353387331542253569
1353404407212363776
1353407831886671872
1353460393285455872
1353478299763281920
1353130685255602177
1353149008856965120
1353209019951845376
1353237599192707072
1353278871144001537
1353343734830821378
1353426703650070528
1353427340731183104
1353470132069289986
1353135799433388032
1353148433713000449
1353165624940187649
1353175692540837890
1353200402292994049
1353203457314979841
1353214385364283392
1353219664889970688
1353236678115282944
1353332129002905601
1353382407735537669
1353383561064140800
1353399789862359040
1353410573803933696
1353417138447544320
1353477682961539072
1353483536960020484
1353157204900073477
1353167197192015877
1353169635999444992
1353171652549500928
1353183241373704192
1353210031441903616
1353215255552389121
1353220490073141249
1353267588894220289
1353335011009830912
1353357011937800192
1353359708875177985
1353386291577180163
1353400224765669376
1353436840393633795
1353465954999562241
1353136303546773506
1353142226952589312
1353155927151681536
1353187025986473985
1353197403961229318
1353203121896321024
1353217597244846084
1353223766650847234
1353241144260513793
1353385333333876743
1353391177882546178
1353478705528463360
1353137315271598082
1353148899343671304
1353154065216249856
1353164376157679616
1353196358505811968
1353199467164536839
1353211546319650816
1353213737344380935
1353217729424216064
1353228784338690058
1353319928355500032
1353370103128092673
1353372296614993920
1353375934502428673
1353386462897709057
1353459883190988800
1353466711849238528
1353473616004919296
1353136023761539072
1353139237495984128
1353148266406432773
1353155049484996609
1353159991063154688
1353170006368989184
1353182830319316997
1353198340586885122
1353208623636377600
1353209677232803840
1353212251453456384
1353213440081313793
1353221719071334400
1353224348249837568
1353238397595357186
1353262301869174790
1353303281842466817
1353319858260357121
1353400237524537344
1353402826253365248
1353444677035331584
1353473687127732226
1353140420465864712
1353142590649098240
1353154425242714112
1353155562230300674
1353162345393098752
1353168141396946947
1353170658218319872
1353187894815576064
1353190791670341632
1353209306825551874
1353213440186327042
1353216817368600576
1353218603856891905
1353226526121205760
1353229810558930944
1353237965229723648
1353263301241827328
1353263548894470144
1353271143831105537
1353312813566013440
1353333644178423812
1353387039669030913
1353402981740388354
1353417285050855426
1353428816580943873
1353437694249082880
1353444975661481989
1353456532353118208
1353456785793961984
1353473906359861250
1353476614852653066
1353135710056964098
1353148114723606540
1353148712156082176
1353157971795206146
1353160944277463040
1353162110214270977
1353164671470153728
1353165862476390400
1353183253587439616
1353184953551491073
1353197785001111552
1353198507344220160
1353199332636430336
1353210247175933952
1353210453015601152
1353213001009082370
1353214915658579968
1353220992529788935
1353221468792958976
1353252126697385986
1353266006957961219
1353302765515190272
1353319418005237760
1353319951629774855
1353389359592927233
1353402259221131271
1353403804964835333
1353429686169296901
1353432631988334593
1353436515075051521
1353437415994658816
1353438973050417153
1353130392765644800
1353133508663906304
1353135685277011972
1353136150156816384
1353143254506754049
1353145419551961088
1353145716953272320
1353153662579666944
1353160594396827648
1353165607634665472
1353168715974635520
1353184499241115648
1353187267490312199
1353200419036655617
1353202801745285126
1353204785927888897
1353204925694697473
1353206825060081665
1353207516944076800
1353222194382434304
1353238385981272064
1353257229101768705
1353281387629953024
1353285446118289410
1353311290744307714
1353322576773341185
1353371984835579905
1353375336872857601
1353402187100147713
1353433656816062464
1353434792902197248
1353442216652513283
1353447455665348609
1353456954551754752
1353457341161562112
1353462586956771329
1353464104795525121
1353467906219253761
1353130874565513217
1353133632265875461
1353146695475986437
1353153043148267520
1353153043383132162
1353161248544874497
1353167838643712002
1353176645558038534
1353185404019757057
1353187015915954181
1353201863609503744
1353205091105468417
1353206118168801281
1353209892589465601
1353213503063158785
1353220659225243649
1353222579406991360
1353227761410838528
1353232486529175552
1353246577280901121
1353261599503642624
1353299266433900545
1353305855308009472
1353320924091658240
1353345649442480134
1353370074720182272
1353370993410994181
1353382984410427393
1353384399518089216
1353427342551605248
1353434323358253062
1353442624343052288
1353450598792712192
1353456431891161095
1353463019771027456
1353470131238649857
1353474002984050689
1353474748416729090
1353135121369624576
1353137942810779649
1353140963691081730
1353142498542161921
1353142689634639874
1353146933943087104
1353148617662607361
1353151199353184261
1353156560042795010
1353160114144993280
1353164532982702080
1353174828140924928
1353189102011691009
1353190608517685248
1353196987491999745
1353200735173939200
1353207148793065473
1353207247241936897
1353211620961497088
1353219479166193664
1353222737993543681
1353233664377827329
1353240325368602625
1353256221873229824
1353262146122088448
1353267091638509569
1353273838738563072
1353276419175034882
1353281745253232641
1353301321357602816
1353304325532094464
1353311678310576133
1353319711589720064
1353332892844306434
1353337058669043712
1353393184664154119
1353395072402919426
1353397369346297857
1353406410244059136
1353409945421668355
1353415978491781121
1353436639608016896
1353447452607713280
1353458806739623938
1353465177186906114
1353467627402899456
1353470131783888896
1353470132031516678
1353471427123544066
1353479032780836865
1353130397199163395
1353132859725389827
1353136992167620609
1353137514756894724
1353144695841558534
1353145773584744452
1353151701071634433
1353159658345783296
1353159894434783232
1353161440216154113
1353183498555842561
1353197908129157121
1353210923486310401
1353211844639531008
1353212181559570432
1353212543137939457
1353212898647146497
1353214511180902406
1353215866901557248
1353217214912991232
1353221104903610370
1353221188827422721
1353222613741441024
1353222704955060224
1353223193805389825
1353224016673312771
1353231233132732417
1353233806313066496
1353237904240353281
1353239721707765760
1353247353801728000
1353253412666830850
1353258757610856448
1353269612960473089
1353272422305292288
1353279504156946434
1353304525323587585
1353309644299632640
1353314552780378114
1353345794947080193
1353358288147144704
1353402187150450688
1353423314597732352
1353427381302792192
1353428666076844040
1353439732294889472
1353441190683803650
1353443921951526912
1353450461278466048
1353470207369633793
1353470739786190850
1353470805087297538
1353471913469870080
1353479410171654149
1353481015642247168
1353484049973702657
1353132546595422208
1353132858546802692
1353133056710889472
1353133444491079682
1353136312648347648
1353140015723909126
1353150563031121921
1353153113260257284
1353154223840485376
1353155310563844098
1353156109532594176
1353157463537823744
1353160160957652992
1353161002146258945
1353161120274653185
1353162191671881729
1353179228867612672
1353180542888534022
1353181659479371776
1353182944551071744
1353183319693946880
1353190793570181120
1353190795638153223
1353191162262265857
1353196121229811712
1353196434233954304
1353198048449601536
1353198340343738370
1353201951383629825
1353202711441903616
1353203373592301568
1353209651345698816
1353211139954528256
1353211454724468738
1353215097301307392
1353215251160948736
1353215451627728896
1353216791762382852
1353218407454416896
1353218873714122752
1353219728102334464
1353220077781458944
1353221637504724993
1353221698284380160
1353222138145157122
1353223985874530305
1353235495925542912
1353238211791880192
1353241122286366721
1353245737082101760
1353249153397231617
1353256046136012801
1353257505007271936
1353259028642721792
1353262534745350145
1353263771532337160
1353270703466950663
1353271025644023809
1353271927541002240
1353273362114617344
1353285950680526849
1353290916480634880
1353299342623465472
1353299551256457216
1353325836540268551
1353328651018891264
1353337076998164481
1353341917552140289
1353350964045082624
1353352390053920768
1353359160918863873
1353364988090605572
1353369858403143686
1353377164859736064
1353389441474289666
1353391312297463810
1353393120344473606
1353396042310569984
1353402869567811585
1353404006824079361
1353404319198941185
1353409739439398912
1353414032091443200
1353419245087023104
1353424972761317376
1353425304178585601
1353430809969975296
1353439097218588673
1353439932279209984
1353451711793307648
1353452597554933760
1353462585773989889
1353466399499444224
1353473209736327175
1353483744368332807
1353483972546854912
1353132435333148674
1353132710701785089
1353134413417222144
1353134887323250688
1353137009112592389
1353140202643062785
1353140265339527169
1353140355856785408
1353140761345318912
1353142688355385344
1353142824653492224
1353150930691219458
1353153042233716737
1353153532279578624
1353155069135433732
1353155465161678850
1353156740855029761
1353160623996227585
1353166758962749440
1353168588081930249
1353169435276800002
1353171834238361602
1353171922083840000
1353172300875649030
1353172865617698818
1353180164532953093
1353181256561741824
1353181513295269888
1353182288335527939
1353183273967611904
1353184501011255299
1353185181105086464
1353187086816473089
1353188332843503616
1353190749345640449
1353193484296065026
1353194417516064768
1353194901521879040
1353196017689223168
1353196683719393280
1353196994534191105
1353201652187205632
1353205339877990400
1353205409541206016
1353206299484446721
1353208320560160768
1353209141381132289
1353209913120579585
1353210888589893636
1353211254412877834
1353214314975539201
1353215750119555074
1353216047655100417
1353217645525557248
1353218535506530305
1353218670403715072
1353218956685946882
1353219452222001152
1353220459614109697
1353221420537491456
1353223081960108033
1353223506251669504
1353223617727836161
1353224077373276160
1353226923833511937
1353241401929175041
1353250122868674560
1353256760354738177
1353258605194190848
1353258797888901121
1353259425465835520
1353261927485603840
1353272948883402753
1353275976118099969
1353285960549724166
1353293725083033601
1353319721412800512
1353333780749148161
1353338820943609858
1353343295758290944
1353352028433612800
1353357388032724992
1353359672112103425
1353364972995293185
1353372401602449408
1353378460950024193
1353379537489428486
1353383935691137025
1353385096930328576
1353390470811025412
1353394980543463426
1353395129541791750
1353401000460218370
1353405996262023170
1353409097425555456
1353422408460374016
1353424823414878211
1353428607830421504
1353440782062116864
1353441547589718016
1353443049611931648
1353443543314878470
1353447035161206788
1353455033061281792
1353455405142335488
1353455647833075714
1353456864655273986
1353470448026185728
1353470756391415812
1353471811913183237
1353473507397656578
1353474553461272579
1353475510366593030
1353479867141124099
1353483467569455104
1353483940061990912
1353484367574786049
1353130555173466112
1353131450737053696
1353132033204170752
1353132120181506048
1353137578455646208
1353137943125356544
1353138891830800386
1353140583301214208
1353140588959457283
1353141082033422338
1353143620258459649
1353145728592470017
1353147128445628417
1353148062676504578
1353148483012878336
1353148731584114688
1353148821237346306
1353149199391416321
1353149393499791360
1353150309728714752
1353150642689290240
1353151472700166144
1353151569588588545
1353151636152197120
1353151761759023105
1353151897725755393
1353158681014259712
1353158995951968258
1353160627385212929
1353162660569886721
1353164148960604162
1353166955482648577
1353167133295976448
1353167712114122752
1353172465116192773
1353172846500052993
1353175390248964099
1353175429394403335
1353175696898744326
1353178839267090438
1353179368793792513
1353180117049237506
1353181411218501632
1353181736906207233
1353181930565545984
1353183246738018304
1353183254522769409
1353184563829346305
1353184678258368513
1353184929002254341
1353187132425330689
1353187134685933569
1353187595954622464
1353188641623965696
1353188747014246401
1353189678770495488
1353190813665275906
1353193682661494792
1353193711006593028
1353193878975873032
1353196019765420032
1353196600802344960
1353198249952346112
1353198260605886472
1353198340444467200
1353198341861961728
1353199517999497216
1353200779188957184
1353200856930283520
1353201328877658112
1353201625519828995
1353201648022253569
1353201774073671680
1353201997156118529
1353202461998252033
1353203268055400450
1353203912157892608
1353204423191908352
1353205892573892609
1353206924091805696
1353209045457494016
1353209890081222658
1353211274453266433
1353212102551482369
1353213475330338817
1353214628378124288
1353214812243767297
1353215697816580096
1353216417546592256
1353217029243875329
1353217268608593921
1353217578429259781
1353218861307314176
1353218865107525639
1353219335293165569
1353219456273625089
1353219986748108800
1353220120307499008
1353220750069686272
1353221798737883137
1353222180243439616
1353223165888114688
1353223800289169408
1353223845948383232
1353233214538719232
1353235173614219269
1353268787701833730
1353269271829352448
1353281029432369152
1353281220034121728
1353290270129975297
1353296171356315649
1353302168640565248
1353309664394489856
1353311811295211529
1353312491154124800
1353312650546065409
1353313259701600261
1353313392317108224
1353320015823577092
1353323931864866818
1353325152084385792
1353332106534002688
1353336242004512768
1353337393617760258
1353347805100781568
1353348227471462401
1353355922953785347
1353357935401971713
1353365539372953602
1353369416642285568
1353371739846270978
1353375534839984129
1353376401068412930
1353381536104673283
1353382621968031744
1353384014523080704
1353387264626155520
1353387830609903616
1353388591125319680
1353391983406903299
1353392160100368384
1353395606492901378
1353401861689098240
1353403157477531648
1353404999359991808
1353405168641925124
1353409345845923840
1353419182323458052
1353421312987779072
1353422521542930437
1353426282223181824
1353426929047674881
1353433306486996992
1353434138964094979
1353434955272122369
1353436572117590017
1353437028499693568
1353439440304271360
1353441203077877762
1353441946627407874
1353443836014391296
1353446008429023232
1353451257030127617
1353452358114684928
1353455949655257093
1353457972509347840
1353460065055993857
1353461442280779778
1353462582376620034
1353464581474164736
1353465098296299524
1353466976014888964
1353468338861694983
1353469690836869120
1353470131888738304
1353470965376819200
1353472494838177794
1353473334986612739
1353476082964590592
1353477877468160002
1353478153482727429
1353479119791656972
1353481121112100865
1353482462651793408
1353483868372938753
1353130743258624001
1353130837475274753
1353130880827588609
1353131073987870728
1353131675417513987
1353131930431201282
1353132075906461698
1353132083145797632
1353132245062717441
1353132493680111616
1353132919435501569
1353133234498973697
1353133747844087808
