1380137096908660741
1380188719831998465
1380141797226246144
1380219845472567304
1380097681410945024
1380098469319303170
1380108216751820802
1380087803640487936
1380110218168786949
1380093432941715459
1380095593176047618
1380092934805196800
1380106907386544129
1380017940993572865
1380140889994096645
1380103639499427840
1380124338184196105
1380085884142379011
1380095659655757824
1380293253166206976
1380095729310523396
1380090054861844480
1380080097336700929
1380111984151134209
1380105722109816832
1380069604177932291
1380042480943570947
1380154232955895816
1380111636846026752
1380133374065438723
1380123377252323328
1380180866727604227
1380082958808322050
1380194167696068610
1380086685623537669
1380124180776124421
1380109612960079877
1380283058499297287
1380134474026000389
1380119494450888706
1380116588863623173
1380095342956400645
1380081658611765249
1380026788437495810
1380067746407415808
1380082764775493635
1380117437731987457
1380134951832715265
1380106802147303426
1380121287499075588
1380094105494167554
1380074725456629761
1380240525199093760
1380106332930506756
1380144534944948228
1380089772048285698
1380102632933572613
1380049158514606080
1380082666159153153
1380060450205863936
1380111147043590145
1380073779150389248
1380087088859779072
1380150704749301765
1380292468307025922
1380083363868991489
1380083780208234497
1380066705225973760
1380095588751044608
1380102256515760130
1379955880632979459
1380137191188336641
1380086227525832705
1380114018606718978
1380134261907394560
1380121155974086657
1380129932622360577
1380129030171672581
1380109414846369801
1380084081103343618
1380090509771821059
1380120299128168448
1380082205385494528
1380130228954148868
1380190557968994305
1380137339679281155
1380194252739731457
1379956573309710336
1380082994996670470
1380105421411643394
1380114643616681987
1380184830994960388
1380083476888743936
1380109198692921346
1380026654689492992
1380127092826857473
1380119535483809795
1380121205529833472
1380094582818549764
1380127565520715778
1379948669844226053
1380123060859244544
1380127667937230854
1380116398131834883
1380116405849296896
1380118474983346177
1379996109804830722
1380209508450979847
1380097277327462400
1380294383438733312
1380114920050720771
1380237365592133642
1380113285765271557
1380183431418679297
1380265444859338756
1380035284423872512
1380135258625093641
1380014805206106112
1380116025342054403
1380086091185860609
1380143460490092548
1380104451596369922
1380073600217190400
1380107184328048643
1380113193960415233
1380080279142957056
1380096353775325184
1380037842521448448
1380093744020656128
1380113234439643139
1380137454288666625
1380189350726631429
1380109845748191234
1380078795022028801
1380090081722126336
1380091066393767938
1380012279853383686
1380052671692947457
1380083365110448129
1380089359827922944
1380121997653409797
1380131077579235332
1380133954704015364
1380127778876485633
1380130029514948616
1380064240002863105
1380079841253416962
1380100305774338049
1380101896455737349
1380076658997231619
1380085067859423232
1380092768895254531
1380096018344206339
1380124001691926532
1379992166982955009
1380100945959354368
1380126778790965251
1380071100529410048
1380102098096898049
1380108861529583622
1380127371890728960
1380082998209507334
1380198553428107266
1380231924640190464
1380087888566747136
1380104495045210113
1380129407931723783
1380133720062095361
1380233991014465536
1380052791519899648
1380203062862741509
1380093203173478401
1380095023811805187
1380107909154148353
1380117974951063553
1380135299670507522
1380276573094477827
1379969744070090753
1380111115988963328
1380135110494797829
1379964858326790144
1380054339889291271
1380092757822308353
1380276036575883282
1380119737313689600
1380135971593797636
1380250317032394763
1380022613553086465
1380046687725576192
1380098089604812800
1380102229256986626
1380104104651935745
1380122927736193027
1380211335854661635
1380032658525184002
1380096831326023685
1380131094922723330
1380134487871328261
1380051058584600582
1380076673534726160
1380084383894355968
1380096705459281920
1380097457632260096
1380125664586661890
1380071060654198784
1380077366538600448
1380079016649056257
1380087559427129345
1380100627859173379
1380113190483283969
1380127533731999747
1380133607294054407
1380044987497340929
1380082307751628801
1380086307687444484
1380090980263718913
1380091425384185859
1380107770976944131
1380115076498264066
1380125925568876544
1380136065948913669
1380201630524698631
1380202783488544769
1380237657771536385
1380075441877229568
1380081898706337806
1380098027323600897
1380107741713338369
1380114088332820482
1380126784071602181
1380132792357552135
1380134083733417988
1380157463572443146
1380272570591809538
1380280698968408064
1379988878531170307
1379994094341079040
1380073531644461056
1380099261514272768
1380133116854087681
1380173764239974402
1380278125561516034
1380285908428025858
1380062857509937153
1380086468786393088
1380093423282180097
1380102358584164354
1380106556772126722
1380134632432279555
1380201269923487745
1379947211946090499
1379977294861729792
1380012707953442817
1380123847966527490
1380129396841910272
1380136569688969216
1380237920339169288
1379992278115225604
1380052526901395456
1380086793077411840
1380101007510749185
1380176652467109902
1379977097205125122
1380052832234135552
1380070798531174411
1380107863570399239
1380113661583298562
1380225606374322178
1380239114755305484
1380270698011181063
1379961222255181827
1380022472448282625
1380030704218734595
1380037542108626945
1380068194707251200
1380081284429537280
1380102295480860675
1380103201719005184
1380107259871686658
1380110058919448576
1380115760551432194
1380122990793404420
1380183380059373572
1380222488878145538
1380245309914107906
1380268191239315457
1379986362410094592
1380046407923552262
1380052797182332929
1380090036629159938
1380097550229848078
1380102920092418050
1380105538692919296
1380126514101039105
1380127989632004097
1380179123755180032
1380084318006034437
1380115384246865920
1380119790153515014
1380150187700670464
1380252323415478276
1380015373559422981
1380092209442226187
1380097459318312960
1380099561096634371
1380101014213308418
1380108392572841986
1380108398352596993
1380109510891741184
1380120636601864194
1380275269882241030
1380291364529844227
1380065742687768576
1380093733903949827
1380109321548263426
1380126525031337989
1380128487378452481
1380131083409358848
1380135005448507399
1380225319370682368
1380233986564325384
1380242555196047365
1380284575218331654
1380030469199294464
1380081748671795201
1380083926530658308
1380086780221927424
1380088582728249344
1380088965450063873
1380089956622819329
1380101663118221313
1380102699568525314
1380104596270559234
1380132830752210953
1380230460287107075
1380285349428092935
1380289148716777474
1379988325818335237
1380003508980740100
1380024130582556673
1380079732025401364
1380086727415566336
1380099713286963204
1380102613270732803
1380106897936769025
1380108904563150853
1380110145552781314
1380115509216223236
1380115706134491138
1380116113594400770
1380130433111834630
1380130850302529541
1380203656339992576
1380033916799713282
1380083997196251136
1380105759304908801
1380110994702225415
1380127071016529923
1380138446782599168
1380203794068291591
1380299173128454146
1379999177611022343
1380023728109727745
1380076886517239822
1380089484251963393
1380091178624880641
1380101374914924545
1380101413833957377
1380113862532423680
1380116734317899776
1380122500558942209
1380122677680168961
1380130447003426817
1380142443811778564
1380254113217310723
1380255000253829122
1380047757965099009
1380075666855628800
1380084759045545985
1380088523022295042
1380097964274819073
1380103882580357120
1380104122108624898
1380106852520853505
1380114581226459136
1380134488223723523
1380180208595177475
1380004341982113794
1380007248844443651
1380022385722675200
1380055875977674753
1380080623591784448
1380084407923531776
1380097489869545473
1380101920061292546
1380107438389661696
1380113197579988993
1380120485082566656
1380123277964759040
1380127997202694144
1380130275208925188
1379987359991787522
1380016918854307842
1380022595135803394
1380062983162888196
1380068467961954305
1380078619238789121
1380083262161350656
1380085607838457856
1380091136358891521
1380091932286857223
1380098136757186560
1380099279050657794
1380099851367579648
1380105704720232451
1380107044636741633
1380112927932481538
1380134247650983940
1380247823124402185
1379970701415874560
1380007524439629827
1380016633624764428
1380073607032930308
1380083407565242368
1380085921572392960
1380092828454428674
1380094428262584323
1380099125455302656
1380108852901900290
1380115746043408387
1380119048164417536
1380121023044009985
1380124374938877956
1380130859127353344
1380131687678480384
1380179284485099521
1380293162317578242
1379967468337238020
1380020155753857024
1380060986179223553
1380068617367252992
1380072873088417792
1380076682254684165
1380083647211053057
1380094942639443970
1380096898732806146
1380100797921435652
1380103626140610561
1380107677146222595
1380109283539480577
1380110523736416257
1380110672625684482
1380110868206211072
1380123502506876931
1380125393777258498
1380126411902615554
1380132552539844617
1380133238048428032
1380146500911648768
1380147954619666438
1380172742117502977
1380182762569789441
1380194586094616577
1380225808900448259
1380249086419329026
1379989876666290184
1380042837727842305
1380044260217610242
1380053595534594050
1380068862079733763
1380082745376976896
1380095813905432581
1380099435980582915
1380105599636099073
1380105643529474050
1380109207874195457
1380109622296600580
1380110692922056704
1380111486115319814
1380113301930176517
1380118299824906242
1380123496748085251
1380124624701259776
1380125709826424834
1380129835251609605
1380132891498315780
1380136487946182656
1380141715747713026
1380186231779192839
1380247958885699584
1379962293941907459
1380000088508882945
1380018727853420545
1380035282293174273
1380056151056908290
1380056881159356416
1380066969735589888
1380079006125527040
1380081085040766984
1380082764318408705
1380083818770616320
1380083847061209090
1380085823727669248
1380090540646133764
1380097829918609408
1380105584435998720
1380111433472565251
1380126291626618880
1380126349822681097
1380132319739179008
1380190324031680515
1380205304873369600
1380237476908953600
1380246823743422468
1380258672530620422
1380300165798584320
1379950215982149633
1379967933250670592
1379969744896425990
1379996193565081600
1380037692294115328
1380062111494193152
1380066933400334336
1380085144300687362
1380089671607218177
1380090288245506052
1380091471626448896
1380093689876320256
1380097644735954944
1380099689010323460
1380100074420764685
1380104620165451779
1380106231755464704
1380107933766320128
1380111553844936710
1380114863683481601
1380115124548161538
1380121563270352902
1380124945154514945
1380125017581707266
1380127024984043521
1380142282398175234
1380194294816968706
1380196238730145797
1380227804713922566
1380257008096534532
1380283562058911744
1380286067413282819
1379988034708512770
1380029614354014210
1380054772292653057
1380065175915626507
1380086057153224711
1380087289896919040
1380093492970586113
1380095019089035267
1380095968041926656
1380097316749725696
1380102299687776256
1380102612268290050
1380102975981555714
1380103400600260610
1380105554262118420
1380109023874314242
1380116933945724931
1380120928852586497
1380130115087081472
1380136042829918210
1380186300297400323
1380210696076558338
1380237366229676040
1380250592849842177
1380273737459765252
1380281192021426179
1379981028262043654
1380033692513443840
1380047757977657345
1380048091550773248
1380053294911909889
1380054385418469377
1380056682529710080
1380063945646608387
1380096887508889611
1380102520048128001
1380103315669794816
1380110588014161923
1380113732789997568
1380116305261572096
1380120419940843522
1380123276832342018
1380123278874963976
1380123505199566850
1380125121877315591
1380133722234716163
1380140948403978241
1380234367386157060
1380245813054431233
1380263626943176705
1380276468819890183
1379955291807186948
1379962195719643137
1379973509963714560
1379977397064364035
1380012535664029701
1380014447863996423
1380026006170431488
1380029767391571968
1380034681689755648
1380042724913508357
1380045913675210754
1380053400801382401
1380055611770044419
1380067894273273859
1380078288396238849
1380083158666903553
1380083915654848515
1380086550185271296
1380095053180235781
1380095934680424453
1380096495458861057
1380106915972325378
1380110751940149251
1380111550304894976
1380111698380529664
1380113693120233474
1380119702819770368
1380120620617318402
1380121198533705729
1380121923053621248
1380123455543214081
1380124619571662850
1380126734935326723
1380127310951628802
1380133093818916865
1380135952547516416
1380136438134620161
1380218479698141184
1380221112756355079
1380267782722486275
1380268583327043585
1380289349980450816
1379982330379395075
1380002459586813953
1380029657563664385
1380031150345830404
1380039918672564224
1380052536439271425
1380052840941502464
1380069864564518913
1380074009140809728
1380074741445316608
1380077287773777922
1380078329462673467
1380083251159699457
1380084810090213377
1380085491756896259
1380087419157028864
1380093568522539011
1380095889264508931
1380097785681305601
1380097800675950600
1380097831189446657
1380098096663695362
1380099815141412872
1380100164250112000
1380100858436845568
1380103688799260673
1380106409275088904
1380106897999732736
1380107233602719750
1380110235348664322
1380110419323461639
1380118455299477505
1380118484399579137
1380119211004018689
1380119942536830981
1380120629022711812
1380122037595824133
1380125919877206018
1380128873174626306
1380137078059634688
1380188478877675537
1380190790274711561
1380193029437460483
1380194387636989955
1380206302933086210
1380211335934267397
1380211338186743810
1380247583541592075
1380280793633861632
1380004042244505601
1380006772904185856
1380016476279685120
1380022595207098370
1380055266285207555
1380064126135848967
1380067745480462341
1380079610998759427
1380082249530507265
1380082840008802305
1380085560967110657
1380086557802164224
1380086733107302400
1380087527135150081
1380088174911877124
1380088588608495617
1380093513120018437
1380095073463975938
1380095813699956737
1380098488030089219
1380099051899789319
1380107924052307970
1380108242202808320
1380108308766470145
1380110450076049411
1380113474446110720
1380114447788863490
1380115495903432707
1380117094654738433
1380126235796381699
1380128295581147137
1380129495923965953
1380138038945255425
1380166526905487360
1380226811443970052
1380249619947479045
1380265553319882753
1380292476083302401
1380293083489652736
1380300247780458499
1379961191708131329
1379977297290125312
1380039345500004353
1380040158683217923
1380050217194651648
1380050662982094848
1380052987851255810
1380055474507223041
1380072683954638848
1380082194970984449
1380083790782078977
1380083865528700929
1380085121433354242
1380085599227494405
1380086402562547721
1380090540478332930
1380092927867752449
1380097130472353793
1380098097536188416
1380098212615294976
1380099560245235714
1380099730571735040
1380099736833728512
1380101553856638979
1380101854198169601
1380103416651911170
1380106527692886016
1380107074894491653
1380108119091580935
1380109745806176259
1380109941864812547
1380110321436741634
1380118791082942468
1380121262073110532
1380126288258678791
1380126650738880514
1380129116964458496
1380130050406813697
1380131387693486083
1380133161183686656
1380133327970123776
1380133407682887680
1380135365231665157
1380139357705756673
1380191628422434816
1380256556290310146
1380258454011588610
1380264310480515073
1380278723149234181
1380279383475298311
1380282827816775680
1380290612587421697
1379955094427422725
1379957412644421634
1379962247368351751
1379972842402557952
1379977109616140288
1379988182259875842
1379996141903872002
1380020554602840066
1380037512781950978
1380045182767394818
1380051148372054016
1380058205871603714
1380061119440633869
1380068913141194753
1380070199282520065
1380073535507423233
1380075227628060676
1380081058411126784
1380082610030907396
1380084095699595264
1380084548273332230
1380088039829987331
1380088326036852736
1380089304567971841
1380090568915705857
1380090752294907908
1380095569943748610
1380096261399973888
1380097897140731905
1380098049771511812
1380099261896007680
1380099992472457216
1380103123167928322
1380105376583012355
1380105640601784322
1380107266003771394
1380107975998771206
1380109010150506498
1380109572019486722
1380110388356866053
1380110756771942407
1380111310160076800
1380112840724422656
1380113190625832961
1380113832115384322
1380114044196167683
1380114410425946112
1380115954982617097
1380124355280130051
1380125644709842950
1380127777580441600
1380128693868240899
1380128784637116417
1380134141233090561
1380135640004763650
1380135914207375360
1380136514315685893
1380137000330756097
1380149143939735557
1380185117151399940
1380199450086346758
1380206857931882501
1380206891696074756
1380220034816081930
1380220054030196736
1380230611068198917
1380236909063114762
1380265395479789577
1380284601306865671
1380285482165280770
1380288091873632259
1380299535826706435
1379992424139923459
1380023938860867585
1380036303849455616
1380039283562709001
1380040379706265607
1380041692548505602
1380045242938843136
1380050705856233472
1380051752817414146
1380070290164756488
1380070613038026755
1380076510447607817
1380080309014835203
1380084044864614401
1380084198296420357
1380084730411028480
1380085559801044992
1380085702940106768
1380085726071697409
1380087465319489536
1380088640991334403
1380088666412974081
1380091539549007872
1380091931385081856
1380092352350593025
1380092685730582528
1380093637065908225
1380096434171707395
1380097251352178695
1380097470055727104
1380098015558578177
1380102782288592901
1380103686488219652
1380105641847578624
1380108474663768066
1380109202216128512
1380112654660947972
1380113191175262212
1380113495677632514
1380113782832312321
1380116891616870403
1380117018905608192
1380117222883008513
1380117361643114500
1380118862302183427
1380119289236193281
1380121379715092481
1380122519290646531
1380127122778431489
1380127165572915202
1380127335089725442
1380128298416627712
1380128419925667843
1380131699112112133
1380132017258569729
1380133027112759302
1380135249015803908
1380135651060891648
1380142555086659585
1380184835025690624
1380191614480564229
1380198783166906369
1380206172435853316
1380208444083478536
1380217508557426689
1380226219258605570
1380227231864217600
1380253043338383361
1380278584611373062
1380285499936550914
1380293254927814666
1380294383099113475
1380300297990508544
1379948374082924545
1379953694033260557
1379987572068392960
1379996146253193220
1380008343822028800
1380016882330243076
1380017559051833344
1380020619874566147
1380022592518692867
1380027065244782593
1380030860070649858
1380033032044769280
1380046959797407745
1380053202285002753
1380054846255026177
1380056375523479552
1380064700411564034
1380065209746927617
1380066992586121218
1380069761611104256
1380070291611791368
1380073247648153601
1380075443429240832
1380076950480322562
1380082895298117633
1380083030895833094
1380083332650782720
1380083685731471363
1380085264618565637
1380086099368894466
1380086101419900928
1380086402403217408
1380086765004984321
1380087132446920706
1380087461997654017
1380089683905024003
1380089716427649024
1380089746072932354
1380090277394792452
1380090539878539273
1380090745122660360
1380091160446779394
1380092061853093890
1380092574766088201
1380092638381158401
1380092887774412800
1380094586861785089
1380096076510806016
1380096363115995139
1380096600777842688
1380097416528035844
1380097549797838848
1380098311672094725
1380100079835566082
1380102907182342144
1380103097167577089
1380104444977815556
1380105641411235841
1380108155988934659
1380109738273341442
1380110023813181441
1380112423558995970
1380112837612290048
1380113048170549250
1380113157042102272
1380113197219254272
1380113849328795650
1380114485529169922
1380115539566194688
1380115725428342784
1380115784287010817
1380117599493750785
1380120068227538949
