1388647413578145799
1388834405611761669
1388660567083298818
1388669149266825218
1388662018505330702
1388872958643523589
1388975115283664899
1388655091448696832
1388787425682538496
1388659409681883149
1388927166365245441
1388653578340999171
1388976544522113030
1388726776084455424
1388919769349378050
1388656488776863747
1388986005844267008
1388711301741006849
1388653922458521601
1388664479735504907
1388855296651632640
1388872972203708420
1388770898380009472
1388703197938728960
1388946429683671043
1388896138271543298
1388889756638007297
1388659504804364291
1388872456501346306
1388657365646462977
1388873703866437632
1388648952560603140
1388696726291222532
1388961494537281548
1388745072703852546
1388704802616532992
1388695256678477824
1388981094519873537
1388886067508547597
1388648406185398275
1388645998508052481
1388649329951449091
1388979727747239939
1388765203282554882
1388782090972536833
1388657246515646464
1388804597368623104
1388774499739324421
1388655303760171012
1388670928549203969
1388657143428042752
1388989670906900482
1388649633388322824
1388889724513923073
1388916199333908484
1388890211099217927
1388645948583202819
1388662658287681536
1388780302370213891
1388938085573013511
1388711303699734528
1388772649447432193
1388998371956994052
1388649696483233798
1388652024229777412
1388892441374253056
1388644664010543107
1388840155847565312
1388647048602431490
1388769607301963781
1388995272097869826
1388731500544286720
1388644459043336194
1388658217522184195
1388722730288271361
1388890950718660615
1388890459368472584
1388655457980592129
1388866901670039554
1388651176267239425
1388806723037708290
1388770583329005570
1388781734007873536
1388783842601930753
1388946396921827330
1388995927013265409
1388651491121115137
1388856520943755266
1388961340073598978
1388652227636695041
1388654105636212736
1388778194002657282
1388654722060541952
1388730373878829056
1388992621637419014
1388648995841613838
1388760751050039297
1388900239499833347
1388784750677082114
1388928777246310401
1388943997041848332
1388646686034219011
1388650407455563780
1388768188964515842
1388867576218935298
1388977721708105734
1388646920185282560
1388658391363592194
1388744290738839555
1388765201550299137
1388655425147518977
1388739833548394498
1388794818600579075
1388969948106592263
1388648094338793478
1388761930664488961
1388895933597954055
1388916163053334531
1388646137708507136
1388659277099847684
1388694056121798657
1388824339219456005
1388988058196918273
1388994208518656001
1388650309917020161
1388658234484039680
1388660257883361280
1388892564787548163
1388949233911349252
1388953693584826372
1388987674011312135
1388990947552382987
1388647954697924613
1388652376563855362
1388654469903159296
1388660037623627779
1388795869340880896
1388940692395864067
1388993130326806531
1388997807055454209
1388650541023117315
1388650678797705218
1388653650931761152
1388654367641899008
1388663385198374917
1388772568061161477
1388904781004029954
1388950091453583364
1388966482701430790
1388669319756853253
1388713851588333569
1388818132928802818
1388950056179585031
1388651697954775040
1388674801053675521
1388931757513248772
1388648933350690820
1388649436633608192
1388653238312972291
1388654943591141376
1388772046017081344
1388800456042946563
1388646500322971648
1388659881020960768
1388660711006605312
1388741652529954819
1388828292346781697
1388833325796798468
1388890297883631619
1388937053694533633
1388646011233619976
1388649436742668290
1388649786836987915
1388652376513519618
1388652761449914371
1388652853737271297
1388661864062717953
1388664730634620944
1388689743060287490
1388702094446796802
1388740016642433025
1388775433513095171
1388782696399138820
1388902245790633991
1388902277256208385
1388651883431186442
1388653740530483200
1388660280553611264
1388842269520932864
1388964512854806528
1388651252872056833
1388651466701910020
1388651954012839938
1388653239864803337
1388653480966082570
1388657964416970760
1388658598570496000
1388659507216240641
1388770814200356868
1388779992121741312
1388958976314777601
1388962335063252993
1388991888317878278
1388649598382706691
1388652037181743107
1388652136288985090
1388652375951429634
1388655120754167809
1388655971782770691
1388668479067328514
1388690507245760513
1388692568578330626
1388749843162673153
1388778224675590145
1388791858109763585
1388855803264782337
1388912856868036615
1388942179494731787
1388959203545526304
1388989175291019265
1388647373342138371
1388648850412474370
1388649605307326464
1388650702701010945
1388654338684473350
1388657569418330118
1388659287547912192
1388660541103742976
1388662874583805957
1388754082794508289
1388785109650661379
1388791890158538753
1388859571364577280
1388880454691008519
1388902312127647750
1388903943602941953
1388951954785701888
1388955405401927684
1388644727516536832
1388644860446576648
1388647075030708229
1388648838504845316
1388650885199302658
1388652016797356035
1388656531558830081
1388658768695730176
1388659550346219522
1388774206964473857
1388787849919557637
1388797864692830210
1388838119290585095
1388909696589905926
1388910253232828422
1388922925303091210
1388929877022183425
1388950065360773120
1388961442104217604
1388968899891376131
1388982056399609857
1388644831535190021
1388658885272211458
1388659294594285573
1388697272163176452
1388769679041236994
1388773546109939714
1388780409769578509
1388780536085172229
1388785165913186304
1388856408532213761
1388876002584109068
1388890112583426048
1388927275303899136
1388946045036597248
1388955193409216523
1388958997710090242
1388992607758475267
1388996724971085826
1388998843333849096
1388649823725920257
1388652228844601344
1388656308367278080
1388658671060664320
1388659427218186241
1388659848192176128
1388669105721511936
1388671933936513024
1388672349877293056
1388745267168567296
1388747468968546304
1388768219469549569
1388772749951201280
1388777142209679361
1388797232980299776
1388797628457046017
1388823820610510849
1388824572473053187
1388844870849159173
1388922926494330885
1388931613715746816
1388644593814720512
1388646345976782851
1388649360557318145
1388649503390044161
1388653275134705668
1388653460946620416
1388654031028031488
1388654177711267842
1388654230722990083
1388655821161213958
1388656692548849665
1388659506641580032
1388659596076662786
1388673800108068870
1388679006350872578
1388680337606205444
1388740212084379649
1388771488182984705
1388778180702572546
1388790452577619971
1388802693762670593
1388828479387537408
1388924406806814722
1388945280892956676
1388945560439246850
1388947026721878017
1388947736800768003
1388953774459346945
1388955000429334531
1388976882499063808
1388980367202295810
1388983723496984580
1388646570489520135
1388649940059140098
1388650524828971013
1388651662953304064
1388651675846684672
1388652029518749696
1388652264382992384
1388652476598046723
1388652616477990913
1388653166347132931
1388653180406337536
1388653195640066050
1388653317862174720
1388653630249652233
1388653903147847687
1388653950048559104
1388655590063448066
1388655891793256451
1388657131256258565
1388657842387931140
1388659210355888130
1388659338257043457
1388659504527691786
1388660224228306944
1388660320005206016
1388663901869518853
1388666943113203713
1388668084748181510
1388668298481516544
1388670111284875270
1388694271016984576
1388700336651751425
1388752616742555648
1388770289832574978
1388783565886865411
1388809334352666625
1388815983587041285
1388818896631779331
1388824603464712193
1388833024461127681
1388833149128298498
1388849697763307521
1388868658823417856
1388886028086353924
1388892052235116544
1388907617444114436
1388913817459982338
1388920791811731456
1388940565581082626
1388945763405807617
1388949381857095685
1388960061423247364
1388973438648430598
1388979215031209993
1388982784446898177
1388983765213589506
1388987271714586625
1388987588065861634
1388990839725170702
1388991283377623044
1388996725134741506
1388645391130845193
1388645805595234305
1388646045467521028
1388646268893896707
1388646706984669185
1388647130949107716
1388647414517620736
1388647931587219459
1388648178438770690
1388649037109370883
1388649842004697089
1388649885247975426
1388650936676098051
1388651577293029379
1388651906936053761
1388653128048906241
1388653436380618753
1388654848569192452
1388654984758120450
1388655410714972162
1388656935445188608
1388657527819284485
1388659670169030662
1388660063087308804
1388660213344002050
1388660547382616064
1388661942324240384
1388706245725626371
1388728983601229825
1388738632387764227
1388750232154955777
1388760019051614208
1388765200501907457
1388770720965091331
1388772422166458368
1388780911290839042
1388781920637628417
1388782691554893825
1388853372565004288
1388885306385092608
1388919536490008581
1388935424467369984
1388939326088781834
1388939407806369793
1388947104932974593
1388959712587169799
1388971914933284866
1388979046944477184
1388979114254737413
1388980488824578054
1388986405574033413
1388989218991616000
1388989292391931905
1388995466940100610
1388995494932852743
1388998134928482305
1388645660950507525
1388647376349454337
1388647449665982464
1388647583430713347
1388648270663139331
1388648767616868354
1388649279368138756
1388649436637589505
1388650099484602371
1388651700899176455
1388651763352449025
1388651980567023623
1388652083436474372
1388652893893500931
1388653491497930755
1388653659332960256
1388653847824982016
1388654528917032962
1388654786220859395
1388654954609614849
1388654980714819584
1388655013229105152
1388655165155201029
1388655394088751104
1388656372183703552
1388657192979648515
1388657589949538312
1388658276892610568
1388658819467673602
1388658895103614979
1388658950086832128
1388659507576770563
1388659952793837575
1388660420332953602
1388660436862636039
1388664716898226188
1388667528294109187
1388673764074868743
1388677122802192387
1388696700747976706
1388725735804841986
1388740197991464962
1388740805599322112
1388749554800005124
1388756547791110151
1388784592811929601
1388787333969944577
1388793763586269184
1388796846580150272
1388799173420482560
1388819602130472962
1388824589724180485
1388824808943755264
1388852740965683202
1388854646031196165
1388878446651080708
1388885531237421059
1388888902937812992
1388888992356225024
1388909721109811201
1388910151608963081
1388912567364562951
1388917984475893762
1388927226008244229
1388932383265726465
1388937001919995909
1388938384559771648
1388938523450003457
1388946602145030147
1388947527886647296
1388949404338606083
1388950877621325827
1388950991211487240
1388953704200540161
1388955888724152322
1388956067485335556
1388960890419044358
1388970313787056130
1388978461251760128
1388978492939845632
1388980721293873159
1388985481917079554
1388986899600117762
1388987944233545732
1388988443208847360
1388990804069429252
1388992186088370184
1388992653371523073
1388992893684224001
1388995525693878274
1388644663968546826
1388645457258221572
1388645973577056257
1388646112500895744
1388646937595977731
1388647221080559617
1388647912830275592
1388648086440972289
1388648197963272201
1388648329345650692
1388648446840684546
1388648716354076672
1388649207570079747
1388649346258935817
1388649419805966348
1388649959835176961
1388650235732320262
1388650309015252998
1388650811178225664
1388651975894523904
1388652109319577603
1388652133612929025
1388652170657075203
1388652764771856391
1388652789342121985
1388652899660668930
1388653139612549124
1388653257929732098
1388653417560748036
1388653867211137030
1388654034521935872
1388654580544704513
1388654889610399749
1388654898951163912
1388655000444882949
1388655064273891333
1388655365601087489
1388655669570678786
1388656158571999234
1388656179845509122
1388656518833348613
1388657307974787074
1388658394006007819
1388658757874470912
1388658956227260418
1388659132245360643
1388659319638536193
1388659507073593345
1388659567094030336
1388659777652330502
1388659828466360333
1388659841594445827
1388659962424004608
1388660006288039940
1388660455695175687
1388665527661387776
1388674662423535617
1388681707382059010
1388693579393011712
1388708924912713733
1388709230610354181
1388734100152987650
1388736600822226945
1388758876565262338
1388782569785790467
1388793538469670912
1388801789038899201
1388802948403273732
1388820856718209031
1388822108394897409
1388841653960646657
1388854574933479426
1388870904986234884
1388877262993477632
1388879697392640009
1388885957877899265
1388888958214545408
1388890067083595780
1388890599852490754
1388890929747177475
1388894700879351808
1388895074201788422
1388900034754793474
1388903522704449545
1388906656298373133
1388909542210252801
1388914554730598411
1388914685353811969
1388918115908608000
1388922800103112706
1388927648752099328
1388928152479715331
1388929772017836036
1388935302887231489
1388944336830803971
1388946763881529346
1388946846454792192
1388947105285300231
1388947115389374464
1388947229327691776
1388947492260229129
1388948222782083085
1388948384631992322
1388948563225362432
1388953943556898818
1388953977430106119
1388959998953328643
1388961115934240776
1388962769593044999
1388963515252232193
1388966540133945346
1388972438923399180
1388974006053838848
1388974233670328322
1388978661634740227
1388980636837453826
1388982442875396100
1388983978703609856
1388989842432970752
1388990343572512771
1388991440420851715
1388992290241323016
1388992530893746176
1388993106247360518
1388993208668016643
1388993309478170631
1388995779189161985
1388996982522490882
1388997888156520451
1388999041460097024
1388999151686459392
1388644551246721025
1388644569336713218
1388644642573496321
1388644653461905410
1388644663150759938
1388644710797950980
1388644740002951168
1388644909683552257
1388645095570874379
1388645133533470728
1388645391864901633
1388645630684418050
1388645764574769154
1388645804320174081
1388645927636938752
1388645961216532480
1388646505993674755
1388646569025712131
1388646781806944256
1388646836177674240
1388646935817592834
1388647100594917377
1388647114922725378
1388647138859622411
1388647283621867525
1388647295902785536
1388647383689580546
1388647393663520769
1388647535326203906
1388647597804560386
1388647664796020740
1388647735298039808
1388647941330636801
1388648027930386432
1388648335209287680
1388648429270847491
1388648498908835845
1388648656509751299
1388648836915245058
1388648850634780676
1388648855978319873
1388648887183888388
1388648899108384770
1388648921040293889
1388648951281291266
1388648958558355456
1388648997896822786
1388649035859337216
1388649102561382400
1388649359856783360
1388649594490396681
1388649659745243137
1388649750187106323
1388649853975252996
1388649921251848194
1388650207164915716
1388650211120197632
1388650308893556738
1388650411574407168
1388650609088286727
1388650648527384577
1388650687630872578
1388650701811748865
1388650825417957378
1388651221234470913
1388651289031102465
1388651360179167236
1388651391615479813
1388651496166854664
1388651680829480961
1388651945183883265
1388652157935788042
1388652319827451907
1388652459430752259
1388652459489378304
1388652527374290946
1388652551864729600
1388652699831488515
1388652700204781568
1388653067369959425
1388653071752994818
1388653073619369994
1388653090245644290
1388653101960339460
1388653155374800904
1388653332831641608
1388653389836390400
1388653472329965568
1388653621882105862
1388653719739379713
1388653745144320003
1388653792913149956
1388653859334197253
1388654017199419392
1388654058999779331
1388654108735901700
1388654193578237953
1388654431693119490
1388654737923452934
1388654991091568640
1388655213616238594
1388655285296840704
1388655421548867586
1388655572409626626
1388655721391312901
1388655831013629952
1388655939730001923
1388656159121362949
1388656182693441536
1388656237726871557
1388656359583911938
1388656462533115904
1388656667399704579
1388656921067012099
1388656924762255364
1388656991304929282
1388657122594934785
1388657304199999493
1388657595057983489
1388657687605436418
1388657718639185921
1388657850705235977
1388657852680650753
1388657894560833540
1388657924436803585
1388658184345341953
1388658267736444929
1388658704074084353
1388658946659938306
1388658996333191173
1388659019347341316
1388659034086051854
1388659421438484486
1388659424064061441
1388659836615856129
1388659871579529218
1388660011560280068
1388660181505134594
1388660359553290240
1388660517661777927
1388660522669780993
1388660534371827720
1388660554135478272
1388661382611181570
1388662030962511873
1388664178920071169
1388665947234488323
1388667060570501123
1388668763696992256
1388668821485985798
1388669978879070218
1388671309635325954
1388674476196433928
1388675354932432896
1388677048944762880
1388677859321995265
1388678964743491592
1388679332491583488
1388680281465528324
1388681584463818755
1388682111868096513
1388685018424303619
1388685349568790528
1388692173575626752
1388693618806951936
1388694623560900610
1388701331679059972
1388705202245705728
1388718703227949057
1388718867468406791
1388723359702294530
1388731224076783616
1388739137738625028
1388744420049162240
1388746903827877888
1388752616553918465
1388752637844131843
1388757532320190466
1388757588725096449
1388757739820703749
1388760166330425346
1388761242546937856
1388766437037297666
1388766577047359489
1388768780613046273
1388777159867645953
1388777729131225090
1388777833376460801
1388778288911470593
1388778951028445186
1388780088523730945
1388780305159364615
1388780305654370305
1388782330387566593
1388782331801047041
1388795380058447872
1388795632052224000
1388803974703239169
1388806556381335552
1388819794636464130
1388824619474432002
1388824771702366214
1388825285735366657
1388830573075050499
1388838127909982208
1388843957979918336
1388849690922340356
1388862058075201537
1388862886487920641
1388880716172247042
1388880879339122694
1388890753930338309
1388894888343883779
1388899870044565505
1388901457815089153
1388903036978929669
1388904502401585155
1388907657730404358
1388908367532417025
1388909264190779397
1388909282788356100
1388914206418866177
1388914706069573635
1388914891680059393
1388916364522442757
1388918975803822080
1388920925584773124
1388924986828656642
1388926360308101120
1388927148967272460
1388929341854191621
1388929962586038273
1388932501519929347
1388933265537523720
1388933969165574147
1388935177670467585
1388937496189362178
1388937670546661380
1388940989092536325
1388942873144569856
1388946582830260232
1388946684873519105
1388946738694787078
1388946945398431756
1388947237108076553
1388947405572300805
1388947495066165253
1388947528696090627
1388947943470862341
1388948072676405252
1388952111166144513
1388955626521382912
1388955777851867139
1388956752822013953
1388956939665674243
1388957903751634944
1388958290231574530
1388958378609844229
1388959549168799745
1388960114862866446
1388960939806953473
1388961782392295436
1388962655180894209
1388962742674067457
1388962753336029184
1388963948809043974
1388965556800430086
1388966481547997194
1388968426434187273
1388968763622576141
1388969924668923907
1388973883831816200
1388976596195975178
1388976693755449345
1388977385945567238
1388978983677661187
1388979425392345089
1388979943917371398
1388979991191375874
1388980381622444034
1388981561291325444
1388981964674408454
1388983277906800642
1388984912250802177
1388984922665365505
1388985332226576399
1388986173356392448
1388986517067026435
1388987260658405379
1388987375255265291
1388987559834001408
1388987917092093953
1388988499001581568
1388988609546571779
1388989713202167811
1388989987962642433
1388990186055417860
1388990695889846272
1388990870603583495
1388990980972597249
1388991923713679362
1388991951312130056
1388992330317897729
1388992505191010311
1388993624822648833
1388994273438314502
1388994274109296643
1388994479760101376
1388994875467632641
1388995860780957709
1388996222686572547
1388996820102230018
1388997327218790401
1388997812038275076
1388997980540313602
1388998265169920010
1388998702384271360
1388644405028995082
1388644407365210112
1388644492115333124
1388644496460689410
1388644498587193351
1388644529763282945
1388644561782771712
1388644564358008835
1388644667194028036
1388644787939684353
1388644793144811526
1388644870156390401
1388644899193561090
1388644940108992515
