1368890979072307200
1368850038403776515
1368903073251258370
1368713073725485058
1368842680344715264
1368836723262783490
1368904603073413126
1368836676668301312
1368876971086778370
1368803857053196288
1368756645673730056
1369042957337247752
1368829940632875008
1368826339881582594
1368824355770236928
1368799679346053120
1368993518585315331
1368822285617029123
1368954869521014789
1368839953589895175
1368788903017263105
1368872026115616768
1368836641964625926
1368834633438232576
1368833229730549761
1368770835377446915
1368972515117314048
1368750792539275268
1368877955292819478
1368816405794222083
1368781367325167625
1369054939381653515
1368724360568180738
1368839760517750784
1368849953867579392
1368789359638409216
1368806050766286849
1369014742103318528
1368832096198930432
1369052394877812739
1368833906917670913
1368899670315986944
1368967400411045892
1368823194992447489
1368959833853026304
1368801883876392960
1368729049456123911
1368782286536253443
1368834954931671041
1368740679199952898
1368813250939346944
1368950456341389319
1368780084484653056
1368989675160018944
1369037320637329408
1368827954952802306
1368751348594933761
1368841528504950789
1369061934767738888
1368840108317802497
1368888158377631744
1368795253692579841
1368829594707636224
1368835249107574791
1368795208368947202
1368795149388685313
1368823777509933056
1368776736578670592
1369010365456150532
1368858476139737089
1368988919304486914
1368772377174282240
1368832245599977473
1368866566989832192
1368713073020727296
1368796687049781252
1368990675975471106
1368976173259227140
1368887737714147332
1368795240832860161
1368896612475486209
1368816749408382978
1368880630512123907
1368834964066873345
1369000444274614277
1368750104342110209
1368848420941750274
1368848966234816513
1368909651589427202
1368767449248759808
1368875264793575426
1368725646017495042
1369050513422028803
1368726127607492614
1368775650824368129
1368795017599418368
1368729775481778177
1368920696341073922
1368758794390564869
1368828810989367296
1368885724225880065
1368714210398658562
1368823299095068674
1368834020415578113
1369029271566639113
1368863621229510656
1368729855060283394
1368771780396150785
1368808701189001220
1368835714306236417
1369048398201028613
1368799462160732169
1368890490133897216
1368773241867808774
1368773471073837057
1368825796207448066
1368848805404286979
1368875376408211462
1368947497914277890
1368775985450151937
1369048631165284356
1368876648959864832
1368769177218072576
1368815463774511107
1368854138101129217
1368924466898759685
1368789985499971589
1368790417165201410
1368794484100698113
1368797824956137476
1368802033415913473
1368836915626205184
1368846841580765186
1368881015788290049
1368998253962944513
1368795707210043397
1368818238927343617
1368862992679514112
1368820677164359681
1368839171557781506
1368842390275031041
1369000055924002824
1369057574134415361
1368808729248993282
1368819938748694531
1368823208800100352
1368827289455190017
1368912645810778114
1368990275947945989
1369035896729833472
1368762510304743436
1368818929683095553
1368805678073061376
1368827030754766849
1368865324515299329
1368889043296149504
1368943113880928261
1368969583386898432
1368760829697536002
1368782706469986304
1368804163581317122
1368811360272941056
1368841640102817792
1368880344620032002
1368883018438483971
1369008964579586051
1368806423908544512
1368821180053000193
1368832517462188035
1368978708535648266
1369028901981327365
1369062654212505605
1368718252378099713
1368807395384832001
1368842374940684292
1368848720608063488
1368850235913560064
1368947462828867586
1369037328933658629
1369058601520803847
1368720961936232450
1368822650462744578
1368834080767361024
1368915719006679045
1369010200322117635
1369030856506019842
1369050228058427395
1368719620555894788
1368727171011903490
1368738299980972033
1368743271162208256
1368817670100054016
1368840210688184320
1368721103544279047
1368749188851335170
1368794089810968576
1368804240932696064
1368824133635743746
1368826188265840644
1368838991898963976
1368840672984317952
1368882940277493769
1368917193354838018
1369030570479587331
1368759224256393221
1368785832547672067
1368817006686900230
1368817052107083778
1368837671401971713
1368856010585169921
1368879516614074372
1368899659968700420
1368963074204565507
1368990954288480262
1369010936653230088
1369010938129551361
1368730791157587972
1368795721726627842
1368827146903379968
1368830436181499905
1368831428629323778
1368878726214279171
1368879167769632772
1369027713579810819
1369042425386328070
1369043173654355975
1369062394908057601
1368769705310294018
1368791085024043010
1368802887111958528
1368815205564743681
1368822911537135617
1368823849706545156
1368841575783088128
1368859032732147713
1368873705577840644
1368892917876723712
1368898073938829314
1368898803890274305
1368907714533982212
1368930755447951363
1369001418649178120
1369064394068533249
1368724578923642882
1368734722566860802
1368739143413608450
1368814616038498304
1368815005890674695
1368818976050925572
1368833636611538944
1368833872280965121
1368836480173490179
1368873426522345477
1368882940986335233
1368931101796876298
1369000035254497284
1369052357967962115
1369062859636871169
1368717639363727360
1368743269941805057
1368784941417459720
1368795222528888832
1368820453893095424
1368837000170774528
1368843992570429444
1368898987244351489
1368957955618529280
1368977093996986374
1368990967102119944
1369004555665604610
1368758621572653058
1368766304727887876
1368779760361373701
1368788829482725377
1368791562553987073
1368793533356838913
1368795144229634048
1368817263994888192
1368819556576358403
1368830342359056389
1368832278747578369
1368838278942756864
1368858604997054464
1368869691779846155
1368894723562352641
1368958437921411080
1369049715585802247
1369059366385680390
1368788407896408064
1368791486813380611
1368793601405247489
1368811972800700416
1368818492040962048
1368821737912205312
1368822620049862664
1368826318196981763
1368827478039531525
1368878317332488193
1368895565778550791
1368897073089757184
1368945610066452487
1368965820748021773
1368971166161977345
1368995665473396737
1369049777883742211
1368755137502715904
1368761984360058884
1368807062147334148
1368807976614715392
1368818344921620482
1368826538834149376
1368847871798345732
1368853066234085383
1368927435140571142
1368957402192752644
1368959101837918211
1369012208303276033
1369026278595178497
1368713689960964096
1368729687988592643
1368734005042892802
1368747868983590912
1368781396190392320
1368803148320673792
1368803668338778112
1368803925114118146
1368813522503806976
1368835594126848005
1368837316412858368
1368839636827660290
1368840898713358338
1368841397864923136
1368841550848004097
1368856734316462080
1368867688173477891
1368912014790295556
1368927181502611457
1368977014519193601
1368986291321323522
1369007164514316294
1369044436982841349
1368742215955095553
1368743730967175169
1368757281668665347
1368759881407361025
1368770952276762628
1368778719859445764
1368789840246960130
1368790436240908288
1368793910244413442
1368799321420951553
1368821110708527111
1368823615530004480
1368837465411358720
1368838380507832327
1368841774362488832
1368841905488850946
1368849231113457674
1368867840795803648
1368906476513853444
1368947770221080576
1368959431845810182
1368961751954436099
1368984403549028357
1369002704148832259
1369044205516029957
1369052933455765504
1368730945164107783
1368739787595804678
1368748303211319303
1368757286538215427
1368763682835030016
1368778832837246976
1368781018635862016
1368792465965281281
1368792861496516611
1368796326700408832
1368797833625808896
1368798039884902402
1368807290690797568
1368824278641217538
1368826387331747841
1368827266042576896
1368832502501105666
1368834008168140800
1368841482665332736
1368842701584674822
1368852170821558273
1368866913351311366
1368888466340188160
1368962180863918092
1368986371797422090
1369029012111167489
1369040991630618624
1369055761758883845
1368715587506044930
1368716594206085124
1368724655352254466
1368734105089810434
1368735700145864715
1368773472395137025
1368784966579064834
1368792374042894336
1368802620110946306
1368813199089352705
1368814542592049153
1368818139220303874
1368818232577114112
1368819509277167621
1368824575484628995
1368825374965170176
1368826911086972938
1368832754566201344
1368833346835537920
1368841249978019840
1368866712280530946
1368878822117040130
1368884520318083072
1368901271390982148
1368905373697118211
1368951401666215947
1368955034013233158
1368958186171084801
1368986122639015938
1369008993348247557
1369027237056569344
1369037050427674624
1369060366982975492
1369065872384483329
1368720655970168834
1368737544117116930
1368738306872254468
1368744585040691200
1368750820448157697
1368762493221408778
1368772462310158338
1368780988906676225
1368782190318923777
1368812896243875842
1368817614080929793
1368825530888294400
1368826392096411650
1368828198268645377
1368829760206430208
1368830672685694976
1368831022146654208
1368833391651602432
1368833852978978816
1368834977102716928
1368837642092118019
1368840602922737665
1368840974131224576
1368841308085817345
1368843802681737216
1368851318199160832
1368853793853628420
1368854131750879235
1368870776074629121
1368872520456286212
1368877994631135235
1368884273143554053
1368911303331438592
1368917161629073412
1368933786776465410
1368939285798264836
1368939629567705092
1368963913325379586
1368963999447085059
1368966850835517442
1368978241638305794
1369006336839741446
1369017829089972229
1369031091743522824
1369051185127305228
1369053027521413121
1369065113660104706
1368736446677409793
1368743270637920256
1368743922512633858
1368758065953185796
1368758159909810177
1368764897950130176
1368767040501260297
1368774244881084416
1368786051796332545
1368797125996384257
1368800122717474816
1368810185859493891
1368812875205185539
1368813734181838850
1368815497626673152
1368818318866518016
1368827363170127872
1368830361992630277
1368832732969766913
1368832799428521988
1368836919942127617
1368844650778345476
1368845191717789696
1368846238200774658
1368848810261282817
1368850007823179777
1368865324607565829
1368870952289923080
1368871615560351750
1368881236668788740
1368894057322266625
1368897493807816709
1368939563775713287
1368955542492831753
1368957500142260228
1368992275724988421
1369024463715631106
1369029162325970944
1369037272742559748
1369045515690795008
1369059828375695363
1368716299627606022
1368721840919740416
1368730100544462848
1368771502838083584
1368771748599042049
1368772890259304453
1368778970964049921
1368781019273330690
1368781519695863811
1368787538329149442
1368789588043563009
1368790883345268736
1368796873293631488
1368801151294967808
1368801838330486784
1368802409556766726
1368805144159268864
1368805691465621504
1368806649377488898
1368807034267766788
1368825802217914371
1368826349062922248
1368829624604573697
1368830555501039617
1368831779684184067
1368832852046053377
1368841883204616193
1368849838083805184
1368853433185402880
1368871616294227970
1368878520244535296
1368884522654310402
1368886290268176385
1368896224498245635
1368899192534532096
1368910099851411456
1368920296615518212
1368931008695918594
1368941898510053378
1368942093431795714
1368950331699265542
1368964828904255495
1368995887280689154
1369005020616790021
1369010896786358272
1369023044992253956
1369054465798660098
1368718952151609349
1368743272542310401
1368744165429948416
1368758106872815619
1368761649717420035
1368762518450155526
1368765919124541441
1368769813342994434
1368776300178120708
1368777675180044297
1368787181385306112
1368794623640997889
1368796368542834691
1368797519401062400
1368810687775055876
1368811218744586243
1368811218878615555
1368814063413788672
1368815474226692103
1368815894193913859
1368816809013567488
1368817713284583426
1368821510538997762
1368821750625099776
1368823584672669700
1368824017860370434
1368827466253541376
1368829456547250180
1368832616040923136
1368834595362398208
1368835194233491463
1368837642121535491
1368840700218011649
1368841417565511682
1368841419134238723
1368842565018152972
1368843685425799168
1368844120580620289
1368850271057678339
1368856519148793857
1368867872194367491
1368868358205145089
1368870591441289219
1368874300002959362
1368877625171607553
1368885572048130049
1368888071790460931
1368910922706788353
1368918806215725057
1368936798295126019
1368948726325260290
1368956328518029315
1368975059273068551
1368998131623460864
1368998183603474434
1369021651376091144
1369023403483684869
1369027196388540417
1369039511984947200
1369063686074232834
1368715297016971264
1368716338810720261
1368716363708194817
1368717054702915587
1368717711556116480
1368720620876427265
1368721375712604163
1368736604689424385
1368740747692957700
1368741826568589312
1368741862555721728
1368745047458537475
1368747047155867648
1368747462526197762
1368748303144251396
1368760063389798401
1368765607668252672
1368776915683803138
1368785931751325696
1368790021642272769
1368790244200493057
1368791967577088001
1368798556744777730
1368801163185885185
1368803672822591488
1368803822668283904
1368806532121509890
1368809349662072835
1368813553084424193
1368814775912853508
1368816250726457348
1368817505616166921
1368817537857753090
1368818536794238977
1368819653976416257
1368823181956550657
1368824693692772356
1368825373866266625
1368828269626355714
1368828344788254720
1368829051729805314
1368832585074311172
1368833872843001856
1368834634167984128
1368835675680878594
1368836599144910848
1368837094475456512
1368840576402141193
1368840989570392064
1368843289475092490
1368848972098412552
1368862850786222080
1368868143372853251
1368886125054590979
1368889231645564929
1368893363014008832
1368900411571179523
1368902271333990401
1368934570524082181
1368975336864645121
1368976963357061124
1368991592363798528
1368994996192481280
1368996945092632577
1369021352263360513
1369023877062463492
1369026058805248001
1369043063490895876
1369050428768419843
1369051775790166016
1369058005594083328
1369058075307544576
1369062876153929729
1368713074245390337
1368718871264436225
1368719116702466052
1368721254908329984
1368723129078607872
1368727228540915718
1368729201961009152
1368733727585689600
1368733912680239104
1368737582176174088
1368738235162198016
1368739342085193734
1368741291836633092
1368741334144663553
1368744972854456321
1368759583783665665
1368769163657875459
1368778753619464194
1368780529852682246
1368781049451405312
1368785222540664834
1368788256318496773
1368788687270641664
1368793147841646592
1368793375214866432
1368795131307040772
1368797639282724864
1368802770007060481
1368804452141051906
1368807255290839040
1368807775669747723
1368810688605528071
1368813206316191747
1368814273296801794
1368814471523762178
1368815640262369280
1368816707473715200
1368817358115123202
1368817801398456323
1368819138504896514
1368821544215052290
1368823331839938560
1368823411997302784
1368823562669338626
1368823657343180802
1368825123613118464
1368825606427844611
1368825662778314760
1368826418696773633
1368826532010090496
1368826534958673928
1368826824705376260
1368826930141802496
1368828078806294532
1368829909070721026
1368829926250590210
1368831388082991105
1368833098465566720
1368833875070181380
1368834992541941763
1368835533875654659
1368835988034830336
1368836459847966725
1368837154743480323
1368837992824061954
1368838143726804992
1368840801204240387
1368841107044458498
1368841685569003525
1368842034753245184
1368842307311575040
1368844325447213056
1368844411061346305
1368848975860817921
1368849511167229957
1368850827578904577
1368856136099758081
1368858460205486080
1368865064753782785
1368868540988669953
1368869555288866818
1368877727546245121
1368878753011662850
1368880468138094592
1368889810727837699
1368897978187059200
1368907889847468032
1368909470311444487
1368930384331878409
1368932069271871496
1368942931130937346
1368943360640172038
1368950015889182721
1368955267359113220
1368955368618012675
1368957002370723845
1368962303748620297
1368965650425733133
1368966767180193795
1368968590406324235
1368974257443790855
1368982308204773387
1368984690850467846
1368990649060573190
1368996657451438084
1369006703954571266
1369025140101615618
1369025319550808065
1369041675943821315
1369045263013281792
1369045624088322050
1369051570739048454
1369055079807016962
1369057843047849984
1369065392417636357
1369066781218926598
1368713175160545280
1368713221419511808
1368714184771403780
1368717392700923904
1368718316634791939
1368718412734664707
1368725405398601730
1368728199711125505
1368729366767800321
1368730680444809218
1368735805586411520
1368738305077043201
1368738532932546560
1368739443386036225
1368742202340433923
1368749946556608519
1368751179023462400
1368757663971106816
1368757684921569285
1368758227085651970
1368759969537998851
1368761232963043328
1368762737799618560
1368764545230139392
1368764550615605250
1368765684231114752
1368765690665181184
1368766881608445962
1368770566925119488
1368772932982423553
1368773510735265797
1368776716232126465
1368778749563580416
1368778833504178178
1368779476046393351
1368780099160596481
1368781747933114371
1368784869145337863
1368786506412875778
1368789538907230208
1368790617212518402
1368791601439444994
1368793069865275395
1368794192890171392
1368797588623867904
1368797718613725185
1368798050236440576
1368798634863702025
1368798835514957824
1368798906465804294
1368802070246154242
1368804914000986113
1368806870736060417
1368807024860033025
1368808296547815424
1368808563938852864
1368810052270821376
1368810113402867712
1368811564787175429
1368812263050711045
1368813590967357447
1368814244658044928
1368814731792900098
1368814967311466498
1368815029999575041
1368815111863959552
1368815580971679744
1368816601911472131
1368818645716058120
1368818767652917248
1368819071215677440
1368819917525487616
1368820101215043584
1368821125430599680
1368821571205337089
1368821959081951232
1368822418932916225
1368822464067801090
1368822530878889985
1368823564544147457
1368825910447771650
1368826317257519108
1368826346814779398
1368827490668576771
1368827674014187524
1368827979057496067
1368828065816707073
1368828155453116419
1368828773555113984
1368830471652663301
1368832038904737796
1368832647938605063
1368833127733473282
1368833852815241218
1368833871668785154
1368833998554861568
1368834120739155969
1368834217531080705
1368835059403341824
1368835380280197121
1368835628666880008
1368836414905978881
1368837070630879236
1368837888876679169
1368838142988611585
1368839170618195968
1368839230030503936
1368839319742472194
1368839660785577992
1368840476820967425
1368840532651282438
1368840603535106048
1368840984025567233
1368843846335991811
1368844564249862146
1368845024285257728
1368845366418898946
1368845850730848259
1368846899508375552
1368846953082130433
1368847208750137345
1368855348606537730
1368856097277280256
1368858073679474691
1368859032711168003
1368859586459996162
1368859937196097537
1368861668256677891
1368863871784660992
1368866582542254085
1368868726821564416
1368868825064763392
1368869475911688192
1368869911527841792
1368888306424020994
1368890984587726850
1368893332055863297
1368896058311520256
1368896299366576133
1368898434284089346
1368910980793663489
1368912454789521410
1368914289101312007
1368915537804288013
1368930428363669509
1368936085892501505
1368941095829258241
1368947305878065155
1368948253438443520
1368949804747882498
1368952928032194563
1368956951770632192
1368960653529149441
1368965250314362891
1368965986225954821
1368971275612348419
1368976617767370762
1368992209622740999
1368998748353945601
1368999435531935745
1369000736663683077
1369002050634346505
1369005210870444033
1369008948880236547
1369015493961654273
1369020203502338048
1369022087780839428
1369023074486648840
1369024623795445763
1369025684010590213
1369033494005944323
1369039522021994498
1369049365050974213
1369052270021799937
1369052903793647623
1369053316647370754
1369054512208613378
1369056821651116032
1369058719967903745
1369059841654800393
1369060661641285632
1369064845866369024
1369064933112115201
1369065532696199169
1369066738030100484
1368713077391323136
1368713154994245639
