1376150830328422401
1376223533542572033
1376261126384713730
1376150704226701319
1376209320296210434
1376252038363942917
1376252050753740801
1376116775486681089
1376050610076782595
1376110900776697861
1376111839575171079
1376105133688360963
1376143258628284419
1376119802251653122
1376069215044665344
1376170831722733575
1376164043015254026
1376150578674294788
1376279130325577734
1376066714941685760
1376202480426573828
1376128400524468227
1376253726449602573
1376147056247590913
1376122502871678979
1376130764539101188
1376131431106277379
1376118529938841602
1376116161809645570
1376150760543694850
1376176038703693830
1376096287116890112
1376235791253397504
1376154573560233988
1376100242806996994
1376096224709898241
1376144884101492738
1376144112110424072
1376189715540541443
1376113033920065538
1376215180804231168
1376100753949999106
1376238652657926145
1376155712489918470
1376197665227149318
1376103511398744064
1376116643756187649
1376170869307887626
1375984596144250886
1376097425153212416
1376241812663320581
1376100341327007748
1376286339797245953
1376096927855566850
1376089801804410880
1376126048274939906
1376302871550001158
1376159943624122375
1376132081324077056
1376039995933392898
1376111124689661953
1376157132693856256
1376242031039774726
1376114898778865666
1376173457851973634
1376112201195474946
1376144656174579712
1376154204998340611
1376063115490562049
1376099549052350464
1376249944961650691
1376239807903436800
1376096248751648772
1376109607098126338
1376107081103720452
1376137131983265794
1376028230222807041
1376127243743809536
1376253807450030083
1376040067077185537
1376117358335508480
1376014693043736576
1376095023473758209
1376213944696770566
1376267338245365772
1376278656067194880
1376251696431661057
1376102284204113920
1375974526568239107
1376150804084764674
1376268855853596674
1376107325644230658
1376243568029863937
1376192746298429443
1376260218066178052
1376179531585880070
1376212169876987906
1376128168730505216
1375964134429327362
1376120124403548160
1376243742206746627
1376145124774846464
1376096592814608384
1376282233988919302
1376123566702407680
1376251278590894081
1376129894346788867
1376119445685420035
1376128948384436226
1376156537115267076
1376211437065007111
1376042704493240320
1376129825623146502
1376085674500222976
1376101113578074112
1376101111132721152
1376209971357048840
1376046229222793219
1376110690704965632
1376121082483212290
1376179237686743046
1376176402819600384
1375993743615143937
1376091236948439041
1376195797260382210
1376096533024796672
1376073056477646849
1376109114061950980
1376121697355632640
1376123986879389697
1376150788154789890
1376097362033180674
1376136849161400321
1376140512147689473
1376204100526804993
1376101240283799552
1376111022298251268
1376130200543629314
1376103508131340288
1376103939645583363
1376054299285975042
1376070515618635785
1376000634630078468
1376109653210316802
1376137593620996096
1376139350371676160
1376180983855247361
1376109927777832960
1376139510904393730
1376128778724900865
1376139409612009475
1376141537080315904
1376151352477425666
1376142759417896960
1376143598366908418
1376022297983782916
1376047529549258752
1376098080198656000
1376148082614796288
1376238346859642881
1376253617284526080
1376278709242564609
1376011528978247691
1376087544698449921
1376139571549794305
1376145290324017154
1376124922251112448
1376114674782060547
1376247939010494468
1376098265310056448
1376240169783848966
1375990208643104769
1376096769709330434
1376112795717148672
1376178215375486976
1376081627185475585
1376121890188722176
1376133300843057152
1376262338001702913
1376102620578844672
1376111565188050945
1376116859104268288
1376122340891889665
1376135014279213057
1376138770572009479
1376226700527292417
1375975142002728966
1376104447881928705
1376118593469943809
1376123395637706754
1376125634947264514
1376192668762537984
1376093228223623168
1376098027904061443
1376108248898674690
1376123706431442946
1376190772337344514
1376006128190988292
1376110564963872770
1376116536956571651
1376120777356021760
1376122844405510146
1376151269732188173
1376160275645263875
1376116131136729093
1376228006205796358
1376004016048603136
1376042715394244613
1376111433503625218
1376113623878275075
1376202471232638980
1376097282806910976
1376118450695856128
1376133976998432772
1376150183868776448
1376188019254951940
1376202553881473025
1376264657095294977
1376111539384684546
1376120501886668801
1376122800298156036
1376128599619743748
1376134474421964800
1376198852836012032
1376047892473995264
1376075257056989184
1376106150505148416
1376111390407196673
1376115162873233408
1376159271969259531
1376098268933853188
1376141074964561925
1376175724307054595
1376194333490221057
1376098360583712776
1376126737986289667
1376251851742543876
1376308121187057664
1376048894350663683
1376101540696571905
1376104932596723715
1376113020431167488
1376113965672058886
1376114686756859906
1376115836260380672
1376126924116791299
1376143561649967104
1376145301547929602
1376106377404354563
1376109717169307648
1376123667516690432
1376153287016202242
1376190572403118085
1376108853306093569
1376150273387814918
1376022559599247362
1376037509017243648
1376141702277312515
1376148825925152772
1376152146484297733
1376225069723119617
1376260850827296777
1376101124999163905
1376133196748886020
1376137864363311106
1376149962841542656
1376247903711342594
1376268019626823683
1376313466856861700
1376097422359814147
1376109301077569536
1376120217261252608
1376124117972357125
1376133652166348801
1376145693509890048
1376161414285418499
1376166078116552706
1376193656936337418
1376209970643922946
1376213470329368578
1376245284901097477
1375991027174154247
1376036146342473730
1376095260560986115
1376111074890674178
1376111515565195265
1376133368849522690
1376139644727857154
1376139744191643649
1376144538771853312
1376146819101552642
1376173685518823424
1376192034898374656
1376221502819893252
1376244220479037446
1376246680409014273
1376247719438655489
1376301879840235521
1376021032927064075
1376050475582230536
1376098402291814400
1376123860471414788
1376124378979700736
1376128313425592323
1376132696360030208
1376134175779127299
1376150703958331392
1376185003625734151
1376035638038958081
1376099934429143042
1376113081785409541
1376113834826563586
1376128835792609281
1376139071630757888
1376265492558647308
1376037652454113280
1376081754465918977
1376120631436009474
1376128521324609538
1376134107558723584
1376147107896254465
1376147634839302144
1376149453841829892
1376153837602496515
1376199649271422980
1376269749173256198
1376016450310316033
1376032937083334656
1376097709430571009
1376099092300988425
1376099571651252229
1376111116200378368
1376111371859894274
1376120767985909761
1376132617091887104
1376138532205563906
1376142119052656652
1376222853683625989
1376302027920265216
1376026762879016960
1376058641984462849
1376097405385461762
1376118102878998528
1376127154023436303
1376128685388992515
1376142774991474688
1376166872551411715
1376182635450490883
1376224172834177032
1375973856469520388
1376104237860524032
1376108453257748482
1376108850084990983
1376112670206799874
1376200031406071817
1376236732417445890
1376299111708819461
1376305225708019717
1376096424039960578
1376098412676972545
1376123623396810756
1376133450181271558
1376145584613113859
1376150149987176453
1376151366603800576
1376212989901217794
1376255483225505792
1376289225583296516
1376290820819714050
1375987110218506243
1376041831801180160
1376106997125353474
1376110974445498370
1376121889639129089
1376123564768825344
1376126879091019782
1376131758350041094
1376131955901657092
1376149618099154954
1376150766835138567
1376184324639313926
1376204013469892613
1376212814243655680
1376283376836050949
1375991045234831360
1376075823724249088
1376081810912854018
1376100857402507266
1376106429384425472
1376109207112593418
1376115840727277571
1376117414891520000
1376134472295309316
1376138041857806337
1376251088433782788
1376255670232756232
1376314734660759552
1376021855707013121
1376096965876932608
1376101050646720513
1376113617175711744
1376121889400086531
1376123147775250434
1376128665298341888
1376131971663896579
1376134040638607364
1376139761589616641
1376149577221410823
1376191523377795079
1376206753604329474
1376239026525589510
1375996206845984768
1376085586373660672
1376091293361840129
1376101149451943937
1376105543824252931
1376106230859583489
1376107436352942082
1376107552908398596
1376109015688736770
1376111062047670277
1376115683013066753
1376116914037133313
1376120235141529603
1376126918488158214
1376131676741509120
1376134619532296195
1376135730980921349
1376141825602387968
1376202544230379526
1376309646487617547
1376096615807782916
1376099046625054721
1376100839153106944
1376103276953866250
1376116445977923585
1376122830069366784
1376126389393448961
1376145099340517385
1376150794328813569
1376160521393684488
1376199477011345414
1376212922641354760
1376258408387645451
1375975604093337600
1375984212315017219
1376083708541857792
1376095525221584896
1376096925540360196
1376100626669637632
1376100703605768193
1376101497478451201
1376110659553779721
1376113254045528066
1376113995787202563
1376119480292671489
1376128478987292673
1376200105565491203
1376209874732863497
1376240815035453442
1376243077497696259
1376289042665508873
1376292961063993350
1376296568664563715
1376300567195086850
1376308116535574531
1376068084537159681
1376095753668599811
1376097098018533378
1376097238859063296
1376101415102337025
1376106884021780481
1376107938318811141
1376110158544265216
1376117999577407489
1376118362154078210
1376119218500988930
1376119976281702402
1376120941290328065
1376124374382743552
1376125370441809920
1376126449753726982
1376127879436759046
1376128890570215433
1376132102014566402
1376132287172067328
1376132896675794946
1376133020495839236
1376138233898229763
1376144629406523393
1376157280773804038
1376179623940214786
1376206605537181698
1376218866792214533
1376241325297827850
1376273800514392074
1376298071500455938
1375968844431257600
1375983412658380800
1376003099089854468
1376028228511531008
1376081625868476420
1376083014640369664
1376097109968101378
1376097115169034241
1376098424609767425
1376100024589893632
1376104416210788352
1376107489662488577
1376112355340263426
1376124191951425538
1376130697862189057
1376131390383738883
1376134150030290952
1376137952301084676
1376140856747569152
1376141963943157760
1376142561291743232
1376144258911121414
1376145948833935360
1376146630601277445
1376147284585549827
1376149291547439110
1376150372373389312
1376151029696319489
1376207199064702980
1376216507861061633
1376221859453227011
1376225116498100227
1376284302074388485
1376313408040095744
1375966325588172801
1376032843613212672
1376048983701880832
1376063294021234689
1376074274558070785
1376095465259798528
1376097438071717893
1376097560058822662
1376098130719088641
1376100367847600129
1376105611834822657
1376106590890172420
1376109566384046081
1376114460184739844
1376122630982500352
1376123154976931843
1376123717089132547
1376123875453452295
1376125337399083010
1376130924694401026
1376134983006441474
1376136761018048515
1376137447092944898
1376137977454288896
1376139071395889154
1376143226839633920
1376143269248303107
1376144021437943808
1376145090658320384
1376149159850430466
1376207338575630343
1376220340033032192
1376225876099145743
1376226015803019270
1376240168785485827
1376248642114363403
1376251072684118017
1376253847149158405
1376265735039807488
1376295418313773058
1376295424424824833
1376305435435733001
1375960853493743618
1375962095909490692
1375974764246757378
1376004358211522570
1376010621968384012
1376014287974629376
1376021229920907265
1376063951029567489
1376066543629533185
1376075332864733184
1376077176597020673
1376097298481094657
1376097664262156288
1376098223031513096
1376105767015698434
1376110228949901318
1376114310586503172
1376114788917514241
1376117751824146432
1376118086311493636
1376119363514867712
1376119413586427905
1376120898269364225
1376122722246389761
1376124991947833345
1376128450583494658
1376128811021008897
1376129638666227718
1376130451044233218
1376130777834983426
1376130957393211392
1376136224772136961
1376142459256852483
1376145622617755653
1376147355108397060
1376147671308713984
1376197386926718978
1376198958121414668
1376202735171874816
1376208646451892224
1376209949307592709
1376221916906799109
1376281202865303553
1376299323357593603
1375965625810616326
1375967992392089601
1375991111785791489
1376001045143420928
1376017462462976003
1376027124608425984
1376037801653846018
1376052640338087939
1376068242209447938
1376087529565392897
1376090034076590080
1376096790588571648
1376097032172097538
1376097229908414464
1376098291595808772
1376098984377389063
1376103294389657601
1376104372992671747
1376107297731133451
1376108048201052164
1376111109833363457
1376112649491128321
1376116856667377664
1376121217871134721
1376122538665869312
1376123979707072513
1376126137823285256
1376127119122644992
1376127583637618690
1376127982612402177
1376129314689781762
1376130440348762119
1376131274205769733
1376132223930339342
1376134333879218181
1376139003813040132
1376139542344962051
1376142288921968641
1376144490621190147
1376148396751396870
1376150811814821889
1376154176133169160
1376163821404950530
1376204322556416007
1376238449166938113
1376245586110902273
1376248620543053830
1376251840547983360
1376272523638231044
1376019238461276161
1376043899328815105
1376074042365648900
1376088094965788672
1376088427175813122
1376088586487992326
1376091187271057408
1376092830544855041
1376095554858594304
1376096832254849025
1376097164313686024
1376097488449503233
1376099080670228482
1376103037987659776
1376103556525264897
1376104678681894913
1376105340417290240
1376110324739366913
1376111074081128448
1376111345641398272
1376115008053116928
1376115260155957248
1376116365619310594
1376118273717178372
1376119136833695748
1376121100854296579
1376121501850730499
1376122947639914496
1376123216075358208
1376125739272171522
1376125744435318785
1376126979263565825
1376127446270025733
1376128181401358343
1376131200910303233
1376131349069848580
1376134053036965970
1376134747747975169
1376138608411836417
1376140741412585475
1376143230161588227
1376145544754704384
1376146735672684544
1376147528719208453
1376147780465520640
1376149337395261441
1376150447048826887
1376152101001256966
1376201659991404544
1376203073975152640
1376216978239582210
1376218377035845633
1376223538265395200
1376224137069408263
1376233515486998533
1376262569904717828
1376271356254416901
1376274919651180545
1376302240328261637
1376308400750014469
1376006373369122817
1376011312040304640
1376021855048495104
1376024567492251654
1376043716088107008
1376052767324835844
1376053027753373697
1376076114246959104
1376082719197646849
1376096623915372544
1376100289632206848
1376100825794289664
1376101456533667844
1376101844917817345
1376103609293807620
1376105973383847938
1376108048306036738
1376109258996129797
1376110274760093696
1376111062223876101
1376112011747147776
1376114008940544001
1376114398201270273
1376114536609103872
1376115447540678656
1376118392629907458
1376119372800921601
1376119743661359105
1376120781172846592
1376123197955964928
1376123918705041410
1376125442030239747
1376126924662087688
1376127678034681856
1376127749350424578
1376128359479050240
1376133291045236738
1376134630697492481
1376137355216760839
1376137950875021312
1376138767522803713
1376141109311770626
1376141118648291329
1376142096202137601
1376142217530769409
1376144466415915015
1376144538771787776
1376149082415185921
1376149602710269952
1376150798015602690
1376152115542888451
1376152753928552448
1376152958128230401
1376153830509928448
1376174738112978945
1376179831893811203
1376187632091344897
1376200069611933696
1376207585641123843
1376214196862521353
1376219684069122048
1376235379620245504
1376238251053363202
1376241023010099200
1376245669564932097
1376254449862250497
1376254496490274827
1376283504862986243
1376293022376333312
1376305131155775498
1375986796866207749
1376007313585102851
1376048858048905224
1376049380415930370
1376073056540618755
1376096325746429952
1376096506516738048
1376096703691038724
1376096758246301699
1376096880833220613
1376097654644604930
1376104975370231814
1376107279209136128
1376107656566484992
1376107692188692483
1376108711102529536
1376108771563438081
1376109517696610305
1376109922161717251
1376111158697005057
1376112810850156546
1376113911271989251
1376116842373255171
1376117531547734017
1376118533336223746
1376119592758734849
1376120381728231427
1376120683013496834
1376120715720716289
1376121041718755329
1376121151085232130
1376121653873283074
1376124795956432896
1376126923978334210
1376130976896671744
1376135487610630146
1376138002972487685
1376138120152879111
1376140374616461312
1376141587571425281
1376144190787190784
1376146302766096385
1376146516327419908
1376147508271927304
1376148105935134727
1376165930032631808
1376194469205311490
1376217627044024327
1376218162325303296
1376221039835934721
1376222022737485824
1376222847224401923
1376240845918236672
1376247421580292096
1376249166633037831
1376278440127651842
1376296293908250624
1376313640924635140
1375972733582983168
1375986268668977153
1376004756745949185
1376032017666732033
1376036325523128320
1376043877254246408
1376046292573564931
1376054007949582336
1376055207952519171
1376056992561790977
1376064008118272000
1376072839401508864
1376081779535253505
1376096611575623680
1376097465473064960
1376098535586807808
1376098736670134274
1376099009308282881
1376099945095249920
1376103112772050944
1376105700015882240
1376105876617109504
1376106745328721924
1376106811636523008
1376107377251000323
1376108846545010690
1376109224284028928
1376109547824242692
1376110738843049984
1376110777208279049
1376111352499085312
1376111588625768454
1376111800786239488
1376112517873799171
1376112535984803841
1376113416897716227
1376115892489048064
1376116861859999746
1376119334280556545
1376119704545296386
1376119981189050368
1376120386232979456
1376122584517992448
1376123177907064838
1376124710652669955
1376125297553199105
1376126526685642752
1376127475189743619
1376127898919264257
1376128371961249799
1376129471938502664
1376130936685928448
1376132641888595973
1376134441043644417
1376134486224670721
1376135295612157953
1376138890352996352
1376141368989454339
1376142683899576322
1376143725483687941
1376145158551564288
1376147367628570636
1376150333467033602
1376152714338463747
1376165128236802055
1376183746106380289
1376185157669974025
1376185484301496322
1376189191793606662
1376189534044631044
1376192355913568258
1376193793209344003
1376207119582703618
1376210612984942595
1376218284194988033
1376241835903959043
1376242218667769859
1376248047823425549
1376248259505754114
1376254335768748034
1376262369303793673
1376264336965050369
1376281508399493120
1376303307422072835
1376304386914324484
1375984151371862017
1376009199788953600
1376014276201168898
1376028221066600449
1376045388889608192
1376049160156278785
1376069218068791301
1376069234560753664
1376071244307648514
1376071574260957189
1376074644206280706
1376082807504695297
1376089308038361090
1376095795980681216
1376096727233560578
1376097911327588353
1376099039402471425
1376099262270996484
1376100093149990912
1376100467416129538
1376100750355427329
1376102112476733442
1376103215285026819
1376104402298269696
1376104847976587270
1376105177908908034
1376105477331881989
1376107027559251970
1376108128723476481
1376111706385084416
1376112434130391047
1376113204514992131
1376113671802396676
1376116545970143233
1376117731083358219
1376117916928729091
1376118257669787651
1376118426368929793
1376118447214620673
1376118489769984000
1376119973664456708
1376120082435350530
1376120270113681415
1376121347202560000
1376122062012612609
1376122635973750784
1376122759265259522
1376122839879852034
1376123561606324226
1376124057800835074
1376125625463939073
1376125989252689924
1376126199332794369
1376127236777074688
1376127267584290818
1376127745915256832
1376128677419876356
1376129139858669569
1376129688611999744
1376130445859975170
1376130697526710273
