1382638576261795840
1382559046511779841
1382761578815229956
1382532639337324544
1382661682707697667
1382634330120392705
1382759604661190657
1382773435345076225
1382592045781553153
1382632066676895746
1382754938997080064
1382750454845685768
1382596054575681537
1382690118838980608
1382823334581211136
1382588035007664129
1382634804701712384
1382747866440077314
1382634580650426370
1382837277156634624
1382750147885596674
1382718917253140481
1382782044443439113
1382756839624953862
1382602729235841027
1382484303498592257
1382714367440007171
1382607775805628416
1382727640608571395
1382619524944572419
1382614574801813505
1382594868980109318
1382620792438059013
1382823300028633089
1382498592506707973
1382586762216738817
1382658224084647939
1382614313429577728
1382578181593571330
1382610032282497024
1382757445118914561
1382620134355959810
1382624439053991940
1382634456624852993
1382760572043853826
1382620456138768387
1382607029408239618
1382550182974328832
1382761459382370308
1382747308668903429
1382758958709018626
1382599368587497474
1382708495343087625
1382674127824302085
1382673962920988680
1382746372730937346
1382710113455198208
1382603421677711364
1382633269431300096
1382634337011699720
1382600095904989184
1382619560264802305
1382579906517868544
1382542040240640001
1382621716615024643
1382649242850844672
1382732669818183682
1382611220566585344
1382674723113422848
1382571720800923649
1382583953681440768
1382635657445670914
1382594169529589762
1382624036992249856
1382598156714655745
1382672293818687490
1382591213451276290
1382638329301065729
1382688818466328577
1382742428277481478
1382673971708108801
1382607664249774082
1382638567881592832
1382647354252222468
1382623795446448128
1382699444873928707
1382569457009233921
1382628599434477570
1382617418896392193
1382824076863889412
1382826283588009986
1382618572699107334
1382580458823766016
1382686394888253442
1382824396302213121
1382487584681521153
1382607325509341186
1382631633765928962
1382790063709360130
1382816621396439045
1382687064530038792
1382566856930820096
1382630911850786816
1382675934730448902
1382669866474348550
1382619824841441289
1382663326279290886
1382725107198615559
1382741817616138240
1382552901860667392
1382645219733221387
1382533722478686210
1382568805587640321
1382673937411276800
1382619452823441408
1382675901838671875
1382684813048623105
1382627370234957825
1382527006982742018
1382591478489346048
1382656688692588544
1382736751781933062
1382737113288957959
1382595464017633280
1382619646721994756
1382625799866580997
1382654962795167748
1382625178857963526
1382636341553471488
1382690154016559113
1382746789586014215
1382624277481000963
1382662129598263299
1382496343093043200
1382617966110466049
1382619614979428353
1382681424566837248
1382619109226119175
1382674019783151622
1382706195035721734
1382501495887822853
1382590349374332928
1382627703216615429
1382636189988032512
1382674787567292424
1382690886316920844
1382619706310426627
1382632753842229248
1382636025894342661
1382586961379098626
1382662299647885312
1382651946360832001
1382719143149981703
1382818692279373830
1382619920056381444
1382697461697945606
1382713076043104260
1382620509834203137
1382621205816037380
1382682841578885120
1382572803694723074
1382579603315826689
1382593007208206339
1382606907924484097
1382627166547017729
1382652257368428544
1382678945850593282
1382714479327248387
1382761119610200067
1382826505764491266
1382724173898874887
1382736199236919303
1382787185296953345
1382809032130461696
1382549675664887810
1382650261458583553
1382715260386283521
1382597055873310721
1382706628408057860
1382830499836616704
1382493887810445319
1382496392699006977
1382623350254678016
1382628306437160966
1382674762581835776
1382749017151578113
1382756242200875012
1382502114153402371
1382573626285826050
1382721027751444489
1382626695040098306
1382675270709227524
1382519961021726722
1382558429198352393
1382612213232496640
1382617464438153216
1382619803081396226
1382674167326248966
1382750589780643848
1382544100738670592
1382605459245391872
1382637994880950275
1382660273719361538
1382672209945227271
1382672629761519616
1382744837087121418
1382574300100706309
1382582747961692163
1382602568141053953
1382614672193454081
1382622748627890177
1382637439668383747
1382650868114333698
1382693944476147712
1382736597276356611
1382831581556056066
1382484855057956867
1382504948286509057
1382834167617044480
1382650889085800451
1382733289987977216
1382744533176348673
1382774965938880521
1382614019807252483
1382629653496664070
1382662738875453444
1382679375653580814
1382684315264421894
1382693470381412363
1382492779599826952
1382566299260309504
1382598757896884228
1382637444177215495
1382659316025556997
1382673941492293634
1382688911651184643
1382735604564303883
1382741756551311361
1382753174847639556
1382821944509222933
1382633619441733632
1382652421369851904
1382663622912987138
1382665034527088644
1382696690080157705
1382731043283689475
1382740843426164737
1382773619898597381
1382823499962716160
1382495394119188482
1382543168298749953
1382731363405721601
1382741534722949123
1382545010172760064
1382579560064159745
1382605875857256448
1382620121487659008
1382620614645706752
1382625228321349632
1382629730415968257
1382636309869694978
1382665962135162882
1382674857167613954
1382731828314861569
1382734451751362564
1382735074588831746
1382768183732412418
1382782024830889987
1382498162359865344
1382590047656968193
1382635009895497731
1382674883453321218
1382675774461861891
1382691427948376067
1382704249222664194
1382765936969666561
1382816949512630277
1382827878275035139
1382604757378949121
1382605640871391233
1382619192592072707
1382639239343575041
1382643961723039752
1382647947620417538
1382658190429581314
1382674120882675716
1382674193255432193
1382686429277470730
1382686997429456899
1382735448464850946
1382739344000233473
1382753400362827779
1382758024880742403
1382761940481675276
1382505281863696385
1382539174507520003
1382568654961840128
1382574543273885699
1382575748876275712
1382595699121004545
1382635236379533312
1382637703842426883
1382750107985149952
1382751255278333957
1382820069609144320
1382826692842979330
1382572025072484352
1382592022834450435
1382601065707798530
1382606402032656386
1382636492212858881
1382827799807995906
1382488166138056705
1382507707840749569
1382510562135932936
1382581935290060803
1382585639963664384
1382609265962156039
1382610574765350912
1382621084990734337
1382639441601236994
1382667316656226309
1382718194545274884
1382744031273308170
1382835389329727489
1382537028538134529
1382565925795160065
1382593253011230721
1382601660405489666
1382604616244744195
1382615714717179906
1382619653625815041
1382623804812316673
1382627778164621314
1382629394406080516
1382635439157350402
1382645863487520770
1382708243168903186
1382743568943570947
1382816967808012288
1382509671139917826
1382593281209503745
1382622058916499458
1382631662006198272
1382663493850058761
1382674171545722880
1382675301218582531
1382690662345216007
1382694544496541701
1382705546562830344
1382748416506261504
1382789206582382595
1382822565769486338
1382823031542792193
1382825506320568323
1382503347798835207
1382527718441504769
1382531455616684037
1382553334901583873
1382618005985705985
1382674034509352960
1382676681765322754
1382760634119426054
1382764930705817606
1382777440334966786
1382789225519648768
1382497969212121089
1382519042020319240
1382527109009010690
1382529109864050692
1382532272776212483
1382544209651982347
1382559307359612931
1382584303801012227
1382587653376389122
1382595415506362369
1382600390395494401
1382604606639788032
1382612051558809602
1382617303720804355
1382620163070115840
1382621688597188610
1382650175487823876
1382653679648583683
1382685711514669062
1382735594766409738
1382750257222721539
1382755682559135748
1382756156540657665
1382773135087443980
1382818316994162698
1382526997604229120
1382577220569464834
1382604181467435010
1382627590834417665
1382691664611966981
1382723556845424647
1382752806491262982
1382755646458585090
1382783830097076225
1382783864662331395
1382796912525467648
1382530294977327107
1382559416713670656
1382592745513046016
1382592945199706123
1382596926084894723
1382597342499639297
1382604575040016384
1382608942229024768
1382614682255683585
1382621172240617476
1382624486386765827
1382634375070769152
1382647387814973442
1382649905949372416
1382651753372512257
1382674489566232580
1382674696076988420
1382683773385474050
1382687455711744006
1382692686503702529
1382692781236314113
1382692789687816200
1382707668784181249
1382730759245598724
1382765882284388360
1382815747131396109
1382829887803707393
1382837262145220608
1382837676542427136
1382488788446949377
1382526901831540736
1382532512002494464
1382542927893831683
1382546652431577095
1382580803469770753
1382588528077500416
1382589657708380160
1382597055919497219
1382615137383809028
1382632885568598017
1382644889922514946
1382650309642637313
1382694733307346947
1382720007205961732
1382720318935068676
1382736691841089538
1382740593814560771
1382761367191568388
1382790466849099782
1382806635777773571
1382815687027126272
1382825557176487936
1382487599433015298
1382514915160817665
1382534588938002437
1382539181231063046
1382547581201448966
1382561799556497413
1382579766931390466
1382588216243597312
1382589956082765825
1382597242318643201
1382598493680861185
1382608468117438464
1382611618127880192
1382614614437990402
1382614720969117697
1382615229486497793
1382616273234825216
1382619711515602944
1382620031389986822
1382625719289847808
1382635100614066180
1382637360760913920
1382660721926930432
1382674716637466631
1382754283821666306
1382756636972957698
1382759415498092544
1382821462113980426
1382825681600536581
1382827076881899522
1382486102611795970
1382500044641865728
1382501846816808960
1382516328905519106
1382522464928940033
1382524163089432579
1382534779841564672
1382535781454123008
1382558306179420161
1382561819101966338
1382567395986976778
1382572385224773632
1382597785774649348
1382601360496066562
1382612607224455170
1382613413893865475
1382615256757907457
1382616639364026368
1382618925511368704
1382619683778670592
1382620371556446212
1382627462023106564
1382629803191382018
1382633656943054856
1382638783540105217
1382645774828384261
1382656777473437704
1382658214878195713
1382677889561288712
1382697927789924356
1382699286132109320
1382700020810584068
1382723444169641989
1382725107496419337
1382729895059591168
1382732951406936070
1382736474798379009
1382777396449980424
1382789633243766788
1382798598312710145
1382812224066965508
1382816111800897538
1382830351328944128
1382834921232863233
1382483836597116929
1382496864403066883
1382506251058315277
1382506460232495112
1382516955639377922
1382551391760179206
1382552342906728449
1382563298667806723
1382572543190519808
1382586889941741568
1382595633668841473
1382597049993080833
1382600833959858176
1382604751922155521
1382606608228835328
1382609389023006722
1382617421597573120
1382618757823102978
1382619974011920390
1382622834762076165
1382623267307986945
1382623480303132680
1382629599323033604
1382633754288590849
1382633886916694016
1382638324783984640
1382640239831887872
1382651412467884033
1382652405020565505
1382667071335530497
1382676066976825345
1382684431572467712
1382700739160526848
1382713031357038592
1382716464864620549
1382720153490763782
1382726684953219074
1382730761325924355
1382739799967158277
1382741995064541186
1382744617297326083
1382756888576733185
1382757383424774149
1382760633989361666
1382773967145074696
1382782648578404360
1382793351238402053
1382795758278209545
1382814319285571588
1382830623879000066
1382483816560926721
1382499730517856261
1382501344678973450
1382522313694908419
1382563082182922240
1382565333802889217
1382576929539252224
1382580585982521345
1382594118744956928
1382595421093122048
1382610031930118150
1382611290665926658
1382612157414576130
1382612933176344577
1382613390024146946
1382614905065472005
1382618015922073602
1382619780079874050
1382623163859791873
1382623894557892610
1382624540300345345
1382625994700247045
1382627725068922880
1382628742388981760
1382630813162999808
1382637903923265536
1382656032921559041
1382665022497828866
1382674409249443840
1382674503734542339
1382678589099888646
1382678908512911363
1382702755035369477
1382703766466666508
1382704888203862021
1382710218216382465
1382713749547679748
1382717842580209667
1382723410002911244
1382737735102967812
1382742587740684294
1382778205208203266
1382829826801819648
1382834136910602240
1382497213402787843
1382500387874336773
1382503306380075008
1382530015972229120
1382532855293698060
1382533041818591233
1382556125296349184
1382557109934514176
1382562754704384009
1382568719189151744
1382576932387180544
1382577695503089664
1382577749936775169
1382581957846999043
1382587146842816512
1382588153660313600
1382592176182427650
1382593301677768704
1382595004955250688
1382598044127014912
1382603395517808644
1382604596321869828
1382609165575684096
1382609639460642819
1382609787553263619
1382627054152208386
1382637746360045576
1382656391425490945
1382659118679359490
1382663253541666820
1382674757544505355
1382678845132832768
1382679144111165442
1382686067938197504
1382688851064455171
1382699953160646662
1382701879403147268
1382707383013629954
1382721881481080846
1382723759052840964
1382729428392763392
1382737298538835968
1382746194674323456
1382751367295557640
1382758015590338560
1382758117469949954
1382761047321366532
1382764039109976064
1382776657841377286
1382818692023660549
1382823531063349249
1382486166792986627
1382513899199598596
1382527236025298950
1382527728151322630
1382529612022964228
1382530039535824896
1382537713363132417
1382542744128741377
1382546285232852995
1382559041923219463
1382560376726913025
1382564171347341312
1382566857434042368
1382568789619924995
1382570188273508354
1382572272880324608
1382579440144687106
1382584932896227328
1382586050397224961
1382586738116157440
1382588958924812289
1382597768838049794
1382599020393160706
1382603067078668289
1382603528376573953
1382605335194648576
1382608380728991750
1382615175400808448
1382615382645702660
1382620698561150976
1382622043879976960
1382623500024840195
1382625380528377857
1382625535877120000
1382628513459572741
1382628830251253760
1382629784954486787
1382631796878229508
1382632295228661761
1382633768939245569
1382634439121977346
1382647490210566146
1382650686085730306
1382665010736812034
1382665428212797444
1382665563017773060
1382674459253948417
1382674708680806403
1382675476007813125
1382683140473417733
1382691541525925907
1382692770024919048
1382698265834049538
1382700726552559623
1382709438528765953
1382730982290247683
1382737380155785224
1382740392324521984
1382748161249325061
1382783290332024836
1382808539257831425
1382821744348688388
1382489859344973824
1382495945586270211
1382501082597888003
1382502324938084360
1382511236508700673
1382517783607513090
1382524416689639427
1382526351723409408
1382548363820732419
1382550456589770753
1382555676677918721
1382579973668618241
1382580454797234176
1382581092968853506
1382581094629924865
1382584571162726400
1382585731265220609
1382586034601537539
1382593051814682625
1382593831040921607
1382594812948385794
1382598245399019520
1382599554164527106
1382600056637906945
1382600230835740673
1382604466608816129
1382604972634869760
1382608407455207425
1382609044574199808
1382609532145307650
1382610655023398913
1382612292093771778
1382613072456650761
1382617779619127296
1382619491608227840
1382623804241895424
1382624310964203524
1382626664144891904
1382627255915020289
1382627691132764160
1382631104369324033
1382633448666435585
1382635818834141185
1382638545165287425
1382644680966422529
1382645987055955969
1382650340378562562
1382650947151749121
1382651254900457474
1382652495801962503
1382672553941041153
1382673706581889026
1382674368409563138
1382674860808278018
1382675978632237059
1382676443897991170
1382680158776266753
1382686967582834688
1382687654622371840
1382687855487639565
1382692282990788620
1382695686676811789
1382709812513882116
1382718173825396738
1382727163422576641
1382730998216077312
1382740436951908355
1382740736295251974
1382743940986773505
1382748148263706628
1382753435070689282
1382761097980227588
1382783225295204356
1382791412652064781
1382808730350280707
1382813304255623170
1382823654338215941
1382826911798284288
1382827867885740041
1382833835457572864
1382834184708841473
1382837057517674496
1382837391250104321
1382485051896631297
1382488529276657671
1382489212612665344
1382495483260702722
1382498909176614914
1382514121069985794
1382517642104344576
1382521933120540674
1382531625041416193
1382541489763463168
1382551325813133315
1382551968334381060
1382553920023724033
1382554325348720641
1382556990099046401
1382561334563385344
1382579188213944322
1382579198204731392
1382579703362547712
1382581334581903361
1382584484407693314
1382588046130958336
1382590654488928261
1382591296016158722
1382594779704270849
1382596755011817475
1382598508159639553
1382599069348990982
1382603205520031746
1382603599075758080
1382605355570593799
1382605730692407299
1382607806231162884
1382609193325236224
1382612953627832321
1382614584763297794
1382614623518658561
1382615321320824832
1382617111890178048
1382618845945470976
1382619707975507969
1382619713696534529
1382620069721739265
1382620856866734081
1382622805494272001
1382623403430064128
1382623870436270081
1382632965092601862
1382634332393734146
1382636267771416583
1382636612853641218
1382636623289065473
1382637501051977733
1382639646673403908
1382643558528774145
1382645171536461824
1382648454938304513
1382650456372051969
1382651657830416384
1382653135588618246
1382654711506083840
1382659931128655874
1382662487166828544
1382663801368162306
1382664512826970117
1382665010569113604
1382670607846883329
1382674698723586051
1382675170452705288
1382679995655585797
1382681088217210882
1382684318288465921
1382702539204857863
1382706094284345363
1382718176102785027
1382722351729684481
1382724935299309573
1382729402916732932
1382729593229041669
1382731921713635332
1382734570278293505
1382735526164316160
1382735735103578118
1382740504090054661
1382744706120056834
1382744860642439168
1382752477553033230
1382754051704643589
1382755986348384258
1382759375819902985
1382782995254378498
1382784887233650693
1382793467957497866
1382816005039214592
1382823332240760832
1382826059247321090
1382829155612512265
1382829336135360513
1382830627968454664
1382837415732187136
1382488240100417536
1382500282031075330
1382509310798921735
1382534068001247234
1382540728950255616
1382551005070569473
1382556202706554882
1382558021033852933
1382561833232531457
1382567111617347584
1382567816608505857
1382571251550552067
1382573148374147072
1382576202859286528
1382579175236775938
1382579463326666752
1382580325935628288
1382580395045183489
1382581692607692800
1382581692691578883
1382581956479578115
1382583522544730113
1382584054525132800
1382585731487391751
1382585824995315713
1382587510346366978
1382588828507049985
1382594712415129602
1382598653232185344
1382599021148188673
1382601979185098753
1382602128502484993
1382604649933463552
1382606103112998913
1382606778169487363
1382609340906016772
1382610080990908417
1382612126938898432
1382612473266733056
1382613328481107971
1382615387464998912
1382619707413450752
1382620445225144320
1382620941398781959
1382621405011968000
1382624077953826819
1382625000876806145
1382625778769203200
1382626784328433666
1382628453351096322
1382633281892532227
1382635511609704450
1382635634259529729
1382636428333572096
1382636443244371970
1382636724698951682
1382637209417785348
1382638138565259266
1382645057409404929
1382645878062784515
1382650508993835009
1382654876208013312
1382656694862368770
1382661495843086336
1382665011705872388
1382665120078266373
1382676145729118213
1382676328831406082
1382677143910543363
1382688911814758404
1382690988641112067
1382691428204093442
1382693918383472649
1382695213357961216
1382698978819604483
1382703293802147841
1382710314924331008
1382711717025755142
1382712656138792963
1382715423955824640
1382717853657231363
1382718318621069312
