1386660079009636352
1386628642843860992
1386472287185031170
1386791920492548102
1386681472493527041
1386470489393143810
1386491111762452484
1386609857223172096
1386643788899160068
1386608978235432961
1386473710647926786
1386474977894060032
1386735473163386882
1386658123608383490
1386783939243675649
1386699899543048193
1386782742696841217
1386703305812840454
1386500276882792450
1386704152894509057
1386694235567570950
1386772115576197126
1386534398829420546
1386655807639588868
1386667660809748480
1386616509515059205
1386686719097978887
1386485433756958722
1386522924585299974
1386537830667726854
1386537615994859520
1386585186595393537
1386805635724062724
1386668583791599618
1386687778403098636
1386756226382454784
1386602288505049088
1386610723640459265
1386689604552642566
1386507826068017155
1386682715383140355
1386648709556051968
1386604623126044675
1386602764290117633
1386674062592823298
1386648167672913927
1386621111878696961
1386697462736293891
1386528342959087616
1386488950718550017
1386580261379444738
1386657323876245506
1386680330124468226
1386610009765728257
1386660242373632000
1386483795390570496
1386731360677777415
1386603730947149824
1386674111900946434
1386625363334270977
1386808030457733129
1386660528400048130
1386677277317124098
1386628622513934341
1386756969600532484
1386500275960258566
1386470576366235653
1386573396373291008
1386667966436085761
1386678588645183492
1386715089475182592
1386666436374978561
1386617802082201609
1386660421965434882
1386757325172715529
1386605500280803329
1386613848690634754
1386676436493164545
1386475227467722757
1386677753194237953
1386668133604286469
1386694367633674241
1386472592874393604
1386604990349905921
1386749483996880896
1386510926791184384
1386517891592376324
1386528826860220421
1386474179264983042
1386615845443538946
1386632678712217601
1386779617285971970
1386609814420262912
1386813521715990531
1386668222204809222
1386684192814206976
1386741930546061313
1386682364554792961
1386743251907010561
1386510170553995265
1386651563322712068
1386594463951294465
1386691780322734085
1386746289765900299
1386470683027427328
1386477670293254144
1386661373183205378
1386798254826868753
1386508551678578688
1386656303741915140
1386668963053047812
1386816402372374528
1386481141511827457
1386651540744769540
1386656644315111430
1386608721116106752
1386799257072570369
1386581811376046081
1386592857679712258
1386670526505144321
1386492726275842052
1386677744860282880
1386627688786534400
1386680187790807044
1386688747115368452
1386565456199290880
1386678692345176065
1386684767635128323
1386636112232206336
1386661270468939777
1386471236482502656
1386475084332797959
1386486556408619009
1386625118865068039
1386651272942546944
1386470138954846211
1386573816302866432
1386602992703479811
1386609671012818948
1386666667170803718
1386691045233242114
1386809835686146052
1386495220678729730
1386731943232933892
1386561195746996225
1386665083892387840
1386704361431121933
1386734242806259716
1386523556306169856
1386611323346243584
1386657324065034244
1386664841373433859
1386806804714336262
1386474152194945025
1386481727460282368
1386636845279326210
1386661300063846400
1386679201424609281
1386814848160387072
1386490386567385088
1386498847602511879
1386512858280693760
1386609590784167936
1386622907745460227
1386631232662949889
1386658820735262723
1386732183583444993
1386593053981413377
1386603830209662977
1386680689341472772
1386488542621220867
1386592218203500547
1386631869974855680
1386656806794113024
1386660460834050049
1386472242658390016
1386477211289538564
1386489705622085634
1386619813041033216
1386650012231290880
1386660290310414338
1386681470115356675
1386696264293797893
1386816536602685443
1386477179777785857
1386606759352193030
1386614791410683905
1386620739004952582
1386648598256005125
1386674495918854144
1386784490480078854
1386609385036820481
1386645657650450432
1386647495443238912
1386660202355863556
1386552147844677632
1386654014016823297
1386661095088263173
1386699085952946177
1386746260888203265
1386758574622248965
1386615165391618049
1386660491800584194
1386674992771997699
1386541043907186691
1386573514111655938
1386652134234628098
1386685675685220355
1386472024042737670
1386477639150473219
1386560371016753153
1386599678855294978
1386628329084702722
1386664474057363461
1386687411489488911
1386692676758786048
1386734318496542722
1386751510424457220
1386759122679390211
1386817259461619714
1386473755841605634
1386524933904273410
1386567491950944258
1386582089252880386
1386595234482692098
1386631170348171264
1386657310114652165
1386661048300810242
1386663247131119619
1386727861269188608
1386770803455401986
1386803038816460800
1386821053243133955
1386470766816935938
1386545413298212864
1386551167010869249
1386681502637887500
1386759369065443333
1386759483494330370
1386813605107183618
1386821323800944644
1386595817004408832
1386601094537748480
1386624848332525574
1386637423917076485
1386656083658395649
1386666376140660737
1386676208495206403
1386507836713226258
1386588337817927681
1386661441432850434
1386694142827368454
1386707915696922629
1386771989038252038
1386778710154620932
1386796466761515014
1386800314544689155
1386485499334995968
1386503009606176768
1386571113426309120
1386599192215367680
1386599309009895424
1386619708779208707
1386658820751912960
1386661112930836481
1386692898943553536
1386754450358996992
1386471458961043458
1386522939575742466
1386574855978557442
1386603926473134080
1386610113629335553
1386612369703440385
1386626132330549249
1386633433485565955
1386634723162836994
1386634968848338947
1386648047220887556
1386678956502523904
1386684940117581825
1386794490271346693
1386482000081588225
1386520263089606660
1386549667190779907
1386565514663759873
1386609919969873920
1386645146939400193
1386646723397922820
1386677863961739264
1386677887936475138
1386687006177218565
1386693887226433542
1386780574216556544
1386488550150004737
1386500355052158978
1386530706445189120
1386609720266534913
1386615039667236864
1386628398278234115
1386640412392230917
1386644887114813445
1386647213523312641
1386659575361785858
1386661123450155009
1386666720656564226
1386667735254511619
1386808093477163008
1386472592882769923
1386564448282759168
1386595608379764738
1386603835070812162
1386607317609848832
1386646253174407171
1386648610264190976
1386661324046864389
1386661942463447041
1386668776263929859
1386675005812002816
1386736581944430594
1386747624456433672
1386475240994320387
1386516999413587972
1386574140782612480
1386585319240126465
1386589953359060994
1386590001740361730
1386606672202932224
1386610010294308864
1386622813600092162
1386635896116629509
1386650417677934596
1386655045677113352
1386667769312301059
1386682402072932352
1386694590208610308
1386470080498868224
1386480142558666753
1386595607847096322
1386596761989435393
1386609658761256960
1386610256512442370
1386619899460603904
1386621074410930176
1386623178395602950
1386628539638767618
1386642247635148801
1386645336811352066
1386656101920296962
1386674319670091781
1386696192986341378
1386737235236724739
1386764516587888640
1386471266681561090
1386485282443247618
1386546227416911875
1386613521492758530
1386615505323237377
1386617279509680134
1386619707592220673
1386621721147428866
1386628760196243457
1386636095371231240
1386641349739433986
1386650156767055878
1386660426465820682
1386670659846254602
1386676406579564544
1386758682210361344
1386781048202219526
1386792398081171463
1386823727099351041
1386482494950842369
1386507173887414278
1386507825191342085
1386522670435549190
1386545927406735369
1386566233982705664
1386608252855664641
1386610533328109570
1386612942016335873
1386619488926412800
1386619892015804417
1386622134135529472
1386650443175145475
1386652800533344259
1386661669699526656
1386696221994192896
1386744383798644741
1386752423180574726
1386762770234884098
1386806563663269889
1386807298446790662
1386479976225165314
1386484196810629133
1386490401649987584
1386521925258817538
1386546842754748418
1386555147397042177
1386564076642439168
1386573430477234177
1386574342985760770
1386583308637773826
1386590629367533571
1386592461410213891
1386595908624732162
1386603051335700481
1386608018335354881
1386609472576032772
1386613745590456320
1386613995935784962
1386619993119416320
1386642376022794241
1386647742156582915
1386660776648351749
1386664571172278274
1386665454366822400
1386672661447598081
1386677777718448129
1386740052877840384
1386785735769051140
1386785794384334848
1386788129911316480
1386810034689019904
1386816400434606080
1386472810273460229
1386488149455552513
1386499847268749313
1386500278011273221
1386538428997771265
1386544870756659202
1386545126739226626
1386568389347495939
1386588124923453447
1386606572734980098
1386609997476421638
1386610199541211142
1386613521538973706
1386622388209655813
1386653575703584771
1386664535835164675
1386668852826750977
1386669573009719304
1386683746015973381
1386688116472352771
1386689887668162570
1386698773968138252
1386739799957151747
1386757278192259075
1386761962785288198
1386765942462484484
1386775755938488321
1386583542738599936
1386601245616574464
1386602351415414786
1386603993569320961
1386605713728942082
1386618263325532161
1386622807723974658
1386649257302794242
1386650168305590272
1386661772392869893
1386662689313800192
1386664535709343749
1386666988240609281
1386682553608847363
1386690653426495495
1386764594295750659
1386772012832591874
1386772282090082306
1386773313041612804
1386774596632907776
1386798490332848137
1386817366659682316
1386817576404127748
1386821463714504705
1386471329814228992
1386479380185206788
1386483116479557633
1386503599904149510
1386505214535077890
1386510850631118853
1386522924547551246
1386526784246661128
1386533434533851142
1386540509485748226
1386567610012246017
1386577603985907714
1386582521241128960
1386587047557742593
1386590877469061129
1386593066463674369
1386604040163938306
1386605967853379590
1386609747080536065
1386614198684327942
1386615499371470848
1386623729048903681
1386633654550499328
1386643342893715457
1386652780664819712
1386653712995733506
1386654639916044290
1386656869050159105
1386659471351554051
1386660822110384133
1386661469555724293
1386670047318380546
1386684495995228162
1386685245219475466
1386685722199986180
1386686437731573761
1386687547104010245
1386696710399750144
1386698540425138181
1386739850833977347
1386745082267717644
1386774246106468358
1386797617762508804
1386798490752327681
1386812161159221248
1386472022402797580
1386472026303520770
1386477626588606465
1386500037992239104
1386522384874811392
1386536525219909632
1386568222942457860
1386568223244505093
1386575586978672641
1386578289473490947
1386581664088928260
1386608006368923651
1386642376643448832
1386660231904649218
1386660389853728771
1386663916651024388
1386676436279300096
1386681472602583045
1386683986345447435
1386690783835738115
1386692269852463109
1386693171032231936
1386696568829583361
1386696569299169289
1386728647659302912
1386749181524578305
1386764051921915907
1386772114313777154
1386774075222204416
1386775860175327232
1386782787580174338
1386807024202260482
1386809482378989570
1386813244359299073
1386814848198078465
1386824072928108546
1386470281858932738
1386472087070650381
1386482680011927563
1386482858144018436
1386485820299882499
1386486931077439490
1386503582296510471
1386506289602252802
1386510724357369860
1386523632000765954
1386559261401128969
1386560170516525058
1386577936585736192
1386579702748438529
1386591190469038080
1386596157250433028
1386598589510598659
1386605826182422528
1386613528644227075
1386615431423799297
1386616050146545665
1386619942670413824
1386621072041070597
1386633822683369473
1386634406547312641
1386644131091517442
1386649166282113025
1386659846792097795
1386661944829087746
1386662455833681926
1386662762940612610
1386663051257163778
1386664442256138248
1386669470643593227
1386670169330683905
1386672701595602956
1386674229240860677
1386681469423210496
1386695512670281734
1386697946901659654
1386735788172382215
1386748145393147907
1386771781646684165
1386775212251828226
1386786265354362882
1386802353555361795
1386811822183956485
1386813689186107403
1386822821532340224
1386823104173907971
1386471893444726785
1386476980145688579
1386480869838360577
1386488923749326850
1386509271999856646
1386509447028256771
1386526630848385031
1386535188235177984
1386540292225081345
1386562602709491714
1386562727880056832
1386564897434124288
1386568328001597440
1386594293259845633
1386595905684508675
1386597381748240385
1386601296204111874
1386602196901318660
1386602483900891138
1386604322683817986
1386605972005789699
1386612606409052160
1386612617452589057
1386612683173203971
1386613757745537025
1386619391002005505
1386623173840547841
1386623721763393539
1386624846466015234
1386632565172408323
1386637543282720770
1386655046255800324
1386655557604499457
1386660693030670336
1386661281487331336
1386670556712423427
1386671129037791236
1386674926699044867
1386675093842141192
1386677758097563651
1386679905291841536
1386680441248354304
1386681064828153858
1386686018624032773
1386688089666596867
1386690277516058630
1386693469830275075
1386694151119556615
1386694405998907393
1386698152871403522
1386699531765571587
1386754450363092992
1386764182125690891
1386764804631715844
1386770037596381191
1386773737505267712
1386774877751894019
1386778594689564681
1386784132668211202
1386805438700785669
1386820943545311233
1386470079337013252
1386470079647272967
1386471968195678211
1386481313641897986
1386484516643033097
1386500009860939777
1386502027774201863
1386507635915165696
1386518956064841728
1386519339873013760
1386534960618688512
1386536469678931969
1386545575890325508
1386562372366741507
1386571128143896576
1386574091654733824
1386578089489178626
1386580751383154691
1386582236816936961
1386584805832204289
1386586312208171009
1386587974264045568
1386591548079550468
1386593059710844929
1386594141795143683
1386595576599531521
1386596648927776773
1386605366583173121
1386607230552662016
1386607680278642688
1386610095388336131
1386611508264816644
1386614787719811072
1386620418027577346
1386623702280851459
1386624199343681538
1386624846210256896
1386624849624371200
1386631049006960641
1386632396703817734
1386634831916904448
1386635227867537408
1386635902710173700
1386636696121393154
1386641381687545858
1386643143362326528
1386643721593053184
1386650944193142785
1386651975442436098
1386653439099351041
1386655485160534018
1386663741429895170
1386666371522523140
1386667568505790465
1386668886414688264
1386669852803350531
1386671728944893965
1386672566421671943
1386673922515427334
1386677694507716609
1386679386192056323
1386679973394763784
1386688258298552325
1386693460787449865
1386709885795147776
1386725126784397313
1386726776668233731
1386730599982026756
1386754789061582853
1386769367682125829
1386774995708301314
1386778545981214720
1386784232538841092
1386790569666617346
1386811694572244993
1386813749504454663
1386817844042780672
1386821957711187972
1386821988941975555
1386471636724068354
1386472621907324930
1386475439045189639
1386480625998249991
1386480678590615556
1386484960698290180
1386485496759656455
1386489054934487041
1386489539158544385
1386498865445195779
1386500515740147715
1386510896080605187
1386512134427877378
1386515378851827718
1386539359067901958
1386548428973424647
1386557114936659973
1386558084789719040
1386560093857198082
1386563200263536642
1386565781459193857
1386566081733595137
1386567414004031488
1386567645936369667
1386568139333378048
1386571460542599172
1386571992896315394
1386572434866909186
1386586343275388931
1386590878655946756
1386599930333179915
1386603455289061377
1386605475551186946
1386605598674989056
1386606009398005761
1386610583722659842
1386612949213761536
1386613024635580421
1386620193024221184
1386620203908227074
1386622398590488577
1386623588162314241
1386624024743223296
1386626305119211520
1386626718706843650
1386631923045445632
1386636164254294021
1386638313893814274
1386638635353743364
1386638976090624002
1386643681495687171
1386645990107660293
1386646101680218119
1386650205282504707
1386650699090448387
1386651272560971782
1386653071804141568
1386655399651078148
1386655547454377990
1386658279498129408
1386659758573334532
1386660594410000384
1386661646555357184
1386662106087444484
1386662191374512133
1386663334523678734
1386664930011754504
1386664998596927496
1386666309044289537
1386669784960487426
1386672499941855232
1386674979148902407
1386677009418493955
1386683227486801933
1386684608301830144
1386684999483670536
1386685202857091079
1386689019799511041
1386690721986531330
1386692191729369091
1386696073826213888
1386745907438407683
1386752207328989184
1386758149202403330
1386773129779949568
1386773690940022785
1386775874993786880
1386776121526603780
1386779682813661189
1386780193071718401
1386780230757519365
1386787163241652225
1386799349074735106
1386803980580306951
1386809759437934592
1386810616900427777
1386812161805139968
1386816320403132420
1386817022202351622
1386818981814808577
1386822828750692354
1386823205592211457
1386823214182043651
1386823483246751745
1386471035508305923
1386471044760879104
1386471330661404674
1386471365759455232
1386472070301749250
1386472175050309632
1386473351242190857
1386476153427345412
1386478459824787462
1386480035205455874
1386482082583662592
1386482443683774465
1386484484481093634
1386484598805258241
1386488842186862596
1386489349877940224
1386490478410014721
1386497635398430720
1386497748770463749
1386501974410018816
1386505983187423235
1386507763224809475
1386526699529986051
1386528889560780802
1386533454259568640
1386536547604910081
1386540819243540482
1386541420077621256
1386543120372928512
1386546430530183170
1386547858204155917
1386547882539601921
1386550955479642112
1386551342337085440
1386562656102985729
1386564187267248128
1386566034514132995
1386567547940704256
1386569865381691392
1386571783869018116
1386573034455244804
1386573578712256512
1386574662294032386
1386575775940321282
1386575792688275458
1386579128866983937
1386579559399804928
1386585078520762370
1386594874112323590
1386595615631712257
1386595655272079366
1386598422338174978
1386599107670810625
1386599692197314562
1386601673641111552
1386602078898991104
1386603153886437378
1386605458597756928
1386606372637315073
1386612179361746944
1386612874777407491
1386615715621478405
1386618475720871937
1386621078894567427
1386623150864093185
1386624428335898627
1386628210109173761
1386630008488308740
1386630726397857792
1386631028295540743
1386631169089888256
1386632303108046853
1386642428870922243
1386644847864463361
1386648885356019715
1386651798275039234
1386653664463532033
1386656976189501448
1386659264719163396
1386659864596844545
1386660266327384064
1386661054801920000
1386664931744002055
1386666369291329541
1386666799987662852
1386667197863546880
1386667879911903233
1386669368281636872
1386669465090334729
1386670762388606976
1386672257787781120
1386672271859896320
1386672743261876231
1386675333345300482
1386675651088986112
1386678024679182336
1386680340102750218
1386682477960441857
1386682689055563781
1386683884943855620
1386685055800651776
1386686321725526017
1386687551499558919
1386692900038262786
1386695664906670087
1386696859071221767
1386727518380732417
1386732006726377474
1386733819835858951
1386745666051919872
1386751836036739076
1386753083762302977
1386758289124376579
1386760120089071619
1386770435359051779
1386773371959005188
1386774344093818883
1386774613301006342
1386776748574924800
1386785968091451397
1386793509898887187
1386797000121802754
1386802630308073472
1386802981346107393
1386803418816188420
1386809816862007302
1386810416920211463
1386810479671009280
1386812472796098561
1386813440665260033
1386813495480623105
1386813639382949889
1386813904928612352
1386814551270756354
1386815696626192385
1386816642223575043
1386817368639393792
1386818868971196418
1386821286807150600
1386822214117433345
1386823105872646145
1386823514729164802
1386824914666143744
1386470303564500995
1386470496548663300
1386470631500361732
1386470699078987778
1386470953257947140
1386470992223117313
1386471101786689537
