1387390345781125122
1387384854426251266
1387440092650876934
1387358708766740482
1387344054975860736
1387346046674681856
1387529871941898243
1387372946356948997
1387413843081678859
1387503661820022789
1387220973879848961
1387540210360139791
1387358993484591107
1387369314781704192
1387346305459146757
1387376145629339651
1387348353910988800
1387202402231619585
1387395045590929410
1387340741102477323
1387400044823842816
1387346250433970177
1387352075349200897
1387380564584509445
1387369439641755655
1387337838241275904
1387366518791577602
1387327492961280000
1387339255110852614
1387375955916861444
1387496893681385478
1387334044522848256
1387348634329616384
1387338502292090880
1387230475706675208
1387205424089235458
1387343844228976640
1387289750831304704
1387500381727559681
1387339613270945793
1387406378042601476
1387366406161899522
1387548704631033858
1387375140820897793
1387545617468166147
1387364838779805698
1387335941287776258
1387336215242883076
1387315650041950209
1387321863278415873
1387360283937607687
1387431434005139460
1387334455937880064
1387377993153134592
1387514852642598912
1387307621758156801
1387333022467362817
1387377148361592832
1387504392509734920
1387379856028143617
1387406549384052737
1387368527481430018
1387377630723420166
1387367024033206276
1387373745417998338
1387350497917640706
1387371532922589185
1387481743700029442
1387340442392567813
1387349295876165633
1387372061190938631
1387372722032975877
1387411763411435522
1387338927451910144
1387339798252294144
1387376517034958848
1387352751001198592
1387527789541306369
1387365817738833924
1387384810574778376
1387239811858243584
1387353673030905856
1387348861870612483
1387512419216396296
1387385013746946057
1387346570593591296
1387354764317536261
1387537389350961154
1387333992274354177
1387348273065832448
1387511534532890627
1387205274490925056
1387345229871730691
1387334286945132547
1387520457012822019
1387340807313756164
1387406580442935301
1387224166428971012
1387344708448489473
1387330754565349379
1387352472616947713
1387494946517790725
1387532982936817664
1387357595149733888
1387314470591008770
1387351491074314241
1387348063367348228
1387501045165735939
1387333666771193867
1387353398543015938
1387373899621576706
1387381497716412420
1387372058254970884
1387310170636787715
1387364670630244357
1387346530118651907
1387346732757946373
1387334969446502400
1387436525156188172
1387355219000971269
1387359015299072000
1387373201299152898
1387510420370563083
1387542141233160196
1387358439496691716
1387377862425128961
1387504224343404544
1387197053739184136
1387325003893444611
1387338766025584643
1387362032954101760
1387358960190205956
1387370481242750980
1387337790027862019
1387347248678383616
1387368476352946176
1387379557687349250
1387334802689363970
1387339469230125056
1387371859662950402
1387316067865972737
1387334522627231746
1387367119826919424
1387537160891416578
1387213556546932737
1387238191942471683
1387295350113849346
1387308798025547776
1387359635917705218
1387363240171212804
1387507715241545734
1387331168475942913
1387344026056146944
1387354278998777861
1387198606701170689
1387362251506655232
1387394591184367623
1387527196714143745
1387333477247426561
1387335178910150656
1387360857865207810
1387350485426966531
1387381486895177731
1387517050684329990
1387307565558677504
1387336601525792768
1387367289922723841
1387377853730377729
1387382366201597960
1387384695105728513
1387425205820268547
1387194852392284162
1387334809886810112
1387339338401337344
1387340623334805507
1387344151038005250
1387344412666212352
1387353443401089024
1387355970070777858
1387415361935581187
1387461037163745282
1387498510258421765
1387503717637926919
1387340562232221698
1387372771848736769
1387319517165101063
1387335313069121539
1387342173885054982
1387349099033370626
1387363463308091403
1387372622816714757
1387377889939795973
1387379832644907017
1387506449396510731
1387535319218757632
1387296635810721792
1387334084834234370
1387198254954295296
1387345256904118273
1387357611813650432
1387384677032472578
1387430719325097992
1387438096774479876
1387497386512093185
1387335626215890944
1387342150287962115
1387350771486937097
1387354528392036352
1387359321621684225
1387490924217966595
1387228396720205826
1387318797476978689
1387334702965694464
1387336056052330497
1387339911007719424
1387342577540665345
1387360525445644289
1387367538682630144
1387381866072875011
1387382128640512009
1387202788552216578
1387367897224392710
1387370613472317440
1387370806540439553
1387387145476771842
1387419007125499914
1387458856633131010
1387200475087388676
1387230610272423940
1387334224987009026
1387341285644775430
1387350880547180545
1387353784607780864
1387358526549291012
1387375913139048451
1387378291401760768
1387208984730406916
1387268479523360768
1387268786135371776
1387360960734810120
1387383527088476167
1387401212236951553
1387491862181781505
1387537084982964232
1387202418048475143
1387204669588525056
1387215136964808704
1387227849820626945
1387228619358015493
1387295766150975491
1387333216957239303
1387355985820454913
1387359709871620102
1387361525158006788
1387403938014564356
1387491345313447940
1387495608836104192
1387500365621366785
1387535976982056962
1387547676976234509
1387204995725004802
1387273636621524992
1387327453702545411
1387330213349036036
1387338353725648897
1387344214258769922
1387348649097715713
1387362984977129472
1387458450364510210
1387501888426450948
1387291608387768321
1387341732359155713
1387343057583026180
1387344337046962180
1387344379694788609
1387344935544819712
1387349151604748288
1387361003973840896
1387366399413207043
1387366735074971651
1387370461336637440
1387381917415317504
1387383727769145348
1387390373782241281
1387486902194950150
1387335078318051328
1387341549986590725
1387343532151672834
1387350930354487296
1387364626506162177
1387382122407763973
1387384294910398464
1387428436143185926
1387494336296783873
1387543466624888835
1387213433934856192
1387345382984847363
1387348443216158723
1387352110501609473
1387362804164874240
1387365660683014154
1387366536990662657
1387378266105909254
1387379526020239362
1387383127287517184
1387537541159600144
1387312376555335683
1387328865144553473
1387334522765811712
1387334775472541697
1387336811563868166
1387342759976112131
1387343309794914304
1387346353509085186
1387348226676862979
1387353582706515970
1387355028726456328
1387355113761779714
1387362446902448130
1387381998566653955
1387484198798249992
1387194857949523968
1387202163210817537
1387307809738563584
1387335067098361858
1387338533170462722
1387342113529008129
1387345854290223109
1387359931834191872
1387360350211870721
1387361990893527044
1387369462165381125
1387381104206925826
1387392801198034953
1387430491415097344
1387485653131309057
1387526879926702084
1387202288054423560
1387232646934171650
1387235464097193985
1387243720962187264
1387333440375296001
1387362205121892352
1387362222842712067
1387369858799751171
1387376106190278660
1387382673044172801
1387458854464675842
1387479225947414528
1387503536783646723
1387201659131113472
1387218532002369538
1387334347821301761
1387334484509536256
1387340851639164928
1387343521741512706
1387350564611231745
1387350861727285249
1387353398199001089
1387353694828703748
1387356920000954368
1387358329241018368
1387359155808346114
1387362591035609090
1387366067664834561
1387369416849903619
1387370142280073221
1387372468856246275
1387373743262027787
1387381431090008065
1387383598559367184
1387390685272289292
1387394359608348677
1387396435361083394
1387525006209392640
1387204159435378695
1387295450512904198
1387330753957007361
1387334924357808129
1387341128895172612
1387344531062992899
1387346745793908737
1387347234048651264
1387349251248820226
1387358627137310721
1387361499107168256
1387365134448971779
1387371258539433985
1387374536581029892
1387398698619994113
1387405771936313347
1387458852384387073
1387469278945873921
1387516950260109313
1387194902036025344
1387196303034232832
1387224335564296192
1387277172046548992
1387297936191725571
1387335520041066499
1387339666614099972
1387339680052649984
1387341121810964481
1387341845072687104
1387342913995255809
1387343012154548224
1387344671744172040
1387346936760606720
1387349851210399793
1387351415522201600
1387351903793815554
1387352338709553154
1387355913598640131
1387360764311310344
1387360922277236736
1387364721452621828
1387364744689070081
1387364973001777153
1387367716923846656
1387367928803233799
1387370357217239040
1387373529813987328
1387373642485354496
1387373717882290180
1387374032958332931
1387377664667815937
1387381271316373504
1387392569160704002
1387542629898985477
1387202403515047938
1387324626003451904
1387335779651883012
1387336926726955008
1387336954807717891
1387337196101947393
1387340657799450625
1387340813798154240
1387348665258455044
1387348858326421505
1387351301068034052
1387353459482050564
1387357054009028612
1387361584994045956
1387361655672254477
1387364218194653187
1387367269349593090
1387369707100164099
1387373061746282501
1387377511483551744
1387379214689701895
1387383597301211139
1387386087207849989
1387389422497419265
1387403743713431556
1387429861841588227
1387454441691942915
1387471674392694785
1387496015436079105
1387541799250575360
1387541930846916609
1387545743934820355
1387548690382999555
1387197580711534593
1387235617994588160
1387241409346899970
1387310366502367235
1387311883296952321
1387332858373722113
1387333093971857409
1387334063246225408
1387334160830828547
1387334307568619523
1387335727155924997
1387336804408381440
1387336880031739904
1387337515498151937
1387339641506996226
1387344917177974784
1387346299083792386
1387349242461761539
1387349622020923393
1387349839017619461
1387350196900835331
1387354798610071552
1387358433129779201
1387359343713177601
1387366979716194305
1387370747027464195
1387371295730552833
1387371516212305926
1387372054094045184
1387375610192928768
1387378326256422916
1387378962897281026
1387378999593213954
1387379029049843717
1387381079351250944
1387381575336267781
1387383232556158980
1387384826911674369
1387395271903023105
1387500683188965381
1387502245139333123
1387521873093738496
1387527240787845123
1387543278887788549
1387213524020117508
1387245338852044801
1387308832452403203
1387310304221093889
1387326972624318464
1387333835981996032
1387337128703561729
1387337895174881281
1387338800842543104
1387341013505691650
1387343330556719104
1387349431721267201
1387349887780589569
1387350336214638592
1387355270892900356
1387358289718042628
1387362988563177472
1387364778348273665
1387364948733534209
1387365067927265280
1387366450550161417
1387366564610154498
1387367807004860418
1387371149319757830
1387376221290262532
1387376993453359106
1387377312132476932
1387377718149386243
1387381817863512065
1387384088009613314
1387384732871188484
1387384924882231304
1387395350130872327
1387439388997586948
1387444458640134147
1387531748960096258
1387546173880291334
1387548369325858818
1387201427450339331
1387202780457209856
1387207435325083650
1387319926503837697
1387320685039689728
1387329842954264579
1387339056556777474
1387339344596410369
1387340794340728839
1387342344941416452
1387343047311171584
1387343751346114565
1387346069340708864
1387349141915725824
1387357771570597890
1387358439685464066
1387361266063249410
1387364722081665030
1387365200328806402
1387368450088177664
1387371012870737923
1387371776267673603
1387376050636673024
1387377574414856198
1387378671988707328
1387381524383809540
1387382377157124107
1387383072132370434
1387383927199895552
1387392907884306433
1387425595546607622
1387450251515154432
1387498124248338444
1387501096986349576
1387513209045856257
1387545356163063808
1387198489671647234
1387210089682149378
1387254595135574016
1387266239140143104
1387293998151311364
1387300716960788482
1387308165319073792
1387311304579457027
1387334593368502273
1387334697672392708
1387334752257126401
1387336284046348288
1387337680476852227
1387340616615538689
1387342101399080961
1387343470898130944
1387343833655087106
1387343847223558147
1387344838970982401
1387345847755673603
1387346099728437257
1387346941995098114
1387348363629187075
1387348779146305538
1387350228358008834
1387350390375686145
1387350955088392198
1387351383578353664
1387351508975603713
1387351805961641984
1387352911919947779
1387353808817299457
1387357926721982466
1387360368234835969
1387362128395444226
1387364090658623493
1387365476611891201
1387365535361507336
1387367880589709314
1387368421898215426
1387371710740115456
1387371990928011264
1387373731610300419
1387379780308373508
1387380937638375426
1387383991628615685
1387384034502844421
1387384739502383105
1387393826038374401
1387395410495516675
1387449635116048390
1387450853007765511
1387469185542983695
1387488769226465280
1387492323634860033
1387505358026022914
1387505400640061440
1387508022541434886
1387513942038167554
1387544213060034567
1387546366503759875
1387198080055980040
1387200518074810371
1387207027441782786
1387262147667927040
1387306204591005702
1387313721194782721
1387323488273375236
1387327378515451905
1387331754722316289
1387332806829826048
1387333716834402304
1387334326010974211
1387337368269692928
1387339849766785026
1387340264541466625
1387341140286914564
1387344328092176390
1387347061117489156
1387347827194486784
1387348730752475140
1387349033577029632
1387349423018086403
1387349510968553475
1387349758193414151
1387353889490542594
1387356259188412416
1387362225170563072
1387362713777676292
1387363966599385092
1387364505479491586
1387365615900446721
1387368499002155011
1387368608867749889
1387370110101295109
1387370917718859778
1387371013134901252
1387371662681640963
1387372011416997891
1387376937388097537
1387377253353414658
1387377807689457665
1387381596119044096
1387383363183337472
1387383598056148992
1387383789685444612
1387384672813031425
1387388989544480783
1387496326745702405
1387499820324171777
1387502137178038275
1387503558086496258
1387506005622284288
1387541579901149188
1387544801487335424
1387194852488536065
1387200041144758273
1387228785649520640
1387231199698038786
1387235492597489666
1387253195093708803
1387268130288832514
1387317158028402688
1387322383107862528
1387327055600160769
1387332964044922883
1387334545889013762
1387335405159292931
1387336602247213059
1387337542240903172
1387338062875791363
1387338297190518795
1387338298943676420
1387338953351737348
1387339555817234433
1387344373747265538
1387345791757348865
1387345935106134016
1387347105866342403
1387349045929254912
1387349531805765633
1387350815929774080
1387351571466526720
1387352153652699136
1387353254758072321
1387353542848024577
1387353627560448003
1387354152209166337
1387354220605722629
1387355047445532672
1387356103428739076
1387357575352619011
1387359031245819905
1387359290579734528
1387360191973318657
1387361534960193536
1387361730314088451
1387363828447461377
1387364721628618753
1387366255833780225
1387366467289718786
1387367097307652096
1387367714692468741
1387368973994532871
1387369529165111299
1387369651659710465
1387371239518388231
1387373614610198529
1387374955650863109
1387375119539085321
1387376953695612932
1387379198898188288
1387380839395250176
1387381582613204993
1387382326489980930
1387383230983192580
1387383381969838083
1387384394428596225
1387387370572496901
1387395720576122881
1387455908687589383
1387457752381935623
1387466000870817796
1387469263695454213
1387475712182038530
1387476828978302981
1387481749781770241
1387512127615799301
1387535140532989952
1387542326176894977
1387543575970385924
1387549278630039556
1387196810423377928
1387198739404791815
1387203889447964673
1387216611074002944
1387222612674293764
1387235632657874944
1387307585821360129
1387309621136830464
1387310570295156736
1387310613043548160
1387320177990148104
1387325087095869441
1387333012463915008
1387335947805732865
1387337358903848960
1387337433054842880
1387338554372669442
1387338763907575812
1387341348496416769
1387341782439112705
1387341859912142850
1387342085574086657
1387342857061687300
1387342889672482817
1387343897853038594
1387344264808517632
1387344504768839687
1387344636713259014
1387345458956316674
1387345825408430083
1387345890487246848
1387345948456718339
1387346387545858050
1387346459318751232
1387347538097889281
1387347780197359617
1387348543371939842
1387349161947848709
1387350685889572865
1387351115008782337
1387351363705839617
1387352329926578178
1387353205219209220
1387355716810416129
1387355741175042049
1387360958301966339
1387362120690540544
1387362318829432832
1387362333966675968
1387362591312424960
1387362708102828032
1387365364468752390
1387366707820482561
1387366862158110720
1387367994028855302
1387368062081454083
1387368355091333125
1387368496489771018
1387368681471107072
1387369063588978690
1387370157908049920
1387373284707258371
1387373964280967168
1387373970249424897
1387374732903784449
1387374981462433796
1387376048770146310
1387376055049244672
1387376475238805506
1387377721949425670
1387378325300162561
1387381086821494787
1387381287107788801
1387383266727055360
1387390889681620994
1387401680732495879
1387407159038775296
1387449846114754567
1387458769177792513
1387461768545509385
1387476150088343553
1387482126900150279
1387482723816726534
1387486091691929600
1387491809098485760
1387492519349469185
1387498260844195848
1387498497239396356
1387505771093630977
1387512209341878275
1387519446479147011
1387522230544969735
1387525347110014980
1387527636382097408
1387527756666318853
1387542140360617985
1387201728018276356
1387210088314810379
1387240905988460547
1387254100522323970
1387265726650667013
1387279030949384193
1387283410973040641
1387285220370550787
1387310106052804608
1387314893049663489
1387322880044802048
1387325277966118913
1387326545719664642
1387332720481681409
1387334935615262720
1387336821223350275
1387337185687445506
1387337300598788103
1387338298474045443
1387338300927655937
1387338902449569795
1387339107739836417
1387339408504987650
1387340624836370433
1387340652313292806
1387342089256587264
1387344489614827522
1387345585221550082
1387345857780011010
1387346069231636480
1387346225389871107
1387347927140638720
1387348027602505730
1387348213494079488
1387348854127878145
1387349304059248642
1387349429997408258
1387349444702707714
1387349632695652355
1387350299396956161
1387350316367159296
1387351148613488641
1387352120844816386
1387353480298483720
1387353645725929479
1387353968414711808
1387354709623721986
1387355468327268353
1387356640165441538
1387359104641941504
1387359735477846016
1387362054298914819
1387363398107734017
1387363700370194436
1387364647980916739
1387365301898067969
1387365652990660610
1387366525338857477
1387367439370014726
1387368528156794880
1387369395123523587
1387369487679344643
1387370236102520836
1387370413173493760
1387371054931353602
1387371677030432770
1387371794445832193
1387376065887232000
1387376940957437952
1387377232574881795
1387377738290548736
1387378220396433410
1387378487300968452
1387378499950989314
1387378586693345280
1387379977713184769
1387380186799349768
1387381188478873600
1387382383691943936
1387382627057999879
1387384106577809408
1387384524171091969
1387388712414232577
1387396114035380231
1387397640682418180
1387398464238235649
1387408418365915136
1387409667748417540
1387411421441400834
1387451993791336450
1387493003393130498
1387508748093112329
1387525135540838403
1387529658061701120
1387544973411762176
1387548242787905537
1387548944931119105
1387201037535256578
1387209375920672768
1387217574434377728
1387226542271602689
1387235955678093316
1387237742451511306
1387237882654511105
1387255251783196684
1387268219250036740
1387272840974462980
1387273158898692098
1387275559990857728
1387282466163945472
1387293599549857793
1387300421195255811
1387302325786656768
1387308556634890241
1387308657214464000
1387314550551171077
1387320248127442945
1387332482727661569
1387332986224394241
1387333602183106560
1387333949228212225
1387334198516715520
1387334721017876481
1387334755327389696
1387334935061663744
1387335601557549058
1387336802198073345
1387336973929664516
1387337691822428163
1387338282728624132
1387339153923248129
1387339555720765443
