1368178297289334784
1367990032024371202
1368195436654297092
1368120524233146369
1368261872965804033
1368185495528873986
1368229950889852928
1368141516749832193
1368136513318453248
1368138409907265538
1368106581271920647
1368102281586049026
1368133477309292546
1368136441331597314
1368149159593844737
1368324071751094286
1368143794500214784
1368140279593701376
1368228732876513281
1368189313586987016
1368251989260394505
1368249444014100482
1368115066491592705
1368330888350752768
1368164808026120193
1368262889509957634
1368063829591138305
1368108804777316352
1368064960094420992
1368296668496531461
1368101437419515908
1368109226950864898
1368246346831065089
1368075681557577730
1368101320159281154
1368052053050880001
1368081218256961541
1368233718842802176
1368137824017518593
1368246837489111046
1368091242408652800
1368055594473684992
1368119435534471169
1368145777508442113
1368078896944451586
1368156036369158149
1368135885712134148
1368131338998579200
1368108743381184512
1368329137518243843
1368159441997139969
1368164054834028546
1368326643824070665
1368056349033127937
1368134029560737795
1368179251002937347
1368012988595240960
1368267459560607745
1368325818791903234
1367988552651468806
1368063796263149570
1368107912644747267
1368095044167753729
1368266560868126727
1368124224208998401
1368280676131344396
1368024013356732417
1368316334354948098
1368013809919664128
1368275228401483781
1368128063939223552
1368138294811361285
1368253154190630913
1368283795854622724
1368299826669092867
1368324904400154629
1367988296673067009
1368025290404954117
1368073601455427584
1368291623906516996
1368327823979540480
1368312637449240579
1368322384151863299
1368033615221829640
1368325274094497803
1368076478487871492
1368134173765025793
1368338942857261056
1368078647224115200
1368298596404260869
1368003426026725379
1368018494034444289
1368033601359515656
1368042937573986308
1368129259924029440
1368137988711022593
1368138031832571904
1368140299772497921
1368233786991927296
1368091234842140673
1368028560489865217
1368041144664219651
1368089426472091649
1368093460033572864
1368120187757662211
1368149108016418817
1368169169133445127
1368304662999339010
1368076664039686145
1368280928439705611
1368033596942917637
1368038626911686661
1368065114658766852
1368121450415132673
1368128889176866816
1368134369576116228
1367988296895270912
1368137961187971072
1368142269803597830
1368146840428769280
1368273032024834052
1368114909347799041
1368117334456557571
1368130561819242498
1368232258197479431
1368264211411968004
1368264471790161924
1368302868134912002
1367996967582892035
1368049170972557318
1368083925336133635
1368088007815880706
1368231456250736641
1368264308325515266
1368264316319858689
1368305273178234882
1368018498291519492
1368071622498914304
1368079168768999425
1368094290791063552
1368095145388896266
1368116640764854272
1368167979209330690
1368192044418674688
1368221617877360640
1368315450891804672
1368319589378109450
1367988392080838656
1367994210264186881
1368052538487042048
1368117572206477312
1368252162833317889
1368302867967315969
1368088694712893441
1368105316177633280
1368114135653900289
1368115706596888579
1368139346256224260
1368267674871099393
1368295967229960195
1368073625404866560
1368121685648543746
1367988516924358659
1368009796037795842
1368092217643044865
1368108813665112065
1368112215308525569
1368124075776897025
1368131862443528193
1368138770210512897
1367990064991657984
1367991266030612484
1368071840736964611
1368084067929980935
1368093994069098496
1368113610292158464
1368236195231174656
1368242026031026180
1368272346755260426
1368333869762633731
1368032240651886594
1368107329418321922
1368123122474491906
1368289012532862976
1368294492235763712
1368326392614621188
1368018517795168257
1368034426005975046
1368067779983769601
1368099474032259074
1368141436328288259
1368141476035756033
1368234051425931267
1368302154251988993
1368324077706960903
1368340625909747713
1367990040371036163
1368063506784776192
1368086778545139713
1368095129995800576
1368098885034467329
1368106016164954112
1368116918050295808
1368123841944428545
1368140983729352707
1368234944565305347
1368238081619419138
1367988297205682181
1368010944459255812
1368048782160584704
1368052076895408128
1368080642605514754
1368083969003098113
1368085127063015425
1368087295925121026
1368088237588234241
1368088326008430593
1368098684207042563
1368134256954777600
1368137590516420610
1368147683622412288
1368258394277244928
1368275537626546181
1368313519096147973
1368033593856036864
1368041032064135168
1368087485457313793
1368087598695120896
1368089965154897922
1368098776028753920
1368111758951452672
1368112050820505600
1368124345588080642
1368136030931582980
1368178850493042700
1368184152009359360
1368187994688155655
1368261574222348291
1368269666527965187
1368297462880952320
1368324440724021256
1368333181502578688
1368335612961505285
1368033409952518144
1368044983777964034
1368057614429478912
1368074232756899843
1368098073302425601
1368116308672475136
1368116836861100041
1368125863619878912
1368127955734528005
1368139627727577088
1368239418981687303
1368250154780921864
1368250234506248194
1368269476937011200
1368279331911393282
1368283536772464649
1368292575430508545
1368303758770376704
1368338100192088065
1368339985502470149
1367988606426570753
1368018048192495616
1368065690037551104
1368108024997543936
1368110082047762433
1368112730293538816
1368116716824367107
1368118484824170497
1368120306682957830
1368137657243557890
1368138353200234496
1368140350288769026
1368150658705207298
1368281853745102853
1368289668559638528
1368290689679818752
1368306579141976077
1368316421554507782
1368321293205057548
1368324271597096964
1368324862964600832
1368327866556026881
1368336320393777153
1368340613666648067
1367989948297658368
1367992574225641477
1368012356429750276
1368022138079350784
1368031077168734208
1368048189903953923
1368066505741508612
1368071382903492617
1368072663122386945
1368084504552816640
1368085517183692807
1368095420522631170
1368102623145037825
1368104640856920067
1368116041814056960
1368117476819668993
1368120292548165634
1368121011930030080
1368126595270066176
1368135656480907268
1368136479541764100
1368140540210987008
1368171439250104323
1368194144280195079
1368222171726835715
1368232270377652233
1368262422264479752
1368277885203738627
1368302414563074051
1368330856830537739
1368331626678255622
1368342287659450371
1367990425383018500
1367997045206880258
1368012622612795395
1368023688046469122
1368031077114277891
1368063795210428417
1368071618178789377
1368082666961002497
1368085282201997315
1368088085737639941
1368091613931667457
1368107760810921984
1368108280095072257
1368115029506134020
1368116524414726146
1368119125252390916
1368124192558874625
1368124195381469195
1368126552106532864
1368129223827755012
1368130549001379841
1368131009150062592
1368131741702053890
1368133795564621825
1368136783129698304
1368139056006184960
1368139290123759616
1368146876051120128
1368178997834682374
1368235090283790342
1368252674823577600
1368257552102920194
1368262477625057295
1368271410838216704
1368280980277108741
1368282459159343106
1368305384511795200
1368307334724788225
1368313217462722561
1368321422905516032
1368332792204001288
1367988409340485635
1368003267473465345
1368011028282368000
1368014992327446532
1368018494306971650
1368024924896391170
1368026490059821066
1368051349255036935
1368053921214853121
1368066780963483649
1368074043769958402
1368078894771879937
1368095750119448576
1368095914448027650
1368100283478335490
1368101542293823489
1368103759075762180
1368110263703117826
1368111710784131075
1368116474011938817
1368119673275973635
1368119692892717056
1368120615417298947
1368125690537672714
1368127965687656450
1368131326654701568
1368138577067073536
1368138951660290049
1368145476172853249
1368153571267600386
1368168792744923138
1368231491126300672
1368249749778890752
1368252133745848327
1368283339023585282
1368292310568607745
1368293491764322313
1368305388391718919
1368322863149641728
1368327992032772098
1368331982212640778
1368336283425193984
1367988653969072136
1367989022434484224
1368001363439878144
1368001544382201858
1368003328609771521
1368008996343459849
1368010461518696450
1368028560557039617
1368044956519108608
1368045382178115584
1368054550091948038
1368054799095185408
1368056229919080448
1368057158584131586
1368061003645194240
1368061382021812224
1368082616075816962
1368084186653982720
1368086442476404737
1368093094403584000
1368093993062461440
1368096515051446272
1368109242755002370
1368110044278046720
1368110331655057408
1368110556608008193
1368111556375027714
1368115471598424069
1368119588710346755
1368119785909858304
1368122658437685252
1368129764234559489
1368130032099454979
1368134798431182849
1368135157270671360
1368139291839262725
1368141242639515648
1368157517906391041
1368163449763692545
1368169961068392462
1368191931973591041
1368215439487234050
1368229895994634244
1368235358404677634
1368249561664348161
1368249818062151682
1368258715225317379
1368263600691965953
1368264510767833089
1368267563281580035
1368268093781327873
1368271681178005510
1368277171932966916
1368289739674116097
1368293607212453888
1368294267471413252
1368304231741071368
1368306212928954368
1368315227536826370
1368327251234676737
1368327692467138563
1368329113736470532
1368333182160998405
1368340913748123657
1367989280430243844
1367991127769505799
1367994262143504389
1367994898188746752
1367995794201141251
1367996920787050500
1368006032849432581
1368013846401671172
1368015740801007621
1368025944913551361
1368027637952708613
1368030554764017667
1368043538869583874
1368057099763212289
1368060341205282816
1368061529233317893
1368061748465577984
1368065529085370370
1368068407191625729
1368071343011491841
1368075940111212544
1368076538319679498
1368082796061859843
1368088037801029633
1368088091215400961
1368090216796352514
1368093992563351554
1368095437463445506
1368096145583579139
1368097211318468609
1368101542516187137
1368103477289881603
1368105527042015232
1368111121501130756
1368112549288439808
1368113728076582912
1368114124333355012
1368114750928936961
1368118507636985858
1368119978965221376
1368121188283785217
1368123276535488512
1368123717017079808
1368124195960414208
1368128054954975232
1368129328421212163
1368135515350855686
1368139235753136130
1368139653493231616
1368140610121699330
1368141230769467397
1368169023943409671
1368172023470583816
1368175417807486980
1368177256779157506
1368185814564429831
1368230829026144259
1368231068650848257
1368234277566095362
1368235637938208773
1368236537289338887
1368237465220374536
1368246525927825408
1368249642794819591
1368254948878782472
1368257183549423617
1368259840427065349
1368264172476203009
1368274904710324230
1368284090412204035
1368287768468594690
1368290102519230470
1368292801692176389
1368296900240302084
1368297758185127939
1368299711610957824
1368303633452916740
1368305172787658754
1368312573377064962
1368312713122824197
1368315068937539586
1368315303067869184
1368320735966457858
1368325569386053634
1368326041182339075
1368326787659427841
1368328034181382157
1368328077013618688
1368330714282819586
1368334183936966657
1368335153861386247
1368335585618886664
1368338701298900996
1368342012878073856
1367990985108697091
1367992543087050753
1367999860809547776
1368003400818847744
1368005330303647747
1368013833806221313
1368014734096658433
1368014965651693570
1368016046217715721
1368027050611679232
1368032977087836162
1368046500073324549
1368052467993370624
1368057579038007298
1368060307579539458
1368065512471674882
1368069396766355458
1368070822955466756
1368070932733059072
1368074341506809856
1368078407725105152
1368078783807422464
1368078838681505792
1368086430069780480
1368087255705923585
1368089539374374915
1368089647172231168
1368091726804574209
1368093992529784832
1368093993821630464
1368095886136467457
1368096932565037056
1368097086030413825
1368106316493946880
1368107756637523978
1368108600418304000
1368113521968447490
1368115377213997058
1368116640756469760
1368116704010772483
1368118281069019136
1368118862936477700
1368119485874470914
1368125405627088897
1368126578136281088
1368128493968572418
1368129131930677250
1368130896604372992
1368131821037256712
1368134210473562114
1368135820994097152
1368139096309268481
1368139507392942088
1368140626441760769
1368150256559480834
1368150527436066817
1368158373263278084
1368170551693434880
1368174824162549773
1368181687197241350
1368229889522868225
1368230394403958784
1368233878742241282
1368234486463426563
1368234597574717440
1368239311238348801
1368240320861847553
1368242470073626626
1368244986521792514
1368260112016674824
1368265150323712002
1368271075411394571
1368271798702313477
1368271871892992001
1368276810522370049
1368282437692911621
1368294101439938562
1368302472490594305
1368304645022613510
1368306263373807617
1368313218582650887
1368314075252408326
1368318961708900353
1368327522555990016
1368331452228767748
1368337246433259524
1368339318532620292
1367988295150501890
1367989411745513472
1367989633993293825
1367989684199112705
1367991616481472515
1367996360839073794
1368004723471773699
1368005545731497985
1368006279264866308
1368008321689661440
1368010454241533952
1368012562542002185
1368014489539514370
1368019756285128707
1368022937811492870
1368026905413357569
1368027082098368514
1368033596599058434
1368037747638874117
1368043651117514756
1368046008781922306
1368048696626188288
1368053844463263744
1368056356222205952
1368058294913339393
1368063755297435650
1368068531829567490
1368081645090275333
1368084357647319040
1368084819163353089
1368085183639916551
1368085887762960386
1368089019591098369
1368089401117523968
1368092241772896256
1368093945285197826
1368094782153711619
1368096745218076675
1368099872260427779
1368100123243405312
1368100167786762247
1368102000781635586
1368106546752724992
1368107763793080323
1368108506549747712
1368109335138668548
1368110898573893632
1368111073635753990
1368113510346014721
1368113543816634368
1368117769712046081
1368118209136758788
1368118837158219778
1368119368333340672
1368119660965675010
1368119820483502084
1368122078810038273
1368122410445180932
1368123669181046791
1368124198212620289
1368124310015995907
1368126142004293633
1368126302037946372
1368126981548761090
1368127151837429761
1368127912835219456
1368129095742222338
1368129746417094656
1368130416641777675
1368130985385025540
1368131755283275779
1368133223516168193
1368133936120033284
1368134081431695360
1368134256959062021
1368134817439682561
1368135661270700035
1368136588719427585
1368136609477128192
1368137280267943940
1368137963620741131
1368138798102634496
1368139476208324613
1368140040568717314
1368140154460856320
1368154541187870720
1368154920642351105
1368158466758557696
1368163540926947333
1368165200587878402
1368169662530387970
1368170134133760004
1368171687615807490
1368173142527668240
1368173263952572417
1368177074347929600
1368181313228967943
1368184799546970114
1368185073225334787
1368230282818686981
1368231052548972550
1368231112280059905
1368231366081527819
1368236070379388928
1368236908002807811
1368239072351817731
1368242666132152327
1368243791111544835
1368244744569171977
1368246507628068866
1368252681215696899
1368253845760061440
1368255979570233351
1368265123257794561
1368267187987873795
1368268183824662528
1368268669911003143
1368275504915243018
1368276473270927361
1368279032018706438
1368280724822966272
1368281353624682496
1368286608252928003
1368293725785440260
1368294244474105859
1368295622193934341
1368300430141317134
1368301386681757697
1368306248425353224
1368309752812474372
1368310756282863616
1368311672306360326
1368313069085089793
1368313731499888645
1368317638594662402
1368318462741917700
1368319586408534018
1368320428859654151
1368326093464350730
1368326551364907020
1368326942185897989
1368328788375912448
1368330004631797761
1368330713947324419
1368335018221842432
1368335792465207300
1368341729712115712
1367988301227986944
1367988515598983168
1367988611610775554
1367988757106995203
1367989618214383617
1367989703060975619
1367990355606519812
1367990400108146690
1367991068617285633
1367991404866207745
1367993380916113410
1367993785716719617
1367993794084433931
1367993802422689795
1367993818512035841
1367994098880233475
1367996253129293825
1367997707953053697
1367998407357399040
1368004661047877633
1368006021684297728
1368007229815816192
1368010677659516928
1368014998740606980
1368016185657237507
1368020015820070913
1368023433800527877
1368023918913720321
1368028449235951618
1368030731243491329
1368031336682971138
1368034769137729542
1368036677139259394
1368038946651963393
1368041976520716289
1368045516441808903
1368046206014926849
1368047507406733316
1368047948995715073
1368049246876876800
1368052563510181889
1368055107447840770
1368058290345742336
1368059140556296195
1368061276006518788
1368067413741346817
1368069550110093315
1368071197418790912
1368073738202214403
1368077641820078080
1368078233518891008
1368078896382365698
1368083294068310021
1368083448095793153
1368088926670426112
1368091965779238915
1368092027892555783
1368092158037811205
1368092163087740929
1368093713306640384
1368095486587076610
1368096291734061057
1368096920963588097
1368097766568685573
1368098405189357571
1368098726133252098
1368103502396948480
1368103648887255042
1368104590873333760
1368106574640676868
1368107097183969280
1368107116901265410
1368108875229040640
1368109096432508929
1368110284368449538
1368110321110560769
1368110695192141824
1368111275864190977
1368111607696482304
1368112159440437255
1368112575234342919
1368112898103476225
1368113380763049984
1368114423102115841
1368114602031087618
1368114820046848003
1368116536372760582
1368117700191469575
1368118273557020674
1368118847165898752
1368119254210478081
1368120674674442240
1368120763224649728
1368122880580612098
1368122901178839040
1368123422031642626
1368123429673648131
1368124029777940481
1368124335500759043
1368124897608802306
1368125056346382336
1368125064852496384
1368125968506908673
1368126018117115909
1368126573770141701
1368126739453534209
1368126797884325889
1368126808814743552
1368126852167000065
1368129650053029892
1368129783121448965
1368130003695763461
1368130032816816128
1368131290847973378
1368132931852644354
1368132945098203136
1368133360720175106
1368134672702730247
1368134908141527047
1368134959152717826
1368135205974925313
1368137868984672260
1368137869886431234
1368137938106789889
1368139151791562760
1368139794736381956
1368140502005121027
1368140904473706498
1368141110405632001
1368144320843382786
1368146849945821184
1368147356781342724
1368151117977239555
1368159271599345665
1368159545357434882
1368173907426107403
1368178532229189634
1368179557245853702
1368199391035744262
1368201205114142726
1368202555591979008
1368211342407200768
1368223233284206599
1368224855502503938
1368225520450691073
1368230732435513346
1368230744854822915
1368231242408267779
1368231669958901763
1368231694537523200
1368231851656110081
1368231953829355523
1368232239297929220
1368233169502277634
1368233277161668613
1368233390487535618
1368234313687445506
1368234647545610245
1368235258580250635
1368236866122752000
1368238242491928582
1368241427352858628
1368243772555984898
1368245097289183239
1368247935763365895
1368254061317939212
1368256642383495170
1368262226247835648
1368263427253276677
1368264664631631879
1368265393664589826
1368265450291859465
1368266047342673925
1368266387429425152
1368267497120669696
1368268911809007619
1368269077001691137
1368271340323672069
1368273499954044941
1368273561790644226
1368274374638383108
1368276308753608704
1368276763000922112
1368278011796144134
1368278278084165633
1368280393997299713
1368280925470081025
1368281068802109446
1368281633997152258
1368283310737227788
1368284916899840006
1368291382994014213
1368291889368203278
1368293260431482882
1368293785633972225
1368294326627934210
1368294499533938688
1368295487242174466
1368295664623423496
1368296073526206468
1368296241516384259
1368296446060072971
1368296556877803520
1368298159441670146
1368300006160076800
1368300160250482696
