1384485751312683009
1384509943554920450
1384425159973654529
1384501632944152583
1384340748343074817
1384595842846400515
1384335194128195585
1384353684717547520
1384517208647340034
1384398958018113536
1384373640414826496
1384485857068032001
1384419356243804160
1384607555478032386
1384570795859525633
1384320432162152453
1384335223211626496
1384319134817792010
1384333498484461568
1384424471675686913
1384631046503911434
1384318913387941889
1384481928980701185
1384612368311783425
1384434946140479494
1384546164201115648
1384629293762977810
1384619927974391808
1384341048785350658
1384615812082782213
1384494650598252547
1384441473391898624
1384483962374995970
1384508621413830656
1384341048541868033
1384537632768765952
1384508097151045632
1384545877721812998
1384318399132553219
1384482661910007814
1384360127793410048
1384310851633561604
1384438488867684354
1384404960734031873
1384565337467805700
1384457410119704577
1384642065212928001
1384371250747764740
1384600093135884296
1384479888275607552
1384297847504265222
1384300844816818186
1384322173406433281
1384416250571497475
1384461206862192641
1384548809561214976
1384323451050250241
1384600954360696832
1384464918896943107
1384400169802903552
1384423042026283009
1384385388589035520
1384391373286170624
1384497739845672960
1384298478533189632
1384312250421366785
1384371250684903427
1384477474931740672
1384348003339808772
1384413040125169668
1384479094457372672
1384312228887908352
1384402401118064641
1384432476194582531
1384484762031644672
1384322500063027201
1384296538193600519
1384297830806802441
1384412880582418432
1384545713686777859
1384300621889564675
1384320461589340160
1384481690396020736
1384383465970446342
1384452212907196418
1384485766575833093
1384613296452538368
1384311127765626881
1384395426686713856
1384407917286281217
1384325966147751936
1384485854110838787
1384591996774404096
1384416650510938114
1384295751539253250
1384368728809299968
1384304361652715523
1384438439525773313
1384378318145822722
1384457840044216322
1384303034922979330
1384303156427845641
1384466877045370883
1384334671371194369
1384370284426313728
1384375567831736320
1384645195409600513
1384648361941377026
1384402204606480387
1384346269317992448
1384620389033201664
1384323484390723588
1384438033315991552
1384609434803089408
1384358080524206081
1384363013935820802
1384416165343137793
1384300849468350475
1384360782411010051
1384371077468626944
1384628652873330693
1384303788014534662
1384455489501552642
1384356147902042118
1384420307306418183
1384476607746764801
1384434055022796802
1384299609233649665
1384329517800513538
1384300669125873672
1384335529408442371
1384362721647398913
1384562449215410181
1384310882080022529
1384385246339207169
1384394860992602112
1384405663867187202
1384424482736066560
1384454100155260930
1384459326941712386
1384343396173627392
1384424346614001664
1384441734088773632
1384470448742846465
1384504267663233024
1384625169323417600
1384345351159795712
1384384682029051906
1384477223910924292
1384336877440966659
1384338376770428928
1384514360270336010
1384552443208519681
1384561464455753732
1384562447974113283
1384590235678478336
1384341308324646916
1384347577659838464
1384353242461753346
1384382868017799169
1384570828042514435
1384322173544849409
1384387987539210243
1384461843784163330
1384299818311290884
1384325949815095296
1384329723073875968
1384484055958401024
1384570834401087488
1384576372333498369
1384362303357964288
1384450441421930497
1384629279040868356
1384647452645593088
1384298927927693316
1384333756480229377
1384340047881768960
1384390510899605504
1384391031504973825
1384391271695802368
1384400030342205448
1384411125446500352
1384413157410619392
1384461849278701568
1384475617781973009
1384642793998594055
1384336950644158466
1384356407185653760
1384366736116527106
1384396227752644609
1384403509584572416
1384412763095764993
1384442933684867072
1384382507777396737
1384417591519850497
1384421774281089028
1384422010340745218
1384424653322702849
1384616345086615552
1384649210348310529
1384350760922755074
1384418118286651396
1384426935711932416
1384445234092851200
1384613119771750401
1384646504510541830
1384326124499578888
1384366472613486592
1384412665704034304
1384480461989285889
1384535951012212738
1384391458132738048
1384415309214281732
1384418547376480256
1384418633565315073
1384425152729989122
1384564690496466946
1384584178948362241
1384624325861552128
1384336436820910080
1384342400428953609
1384352383002714112
1384400726969966593
1384405618832953346
1384418726749954049
1384597489332932614
1384605145250549762
1384326567871062020
1384339466127646721
1384387129682415618
1384391410355474432
1384400618543058945
1384418465629495297
1384466319677050880
1384560373831929859
1384580123077357569
1384599624758054913
1384643737012293637
1384299317956022278
1384326290564689920
1384341079881826312
1384392709570547714
1384416060569530368
1384423092718653442
1384425089408589825
1384471909820248066
1384567273797599242
1384602845308141574
1384629410234605568
1384645146474598400
1384319943139790850
1384385611168157700
1384396723888533506
1384420247550185472
1384447230078164996
1384486077189312516
1384498672579321856
1384556215557005318
1384563911840518147
1384341188229087232
1384366213577547776
1384379414662684672
1384401447408705538
1384412302967984129
1384420495639158785
1384423891058184193
1384434221633220609
1384456034106871809
1384457660750254080
1384512279379681282
1384546628871278598
1384582797533368321
1384598621161676802
1384627782592909318
1384642604948672517
1384296179035361285
1384340029577867267
1384343612360691714
1384374746889039879
1384393436644745221
1384393900165578753
1384412248714747904
1384413966462595076
1384421578633449472
1384427944689471489
1384442042529550336
1384476446723395585
1384507558820413440
1384318656742559748
1384325949529812992
1384363254428884993
1384369895060746241
1384395879126294528
1384397481652494336
1384411022556123137
1384415154981441536
1384419995636178944
1384442097965613056
1384456271487672323
1384479201902829573
1384562741248147459
1384631348170743808
1384639013122940942
1384642422848819201
1384642949305315331
1384299117950627841
1384315885284782082
1384343755885588481
1384348868628844544
1384376934331727873
1384394580326506497
1384400168771104769
1384410253815599106
1384419829734645761
1384421565224427520
1384423477587812352
1384443289777102849
1384472150799757313
1384507146327502848
1384557658263281666
1384563006055518209
1384563024191660033
1384598158030823428
1384600661883461632
1384601513989865472
1384630526879965187
1384634078427852800
1384324688587988993
1384338382541795331
1384353239429263360
1384356987706675201
1384358558033186816
1384363835855757318
1384371274277867523
1384374101016465410
1384398906981761025
1384401449216528384
1384402802986860547
1384412595130671107
1384414031725973506
1384419905269862401
1384424915483381761
1384450503287865346
1384462095899533317
1384475616779505665
1384546109033431045
1384570803795136514
1384617288049971212
1384317013573705728
1384321129771421704
1384324010842984452
1384331728311959556
1384346081266331648
1384354698271002624
1384356147382165505
1384375021456474112
1384381333363994625
1384404840902795264
1384416565316173825
1384421965075714050
1384425902306742272
1384445698855383041
1384457412950773760
1384602284307488773
1384606400739958791
1384633119232380931
1384306436931530752
1384312525492207618
1384314653468151808
1384317572716302350
1384318471551561729
1384327096189784065
1384329792338677766
1384331391832403969
1384332754578509824
1384333499491131395
1384352623906729984
1384371323300990976
1384375533723598849
1384396233716948993
1384407635655548931
1384410302603743233
1384410926745595907
1384416607091535878
1384547819957129217
1384563114260135936
1384589849676636169
1384610252696420358
1384632799139975176
1384645554286723081
1384310304432082947
1384321777145421828
1384337569228410882
1384337777102368768
1384370223252312065
1384370385580351489
1384375213039702018
1384375821960425473
1384378523952025600
1384381019927756800
1384390121093435392
1384391739922845696
1384408069023666176
1384408997265133568
1384411946066264065
1384415434506739712
1384424875650162689
1384440892744994817
1384444242806857732
1384473568910610435
1384597035526103044
1384598296568680448
1384620282233696263
1384645554194587648
1384296372774457350
1384296464105447429
1384301687607726084
1384301904818180106
1384314254908665857
1384319955173261313
1384341132369354753
1384386346806964225
1384386953920057345
1384406342643953665
1384407608367460352
1384420687000047618
1384432948313722880
1384434528891154432
1384560360053673984
1384582646701989895
1384641443504005122
1384297810556719112
1384308710370070531
1384317104116092928
1384319002382569473
1384328815854424068
1384335581916897280
1384344402634723328
1384348597508984835
1384372154809135106
1384402537864912898
1384412788559331328
1384415035074785281
1384416797370163200
1384423583112306689
1384424123636584448
1384434239383420929
1384440700956254208
1384452611579863042
1384490526934593541
1384541431348535299
1384543785288359936
1384560974338789378
1384570057376866316
1384576715679313923
1384613071470092290
1384633473214947331
1384318997806583808
1384320837956907009
1384322156176285697
1384328433862316039
1384329190909095939
1384333979147456512
1384334481826406400
1384384088463785986
1384386641838608386
1384387047012638721
1384391946702147586
1384395395695104001
1384395980888494087
1384401125214928898
1384407132834041856
1384408260183302145
1384409388828348416
1384424664106143750
1384434733359190017
1384437048677998597
1384441605986344962
1384450519201026051
1384458512881836034
1384463117124579329
1384472061284859904
1384500399533608964
1384525070433935360
1384548382438477824
1384588614127038472
1384611455480197123
1384644366594101248
1384648989673500673
1384303339991560195
1384309452736647168
1384316941234495489
1384317013900865536
1384324710255800325
1384326916090601478
1384330227430662144
1384332239765266432
1384351965421969408
1384355399042732038
1384364155923312641
1384366430951559169
1384371264404566017
1384375233847648257
1384376837413945344
1384380248603742208
1384381005985951744
1384388068539568128
1384388862718275591
1384390300093779977
1384393572821110784
1384395265239564289
1384400154816655361
1384405241731461120
1384416261996785664
1384419406944612353
1384421844640542723
1384432215157792770
1384457089049927680
1384464282251710470
1384472006763155456
1384532693598224384
1384561529874436102
1384566615023493123
1384577964185169920
1384584989497569280
1384591523141103618
1384599486983544835
1384625731666423811
1384627939573075974
1384632631447461901
1384633863868145671
1384645927152103425
1384295961472626688
1384299650203615235
1384323721322799104
1384329476348203009
1384336134570921986
1384336394622054400
1384339315065606145
1384347342237847554
1384348561706471434
1384353178339225600
1384364511830888448
1384369817562591234
1384373732077096961
1384380414362595328
1384383378972086273
1384385028503789569
1384385393760612354
1384386349931941888
1384393768841928707
1384393890501906434
1384394759691804673
1384396160593506306
1384398801817980929
1384401645442899968
1384402777393311745
1384406867468816385
1384411927565283331
1384416821198180356
1384417133896114176
1384418820232728578
1384422130721361921
1384435132921090053
1384435419991863299
1384436833216614400
1384444536882180096
1384454382746484738
1384461550325489665
1384467552697528322
1384490841125888005
1384499595347173377
1384519052358569986
1384551960855068672
1384605769182683142
1384618309191151617
1384640561097936901
1384649329047113728
1384311324054786050
1384318209768230913
1384321941104906240
1384322453296537600
1384323293197574145
1384324575043932160
1384326301755056129
1384326728248594439
1384328976974352384
1384332164553183238
1384339888200462337
1384341984341635072
1384346139680550913
1384352611248259072
1384353222970728449
1384359128714383364
1384365898060943365
1384367147208556544
1384368434629201920
1384374748285702144
1384382544955719680
1384384718955745280
1384387504317648897
1384390138420154370
1384392220984422401
1384392635012501509
1384397335669641218
1384404125232795648
1384408522981523457
1384411354803621889
1384417176661200896
1384419349012828160
1384422224636039168
1384446745774489603
1384455033769668608
1384455074844315659
1384466022112006144
1384471387654430725
1384472947533000704
1384473183168905218
1384475061797613577
1384476781252591617
1384478815175446530
1384480297069289473
1384484024278786052
1384559357564760066
1384561531656998918
1384574602270150668
1384576082217684994
1384596601331666947
1384598774165688321
1384611508026445825
1384616077016145920
1384620299258302465
1384631584872181760
1384638272626958338
1384638517062610946
1384643045447012354
1384299523917426688
1384304049105686529
1384309317906665473
1384314245496647682
1384316606642262018
1384316676615794694
1384317294365532161
1384318331533070337
1384320463074217986
1384322361680404483
1384322695211495425
1384323299824517121
1384345480835092483
1384345484496707584
1384353013146427392
1384361013110312960
1384370060228276224
1384372282190086144
1384380943746715649
1384386130494242816
1384387848590315520
1384389756998520832
1384390358243725316
1384410927437651968
1384412004555833344
1384413348679270400
1384413606062735366
1384413660093759496
1384414836839358464
1384418052650020871
1384419580110573572
1384434161377845250
1384440880862535681
1384441913143668737
1384444652800167937
1384451809670881282
1384452691456270342
1384466991033982979
1384470718381973506
1384518839698866178
1384556707351711749
1384558279498551299
1384561581481209860
1384564563291430921
1384568641405034498
1384573012452708352
1384603518208659462
1384613541525614592
1384616501550977025
1384632359669088261
1384636417675087872
1384636902175911937
1384640579267608577
1384641794458202113
1384302128768774144
1384303163700695044
1384304696781938689
1384308050845126657
1384314623822815233
1384315147544580098
1384320497635237888
1384321342225461250
1384322482962845696
1384323074212958209
1384326658354724870
1384329227416346624
1384329240737460226
1384329799871700998
1384330013877673986
1384332381000060934
1384333450375741441
1384336010134306817
1384337726254759937
1384340057566457859
1384342881050284033
1384344852721246208
1384345080652304385
1384346972925071362
1384351102900981766
1384358706838659073
1384371153293217792
1384379038840631297
1384382454044188673
1384385365327417345
1384387124183674880
1384388518005415945
1384390687853105159
1384391917484617730
1384406389951537155
1384411089388122114
1384411425687449602
1384412623991709696
1384413343855882244
1384417252204810240
1384419062277574658
1384419742518284288
1384421578394456067
1384421644710580224
1384422012249153537
1384424096050683904
1384424647974924293
1384426907878428677
1384428824880992256
1384438618345938944
1384441888321769472
1384452121811095553
1384458069153746954
1384460119874838528
1384461854097899523
1384464992465047552
1384475360469917697
1384477266420326401
1384507394097565697
1384516746653192192
1384520499406024707
1384552244884885505
1384557473672146948
1384558338155941891
1384561530910433285
1384561532332281856
1384564032359727104
1384564454394785797
1384566633658789892
1384567545672372225
1384582482734067713
1384602448006979584
1384605873889288198
1384614161402023939
1384617300301684738
1384646906140401665
1384297013685088257
1384298596481306624
1384302069058658305
1384312249456726019
1384316614229872640
1384318055799566337
1384318398746664961
1384318597565227010
1384321577593016323
1384322173200834560
1384323780026277890
1384324512167116816
1384328146867130370
1384328626594795529
1384329267157274624
1384329797178851328
1384330605706493952
1384331466440683521
1384334787524112387
1384340526523199491
1384364006538981376
1384364238597238786
1384365710244151301
1384368439897296898
1384370526764814336
1384373625248231424
1384377225974321153
1384377409936502784
1384380839992176641
1384380990093725697
1384381793101656065
1384382205217148928
1384382273571667968
1384382380262182914
1384382571241517059
1384385015623081985
1384393243614449664
1384402420327985152
1384403198274904064
1384403564882243586
1384405724873232385
1384407746259337220
1384408761620738052
1384408996640141312
1384409952962465793
1384410594065928192
1384411574924939265
1384411982229647360
1384412922324082688
1384413791996289024
1384416845843816448
1384416878991392772
1384417189575397379
1384418211328835584
1384419160806023168
1384420320363307014
1384420799537352709
1384422405322444800
1384423301053812737
1384424031823278080
1384424775678836736
1384435419471912962
1384436989823537155
1384439699788468224
1384444820890996738
1384445823442948098
1384450675040526338
1384451571099054080
1384451854327861248
1384453140263624707
1384455184773009416
1384456123902791682
1384467816368115721
1384470782810771462
1384478711521562625
1384479496242409472
1384488267559604225
1384497547004284931
1384497553673236482
1384522524625711110
1384534298607464449
1384544704818290691
1384554621843111940
1384560604019519491
1384564147338235909
1384581911884881922
1384582244682149896
1384603023863951367
1384613501633646597
1384614896256667652
1384615111466356737
1384620246707884034
1384622407743328256
1384627728360558592
1384628988614688776
1384640632677933057
1384647708229738498
1384295934306111488
1384296478324060168
1384296999860670471
1384297133138841602
1384297493723172869
1384305213696188416
1384309055691296768
1384309642487083008
1384318160829095936
1384322063352188929
1384322580509769729
1384323133637791746
1384323435699097603
1384325719380004872
1384325908459307012
1384328344364269571
1384330981511888898
1384333128634933248
1384340458571288577
1384341717902561280
1384342374034313216
1384343874328539136
1384345383799775232
1384345525999312896
1384346185750691842
1384346525103427585
1384346692372291584
1384348278192545793
1384351849990475777
1384351876599226368
1384352556042833920
1384353141651611650
1384357050864394240
1384358445806231552
1384359780345688065
1384360110198300674
1384362520815837184
1384362631113347074
1384363705899565056
1384370283134558208
1384374160613380096
1384376715561115651
1384379942570442752
1384381929621950465
1384382229082779650
1384383642219204610
1384386347914481665
1384387040226185216
1384388329395871744
1384390093755097088
1384391422883815425
1384393846776340482
1384398082557857793
1384400267643396097
1384400607709208577
1384403310371909632
1384403936979963904
1384405561886887936
1384405676089282565
1384407704932917248
1384408192709505027
1384408524860575746
1384408708260761600
1384411368699351040
1384413037369692161
1384413634932129793
1384413951421820928
1384414028416565250
1384415286766542848
1384416547515473921
1384417998698594305
1384418632285966336
1384422014518190082
1384423972201242624
1384425970204020736
1384428396722081792
1384442469790662658
1384445458194571264
1384445516302274565
1384450240976142338
1384451674094415873
1384455685568487428
1384456697503178752
1384458345101201410
1384461413712814080
1384461844400640000
1384467038194839552
1384480717955112962
1384528944515403777
1384547182213275649
1384555722957021191
1384560912703557640
1384561563491872768
1384564879458291716
1384585836772032516
1384590905924112390
1384600349290467330
1384613084539588610
1384615655966711811
1384615807255289856
1384616675304038405
1384618438501408774
1384624141953810432
1384632483979923456
1384632496160129027
1384634607015022592
1384635187515035650
1384635450376216577
1384636408187527168
1384643165441957889
1384645844167704577
1384646365540663296
1384646813269991428
1384648541553975297
1384649329017765893
1384650125168029699
1384297834346778630
1384298193349873669
1384299385752678401
1384299806680436739
1384299921600172035
1384302020169846787
1384303408874614788
1384306664405360649
1384306809465458690
1384307402368028673
1384311283344945154
1384312121492652033
1384317137737732096
1384318762015510532
1384319623093538823
1384319796922232833
1384319850038837250
1384320008365477895
1384320300968448008
1384320426059436042
1384320490597195785
