1372873660101500929
1372847685754060800
1372880871989067785
1372889339827474435
1372929167608713218
1372867149035929601
1372818168595542016
1372854184240934915
1373017844762480645
1372905578733920258
1372826729832722432
1372790603327545345
1372870482970742784
1372852228218892288
1372857635146502145
1372941117461774343
1372845015630766080
1372845958917206016
1372731644671561730
1372741200202100737
1372821087906578432
1372863076828123137
1372835063751118848
1372866020596195328
1372963790749364225
1372856730846179334
1372731328920227840
1372880663729340416
1372915920595779587
1372850396453031937
1372862868094283777
1372838736929644546
1372855592725921793
1372846222340460545
1372851242439954434
1372810629715726336
1372777790748028929
1372822723144028162
1372828275777662977
1372862814688280576
1373034093118623744
1372874500463808520
1372978890654769152
1372861803106070529
1372791804030947332
1372861403015577605
1372989252766683143
1372845649994076160
1372870251159949316
1372880466118860801
1372843792085172224
1372846917735026688
1372862562308653058
1372848070145273857
1372818258601054209
1372859810681602050
1372847154771922945
1372854235294019584
1372790577733935111
1372852650031583233
1372877090069082114
1372878769736802304
1372865501358088195
1373027187503235073
1372873630653288460
1372992510436446213
1372842620184096769
1372878621732388867
1372842402885554176
1372852199991164928
1372854545844482055
1372847165123522561
1372858568169390081
1372865128815820806
1372750946682347532
1372877163410685957
1372866271780409344
1372853104534818816
1372807742730203137
1372870310991699971
1372870337533071364
1373001039700500480
1372868630598320130
1372839258222956549
1372878174669922309
1372864850527981568
1373023977824686081
1372832001070366720
1372729536928964612
1372880403250446337
1372974492935393281
1372764005530398726
1372818982818942979
1372849772755775494
1372826155506667520
1372834411398500352
1372851679880736769
1372831038720909317
1372836975108104193
1372853162068021249
1372868129752240137
1372791506575093760
1372806010130231298
1372831111299133440
1372835244445822978
1372867215083532293
1373044036953636873
1372793021641629701
1372817406133997568
1372827708242202625
1372850532222709761
1372880403837685764
1373038402224934926
1372716880276942851
1373039835888357379
1372861515330686977
1372987761679069190
1373007516314042372
1372833341960028160
1372889443619725313
1372859000522424323
1372878796571951106
1372946717105135625
1372805725517312004
1372806071564263426
1372840846551310337
1372847979338563585
1372857589596307466
1372867444046450690
1373016430174670849
1372849074060324869
1372877119374696449
1372833458377097216
1372841189813129217
1372817089157853185
1372835233406480386
1372868719806930947
1372729714180169728
1372865265734709252
1372875437693632513
1373040352484003844
1372822145353580548
1372878796639109144
1372994509282361348
1372846538699968516
1372900327712817153
1372846201519939590
1372721155153485824
1372820136600608770
1372834730132058112
1372853779066945537
1372857258049163264
1372860398777536519
1372867881369735169
1373021459983921156
1372791167675293705
1372821392111112192
1372843429844111362
1372857456582332418
1373036255190073346
1372880384921382914
1372849648063381506
1372864857494728710
1372865203193450499
1372876822623440899
1373037593948983297
1372711617927000065
1372816536893788163
1372831599121858560
1372847182546677766
1372852095313928196
1372866613402337285
1372876001500221445
1372877080795430920
1372716751981514755
1372856100022804483
1372807208711389184
1372823687481679876
1372825425974558721
1372840285613477891
1372847391968223234
1372876585838260225
1372887470258393089
1372994631617634304
1372714265526812676
1372767286218563591
1372810136847286273
1372863851910344705
1372864930920206336
1372868271888867332
1372872259656880131
1372876032085229574
1372985109150900229
1372855387037241349
1372858222055407619
1373001603721093122
1372711196936318981
1372832033874055171
1372833426563342338
1372861916926840832
1372863569625296898
1372874926244425728
1372878272502042624
1372752188473184267
1372816764824924166
1372837669181521925
1372854624886140935
1372860272554225664
1372875368177225731
1372880310296272896
1372939019336712204
1372940440593391619
1373020704799666177
1373046633215139847
1372744638042312707
1372772821680541699
1372840851529949184
1372845419064070144
1372851139520118785
1372851578596691971
1372853375994318851
1372854855035801600
1372863069387436034
1372903241852334094
1372789938324975616
1372799845300199427
1372831131620478976
1372839346152337409
1372850932136955905
1372863545361240064
1372868969498087424
1372974218841890822
1373037051369684992
1372820604538216456
1372838242031185925
1372838977040945154
1372839024151441408
1372843929591234560
1372846128325083136
1372944347151360001
1372778745816178693
1372790398981079046
1372817952173608963
1372862594571251716
1373042409542721536
1372836664041693185
1372862280589844480
1372865674905784322
1372866315992629249
1372878607354363909
1372995414530613252
1373003938547576840
1373041001284112389
1372769607476375555
1372772101845749763
1372818255476264962
1372831458180673536
1372849856235061249
1372855809286283267
1372858290649059329
1372863209221292037
1372866219993350149
1372872404788256772
1372873966319116291
1372878858974855177
1372950474626887682
1372984859409461249
1372780684243214342
1372803799513931780
1372805035688611845
1372820136692830218
1372832609693274113
1372845449829310465
1372850999715565572
1372866968282349571
1372872931462803459
1372874483585978369
1372875687372193793
1372875878229807108
1372999577251483655
1373036559566581762
1372811582590320642
1372818303614324740
1372829772741545985
1372844190556639233
1372850479127011328
1372859709238169604
1372986227796844544
1372997553583710221
1372999959386193926
1373020381209108486
1372781986641707012
1372806653062623233
1372821400227041282
1372828328743276548
1372831597066604544
1372835013889261568
1372845841325641729
1372847917992718338
1372857082270130178
1372874498886733827
1372878781128581124
1372902904244408320
1372925075024801794
1373026426010603530
1372781169998135296
1372796472874262538
1372804804330758144
1372821392148860928
1372826227501887489
1372827928539623426
1372835342676455429
1372847545748221954
1372849044616318981
1372864121893498881
1372868315710906369
1372871911420608514
1372877772222296074
1372879768962613248
1372888527399161858
1372932417867091968
1372825818011951104
1372837097145561088
1372853966170652676
1372855142291288069
1372856677167419396
1372865919370854402
1372876745964191744
1372877260001280005
1372880780897230849
1373041514922848267
1372823908399783939
1372827267655725057
1372835241161789440
1372841726398898186
1372847815928336384
1372854937579819008
1372859838011744257
1372866323483607044
1372875292356845577
1372889167861063680
1372747558209064960
1372758477056135168
1372817899451154432
1372824998075895809
1372835353439129600
1372835496280342530
1372842785665994753
1372847260237709313
1372854854394216448
1372858868921999361
1372860780123721734
1372867330896723968
1372869743431016451
1372870281254031369
1372870619008733188
1372872138517008392
1372877696087306245
1372878945645912064
1372942597979840513
1372823386959794176
1372829219709931521
1372835228901912577
1372835494988496897
1372841524422189058
1372850197265539074
1372860780048158725
1372861271599677441
1372863670305357833
1372864846660796417
1372873204612599808
1372873280131108865
1372874645830045697
1372875883271368709
1372876150582743043
1372987235776225282
1373011187584094209
1373039770948005894
1372732309196115968
1372822153297588227
1372826062573408262
1372831457945731072
1372838177044594690
1372838182832734211
1372843795470020612
1372847983511924736
1372852095179689985
1372858845945548804
1372866783426797570
1372871495807025186
1372873694087942151
1372875566932766724
1372894017227214850
1372944807585329152
1372990279859503107
1372744643188715522
1372774994644668422
1372808514645676032
1372811656787558400
1372818483730350081
1372828135834652674
1372836766294671362
1372837817114624007
1372849647836930048
1372851995741192192
1372853927184584704
1372860472572149763
1372862842915987462
1372910251327029248
1372914406649135104
1372942800203964425
1372949880725987331
1373015671886336002
1373028819368603665
1373031532898754562
1373038810259456005
1372756069131247628
1372806889537470469
1372819307592175617
1372829221505097729
1372835391884120066
1372835897645875202
1372840118734704642
1372850434491232257
1372856481817751556
1372856680225112067
1372858783911804932
1372864172543852544
1372864895264428034
1372866796412354562
1372870070167343105
1372871590489202691
1372872244075114496
1372874492876353536
1372875082100539394
1372877397788332032
1372985959080464389
1372993340413771776
1372996371779846146
1372999874577367047
1373018379385237510
1373036032850063370
1373039437479837702
1373041699300241408
1373044397214986246
1372725922152001538
1372774836016140289
1372808697521393667
1372811374187974658
1372819447627591681
1372826826876321796
1372831499335168003
1372837056410497025
1372837501124157441
1372841184234733571
1372842523916431361
1372845802499018752
1372847142088413186
1372848596522000386
1372849192167731200
1372854334506082304
1372859068952502272
1372860096259186695
1372861657513394179
1372863508229066753
1372864316152631298
1372869674321469444
1372869719640862721
1372880415288086528
1372880467469422596
1372970434233303040
1373043805541253125
1373045058300170246
1373051416655368198
1372744597680484354
1372777534274686978
1372778809993297933
1372808868707893254
1372810318678614016
1372825549614243840
1372832690613977088
1372833587423293443
1372837261063110658
1372839395653394435
1372845609875562501
1372849556728262658
1372850985832312839
1372852322146078722
1372852695934062593
1372853017595240450
1372853768061128712
1372855196859179008
1372856016761729026
1372858829822644230
1372859063168557061
1372860136042168320
1372864006113869824
1372873325547036674
1372879967118319621
1372909974632939523
1372942064946581510
1372985790817443842
1372706803033726976
1372714270534828041
1372772161891430404
1372789756174635009
1372797723359899654
1372798436307656705
1372818525266583553
1372819325317476359
1372821956316303361
1372824325779300353
1372827465081585666
1372828297084682245
1372829062536790025
1372829508236099585
1372840782646886400
1372840864901439490
1372842612332376064
1372851413093601283
1372853824549834753
1372855277289095178
1372861021031956480
1372863430433107970
1372864575964581888
1372866584285487105
1372867087417417729
1372870032062091264
1372874366011252739
1372896122419752963
1372914200721432583
1372934547298521090
1372934638142947329
1372964422512168960
1372980708646473734
1372988139921367040
1373006698844160004
1373020595118555136
1373034065142632451
1372771276276731908
1372774836737609728
1372776464395894788
1372777795621851142
1372779781146640389
1372800730843648001
1372815895647621121
1372824632160628736
1372824851082280963
1372827870712766464
1372827950261755906
1372830177382825984
1372834957262000133
1372834980158656514
1372837367577477121
1372838104688640001
1372840139265863682
1372840266273525761
1372842321625165825
1372842853777469441
1372843919734669312
1372846129528909824
1372848049807036419
1372849291535003650
1372856435827220481
1372860361385373700
1372861811545010186
1372862992132497409
1372864554573660163
1372864845108875265
1372864907507601413
1372865452158951427
1372866316470747141
1372866668695801866
1372873000333234176
1372875647228448771
1372877042899951652
1372877698599677982
1372878157154377732
1372878769833316355
1372879183504932865
1372941273544466433
1372943388190904322
1372944705198039044
1372973309604859915
1373007933248831495
1373015811871375363
1373052107507523587
1372700642691710977
1372734569653362691
1372737391115534336
1372751612863606787
1372754858101461002
1372777878975250435
1372784901158801408
1372786570583965696
1372796053284524037
1372808164119298055
1372819350223216640
1372820339340763136
1372825039351975937
1372828344119623681
1372829444717576192
1372831368502185984
1372832740253569025
1372835233939132419
1372844897380745217
1372846476058058752
1372846809295519744
1372847001726025728
1372847704355844097
1372854645664722944
1372854796814794754
1372855603828244480
1372857882379653127
1372858053729648640
1372863459034025988
1372864397371129864
1372864961689612293
1372865669994270726
1372865786482720770
1372866060689489921
1372869029669445635
1372871341213372418
1372871463318007809
1372872192124407809
1372875273616519171
1372876022820040710
1372878632583098372
1372880337693503488
1372887407561957379
1372920062252888067
1372970233275809799
1373000489613332480
1373004742511706117
1373011824287834118
1373019058652778505
1373023950758895621
1373042820089573376
1373042850896642053
1373050187015393285
1373053182461550597
1372715947044139008
1372720178165858312
1372756474221322241
1372771060244881418
1372781681254395919
1372786908141547522
1372801106221277187
1372815610925699072
1372820142242029569
1372821099336056832
1372823703126433795
1372831458369417220
1372832124919767043
1372833815966670851
1372835790699528200
1372835997256445952
1372836709851926529
1372837041923325955
1372844438456782848
1372844726483873793
1372844963864711172
1372845775458287619
1372846783500541954
1372847451028267009
1372849128242307072
1372850335920832515
1372850753686093827
1372852966630301702
1372853653892136962
1372854477410201602
1372855827959267330
1372858021227991040
1372861657286840324
1372863559395332101
1372863853416054784
1372864148518940676
1372864287673311247
1372868550906499072
1372870566596767744
1372871009242595338
1372875658511192064
1372875907556335619
1372878518200233986
1372879890421284866
1372879943957422084
1372880421126504451
1372920340628787202
1372921651197796355
1372934594157154309
1372941859115335685
1372941888941133827
1372953089720918016
1372967742274293768
1372995713936846852
1372997321831550977
1373007111878234116
1373012284717551629
1373026493522059265
1372746637509021697
1372775890644467712
1372782021215358977
1372783689843666948
1372794096603987968
1372796940954443783
1372799081785925638
1372799844675321857
1372802207502921730
1372820063686909955
1372820133740183555
1372821954898583555
1372822085907705862
1372824320825757697
1372825354134552576
1372827683126583297
1372828928117772291
1372830673703174150
1372832721324666881
1372833015613767680
1372833289053044740
1372834034527637504
1372836734875144201
1372839511147868161
1372840370996842497
1372841078584438787
1372842495722332162
1372842549459750916
1372843199581020162
1372843394431598596
1372844634326634498
1372845371257454592
1372848349490126848
1372850764763312128
1372853172163784705
1372853865205407744
1372854746793586690
1372854789462188035
1372855308595367941
1372857883302490115
1372857883629600770
1372857986838855683
1372858476486135817
1372860435834277891
1372862026008162305
1372862473670438913
1372862719209127936
1372862727920713731
1372863651892359168
1372863986350309379
1372865708229603338
1372866431520546817
1372868913835433985
1372869499498663942
1372870970151669760
1372872073660538882
1372876583430672385
1372878516820312067
1372879365877403650
1372880452047011843
1372880537807945729
1372880561778397188
1372880758302507010
1372882746985619458
1372889534300618754
1372929638318665737
1372942531244265476
1372944271523917824
1372946950987911170
1372965547986583552
1372968902712553473
1372976426765463570
1372986894846464014
1372991871845302276
1373000527806619651
1373002003773816834
1373004986146299904
1373017384613711879
1373025935528767491
1373027901063499787
1373031527253172226
1373037404748189702
1373038415395098628
1373039437098201091
1373040636300029955
1373041592634904583
1373044123708616705
1373046892217708544
1373053960605609984
1372699341786394624
1372699607239639040
1372700828839071745
1372703774893092866
1372712913954344965
1372716751180460033
1372734569565147139
1372745972862750724
1372759738790862848
1372774835030491136
1372782420412358663
1372787462083244039
1372789935564984323
1372792310296014849
1372794352406171650
1372796236634333184
1372812946527621120
1372815543862968320
1372817791015870465
1372818884831625223
1372821490446520325
1372823500075991045
1372824925262680066
1372826869888905217
1372828213735526406
1372832665699770368
1372835648080637952
1372839138035167234
1372839271544061955
1372840302621421572
1372840900402020358
1372842109124939779
1372842223302283267
1372845545300111360
1372846557691793409
1372847878331322368
1372849347382108160
1372850035407339520
1372850154693332993
1372850689236369408
1372851476603797506
1372852033846439937
1372852115975069700
1372853322823172097
1372853830656884738
1372854555545862145
1372856135930294274
1372856220386742272
1372856681273643014
1372860045537447937
1372860121836101635
1372860313373134852
1372862218736439299
1372862457417449476
1372863056271736840
1372863779889893378
1372865227683926017
1372865440410693633
1372865551186472962
1372865651124006915
1372866262657855488
1372867474903994370
1372869569895923713
1372870179848347651
1372873615604088832
1372874707603763205
1372876468884283394
1372876626934042625
1372877653984780291
1372878994874376194
1372879338257940483
1372879798423408645
1372896188056371211
1372925360443166726
1372930112405053444
1372942155921158150
1372947729005957120
1372949145598705674
1372957179490275330
1372960841755148293
1372967300815581195
1372982630279417864
1372987368781791238
1372988525122097160
1372989753369501697
1372998946717634560
1373004094491791368
1373004095745761281
1373019260721754116
1373033330032185344
1373034322794532864
1373040632978153472
1373040651097542664
1373041592571953152
1373046629507338240
1373052655149400067
1372701465802866689
1372703112343994368
1372708741557129220
1372711039054139394
1372724253607464968
1372735205560221702
1372758050352734212
1372759737998057480
1372765398366515200
1372775743399194626
1372789338770010123
1372794513467400198
1372796857005445126
1372798594055475203
1372801056493555720
1372806069882347524
1372807482473467904
1372813087103971328
1372813252963471365
1372815454658564099
1372815720741023745
1372817800121704448
1372818953194594305
1372819323207696387
1372819571451817986
1372820134209916928
1372820989025906688
1372824695326834688
1372826137987063812
1372829594865242114
1372831348893888513
1372831659226234884
1372831665928642561
1372831760107593731
1372832755902513153
1372833369076162568
1372837714458972169
1372838630356627457
1372839007755726860
1372839008116514823
1372839008389185536
1372839197292310531
1372839452830281730
1372840683023822848
1372841554897997824
1372841601572036610
1372843058102992896
1372843559557214210
1372845299249647616
1372845449489563649
1372845799617478659
1372846957547376641
1372847581068464130
1372848330234068993
1372848358977642500
1372849336900538374
1372849523496775681
1372850222154547200
1372850584433389570
1372851182029377538
1372851369393131523
1372851642597572610
1372852123612950528
1372852188989509638
1372853157437444107
1372853367605723141
1372853618819366914
1372853823975387136
1372853897606393861
1372854680099913736
1372855320515645441
1372855505245376515
1372855833663578118
1372856728279203840
1372860558379204609
1372861690522562560
1372862164751552512
1372862749299122176
1372862875862102018
1372863490990424067
1372863843123204104
1372863883556311040
1372864142265229313
1372865419611140101
1372865643314315265
1372866687071031301
1372868845912870912
1372869432628891648
1372871528786763779
1372873391582117890
1372874179389878272
1372874299103715331
1372875901424271362
1372876960947449858
1372877043482959872
1372877416633405440
1372877812332380160
1372877862726959104
1372877935305228290
1372877945296060419
1372878737696505859
1372879820267347974
1372880406341681158
1372880531382169608
1372880656745779200
1372884469363974149
1372894327341518849
1372928863907553287
1372935612727181312
1372941595708944394
1372944479343292417
1372947117820547077
1372948058833571840
1372953242599096325
1372959803719307278
1372963226896510982
