1370450956354211845
1370352624978046976
1370344588918059009
1370456356453502989
1370400737012908032
1370332827678609410
1370319170798301184
1370445545282621441
1370493799445725184
1370335361159806984
1370445146341441537
1370483727541927941
1370324617550823425
1370321560763052033
1370342375307022337
1370329769515057154
1370328312317378560
1370404357770985478
1370319643156520960
1370334888117862400
1370318918238228484
1370444427089620993
1370326018163105798
1370307902330789891
1370448152923373574
1370335803075919872
1370347993736548358
1370310776834174979
1370447138421886981
1370276475182669826
1370339389063143425
1370309364817494016
1370305144047407109
1370346019347701763
1370321390709133316
1370275661525438467
1370435614433284100
1370433548860153857
1370283352985583618
1370271037837901825
1370338119967506432
1370301642126602242
1370295397416067074
1370274179384283141
1370322528288268288
1370503343190204418
1370213554335457285
1370448604608004099
1370233975596146689
1370236751533518849
1370217133943185412
1370348678641283073
1370330591405735937
1370286711067017217
1370263774578536449
1370274861726240772
1370438922719858696
1370446034917326849
1370427835115057159
1370348660987461636
1370313076411621380
1370331801164595207
1370396791061897217
1370412057460420611
1370401612812980230
1370317323136086016
1370322470742466562
1370487262329270273
1370405103283417097
1370439873564442625
1370347403602235399
1370375619679301634
1370322159604793345
1370289633423024128
1370344687144427521
1370369204319363072
1370296088909975555
1370312865773666307
1370283227747905537
1370386588161732608
1370339256229502980
1370415877628256257
1370446214727077890
1370451174147690499
1370192171203239939
1370324209864474625
1370411790035779591
1370360436474974209
1370426904029855747
1370245669559148548
1370322307495890945
1370283420123869186
1370349671454019587
1370478790879641604
1370324293876396033
1370182704046694404
1370343653546295308
1370414125021548544
1370451540151054338
1370307165374844929
1370332622258339842
1370332951448281092
1370226479141953537
1370324584629682182
1370445491461296128
1370338219401809921
1370168700075130880
1370209449214935041
1370253222506553346
1370319392748277763
1370322157562118146
1370326275433332740
1370296436944961537
1370302407066972160
1370181987131125761
1370313102147923968
1370349287687733252
1370275869688795138
1370325362543054848
1370345062433951746
1370207716929630209
1370284140952686592
1370298787072241666
1370348293448998917
1370349520857497603
1370347606828810253
1370352209028874240
1370253485049020417
1370324023620612097
1370454460628094976
1370458092081668099
1370321308635037696
1370365940462944260
1370413752005312512
1370330574557224960
1370443087600889863
1370275188194021376
1370315690696179714
1370167911650844675
1370178371209019401
1370223022787997698
1370298571615043585
1370321766715904001
1370338655383007233
1370429699663523848
1370340084277506054
1370224406610337792
1370304958252351488
1370365215624343552
1370185273561219081
1370377791095631873
1370197713359417344
1370265031334584321
1370299882792161281
1370328721928957956
1370336853086310400
1370411765410975751
1370309422296236032
1370389115368132609
1370178623479627778
1370326222480228353
1370204016819515395
1370274107305172994
1370283484229554176
1370184435153264640
1370275121638862849
1370323600172064768
1370343703810867200
1370408911312936967
1370332871047667713
1370334032488230912
1370334378891558913
1370241272288575490
1370267268555280387
1370280028899000322
1370322015446577152
1370415472483635203
1370490603088322564
1370449513949827073
1370476392501088257
1370298282988167168
1370340329187069966
1370312359043031040
1370327530113228801
1370334387133419520
1370414212514734082
1370258102998667274
1370346935446540289
1370321813499228161
1370416388834258946
1370327626246713347
1370253224200957954
1370295245280280578
1370489221463564293
1370286476194426880
1370320250101768193
1370323388774952963
1370328624897925120
1370455885085020166
1370299429652209665
1370323836458139648
1370342558052810754
1370170547544461315
1370182419207323650
1370304054350389249
1370311387319308288
1370316005864538114
1370351110788161539
1370352618237726720
1370250897058586624
1370335927332175872
1370408106446979077
1370477195311857667
1370306096242565124
1370322445794705408
1370324324700278784
1370343209197522946
1370365634224197637
1370426168558637059
1370247327257092102
1370327680026042370
1370344611210739712
1370416018112311303
1370419383579869184
1370193484636913668
1370303802767736832
1370339510115045378
1370259259187986432
1370313657020715009
1370331949190017024
1370359150790782983
1370387271610949641
1370414336380960773
1370421236203991042
1370181914439643137
1370344711857180672
1370453335476682756
1370175637227515904
1370312964109176834
1370318630236340230
1370330062336229378
1370330786256261122
1370332203230535685
1370348455139315712
1370403316706988036
1370450303087173633
1370513037191311365
1370206522253410305
1370233888614846465
1370312020663341057
1370328989542285312
1370333104418750468
1370413565723738116
1370424265514876946
1370454840665649158
1370474524836257795
1370261506198286338
1370311493284196353
1370321371578953731
1370324426273742848
1370329908686286849
1370339168577019906
1370497379376447495
1370182041531265037
1370245300279992322
1370258275778887690
1370274608008597509
1370313105012621315
1370389722082770958
1370427694513598467
1370458824088371200
1370479718797959172
1370266135304757248
1370432759567679490
1370162628518060032
1370241607547686913
1370260254219460616
1370288827126980617
1370293100392894466
1370324014154014723
1370325265407225858
1370349779641847811
1370444026491645954
1370448563004702725
1370451884964732934
1370275738461569025
1370290598876438530
1370298922938290181
1370315964689092609
1370318148344242178
1370325809697787904
1370342849888333826
1370345376121753604
1370368472446820352
1370401727359385609
1370410167997755397
1370416293996867584
1370457063265042433
1370504218289840130
1370505154345238528
1370223022288769024
1370326659023388676
1370346332964192265
1370190141499789315
1370313633893388290
1370322238596079616
1370326354055561224
1370326891647922180
1370333213483225088
1370346983010021382
1370348005023494146
1370358680265355264
1370401537479094272
1370449615112257537
1370243707027480577
1370284437460631556
1370313447179714567
1370320986638319616
1370322778704990212
1370337279114371073
1370346050893012996
1370169597937205250
1370180965671272449
1370185271640219654
1370207716141113350
1370258499108700161
1370296145709240324
1370296243818225668
1370312834526150658
1370314189617700868
1370318661102231554
1370324809138208768
1370338615511900160
1370349458718883848
1370365969026142213
1370509913722552322
1370230410156855300
1370254254401859585
1370297588822503424
1370311100995014656
1370333375383400448
1370334417886052353
1370334893582999553
1370336114020642816
1370337651828613121
1370339850197536769
1370345510284984320
1370347396639694852
1370419413887938567
1370445945045975042
1370222849684860934
1370224693572214787
1370262729420910594
1370308679313076225
1370311041108865024
1370318150919675904
1370323058775441413
1370323831441739776
1370325727405608966
1370328470757199878
1370330665259044866
1370333501959077891
1370336146421653507
1370336708315779078
1370412523577561092
1370439446873567235
1370457064833753098
1370509642766422017
1370177521258524677
1370181517570416641
1370232619565207553
1370269458846081024
1370279945096822785
1370288482040569858
1370290333418987523
1370320346306506754
1370321985998315521
1370322003635343361
1370327952261529600
1370336203585822721
1370342129545924609
1370342181756669955
1370363818984009728
1370386612220264453
1370414281091645451
1370437213616545795
1370296586111229954
1370302645097861120
1370326216121679875
1370327104018079748
1370337182829977604
1370337214702309377
1370342794628362240
1370342813032939522
1370346548391985158
1370347591280431104
1370357829664669698
1370358681469075458
1370373704098541570
1370448476874678289
1370476113458237444
1370230584224718852
1370230872805363720
1370253014611734528
1370283426012610563
1370292395141660672
1370294660669771788
1370295890481709058
1370298523346997254
1370299388535451649
1370308652758933504
1370313577530294273
1370314273583468551
1370315096682020868
1370320713954000899
1370328492395597826
1370331941296336896
1370350141689970689
1370351415323996160
1370366958676369412
1370396360101523460
1370410593828618241
1370432400325545987
1370437837955461124
1370441943847727104
1370446556185440262
1370457343268417536
1370494460828782602
1370512817950953472
1370178301243838467
1370211801208590338
1370242873141178368
1370276526785241090
1370292903248064512
1370302604085972995
1370326807518531589
1370342760163729416
1370347486745874434
1370350144726646789
1370442805076750339
1370464538596937730
1370501796200873991
1370205563993358337
1370217987463118850
1370244739728035842
1370263704437161988
1370289096820686851
1370293300352184323
1370297143320264704
1370298542204538885
1370312484226220032
1370313261267234817
1370316212169805826
1370344473604059143
1370348228613378049
1370351467882811392
1370410166601068546
1370411169563959296
1370447989689438220
1370499844389830656
1370499844515770371
1370173945236848643
1370245920869253121
1370246820450930688
1370262087214231552
1370280040307556352
1370283418206924805
1370297200073379840
1370305151878238208
1370311394365693952
1370315114235187201
1370326065403547651
1370332785567744001
1370337600603574272
1370337612511199237
1370346917587206144
1370393719468396549
1370432140446466048
1370208536874123264
1370215471224528902
1370233345041440768
1370268658870718465
1370284677018320899
1370296916458758145
1370310823021748229
1370312463699304454
1370316442810396676
1370320936549908481
1370321168549429250
1370321843681427458
1370325927234768897
1370332502594887686
1370333750098333704
1370339523188654085
1370341299820376064
1370341936993800193
1370348872145453056
1370416920961429515
1370426871301734403
1370429357039226881
1370436905633001477
1370443186246545409
1370448432851222533
1370496542906408960
1370510123760762884
1370172688837267456
1370237982595244033
1370265767141380099
1370268047991246848
1370274567961288710
1370278385226817538
1370280901674950657
1370284960100278272
1370297441736658946
1370300381293592577
1370305706398785536
1370309671047815168
1370328718158270465
1370332767024730115
1370334103678115849
1370339932326219779
1370365985920798729
1370389217633824775
1370412946040496129
1370416109128650755
1370465495741304834
1370475998240780292
1370479544398929926
1370498351192547333
1370506629037326338
1370181444174221312
1370182747847852033
1370190189306523648
1370201776524300293
1370257361244393473
1370260050766409734
1370268321518559241
1370275338601836546
1370282069968969733
1370283514554421252
1370289710166208517
1370293945343873024
1370298373333516289
1370302293468278786
1370302874924765184
1370305796366565381
1370306822859419648
1370310306128392194
1370310308078751746
1370312446947254273
1370316977089224706
1370319920932794370
1370324406589882368
1370326997960949763
1370335906746490883
1370338813738938496
1370340487522058247
1370344355748323332
1370344361754558470
1370346317113929728
1370346963422564353
1370347992658501635
1370354004010663937
1370357181476917249
1370362690837704705
1370391021897588738
1370404576407515140
1370427533699735553
1370434588619669509
1370441361149808645
1370441990874279941
1370455265787658241
1370489918032519169
1370510616704790536
1370167791660187656
1370171996487757832
1370225436479873026
1370230408537837569
1370230570320490499
1370254639438966787
1370263730307657732
1370270532353032193
1370285934957170688
1370288626853105664
1370299345724186625
1370304809442627589
1370323631226695683
1370328448468709377
1370328759434412033
1370338270324871168
1370339189707902980
1370340110231830533
1370348146459602944
1370351435511164930
1370395511048519683
1370398017371713541
1370398156433809418
1370456256780111877
1370471055882616834
1370472310063263747
1370475959393128456
1370504509722624003
1370509959721537537
1370178930087489542
1370187467660345344
1370197283061563395
1370212788627460096
1370213629224697857
1370253013785448451
1370276173666734082
1370280727846256644
1370296720232435713
1370301344079298561
1370302591385632771
1370307844562694146
1370317392216211460
1370319812912689157
1370320002184777728
1370321928171454466
1370328465262710788
1370331840452657156
1370332870930223105
1370343360976756738
1370343432779104261
1370351769528668160
1370394634317398020
1370407470166900744
1370414100061229065
1370416443465068550
1370423691780186113
1370441328845279232
1370448727903760395
1370510099375140864
1370183593968988160
1370197713875263490
1370203460734484482
1370243656217595907
1370263270947442691
1370273370047184897
1370285010092167172
1370292653875683337
1370298526442393601
1370299689199927299
1370302806331158528
1370305430010925059
1370306319475826689
1370310124179496960
1370314638521479168
1370321886459142144
1370326163583811584
1370326770403131395
1370331728565448705
1370337662251438080
1370343716435673088
1370349023232659456
1370355375711588366
1370375174403596288
1370382633578983425
1370385105206796299
1370391443563503629
1370407717861531648
1370407933956268037
1370418080090882048
1370419598433079297
1370426211671891969
1370436712464326661
1370477967160315908
1370505803896066049
1370508652986183682
1370516453145862144
1370192525823213570
1370196855125053446
1370200371038015496
1370201693779079171
1370210730688057350
1370225536929124354
1370230274571796481
1370257554236973056
1370279348373164032
1370283358291365888
1370283421646290952
1370288511170048002
1370288877274075136
1370294000897380354
1370297170138632192
1370306974814859268
1370307835922366464
1370307963139674113
1370309312023834630
1370309872198291459
1370312857758351361
1370333335180955650
1370336266575704064
1370344460857475072
1370346539630100484
1370350208631062531
1370352272283213827
1370354851931156480
1370358947740315649
1370365244757962752
1370373656463822848
1370407369117741056
1370408999519141889
1370411606253899778
1370423495826546691
1370453337313837057
1370454814472163330
1370504840493809684
1370162907229650949
1370166397863669764
1370174977807249410
1370195623450927110
1370245679906488320
1370255578535239682
1370257216633245697
1370259690647658499
1370263012569985025
1370272093691121666
1370272689903054849
1370275719549440001
1370280660670251008
1370287193227284483
1370288451539599361
1370289566528237569
1370290615917891584
1370294294041530373
1370302286057066498
1370303236360572931
1370303782819667968
1370306206410096643
1370306756933484544
1370312856533630979
1370313512552173568
1370320910704648194
1370320964462972929
1370326803752099840
1370327448764710912
1370327938776829954
1370328718564978690
1370328724416167942
1370330495377154051
1370332393723342848
1370332890563805187
1370333498490380291
1370334471984136192
1370334903439659009
1370336251782561793
1370345800161579009
1370347938933837830
1370348255675084800
1370360837924384768
1370361940669829122
1370374988289736706
1370380870620700679
1370380874055876613
1370383291157725192
1370385472246153220
1370409175658942466
1370409204159287303
1370410123949187073
1370411653691535360
1370414156088815629
1370419310443782151
1370422625244176386
1370427534245003269
1370450497937739778
1370450554221121542
1370457080709189636
1370505193016676358
1370507394283868165
1370509911923302400
1370199865297358852
1370200653251895300
1370205407654809605
1370245944487337988
1370255079081644034
1370258655921250307
1370258930102902785
1370259945967521793
1370266918070980608
1370274488881971200
1370274535300337671
1370280516608520194
1370290713594843141
1370291607212285953
1370293232953856003
1370299521419378691
1370300028007415811
1370304853071761411
1370306348588666883
1370312390617743360
1370315458189037573
1370318607213867012
1370320059143487488
1370324941967605760
1370325538812923906
1370326200372006913
1370327631447613441
1370328031315759104
1370329669686427649
1370331255158550534
1370331751898361857
1370335339139760135
1370335532568473601
1370336421282725893
1370336609355370497
1370339898083966976
1370340041478733827
1370344098440306691
1370345312112496640
1370348307705397249
1370351962659643405
1370359113625038848
1370360513314619393
1370363698943029249
1370376685900734472
1370387932117413894
1370389936843673601
1370391208871215110
1370396109256888328
1370399665238200320
1370401493787029514
1370408883618000896
1370409292042534919
1370410252361949189
1370410864398983178
1370413885552001033
1370421083631988739
1370427546899247105
1370430621034635264
1370431565558390788
1370431892374360067
1370461529129287686
1370495776909099009
1370501755495137281
1370182479861190661
1370186080889286658
1370201038045728771
1370204146150694917
1370235824286093312
1370236764024102914
1370245844809748482
1370259974438453249
1370263928161366017
1370267230005514240
1370268046271610881
1370282915146428419
1370290968092676101
1370290969162223618
1370296001240571905
1370297715930828800
1370297809669345285
1370299035899297796
1370299273275961350
1370299552591405056
1370299933807501313
1370301046346645504
1370303203464654849
1370305676984074250
1370305866671521799
1370307124857802753
1370307672361246722
1370307993846317059
1370308005674246147
1370308464342413314
1370313388019093509
1370314802355126272
1370318477421056001
1370319696348770304
1370320076247818240
1370325456470302720
1370325493422174216
1370325511965138944
1370326081694228483
1370327012045389829
1370331524306976769
1370332752164364292
1370342985389465602
1370343916575330305
1370344380024954880
1370344553736249346
1370344607461089284
1370345141806981122
1370347301399564292
1370347469737967621
1370347944294109188
1370349030836961281
1370350128368918530
1370350132647038980
1370350470158553089
1370369680079265792
1370371690438479872
1370375519548608514
1370379886473457672
1370398012145422342
1370403759864561668
1370403793175781377
1370404424569532419
1370410451763396613
1370411196592062468
1370423089012428803
1370428166087528450
1370432453207330818
1370439011790168071
1370440726203482114
1370445166490886147
1370451529505902598
1370459420522594307
1370470400413421569
1370470923808223235
1370495375665213442
1370510630088753155
1370170189866803204
1370174540375015426
1370237628533112834
1370260862804635650
1370262242344722436
1370269007908118529
1370269708465934337
1370270829993467904
1370275869776695297
1370283422900445184
1370286502152912896
1370287619372937217
1370295138963091460
1370295909989384194
1370297637556129792
1370297965240324098
1370298519509106697
1370302514852196355
1370303989678551042
1370309205840777218
1370309426339516416
1370309576806043650
1370312552085913607
1370313093310480386
1370313541127962634
1370314104431337475
1370314492677132291
1370314552638898177
1370317136611090437
1370318198378233862
1370318206867496962
1370318698259623937
1370318839452418048
1370319581928157184
1370320823102230529
1370321168444579841
1370321633886535682
1370321780133527553
1370324475355480064
1370327049714466818
1370327910129762304
1370330815968768007
1370331763726290945
1370339089669570561
1370339729527422977
1370341548748120064
1370348094777266179
1370348344527220736
1370348849672245248
1370349278447689729
1370350296635965444
1370353668973793283
1370358844031954946
1370361575572393987
1370362690778984454
1370367096316645376
1370368076609425410
1370368852492759045
1370370233618333699
1370381166059130883
1370382178748616704
1370389117708640263
1370390066837778433
1370391544629460995
1370401535369342979
1370404479435169794
1370406417757315072
1370406842220822528
1370407853769551873
1370409605570912260
1370411826974965761
1370412127639408645
1370413540784361472
1370414330831720451
1370423417506238469
1370426399555747843
1370431332183109633
1370437707822956550
1370439109249015808
1370461535244533760
1370463410945728513
1370484269206925315
1370500674346176512
1370502144063905796
1370512971923914753
1370513021970362371
1370170805443780609
1370186637167190018
