1374701279105097734
1374672596072009729
1374633781391396867
1374666913540870147
1374760430283919360
1374666744657240064
1374660812535566340
1374672693413416962
1374659454654939145
1374708844417445902
1374635411952271362
1374632073432952833
1374681771430797315
1374722404572876800
1374656799689834497
1374632329751183373
1374614266267983875
1374713566494855170
1374637287632420867
1374753082043723779
1374670571414388737
1374658720563625987
1374653722148634625
1374686412692393984
1374660538958016512
1374722884485181440
1374601856597569536
1374769489926053896
1374683243585363969
1374612258995703810
1374714969883807744
1374810054948446213
1374702618698678273
1374653665647157249
1374646734006149121
1374681728615378947
1374622160149434371
1374664732855173126
1374648121809063936
1374648272028073987
1374791814608252930
1374658512190636033
1374666124474847237
1374815267403018248
1374649092803022857
1374641648064466944
1374713968950935564
1374650732650053637
1374663199174299648
1374602403648045056
1374576751548973057
1374647468751794177
1374656874574925825
1374663420318978050
1374629231028809733
1374634131489980416
1374639381173141510
1374623065137688577
1374635711182344193
1374644328027545601
1374617739143286787
1374656817104572416
1374671934382866432
1374815730449932291
1374823833845301249
1374639353205428224
1374638115034390529
1374627716293660673
1374636839496130562
1374651480737734659
1374855708777275393
1374635110037880834
1374661391739727873
1374638739582971904
1374663486857486337
1374843396423090178
1374662236002779146
1374638261755330561
1374656435133485056
1374644029648998401
1374556576799854595
1374648625981181956
1374843587259731969
1374599509272104961
1374727622048018437
1374606842995879938
1374640128988213251
1374617546830274560
1374642068212088833
1374642633436434433
1374647190342270976
1374812200234274818
1374560241233330185
1374749161908756483
1374596540484964353
1374658505853054984
1374842183191253006
1374631066019975168
1374541475766226944
1374644243860484098
1374655618418683906
1374777821466402827
1374594046895689734
1374618827493892096
1374634394623819781
1374671184428687360
1374739895428743170
1374534391779749889
1374625699479293957
1374807062740369421
1374636840318345216
1374640951403118594
1374678562876309504
1374803917003980800
1374637830375403520
1374647178463952901
1374630930451730432
1374691116440813568
1374757336422752264
1374616507758620672
1374699728806494212
1374636578757341190
1374648522344120320
1374688449886818310
1374512790430314503
1374626055093424131
1374644073479467009
1374648338910433282
1374651472223346689
1374722327863255040
1374657768603389954
1374662810068738049
1374575215720550402
1374637380821512196
1374789866307870720
1374806509150953475
1374626310320918533
1374647547613089792
1374622935923757059
1374636403896823810
1374693704368279557
1374803873806835718
1374616790232367104
1374635557385596930
1374631763385942016
1374616977222864903
1374630364501614592
1374707981028360197
1374579224359673858
1374629145200766978
1374632011059638273
1374662537883615235
1374751359875096576
1374631232961662979
1374639654067187714
1374664341996367873
1374774071557292036
1374613850683801601
1374621981597908993
1374629183113072640
1374664124010000385
1374556985815928835
1374616029448568832
1374656044669022209
1374634850259456002
1374651497917640704
1374787516310642694
1374635407556628480
1374653871612657667
1374657813755084800
1374523860054200320
1374556576418238464
1374644014385881089
1374647550716829697
1374688053713850376
1374793635141713935
1374621911821484033
1374648979963703296
1374664812085583874
1374549025823756292
1374645969464213507
1374659665913643011
1374686913853018114
1374594323933663233
1374621648524083202
1374810750200336387
1374543482572972037
1374601066663268352
1374627459681951746
1374634094202548225
1374641604921856002
1374652109291978752
1374721485378572296
1374754182431977473
1374781879346470915
1374801464653193227
1374819417842929673
1374856814840406020
1374544103720038401
1374579307079630852
1374621652508626947
1374658247852982276
1374849508853620738
1374634723599921155
1374644433833066496
1374661992309522435
1374582927711952896
1374659875377135616
1374672112162586624
1374680291697160195
1374620954790354944
1374648987140173824
1374659469121060867
1374660475712122885
1374603209579319296
1374631212447305729
1374647242079010817
1374693806902292480
1374554058707456003
1374640228875571202
1374649560723771394
1374693018658295810
1374721534292598787
1374798168622256128
1374813274890399744
1374554416594964481
1374573599516987393
1374641177333485570
1374650897217814528
1374715642163642369
1374791126125789187
1374855044147855367
1374533674356604932
1374565099835383808
1374620351372652546
1374647147602317312
1374767973081116673
1374624133397512192
1374660193619968001
1374663158690811907
1374665537431744514
1374536945947136000
1374643970945454087
1374658481148551169
1374721611908186116
1374787137908924423
1374549025555410947
1374608427503194113
1374612259935297538
1374634206312198147
1374638377551675392
1374645864258473984
1374838435979145220
1374597846364721154
1374619973595840518
1374620763215437835
1374622426798161924
1374635741645574149
1374639100679061513
1374659977600757760
1374660610546339844
1374664302666395648
1374704882872168450
1374794189049839619
1374612443259936770
1374613043892588544
1374635034255183872
1374637530231021569
1374640249628942341
1374651007389564929
1374652833618857987
1374656314564042756
1374657229274673153
1374662624714055682
1374665019380613120
1374666046683049994
1374771642577137665
1374811059740151810
1374827183017955329
1374559727644987394
1374586680003420160
1374596826100285442
1374617404211355650
1374617986938634240
1374627759142670340
1374634754352558083
1374641280035266562
1374647268742160384
1374661055801143297
1374714346987732992
1374717019870928896
1374536233989312519
1374626770947821571
1374633151247622144
1374645847275810817
1374647215856177152
1374648057745321987
1374649581062004736
1374657049888448512
1374658562878795778
1374658613227175936
1374666488611794944
1374702532061200386
1374768252828708866
1374816504697487370
1374511277922476032
1374526557998440451
1374605599195938817
1374627573548867586
1374634215195734016
1374651614280171527
1374652234831650816
1374660786648408064
1374667263190695945
1374768703322079233
1374773383389413376
1374790613825167366
1374816736738967552
1374574356924399621
1374639424416415748
1374641421748158467
1374648911298695172
1374649562414059520
1374661977591717890
1374662646788669440
1374713094174351372
1374743014447452172
1374805718868533249
1374813957094055936
1374824645006856195
1374828289144061952
1374581000941023232
1374606880480370688
1374607661845520389
1374616908306124815
1374621108360654851
1374621342667005953
1374631450407018502
1374632074334863361
1374643007782322178
1374647172243849218
1374647912924381186
1374648188246835200
1374654626360868867
1374656789397004288
1374657440650821635
1374659048403046401
1374661082845999106
1374661956066553857
1374662271943598093
1374718099019198466
1374773394118430726
1374814525459943430
1374834434978021376
1374600748890210304
1374620705447350277
1374623698628575233
1374628364254842882
1374640155340980226
1374643332702474242
1374646347366813699
1374647176878387206
1374649755792510977
1374650092834205697
1374659354905952257
1374659660502990849
1374665643539234819
1374666822184747008
1374835459256377348
1374853532415746050
1374523859785846789
1374608780562944002
1374617280236109824
1374619180096454659
1374621073547923458
1374627817560928256
1374632688032825345
1374646310163390464
1374653058987167746
1374661109777633283
1374661444420169729
1374664119299805186
1374664310442635266
1374665921135058947
1374687191079780352
1374771193325178895
1374823922294722562
1374854510355566600
1374555316399050752
1374585902354345990
1374616232717074433
1374624906718146562
1374629114393546752
1374635971577315330
1374642642487758851
1374647446966517769
1374658496893906945
1374660009276157955
1374667892122345474
1374676242071482373
1374684779866636289
1374695327513640969
1374705011440152578
1374771532510138370
1374788412218212359
1374811060264431621
1374836770295189510
1374843983424184321
1374560527129665545
1374597409200861185
1374597503291686915
1374611940207685632
1374613123102076932
1374614033312145419
1374618046367694848
1374618193608708096
1374622101051674624
1374624286372200454
1374631413513850881
1374637863573262337
1374642795919605760
1374648213291069441
1374651840520929280
1374652283363991554
1374661334957195264
1374674136224653313
1374707314868023302
1374754759417167879
1374789846653341696
1374824597334458372
1374850954294669316
1374516813128593412
1374556701521772544
1374570799676452866
1374574303698640897
1374582206216110083
1374611417115033606
1374613056882421761
1374616789724893184
1374623141482356736
1374623487256576000
1374627079275343875
1374630663266168834
1374637751253921795
1374638330680315904
1374639760329875456
1374642494407913473
1374643026694434816
1374646511737397251
1374649047957581826
1374650947771588608
1374653968937259013
1374661411641688066
1374661938777624577
1374666316230049792
1374699124742877186
1374712772861235203
1374753693451620353
1374754794791825409
1374787928203919365
1374811256515923972
1374827297715466242
1374570275010928641
1374587064574959616
1374597463122792448
1374611503563874309
1374616200450293761
1374618285854093315
1374630960503865345
1374638380600938499
1374638643038593026
1374642139016093697
1374644278589337601
1374647487580024835
1374649404045586434
1374649498274775040
1374649799140646913
1374650771011166208
1374651277620183040
1374651341285511171
1374656980967645184
1374658877841629186
1374661116559826946
1374663825836929024
1374668897350221827
1374689954178207747
1374746683012186112
1374765361825001473
1374771234580353031
1374783552513044481
1374793219628748804
1374820817922449412
1374844878425886726
1374863493728501764
1374512370173669376
1374518511758761988
1374531409784696834
1374565888360321025
1374590380855943170
1374594164562796544
1374598346363535360
1374610387400851456
1374616974907514884
1374617929627619328
1374625041640349697
1374628454763786241
1374635001011142659
1374646417214570499
1374654206532067328
1374655512667623428
1374657033039929345
1374658149320429570
1374661939163455488
1374664161322487810
1374665921160224768
1374671787968069637
1374681387320610822
1374684921189519367
1374737473872400392
1374787411536973830
1374857650987491333
1374858572488601605
1374551956639911940
1374576628412653571
1374605157699358720
1374617632788336641
1374621146927263744
1374633357800312832
1374634804629635075
1374636592543973376
1374637418750619653
1374637609247473666
1374641585829376002
1374647842531315713
1374649677455458304
1374649799983702016
1374652205601599494
1374658279331274755
1374660230634745856
1374662666829099008
1374664805932527624
1374669262460178433
1374670703895662595
1374674023435669506
1374679853002264577
1374683827981975557
1374715892475555847
1374717862724710400
1374719651754688516
1374753015836651523
1374858470294441987
1374519750127054851
1374536312565460992
1374549447615610883
1374590575287078912
1374594996884635648
1374599523734020103
1374605648587943936
1374605854952030213
1374609448359100416
1374618552989327364
1374622648064385032
1374627248028987394
1374627882635563010
1374634948502642689
1374641670893998090
1374643900695068674
1374646134501736453
1374648956106502145
1374649084297027584
1374649261053390848
1374651889082642435
1374660146945736704
1374661408567214086
1374662726992195584
1374662903215878146
1374665153925505026
1374706254245994497
1374709183979925506
1374715946758254595
1374718508869812230
1374753215934255113
1374779910179467268
1374781930634371078
1374789295798640641
1374792045236252673
1374818177180401667
1374841920917282817
1374845374905614336
1374855849680764928
1374855998821830666
1374863227473944580
1374519794049818632
1374565383487688704
1374571675837169665
1374586791752269826
1374602542341062657
1374606958741880832
1374615790440353793
1374618245089665027
1374619181694484482
1374620429097242624
1374620456561573888
1374625008165785601
1374625109705682945
1374625412395974663
1374626736349048833
1374629940323319809
1374635502867976194
1374635536778985473
1374642400090525697
1374645045425537025
1374646220027748353
1374646970111905795
1374647623546765312
1374647847539388419
1374649749828157442
1374650050811420675
1374650358505541633
1374650612877512704
1374654629309517825
1374655745296240642
1374656308524224512
1374656734577451009
1374660525221670916
1374662805945774080
1374664094045904896
1374664492508909570
1374665819913879552
1374666031961145344
1374667234065448960
1374684921541787650
1374691621762174977
1374698461715660801
1374708783813947393
1374710340550791170
1374710975086145538
1374777681108156424
1374787392197046276
1374793076670136325
1374804585504776198
1374823330109349889
1374852532258942976
1374542394817937412
1374581741143298053
1374592112025559042
1374593125600092164
1374596013277732867
1374612085892603904
1374613204123455488
1374615883897843715
1374616698838474753
1374616986156679173
1374623493220929538
1374624482120335362
1374627313179107329
1374627675344498694
1374627891049283587
1374631111108743170
1374631163243945988
1374636782332088325
1374638529339392003
1374641082718420993
1374643002979856391
1374644689429741572
1374645873599201283
1374647523340656641
1374647866279526402
1374649864466862080
1374650816687177728
1374650877038972928
1374653732596686849
1374654042094366720
1374654955127197699
1374657491133464579
1374663326005923847
1374665311245438976
1374666500880142336
1374674399899553798
1374688097682722818
1374691581534597120
1374707060894535685
1374707327006171136
1374710063512887298
1374719015344562177
1374741479789318146
1374762720101302278
1374767184531062789
1374791425284509697
1374801657842782214
1374802907766398980
1374815650766589961
1374817044512788480
1374851295618666497
1374857939966644226
1374515356522356737
1374518312030273537
1374522903870414851
1374527517114044416
1374571728555421699
1374579534926917634
1374595569692336128
1374595756150116356
1374599136390053888
1374604151716462597
1374608264529338369
1374611102223503361
1374613312076414977
1374613597553369089
1374620202441306113
1374622088028381184
1374622491361087491
1374624342856830976
1374624401820430337
1374626442449932291
1374629862204399620
1374632155477852166
1374633357804453890
1374634121591455744
1374634141577318400
1374634173600837634
1374634387736829957
1374636910598094848
1374638006997557248
1374638055936593921
1374638470732378117
1374638505528340482
1374641185130680321
1374642910625370112
1374644178756460544
1374645657500270592
1374645795383865347
1374646860527374337
1374646971911274498
1374647761983971328
1374647811069853696
1374647834625052673
1374649824172253187
1374651980040310787
1374654999045754885
1374655579025735680
1374656973845716992
1374657175541444616
1374657238665625601
1374657655415922689
1374660319663038466
1374660599737630724
1374660613088149505
1374660804969123840
1374661679951220738
1374661794002784257
1374662020021239809
1374662903660482560
1374663809160392706
1374664164002652162
1374664224039960582
1374664925596037123
1374666388875399179
1374668222155341825
1374668883668373504
1374670295924142082
1374671374241894402
1374673010964238336
1374693540970827778
1374697000764051460
1374707573778173958
1374710059968688130
1374718462090743817
1374748466669314049
1374754052479799303
1374761311599480838
1374762715240075266
1374768797933051905
1374784804298842114
1374807260770279430
1374818303420596229
1374824025751453697
1374858565123403777
1374860707372613651
1374512957518876672
1374556776348196867
1374565891178958860
1374571676713709573
1374571820502892544
1374579458217238531
1374584761189072897
1374589531249332225
1374599709453647879
1374602476851183621
1374605242612862977
1374606966136377346
1374612724127256578
1374613193419546625
1374613737613754375
1374614239604772865
1374614438477709318
1374617774803316736
1374618037819686915
1374619862526492674
1374621400011509762
1374623223237709831
1374624678409568261
1374631175755608065
1374631976469024769
1374632216052039681
1374632733239042048
1374633816573239296
1374634282728177666
1374634351397380103
1374634490614661122
1374637528922349569
1374638268474658817
1374639008588963844
1374640759132016640
1374640853432602624
1374642301713018880
1374642310814793729
1374642886009098240
1374643023477346305
1374643565851250692
1374644846825238530
1374647028203069441
1374647894540750848
1374648843317428225
1374649421116411905
1374649517933481985
1374649523461570560
1374650301563740161
1374650630330015745
1374651014524067842
1374652780179243010
1374653941586231296
1374654969249460224
1374655023297261568
1374655366764638209
1374655980353503236
1374657168847290372
1374657407494799367
1374658725261279233
1374659426662105092
1374659890547982337
1374662251433623564
1374662898514075648
1374663348143460352
1374665081498308609
1374665172338507776
1374666011811708931
1374666680195018753
1374694703954726914
1374696939166502919
1374708302911782921
1374710994543476743
1374711982834790406
1374717998473306118
1374721472481087489
1374751839384707079
1374763779049857033
1374776503754489861
1374778424905043968
1374778552260960260
1374779118055723011
1374797032309854217
1374797731387080710
1374808247618711552
1374822733536710663
1374823425571717140
1374847078665482242
1374854822248206344
1374856543091449863
1374856794237976584
1374861299570548739
1374863606244913155
1374865671813746694
1374516676021002240
1374529306135719939
1374533292704157697
1374545548502392839
1374552287826284547
1374560320216268800
1374562745304166402
1374573342255161346
1374583305732026369
1374583492948979713
1374585408298774533
1374592821089370118
1374595004287610884
1374595429707489281
1374596132001751040
1374598586193870849
1374600956084621315
1374607725657751552
1374608740171841537
1374609940615151625
1374612640627052544
1374613264458469376
1374613297094406144
1374613297404723202
1374614503791398915
1374616053662294022
1374616053867745283
1374616769709666304
1374617084039208960
1374618858804350979
1374619611853905922
1374622746555076609
1374625354300657665
1374626185754382339
1374627039601336322
1374627618603945989
1374629556246605829
1374631448817319938
1374631519743004673
1374631993363816453
1374632651890561027
1374633386967502851
1374634374088511491
1374634601394663425
1374638288426926082
1374638812643594240
1374640633844011009
1374640815981658113
1374641132387336193
1374641213450694657
1374641664233455616
1374641989531144192
1374642139167080448
1374643507726520321
1374644623486902272
1374644759684386818
1374645283104100357
1374646014989242375
1374646459283439616
1374647498443218944
1374648457391181825
1374648933830508545
1374649380863623170
1374649958578728961
1374650942264578053
1374650977299615744
1374651655438938114
1374654190203592706
1374654928673705988
1374654997082824706
1374658593660809218
1374659731982258176
1374662123121303552
1374663456603959298
1374664659563864064
1374664717042655237
1374665885986738180
1374669992382320642
1374675412379394050
1374679141237321734
1374679148552065026
1374681047804358660
1374691303741485065
1374692313495003141
1374692430461669377
1374697200995958784
1374706521540591617
1374720799026905089
1374723393652658176
1374730495985131523
1374753006894321665
1374756708912926721
1374764491607572484
1374779480695312391
1374780551177990153
1374787285238091779
1374793270983860233
1374798694697033736
1374820441450242048
1374826127244455937
1374837516755419139
1374843742184734721
1374847240582225924
1374859502089080834
1374511590750388228
1374514905760493568
1374528181550542848
1374529659803635720
1374534514710560770
1374537457824374786
1374556576065888256
1374562792959836161
1374574943493586944
1374581803957284867
1374594075291172866
1374601879112519680
1374609683097518081
1374610773113241601
1374611205332078592
1374611795583832064
1374612232215138304
1374612845397164032
1374613778801778690
1374615556846981120
1374617110043893763
1374618078772928515
1374618583314075649
