1362017703737790467
1361940683163119616
1362093532887060480
1361989822886346761
1361886910508105728
1361964721910513664
1361990838444843010
1362107557888811013
1361981480533184515
1361930424474357760
1361927345083453445
1361872894041743360
1362077349727137793
1361871361904316416
1362087180907200512
1362007580915171336
1362095290216570883
1361890086464352257
1361932038056652801
1361928563151294465
1361909325455851520
1362162625652654081
1362030102620614660
1361860237947514882
1361927049179504640
1361928552636166154
1361931849505910789
1361927478349078531
1361952616679419905
1361915272655872003
1361931989570510849
1362134381138182145
1361901073879949313
1361913645920378881
1361927473882161157
1362050076764475393
1361948932763492352
1362057686976724992
1361980857964253186
1361932554698444801
1361937372301189122
1362030727223721988
1361966056567357443
1362103701561880581
1361951353749319683
1361872831693410304
1361963601607688192
1361857900948299776
1362128213711998978
1362153417825804297
1362163323287011330
1362049473208328193
1361954877631520769
1361930781220823040
1361945183269638144
1361956550617665537
1361976386089586689
1361961423417585666
1361953771807535105
1361981874718052353
1361939498679099392
1362066861261742086
1361915173573951489
1361940579018563585
1361840940990803970
1361886223531462657
1361933732966449155
1362031609344573444
1361963596868018177
1361985964214747137
1362080691920523269
1361877040702631937
1362097266157379584
1361838835936673794
1361972175188746242
1361854792440627201
1362082615818346502
1362144936641110021
1361903200966569988
1361953086277877762
1361940156329193472
1361933875883225095
1361937172878794753
1361951625674436609
1361873429243265024
1361928379587563520
1361932548251807744
1361959034799194114
1362007385464832011
1361830398922211328
1361850557011546114
1361909618428018689
1362090885693988867
1361943038873006080
1361935199236407297
1361960311297888257
1362053345779855366
1362085111068557313
1362096685871214596
1362106319378001924
1361977369926459395
1361905437973577730
1361947907713363978
1362174996802457600
1361954593962344451
1362119625081643009
1361951762819727361
1361960503615094791
1361946851247816707
1361958259024887808
1361932793966718978
1361955229433024513
1361852786133118980
1361933401796788224
1362123044806918144
1361913280722305029
1362145408550641664
1361865707449946121
1361903410354606081
1361905288354357248
1361965489820479488
1361851803453845507
1361885456225468422
1361969133387206656
1361898251226669058
1361984969585885185
1362003994588151809
1361840674472099841
1361889181862154245
1361995376434282595
1362085482495148037
1361926933152489481
1361935095909797889
1361951053210648577
1361989961713614855
1361959963044814851
1361996865277952008
1361925320908156929
1361933403793149956
1361971577479434241
1362006169007620104
1362174993468035075
1361944905623478273
1361957284155424768
1361972470660665348
1361926835408416770
1361998376347332608
1362136889461997569
1362160278482407425
1361844303761408000
1361866326835404807
1361903004992102401
1361932565775585280
1362018080449249280
1362079171179077634
1361834974618468362
1361897607619092480
1362058501703499786
1362098123129163777
1362112075410124803
1362114912051470338
1361918912301068289
1361951923251933189
1361976864504487938
1362023298306088961
1362062861892259840
1361859760514097155
1361904723889070082
1361923858106904576
1361928568092164099
1362002781209432067
1362164655335104513
1361843474170019848
1361927986291892224
1361941773673762825
1361960533516316672
1361994321952710657
1362041290230288393
1362092257457950721
1361828110258352129
1361861073247350784
1361872690613731334
1361877916053815298
1361882844986044417
1361926878580326402
1361931888521326592
1362038585520754690
1362135002490822657
1362166233903341569
1361867710142025728
1361902783499292672
1361938687307575297
1361968468590002178
1362073600002514945
1362127278998700032
1362148296228233216
1361831558106279940
1361838363788140545
1361852642444648450
1361904094269607936
1361937076254572545
1361984263231537155
1362087171767812101
1361865412363886592
1361920825788628992
1361958400712724481
1361987775944404995
1361988466360352769
1361992628229857282
1362114407686426627
1362139758059606019
1361849177593044993
1361872780392861700
1361880109922271233
1361933451876847616
1361936304058081283
1361945115154128900
1362047881553850378
1362056375610732546
1362089476382687233
1361828821901705217
1361829863641001991
1361833174423199747
1361863673812307968
1361865402691764224
1361867949498396683
1361906473706618885
1361918298334593026
1361933124444303362
1361952139938045952
1361968611754139654
1361976524853940224
1361983966228676613
1362020225508638721
1362133263532367887
1362180092600942592
1361864145315000323
1361894479393918976
1361938691166527491
1361990203360112641
1361995913913372688
1362010043277795328
1362098035178827781
1362139276889194499
1362156116000600065
1362180526417698818
1361842802217283585
1361842864767066114
1361853752676937731
1361873156827406347
1361892452077096961
1361893636208746497
1361903450846502912
1361924257287127043
1361961583849611268
1361964975296831495
1361966113458954241
1361975848308457474
1362009707272155136
1361849816637145095
1361852432381337605
1361860517049073669
1361897691987468289
1361897940386742274
1361900692739411971
1361922073254375429
1361930133423144965
1361932706989432833
1361955776747741184
1361957615551602689
1361959377218007041
1361996835615825923
1362005120599302153
1362005487202553863
1362081754828468226
1362175597670256641
1361836538162778115
1361837593357352962
1361857900361043968
1361860867650945030
1361866731388551169
1361867595524227073
1361901103063961601
1361909927418167296
1361912779020599296
1361939308358356992
1361940007632699393
1361955204481097728
1361968555353341954
1361971129863315460
1361985944434470913
1361998966527823876
1362161388022554633
1361828097998249984
1361838213971738624
1361852141825110017
1361852658844327941
1361862933777506311
1361865753276813314
1361876563487260675
1361888101367447555
1361901880922750980
1361914229398401024
1361924162504298498
1361925765609234432
1361939153806643203
1361982174736621569
1361991569595920386
1361993118795649024
1361999209700982785
1362166064839278592
1361840241708048385
1361860417044189187
1361866242014011392
1361874943076524036
1361916109461594113
1361953259066433541
1362005089003667459
1362006169649348610
1362095717544681475
1362132456552493061
1362173473125249026
1361836509792526337
1361903047341977600
1361930578384289794
1361937789093359617
1361938409888112641
1361956635233705984
1361958311000760320
1361995517916549121
1362007351696494592
1362032410184060930
1362047932770488324
1362077101101355011
1362122360606883846
1361829264191070215
1361854377372377088
1361865223058186241
1361868181351133186
1361886324136022016
1361892134824116224
1361895932430811136
1361897965091192834
1361935824015745024
1361936751535734784
1361939083111657472
1361940354287738881
1361964548471816193
1361992675273113603
1362020304571219971
1362030403574464513
1362031883069116420
1362075838091526145
1362077824522326021
1362129117655822341
1362130950218465284
1362140380188262402
1362153436691771412
1361832885251158016
1361837767655792643
1361842921260130305
1361843737110978560
1361865263977795589
1361865451974795265
1361866329091936257
1361873869682917378
1361900428334669826
1361918138858811393
1361923116906258437
1361965761556791302
1361969312370724868
1361984651997310980
1362105096281153537
1362126248835772420
1362141747833430024
1362154658379296773
1362177613347885061
1362180412546510848
1361831961778651149
1361838862042071041
1361850573126062083
1361861675326967810
1361896634561531909
1361911699608137728
1361916765912113152
1361920607328342016
1361924560476647424
1361930881372413955
1361932602920304640
1361935209411788800
1361935613419732992
1361937928264548355
1361978963724222465
1361980751672209408
1361993422584901633
1362024823992500231
1362057991588085766
1362061064616173572
1362062605733494792
1362115949244141574
1362152234335764484
1362180948813578240
1361828073335902208
1361829932683452416
1361834014697529349
1361835275031347205
1361836024624795648
1361837767852924928
1361841462036553728
1361865450892705793
1361867179952640002
1361870817471172608
1361873939623010307
1361875593680273411
1361889193467740160
1361899666401542145
1361903954183905280
1361908194407305216
1361908237491175424
1361910915067744256
1361920958429282304
1361928119829950466
1361931749949923328
1361936756455714819
1361937844529475584
1361940220455878656
1361940444523814914
1361945472135528448
1361951003797565443
1361951565125480448
1361953531087835138
1361953876501553152
1361959775685275651
1361970847280463872
1361975278927511554
1361992607581294592
1362009748242116611
1362015402642046981
1362120546188730376
1362120774186905601
1362123392573440007
1362153636789444618
1362158615365312519
1362168073592135697
1361827897716203520
1361828130202222599
1361833392514469889
1361837593487360005
1361845392455962625
1361853527480532994
1361857957361823745
1361875870957391872
1361882770297995266
1361884705017257987
1361900419061022724
1361904424164204545
1361908735291973633
1361911430480543744
1361911859461382144
1361914988487712775
1361916973379108873
1361922383590940674
1361925492182577153
1361933401129816064
1361933719683141633
1361935254991339520
1361936058066341898
1361936501500760064
1361938582252969984
1361948111090946048
1361948435931406342
1361951540123217926
1361956492031705089
1361959820539101185
1361965812706377728
1361968426537861121
1361978594596126725
1361979216753881088
1361993838957649922
1362005758318174210
1362012534828580865
1362018350990245891
1362039102347083782
1362065723661692929
1362082210178809862
1362082277702983681
1362124658347290635
1362127540299722754
1362144539406856192
1362161500383817733
1362167592836816897
1362179700471300097
1361831140101922817
1361833227573411841
1361835903333859329
1361838397543833603
1361838951745675272
1361839915819028492
1361851625774669826
1361852642994122754
1361862191880810498
1361867967043002368
1361868268471005195
1361869928526188551
1361870134453878791
1361873343050309632
1361884868079198209
1361886087824756744
1361902775169392641
1361910632426180608
1361910851423330306
1361914523498606594
1361917829205917697
1361925622453456896
1361933506436300803
1361937676153344003
1361939003713482752
1361946786903044098
1361948276828876800
1361952211924905989
1361954449279787008
1361978725475172353
1361992336314675202
1361998236169437191
1362001349525843971
1362002225397194753
1362014501281943555
1362047658739847170
1362048990154526722
1362050176077230081
1362066651970174976
1362083550397423618
1362118531194773505
1362141164850319362
1362174993572847618
1361828306170036225
1361828983923474432
1361831476321538052
1361832655441039361
1361834017750925313
1361838673701072898
1361841102215671810
1361851539204227077
1361855147702386690
1361870029566926849
1361871720613896192
1361873209327517696
1361876657309577232
1361879611001479168
1361890269872803846
1361892571237203970
1361902173240651776
1361903681004789763
1361905932356173826
1361911683208384512
1361918798782230528
1361922273431736320
1361927856222257154
1361931907739582464
1361933554654019585
1361935916860899330
1361935950818009091
1361937374046007303
1361938091699826689
1361939116368293888
1361940246947069955
1361942398415290370
1361954901572653057
1361956127760674821
1361956327015260162
1361964801455513601
1361965249201459210
1361971180673110017
1361974981459120130
1361998601552076803
1362000506844045312
1362006523002687490
1362013984199745537
1362020594993278978
1362025626425847812
1362042914633895938
1362071055360167937
1362078158913159170
1362078778248355846
1362089895972511748
1362112689355563022
1362138774373863431
1362151906781577219
1362166368259502086
1361831476514353154
1361861675301953541
1361867087036227586
1361867689476689921
1361872874479505408
1361873034219520005
1361873660424912897
1361878033364258817
1361878095196794880
1361878829241929734
1361881906694995969
1361882810072633347
1361890041434357764
1361890938214350850
1361894234698170370
1361895354690658308
1361896905891061760
1361897010446667776
1361899423933071363
1361905775011131393
1361907104265732096
1361913838455635971
1361917028798517248
1361919091741761540
1361923351510474753
1361923834933297153
1361924703426805760
1361935575780118528
1361935675084267521
1361935757984817158
1361940163249774594
1361949358686674944
1361951847091740674
1361959587566522370
1361970366646808578
1361972593197281281
1361974376711806978
1361979971468689410
1361982780872273922
1361983258888728580
1361988304426704899
1362000550649282562
1362002534529957888
1362008047162392577
1362009923543048195
1362013149210238976
1362013985437007873
1362015752233103360
1362061139706867713
1362072061842137090
1362074811422437378
1362101202289373190
1362120862527324161
1362126104060973057
1362133467136368641
1362136234483662851
1362140978308673544
1362151575746142208
1362165623472668674
1362168910519369730
1362175358037086210
1361828762636201984
1361829691888459776
1361842945838702594
1361843323460280323
1361846270290190337
1361851238539812866
1361852198452424706
1361853674583175168
1361857059579396098
1361872654525997057
1361874455841144845
1361888099744313345
1361888100562001921
1361894178343571458
1361894856348610561
1361896819782004739
1361898422987595776
1361902415629459456
1361906973822889985
1361907445740797952
1361909114125905921
1361912355618254848
1361916057297051648
1361916347475763200
1361916898951184386
1361918328923643909
1361918434754371586
1361919008769998848
1361922222726787074
1361922740320677889
1361924178530729985
1361925303292026881
1361929285657911298
1361931791951609856
1361932357968748546
1361933403893956611
1361938693485973505
1361943097857306624
1361943588238680065
1361948464519774208
1361950427793752065
1361951192557961216
1361955777179754496
1361958563757707264
1361973524399849473
1361977707509219330
1361982498994073603
1361986916141400065
1361993031835131905
1361994887646838786
1361999018528813057
1361999291959623684
1362000353936478212
1362002538325831680
1362006368157327360
1362007573990436868
1362007931668082695
1362007989239095297
1362014705259343873
1362018709016109059
1362042883935662083
1362055675828965379
1362057041242689545
1362077787356606464
1362080841334153218
1362083509758738434
1362095605804326912
1362105117177241601
1362107085744390147
1362108339317055490
1362108702728290310
1362119096758853632
1362119126559383554
1362122143111159809
1362133981177724929
1362135156694384646
1362140349326622720
1362142065589706752
1361830344824152066
1361831476346642433
1361836138042961921
1361838270582259713
1361839887025070081
1361840107859423234
1361841802261770241
1361842804293525508
1361844810978574341
1361873008323878913
1361878716914282497
1361881890643464192
1361885970715541506
1361889668195827712
1361902926877319172
1361903198848487427
1361903569788674048
1361904632042295296
1361907318640803841
1361911598433107969
1361915740765495296
1361919770828959745
1361921056596918276
1361925257804840961
1361925403363987456
1361927107056701442
1361927169803505667
1361929623076937731
1361930363745030147
1361930611141844992
1361933403008888834
1361934205891051520
1361934924509495297
1361935601495404546
1361935742893756417
1361936386627149827
1361936635785543682
1361937628128501761
1361939653444722688
1361939967652560899
1361945353189212160
1361948651594141697
1361949486738735106
1361952046342164483
1361953027792461825
1361953285842763780
1361956052972040192
1361961679890894848
1361962473037979651
1361964985790976000
1361966457316343809
1361971225082400773
1361975751994732544
1361976241511890944
1361978697100656640
1361979059140517890
1361979452587204608
1361980597061750787
1361983601722687488
1361991476973035524
1361997698308669440
1362001309478645760
1362002952366489602
1362004486173122565
1362007625995583490
1362009440875130883
1362024027573923842
1362026069281374212
1362034730548486144
1362040651261612032
1362081210017660929
1362091610532679684
1362095221283188738
1362100471578710016
1362102009382506497
1362106501616271362
1362110950984343554
1362111389930815488
1362138510141054976
1362154285354655745
1362167440663281664
1362168588145156099
1362174236316565509
1362181844507254784
1361827706329993216
1361828144131563529
1361828428438269960
1361834150458720259
1361835180663660544
1361835461241618434
1361839483528884226
1361840650648453120
1361844063276777475
1361846527350747137
1361852916676591618
1361853266754166785
1361859001374408706
1361860515367124994
1361867338086297604
1361869225170763779
1361874867268816903
1361879307468103686
1361880985382567939
1361886414732992512
1361891385947865088
1361895699181363202
1361897913979457536
1361898150429130752
1361900591698608130
1361903205135900674
1361903890619396097
1361909233726459904
1361909460864794624
1361910497034047488
1361910633374048257
1361911432196087809
1361911558553538567
1361915788215668738
1361916154957209605
1361916419408076805
1361917231765028873
1361919053858799616
1361919101233471489
1361920667990515712
1361920829311897602
1361922518018318339
1361922973305823234
1361923757305118720
1361924121320251398
1361926645700059137
1361927027599761409
1361927388087615492
1361928104512532481
1361928953552908289
1361930726111928320
1361931264316633089
1361933658152726534
1361934099733225473
1361934695462809600
1361935352097890304
1361936863834083340
1361937172702535691
1361937486948270082
1361937663167782915
1361938829431693312
1361941430541946883
1361944576718761989
1361946651821244416
1361947887534542852
1361949010114805761
1361950741859078144
1361951014073499653
1361952322184699908
1361952591496818688
1361954932077772801
1361966656025743361
1361968012211929088
1361970298669703168
1361976257534124033
1361990708631060488
1361990762125213703
1361992612723499008
1361994151949172736
1362002771248046080
1362020061788196869
1362031206473342979
1362031641951092736
1362031682937839621
1362038758313459714
1362063755111260163
1362065541519785985
1362081905945047043
1362085661252157445
1362094001390764040
1362111928819208200
1362135146154049540
1362135238089068545
1362135744979095553
1362136053516296197
1362137300528947206
1362139916579274755
1362144758718754816
1362150091667161090
1362152487453655042
1362153546737672195
1362156510730719233
1362167873695850496
1362180090365440006
1361828140587311109
1361828516153733121
1361829701313056771
1361830218034462721
1361830927371038720
1361831160360407043
1361831485972578306
1361832545181196291
1361832979413291014
1361833129460305921
1361833879900999680
1361834389034926082
1361834666718859266
1361835761268633607
1361837462893518851
1361838271299543042
1361838855566024707
1361841530194038784
1361842802984849413
1361845385438838784
1361847463531991041
1361850350685233152
1361852637298180097
1361853033244626946
1361853765897359363
1361855167876980737
1361860822704791555
1361862377038245890
1361863346216181764
1361867130363408384
1361868784886235136
1361869167109013514
1361869701354295296
1361874308184834052
1361876065531158535
1361881549541683200
1361885572797763585
1361887243196108803
1361892590065504257
1361893236088963075
1361893390347087872
1361893516318826497
1361894087465525248
1361894518686158850
1361897015182000129
1361900073848877058
1361903201851613186
1361903258374201344
1361906512898187265
1361907081029189634
1361908009526562819
1361909607002759168
1361910024205979648
1361912946201403396
1361913265425539073
1361913902909575168
1361915804070141953
1361916651416002561
1361918188250750977
1361919223208030208
1361920175734484993
1361920502982447106
1361920594141405186
1361921263187480576
1361921627231899648
1361921741828853761
1361921941821673473
1361922336828620800
1361922487613857794
1361923632814051328
1361924688625217536
1361925189097955328
1361927289441837057
1361927894281433088
1361928732408242179
1361928755799818241
1361928785386422272
1361928937132199937
1361929430201991168
1361929467732643841
1361929592378961920
1361929622909296640
1361931091985264643
1361931384672116736
