1361487962760904706
1361655315939414018
1361651151951773698
1361584469082308610
1361478696712998914
1361620662624940038
1361714622039011329
1361581235588501504
1361766376512315395
1361679263334817792
1361617790613024769
1361747680280666114
1361735045514420237
1361666228507525123
1361810431908659204
1361706959997698050
1361646008191623169
1361602845640916993
1361482428892778497
1361501323603116035
1361750202349158402
1361716652048609284
1361717333417463813
1361480332294443008
1361684972898295818
1361471554031386626
1361475427848638465
1361811185578999810
1361548627114668032
1361589823086157824
1361794070641803273
1361666301232640007
1361748662536335360
1361574080160366592
1361465314173718528
1361804404500946951
1361780453213110281
1361782408647909376
1361655479852744706
1361658211472916484
1361805053003259909
1361639114345439232
1361751743760113665
1361567619099353088
1361576368488775680
1361600714124840972
1361490274476838913
1361688118659846145
1361550342970880002
1361760011865702400
1361584311636537344
1361608390049476608
1361721002661736454
1361489251842596865
1361569494339121156
1361473243853520899
1361611430382944256
1361664202549649412
1361753691217420288
1361551915344142336
1361605734358802435
1361542702404362240
1361792478689583109
1361597869690658819
1361572428296650753
1361618280939741184
1361810335947177985
1361558060381175809
1361582225364574208
1361666784747790341
1361688423589896193
1361743233500463110
1361813208873500676
1361601217256976386
1361753716391636999
1361807892735811590
1361529746291642368
1361582613983600643
1361596664415465472
1361503323187216384
1361657885034483713
1361739603502317575
1361759191900295172
1361661715495194625
1361805963779575816
1361584509947412481
1361628719832592388
1361540804465090561
1361616068549181440
1361761451871006722
1361775920969887746
1361781339465334785
1361474104294047744
1361531612081623040
1361549387797831681
1361744013347332097
1361477863594209284
1361540813180796928
1361558122872135683
1361704369587183620
1361803455560617987
1361501048997871616
1361572268653092867
1361744957711736834
1361776288529338368
1361814133717540871
1361473870017032192
1361483030939000833
1361793487188934661
1361796913788575755
1361495515477630979
1361561230960386049
1361570438556573696
1361800019234480133
1361803661576458243
1361469470682865669
1361603144539648001
1361706354705125380
1361724325599080450
1361782408048046080
1361466797048872961
1361472863287447553
1361548571640791043
1361584239251234822
1361626229066129408
1361628041265438723
1361671968597176323
1361729399033389064
1361746171736260610
1361484951930236929
1361603066911457284
1361624125450694656
1361751970361540618
1361780383776452608
1361533398280462339
1361594433570041856
1361606782548852743
1361609946643767298
1361613482639167489
1361748223786967046
1361758051695554560
1361487910030217218
1361576070047236098
1361582258461806608
1361746066278912003
1361758088546709516
1361783629018464256
1361472395060592641
1361476729412403200
1361500545752698880
1361555953980764160
1361607432846344193
1361757186712608770
1361776880165277696
1361470805364903941
1361474968215834625
1361480400749658114
1361584647386378240
1361608242984607744
1361610074523918340
1361637217865728001
1361641398689292297
1361734588041744386
1361760247405240327
1361776369089343496
1361818163873202177
1361480680769740805
1361512737986215937
1361529311283585027
1361542505725067267
1361549902011072514
1361558577714987010
1361588639587700736
1361592344072585217
1361648622304186370
1361703618479587332
1361722339151540224
1361480464138203138
1361483610893611008
1361563460195164160
1361581317700390915
1361745538203402242
1361753088080633858
1361783120241057792
1361817894481506312
1361481786782609408
1361493028830117891
1361587962702688257
1361595221000216578
1361636102336036865
1361695417919041538
1361722014872989696
1361781744547020804
1361811168084525066
1361812040600457221
1361477480452923393
1361484198343823370
1361487827490516993
1361488033678168069
1361557941095178242
1361558427059638278
1361561581306396675
1361572447007424512
1361575676122460166
1361582270902059008
1361591201577713665
1361613352578015232
1361810032594219010
1361468721282363393
1361482844900622340
1361484242316898308
1361489253159567360
1361542792904921090
1361565159924375554
1361569465045934080
1361571713671188480
1361573332718616576
1361578280357294082
1361600995575365632
1361679189938741252
1361698536535052289
1361725117076676609
1361752016364724228
1361759465176002570
1361775114342260745
1361777615036628995
1361787874832764931
1361817826181472257
1361465631007211522
1361469088325722118
1361473066237382659
1361485921980456961
1361510613193617412
1361518163314110466
1361552137122164737
1361574065987846145
1361576971361206272
1361577451533590530
1361596242581745667
1361607905108230145
1361609228071362560
1361667780827881472
1361689188014436353
1361729071680520195
1361739203646791680
1361746362229026818
1361764880282484746
1361812357639528451
1361469460595507201
1361478550138871811
1361481992970330115
1361485881736126467
1361513694799273984
1361525602835181568
1361545752661606403
1361580448112119809
1361582260701470726
1361591081696116739
1361607672915779587
1361617370654126082
1361626554497961987
1361631756701548547
1361689672557203459
1361708698800947205
1361726884925571072
1361726948444143616
1361731738800644107
1361731885626494987
1361750253607804931
1361771323387752458
1361801277710065666
1361810524569231375
1361812359535333378
1361818080163340302
1361465574035972098
1361465996171689993
1361467714523471875
1361473423906656264
1361478902145777666
1361479042885693443
1361487334819188737
1361487962786000900
1361545421986934785
1361560398659485706
1361565253365071873
1361571107522940928
1361585431377309697
1361586110875500547
1361593557958733824
1361598681355550723
1361598846619549696
1361601596052951040
1361646510568480769
1361670710167556096
1361746349746753539
1361748212856610818
1361773188204670977
1361774435481575431
1361818154830299142
1361818494896078855
1361469169494024193
1361470477986750467
1361480480764346377
1361486194392064001
1361517626913087489
1361518907824177152
1361528401090248705
1361539081512112128
1361544118011387906
1361552559211753478
1361563625480192001
1361574397241393154
1361574526895738881
1361579093934899202
1361581254588661761
1361592529041444864
1361597958987407363
1361609209226407938
1361620222835318790
1361666714111533062
1361668905257766916
1361673819803553795
1361710359908937729
1361713134776508416
1361714907515932672
1361742950330486785
1361747342769205249
1361774385498124288
1361785800430608389
1361469081044541450
1361471698101485573
1361478214762328064
1361481563742085121
1361481769913114625
1361483035309408256
1361484620148129793
1361486784358678529
1361487095974535168
1361519895515660288
1361523194964942851
1361533261445390340
1361538917648990212
1361543859461840896
1361561626466516994
1361566226795945984
1361568996798074882
1361570500313497601
1361573012416389121
1361575169920274433
1361579893373480963
1361580755617513472
1361583275895103490
1361585057790644225
1361585495722065921
1361596826235916288
1361596877356077056
1361600899018334208
1361607518728949769
1361643961220227076
1361690179606560775
1361692037687480320
1361736255835365377
1361736443631198215
1361754252985647107
1361784230875983874
1361806496976297985
1361810534933422087
1361472864138919937
1361474581060595714
1361478203207012353
1361484098993328128
1361484134779138054
1361490982731190273
1361494254321885186
1361500548793438209
1361500731065442307
1361503817469059074
1361518161732857859
1361521936682151944
1361531102972755969
1361544586070384646
1361548360692465665
1361553257903116289
1361560512459399168
1361562832937111552
1361571421751762946
1361573479020167169
1361576688036032512
1361580278632902665
1361588303070380034
1361590761234575362
1361591711286366211
1361602471127363584
1361603616461701121
1361605134611013632
1361605709616537600
1361606538419466241
1361616687116791810
1361619004180332546
1361623035174924288
1361690665743187969
1361693977871851520
1361719936746455043
1361722078471290883
1361725780032704526
1361738024791457792
1361745912901509120
1361772366037209092
1361772642097897477
1361779061924757508
1361794558242209800
1361796048734343169
1361801294361550848
1361807892232421376
1361809330454990848
1361812628008538113
1361466618417659906
1361472087651713024
1361474424403333120
1361475243810967553
1361485926594183170
1361488227799023620
1361508758220898313
1361520687865806850
1361537637606174720
1361538124468416515
1361546359313231873
1361554924862115841
1361558217852125187
1361559104532135936
1361560439864373249
1361560640964460548
1361561309733617664
1361564346246135809
1361570907068727296
1361576818051063809
1361577191826477056
1361579486068822017
1361586682961747979
1361600606943723521
1361602667571802114
1361608324882530307
1361615386505064452
1361617567199199233
1361660539164893187
1361668164145340420
1361689339957248005
1361692073242615808
1361705525214384129
1361717642264985604
1361717837606363149
1361717899254239236
1361721606805069832
1361724521607286785
1361724754177253376
1361725180024934400
1361726019229646849
1361730177194147840
1361730345935265796
1361732161934614536
1361740798002421768
1361743396038189057
1361753226366889985
1361766015655419905
1361766971507937281
1361769750892859394
1361772674079485957
1361774563240136704
1361777238547521536
1361778425908895751
1361786837094846464
1361802533732315137
1361803345015504900
1361805077581881348
1361809659951251459
1361818526454005760
1361465702348161024
1361466057152733189
1361466941626589184
1361468747270279174
1361469214855467009
1361470850231246853
1361473520652464137
1361474565659107329
1361479126624927744
1361480439597268992
1361481913362481153
1361483033208061957
1361483034118225922
1361499301164298241
1361502999181291525
1361520929273221120
1361532381044346881
1361532787220754433
1361533732939829250
1361536035814055936
1361548826776121344
1361549115474255872
1361558685508460544
1361559110194520066
1361560574388293632
1361563041050087424
1361563413323915264
1361563532538576900
1361569917103976449
1361571858915680257
1361574029954580484
1361574113274441728
1361575503111610370
1361575740509212672
1361578577599340545
1361585354776727552
1361589608136474624
1361596862088765440
1361597445898182656
1361602737813790720
1361605120006385668
1361606863406702595
1361614116457242625
1361619170476048386
1361632415215624193
1361632775649062913
1361638373534949379
1361698154689757189
1361700211182211079
1361711240821813250
1361715125481312256
1361715562473226244
1361717112092434435
1361717479299497985
1361718129911599107
1361721056776626178
1361730092582461441
1361731594600517638
1361737781224046594
1361746601174310916
1361748587445706758
1361749823880192000
1361754237928050688
1361764888700420098
1361768550910881805
1361774959689883651
1361776277083086849
1361781944577581058
1361783451943391241
1361789158293929989
1361791121324732420
1361796585009602560
1361797506858962945
1361797507643101187
1361804092734115849
1361814128873140224
1361469602228625408
1361471142276513792
1361472863350362112
1361475800210546688
1361476632524050432
1361476795581800450
1361480539346067459
1361481171759214593
1361485336157765641
1361488369931456513
1361488783217209349
1361496224847781889
1361498284502704131
1361498331759976450
1361513351281397770
1361525711480254464
1361529768122978304
1361533507642789891
1361540921217679364
1361543999648071683
1361544886126866433
1361545011180032000
1361545844286103555
1361551809358274561
1361560234251210753
1361561807828226052
1361562863219986436
1361563930750046208
1361567890487595008
1361568072264519680
1361570117218353153
1361573052073594881
1361573375869657090
1361574072262537216
1361574120165675010
1361574585146212358
1361577369811746818
1361579026750537762
1361579665064869888
1361583248296587264
1361584023789797376
1361586115791253504
1361586687906902017
1361591957844348928
1361593207075840002
1361593422977650689
1361597434154135553
1361599965487857669
1361603649026277377
1361606495679500288
1361611342826897413
1361611908823060483
1361615677933711362
1361617265175769090
1361618125058433026
1361625973347729410
1361634687752544259
1361635252423254021
1361637178577739776
1361637592375164930
1361643245881679874
1361647656624340998
1361669284502634500
1361669837626441728
1361671494804377604
1361672683780509699
1361688240550514690
1361689525068697601
1361690624047595522
1361719640951558158
1361719742793449475
1361722076948742156
1361725750785761280
1361727776705949703
1361727836525051915
1361731473867476999
1361733876712951817
1361736542516105229
1361744096763723777
1361746505812557826
1361746929785397254
1361750402555912196
1361753348958007296
1361758321028521986
1361758940741140492
1361763026928603144
1361773774891343876
1361774069604110346
1361777892397625344
1361778276931411968
1361779748268081152
1361780417955848195
1361781390262599681
1361781486672871425
1361789172760145923
1361797111550009347
1361797506506498049
1361801281388568580
1361802128914792450
1361802159352918017
1361802318681882626
1361805060863373312
1361811719497089028
1361812523306143744
1361817734540099589
1361818176334495747
1361467329457053696
1361467390970761216
1361467757263548421
1361467958577553415
1361469269419175943
1361469778616025090
1361471298204016651
1361471526684549122
1361471637825216521
1361472115166359552
1361472356305276928
1361474241196154887
1361474735184478208
1361475764252794885
1361476418711007238
1361476732650467328
1361477652268388357
1361477952916054027
1361478759187157000
1361478844818022403
1361480412992729102
1361481365242413059
1361483303077953536
1361484984238899205
1361486794324328449
1361487870603706368
1361488848686108673
1361488865874345987
1361498464274833411
1361498871281639427
1361499515887509506
1361500794638524417
1361506979416539138
1361514001725808647
1361514171859226627
1361523643545759747
1361526137646698496
1361531564446916609
1361538201475821573
1361540354403692550
1361541771315003393
1361548165577596930
1361548637013118979
1361555914650750977
1361557404043853826
1361558137699004417
1361565241189007363
1361565295463301126
1361568532945854464
1361571012240936961
1361571017861320709
1361572539613470720
1361577473994063874
1361578634969034752
1361578755207159808
1361579407480152065
1361580434778427392
1361580731881975810
1361580951290134529
1361581726779269121
1361582536036605954
1361582983841517571
1361584782107435008
1361589400078082050
1361591019561713666
1361594300019052546
1361603725681250313
1361609058197917696
1361610474387894272
1361610898562027520
1361612251564761090
1361614706415456256
1361641572392177666
1361643027115225090
1361652807141629955
1361653141536727047
1361664855154036737
1361668592245293060
1361674168257941509
1361680562721878028
1361683434607935489
1361684793558188036
1361692791378690059
1361693020370927622
1361694633294786560
1361695530351525895
1361698294922178560
1361700249430073349
1361702253552312321
1361711177903013892
1361714602875174912
1361719141300719619
1361721688929542149
1361725584439726091
1361731750624436230
1361732754799538185
1361732845404889089
1361735313547292681
1361737828623933440
1361743871538061313
1361745716620759043
1361748249837772801
1361748515626618886
1361748656014172163
1361757488924753921
1361760939519918082
1361763942775873538
1361767164441722882
1361767863858651136
1361767943885979649
1361769777539264515
1361772542202179593
1361774273480785928
1361775500906102788
1361775678778204165
1361775918113521666
1361777384396095488
1361779687026999305
1361788496038555662
1361789954238656512
1361791412136779778
1361793727891714052
1361798618571751424
1361801688894627848
1361802573578203138
1361805416934555650
1361808278058110976
1361810183580766208
1361811023066525700
1361812239909613568
1361815426276163588
1361817064785199104
1361817977092403200
1361818396858474508
1361819042466721795
1361819047713779714
1361465313959682049
1361465315960397825
1361465904660439044
1361466151293886470
1361466502545817600
1361466581436489729
1361467178793512960
1361467729035804675
1361468554151927810
1361468711081824256
1361468758469054465
1361469105556119553
1361469119472754693
1361470220800569354
1361471157011111937
1361471515468959746
1361472119046078476
1361472155402272781
1361472165317644288
1361472440212291585
1361472515147718656
1361472705116180483
1361473069798158339
1361473532019027970
1361473604605513733
1361473641809076227
1361474006210256897
1361474055275220993
1361474253531582466
1361475657335771146
1361475744837349377
1361475896855650304
1361476130906202115
1361476175923712000
1361476883427299336
1361477299057659907
1361477396856250368
1361477425843101701
1361478570573504512
1361478962216599552
1361480414381105155
1361480559885713408
1361481294471954432
1361481318425624580
1361481441650085888
1361481880508518401
1361481888414670852
1361482286873600000
1361482926228180993
1361483201299050497
1361483587405684740
1361483743484141571
1361484576535756800
1361484749093666823
1361484853242388480
1361484904551378944
1361485665238679554
1361486466141085697
1361486496088391684
1361487034284711937
1361487545977229316
1361487876559618048
1361491519044276225
1361493082550771712
1361493099567054849
1361493493550637058
1361494534287409155
1361500435916414982
1361500651696644102
1361501777590419456
1361502453439598592
1361503012561240065
1361504137410715648
1361509818482188289
1361511367182848007
1361512610970152964
1361513548585840641
1361515038796881920
1361518886114365441
1361519023503081473
1361520390904946689
1361521463761666051
1361525779327299588
1361529067317514243
1361533261588160515
1361535652601364490
1361537317127680009
1361540504517812227
1361549372606021632
1361550098120003585
1361553486912106496
1361553931508285441
1361554019777458176
1361557324708671489
1361558322533564416
1361558779087749123
1361560943646367744
1361561233766445059
1361561519528509440
1361562439129722882
1361562453595709441
1361565668643078146
1361566180943802370
1361568472996659201
1361571208408481793
1361571632670789634
1361571747099738112
1361572185085792259
1361572316635873280
1361572413515968513
1361572474492760065
1361572583762722816
1361574102566375424
1361574437523456003
1361574510445658113
1361574896967507969
1361575599794515971
1361575695021969409
1361575855693041666
1361575911062188032
1361576015437459459
1361576147595780098
1361576606473543681
1361576939966894080
1361577626092015616
1361577756119687171
1361578628392382464
1361578652706746369
1361578807744987137
1361579026557652992
1361579253234618370
1361579342556368898
1361579626255032323
1361579661944307712
1361579818307887105
1361580392080375808
1361580658490028035
1361580697631272961
1361580798458142720
1361580845576957953
1361585305636192256
1361587303735570437
1361588582985646081
1361588734169403394
1361588970539405319
1361591544130785290
1361592796336041985
1361596099916627969
1361596663928938498
1361597192776081411
1361602988708663296
1361605092936470530
1361606505485766664
1361607564769824768
1361607892332331009
1361607914893561858
1361614056470294532
1361616705299046400
1361617567178186754
1361621925823471618
1361622070342406146
1361624003987832833
1361630992377786369
1361640440865390592
1361645047310135298
1361648470835224577
1361650703039627265
1361652564698271746
1361652778658111489
1361654207816884227
1361659642330374144
1361667089442963459
1361672424819941383
1361673073653612546
1361675999046479884
1361689724201615361
1361690581680984066
1361692022718017541
1361692193187053574
1361693140051238916
1361694277814931459
1361694713842032640
1361697629122486280
1361698972138696706
1361705919587966981
1361708194737848324
1361714995222970371
1361715034418798593
1361715303932186624
1361715955785695233
1361716972161929219
1361717181638131714
1361717327276949510
1361717446617489409
1361717558550941698
1361717890957914117
1361718196357767169
1361718297574715394
1361718344223711236
1361719361367642114
1361721299924639750
1361723369100619781
1361724086351724550
1361724703145091074
1361725105718632451
1361725399558938624
