1365641582431600640
1365673800721907715
1365628782233722881
1365629600727003138
1365629397571616768
1365637555627184128
1365599354522894346
1365609965336027137
1365614355816022017
1365576290842116098
1365630258708418560
1365718294179835910
1365716354960138248
1365633750994980868
1365561930115653632
1365607773044674561
1365620135109799938
1365579343204876289
1365693232684953600
1365618015358877699
1365702815172165634
1365542452606754817
1365462621110104064
1365618432281034753
1365625862129917956
1365571778202984449
1365731181753417739
1365789985606160384
1365593113155297282
1365637264076865542
1365598366013526017
1365626561441988609
1365588846356922372
1365677836003127296
1365508794399272963
1365719529813401609
1365511979960438785
1365597626100576261
1365631768125181963
1365633956108898305
1365635522568347648
1365607734545113089
1365729155120304129
1365511978043600899
1365693655391080449
1365605846642737157
1365639293792845825
1365610146035085313
1365660923004936193
1365481779684139016
1365599851170263046
1365603233801134083
1365634530313449472
1365620823680290817
1365557277575544832
1365586124765290498
1365606774833840129
1365615134023049218
1365601685549289472
1365746569325277189
1365749607846850561
1365752569612689411
1365611958590984192
1365632011826847754
1365602598691229697
1365606201354936324
1365640113867419648
1365639433790357504
1365609883735887874
1365601550136188935
1365605272308375552
1365481548284387332
1365527078276325378
1365587947379175431
1365592728978018307
1365639945369624579
1365640573282095110
1365540288404598788
1365610125902422016
1365640474028048387
1365619368097423366
1365561831247478792
1365600944373833730
1365695545117966341
1365577673972580354
1365590117063290884
1365609419149557762
1365780212978442241
1365592519979991040
1365611554968854529
1365616878111117316
1365624169077989376
1365573288647344128
1365560923293949954
1365588110776573952
1365614031348912130
1365624477040730117
1365735627422064649
1365475329930838018
1365589503646314498
1365589609346957318
1365691522801369091
1365473534861058048
1365585777879621632
1365602323578322947
1365619771576905729
1365634597782970371
1365638220671832066
1365776952183898122
1365559702726320129
1365501401460314115
1365697137628094466
1365625130177748992
1365620567903248384
1365633064983015426
1365601909793521665
1365608439968387076
1365624767680819203
1365605121409826818
1365622109955883008
1365623035236143108
1365547937137381381
1365590840106754048
1365601988021530627
1365632743791599619
1365559316217024512
1365561372516483075
1365609921836961792
1365618018718539777
1365623211203813379
1365636640564215810
1365492245361815555
1365625521237864453
1365585746049040386
1365609813569384448
1365668274638180358
1365636360779014149
1365616483741675522
1365633087388925953
1365750596242976768
1365522154545160193
1365604312102141953
1365629456556191745
1365794128508772358
1365458989719371779
1365636094251958272
1365600919648428035
1365606796119924736
1365625022421827591
1365481780011171840
1365602771236515842
1365638880112889859
1365527033695129601
1365627246766133250
1365627995680030720
1365631588743213060
1365804874856808448
1365601347308040193
1365574498574094342
1365591651960426497
1365614180422795267
1365794496303276032
1365496879992119297
1365594038032760832
1365595026613542912
1365599000569794562
1365626576331804673
1365686812023410688
1365496879375671303
1365583060599775234
1365598296878813187
1365614461227253765
1365617878498762753
1365474230666752000
1365480409601990658
1365532670269267970
1365634512936439810
1365691568577912838
1365704062155567109
1365548552131346433
1365555982982643713
1365599662045081605
1365607625556185091
1365526872625467393
1365588035430191108
1365628449159868416
1365629851516960768
1365632482478084103
1365738512574726145
1365788629050810368
1365581559840047105
1365587513038032898
1365587761177243650
1365604129599598602
1365614879617527813
1365615424382066688
1365631536867991553
1365638305489031173
1365638394022408192
1365670356942471171
1365723372286447621
1365750639041642500
1365790675430748165
1365570052238499848
1365575795482230785
1365594294950756355
1365603103349878784
1365610823188684800
1365612769995849731
1365620019590217730
1365622889534390275
1365632352664305664
1365787684715790337
1365570721045504002
1365587675013668869
1365608906043621379
1365616248067883010
1365626183363215360
1365627779954446339
1365801914684891137
1365547916132311041
1365586716493549571
1365606740058849283
1365746503873142791
1365462917269831686
1365481782309752835
1365557281396387842
1365582575868215296
1365600955643928577
1365611102881673219
1365618923698335745
1365629084928258057
1365632549922422786
1365633878061441024
1365636685862760450
1365750266478362625
1365761151737487364
1365799666978283525
1365451581903273986
1365501988797038592
1365557152350355456
1365594315569963009
1365599848469307392
1365602730308435970
1365691574756212738
1365804549706027022
1365505439023128576
1365590630030802945
1365601951585628162
1365626490092666883
1365630449742209025
1365638278188302336
1365716185887739909
1365789013714624514
1365507999876399106
1365581277294956550
1365581813498998784
1365604604134719494
1365605894936002564
1365614555242586112
1365624128594726914
1365625599335813120
1365638502180921344
1365666784456683525
1365733175217954817
1365527077491998720
1365572922555969536
1365579656452333568
1365603962603331590
1365615157985112064
1365615964704899072
1365719749267709958
1365760333919494146
1365761120687042562
1365776995494342657
1365474230809157632
1365589009330823168
1365592687232114690
1365598615314583555
1365598756511621120
1365602577094615042
1365607362216738816
1365611651551084548
1365630893952393219
1365640561726783488
1365501960242286593
1365565280034947079
1365568652192477185
1365569953722757120
1365584264025301000
1365588877117906952
1365607245464166407
1365619411823063048
1365620943872212997
1365624113025458183
1365626467162423298
1365627176469594112
1365628572312952839
1365630490275966978
1365632803271045127
1365752708687396864
1365511981143367685
1365561505580654596
1365574263042961411
1365587435300749313
1365594103300374528
1365595950388027393
1365598676303888387
1365598936635957249
1365601608432824322
1365607795777630210
1365623710254776320
1365627503482667010
1365640876828073985
1365754676579164163
1365524727905857543
1365529891291152385
1365533698150514689
1365552243475324932
1365561454158569476
1365568298545537025
1365584534046191618
1365588704245534728
1365590132125007872
1365590276153241601
1365591249017831425
1365595333884002307
1365598236111740928
1365626808390057986
1365627768722124801
1365639571137036288
1365641066637111299
1365796191296962561
1365451583861915651
1365489329846456325
1365545952182820869
1365559424794918914
1365572534041772034
1365582392631656453
1365584246543437824
1365587250675859457
1365595676017651712
1365599641589469185
1365600207547858947
1365602581435666435
1365605993636392962
1365612203563487235
1365613531933118467
1365627201316651009
1365632955905961989
1365632987270889472
1365633131768913920
1365636654090878977
1365638336640073730
1365639407584366594
1365666747978768384
1365687618600644611
1365714112139964418
1365514494768607234
1365536200644247552
1365558395445661697
1365559952245456902
1365564946810089473
1365579916432076803
1365600500733931521
1365609396743659521
1365612641448845319
1365621876031164418
1365626482899509254
1365633946999001088
1365635776978046977
1365638902825029639
1365693276330876929
1365710788321763336
1365459130102726662
1365472197238734852
1365502038101098496
1365531859095064576
1365537603483815937
1365567116083159040
1365567572666703873
1365582771905835008
1365593311852036097
1365595605318393856
1365598800216084484
1365599167041720320
1365601140801437700
1365603449782603777
1365613472982200327
1365621275918540803
1365624286841602048
1365634414793920513
1365636690237411328
1365639424617365505
1365724110622351360
1365741586890563584
1365452600972365825
1365553488340676612
1365553906219032581
1365556310415200256
1365559055431909377
1365561768391622658
1365562702886805506
1365563187819667457
1365565226935078914
1365567342923681793
1365572377103400965
1365574383016755203
1365584674312101889
1365592232137547776
1365598781769678850
1365603888758362114
1365604077036580864
1365610357457358848
1365616492260261891
1365617740237660161
1365631331103875072
1365631976921784322
1365633962035527687
1365733289932259335
1365769493021138948
1365770923236880386
1365781528744255488
1365457394382348289
1365568623964811266
1365570423728066562
1365589223752007680
1365591225831739395
1365605508170870789
1365607404419833857
1365608073008721921
1365618441508454404
1365632775030734849
1365647485209894917
1365661827997331459
1365713115778809864
1365790839407079424
1365452602662653961
1365489329972285442
1365559669301915648
1365585641615032326
1365587917691838464
1365591056260214785
1365592526267310080
1365598626739855368
1365599919361376257
1365601950314692608
1365602165759352833
1365602614008832000
1365602827024932866
1365611885865947139
1365611891498835972
1365614042820313088
1365618852600700928
1365620552581406721
1365627029551480838
1365627041048010757
1365631791881715717
1365631865504284675
1365633116090621955
1365633358143832068
1365633925696155651
1365639442229317636
1365640203558346756
1365640324203225089
1365689138960302081
1365729149575380995
1365729214100627464
1365746604230250503
1365762640539131905
1365784971638636549
1365793422276251651
1365801193272934404
1365454374567313430
1365456613633495040
1365504429030432769
1365522961499881477
1365557278020149249
1365567729252589575
1365571510413516801
1365573634748796929
1365582299820134401
1365582574379229186
1365585415374266371
1365591296388259842
1365595042698698754
1365597386622574592
1365602616005320705
1365611538669850627
1365613130865381377
1365621189201248256
1365621374115545088
1365625953284669440
1365636453590532100
1365637121105616897
1365637181042290692
1365639095473610753
1365639640527568896
1365640239482552324
1365684622647001089
1365693343381020672
1365791319235379201
1365791484298067968
1365800099725598730
1365490846938914820
1365540415416500225
1365543436087091200
1365564826890739712
1365582360142639107
1365582931935326210
1365584753366343682
1365587821864574980
1365590859090190338
1365595043185180672
1365601500072927233
1365615440496574469
1365616214064603140
1365617890318286849
1365622081497554945
1365627693019107330
1365629313278758920
1365636024332939267
1365648177295155205
1365694765031907331
1365699180606406656
1365713491881959424
1365771658578063366
1365773285359812617
1365791599989514243
1365796185450102784
1365802125998104577
1365802655944171524
1365458344924880908
1365485297040039939
1365491110592851968
1365503480006377476
1365504429076717571
1365508009980477441
1365509856237522944
1365526872071827460
1365542298659016706
1365543980545490944
1365554797198401545
1365563764058320897
1365567912766033922
1365567922844954626
1365569867475283968
1365574438624837634
1365578128219848704
1365578859438100481
1365582123470622720
1365590874239950850
1365591867392487425
1365597848822235136
1365601505408135168
1365603150430789633
1365603802540347392
1365603911818752004
1365609716970364930
1365610290109374465
1365612635786522624
1365614006015295492
1365614980373094402
1365615602614861825
1365617656955613186
1365626081114488836
1365627803560009734
1365629010663866368
1365629048823627777
1365631945724502017
1365631989928259585
1365632065027379204
1365634125835698178
1365634823772016643
1365634922644406272
1365689798086844423
1365699254040350724
1365713304744697856
1365723467430178816
1365738470589792266
1365754389919633408
1365788575527096325
1365791751303294976
1365797248337084424
1365798608709300225
1365455355044634626
1365500217857110020
1365511978953957379
1365515753097629699
1365570372926660608
1365581058188734466
1365581316373188612
1365585947795087361
1365586644208812034
1365590314635980803
1365594170258259971
1365595053872275461
1365596668821987333
1365606877208395778
1365607984420814850
1365611066672226304
1365611773072715776
1365614418319577088
1365618002541113346
1365619949209669636
1365620822698819585
1365622522872549377
1365622559719501827
1365623285975777293
1365627135382220807
1365627521136525312
1365628164978933760
1365629208475615234
1365629535983665154
1365630708618846210
1365630865590669320
1365631262199799810
1365632265716432903
1365634820743823364
1365634846295523333
1365635290690433027
1365637552456237056
1365638177113931781
1365638474876018694
1365638514583482373
1365638669797912581
1365641079123546116
1365641096735444994
1365697808318226432
1365701123189923842
1365702319007019012
1365716064336814082
1365724439233650689
1365739586941579285
1365755089017729026
1365772444481511426
1365787147165384709
1365798036107051027
1365799260701229061
1365802125251530770
1365451819951017985
1365458865161134084
1365485269424693252
1365502537269403655
1365528746212663300
1365534889622315009
1365545451450212353
1365549470323212290
1365549737173221378
1365573622270689287
1365578217998942208
1365579620041515013
1365582198406021123
1365582702657724417
1365582714699718656
1365585862675808263
1365587530196934660
1365590658426273792
1365590852450541569
1365591921117323264
1365593293711622144
1365593961147039748
1365595437844070405
1365597063866638337
1365597695809892355
1365601379960643587
1365603596088320000
1365604304606941186
1365605462301884417
1365607655767687168
1365610463405432832
1365611124587171841
1365614879827230722
1365619142238351371
1365620284892606465
1365621304850800642
1365626383121207296
1365626961448607744
1365627356895989764
1365627500009766913
1365628389399363584
1365632034501132289
1365632075169226753
1365632774007361537
1365632777916272645
1365633031902494723
1365633244155310081
1365633345632292865
1365635376283541505
1365694716273188867
1365713827451596809
1365725977393905664
1365729984795525121
1365733437441642496
1365735505317552135
1365747798122110980
1365760830063706113
1365763939271921669
1365790312078041089
1365791516669673481
1365793319427710977
1365794525889888258
1365796496365531141
1365500219442487297
1365515847893200902
1365527082852175873
1365527191170265088
1365528470537654277
1365529275814858754
1365551433957969920
1365561577487953923
1365562545302601728
1365567486087864321
1365570618586972161
1365580929482244098
1365582382447927297
1365583405090541568
1365583494773145600
1365583700591665152
1365585561768124418
1365586023481298944
1365587547041185792
1365598292550295553
1365598860870094849
1365600244155764738
1365600318801793026
1365601496188948480
1365604529933320192
1365605598964969472
1365610150921396226
1365611421397090312
1365614349549772800
1365614833685696514
1365619276607086603
1365620279964221448
1365621112307089410
1365621143395315712
1365622954017628161
1365623680580124672
1365625115824828417
1365628999393812485
1365631125599776768
1365639746274394112
1365640324601683976
1365640578369748992
1365641299647463427
1365697329270054912
1365701570558648323
1365721798592106499
1365749975821484033
1365770228563660803
1365778200182345729
1365790837469310980
1365792319581130753
1365465976779767810
1365473372315004933
1365476167323639810
1365524561001865218
1365525404442714112
1365528734241984515
1365536513820422144
1365542680701280257
1365543748302745600
1365554020312571905
1365554273854119936
1365559438137032704
1365560254940008448
1365564514314444801
1365569457981186052
1365578999481663493
1365582442397114368
1365583267810934785
1365584561405591555
1365585149426085889
1365586897733619712
1365588133388177409
1365590532425191426
1365593695563755521
1365597466934972421
1365597872473985027
1365603079870164993
1365603524281659394
1365605695807254529
1365607181723303937
1365610044730015744
1365611865263464450
1365612916720959488
1365613069167185921
1365616030765228034
1365617105450786818
1365617676253552641
1365617680254980097
1365617682704343040
1365618059193556995
1365620285085540357
1365622052372234240
1365622186514513920
1365623227813425154
1365624277635072001
1365625224331333634
1365626227315400705
1365626337575198720
1365626554924081153
1365631192037474306
1365633289059459075
1365636194688790529
1365636519290142726
1365636549199585281
1365636930545811459
1365637083935748102
1365637633226010626
1365637950009204736
1365639189186949121
1365640276979707904
1365640854124126209
1365646829849870338
1365674817228136448
1365693376834715649
1365718571473653762
1365727781091483649
1365730717267873797
1365736259650519042
1365742781617086477
1365747172524908550
1365748658629664774
1365782372055138312
1365790518735757312
1365794489898586112
1365795676458790913
1365806195718696965
1365457464460783617
1365467699313336321
1365501254705811456
1365531020687273985
1365534419457609729
1365536021203582976
1365540667158532100
1365549655157841920
1365549727534755846
1365549944090812418
1365550985196625923
1365551733733261319
1365557016786309121
1365559282775826432
1365562016107094016
1365562320324288512
1365562997502996480
1365566306473431040
1365568748334313473
1365569161364135936
1365573038645927936
1365578667624042496
1365578907391508481
1365580595229843459
1365580652297543683
1365581765868462080
1365587163908341761
1365587437657939973
1365587477939974147
1365589429864329217
1365589451976671232
1365589835357057025
1365591876456378369
1365594062586212353
1365595025166450690
1365596442031775746
1365597714931679232
1365598405871992833
1365601880513019905
1365602466394423296
1365602576725659650
1365603306396151808
1365603463674155010
1365603711884685314
1365604409703563269
1365605408342163456
1365609082971975684
1365610900670066688
1365612007009959936
1365613045691654144
1365613872200220672
1365614926996393991
1365615317163118595
1365616732044468226
1365617163814502403
1365617995142344708
1365618052029698048
1365619054141181952
1365619484459995136
1365619706049294337
1365619749238038532
1365620243935219712
1365621815029161984
1365623443937497091
1365623488728485889
1365623500648706053
1365624497928347654
1365624612814540803
1365625226021593089
1365626971615604736
1365627311618478080
1365627938734022660
1365628053162967041
1365628314241486853
1365628500477161472
1365629297378136065
1365629567382257671
1365629588408213505
1365630923593707521
1365631094285074432
1365631252569726981
1365631811594911744
1365631905589317632
1365633730149236742
1365634518745559040
1365634828192858114
1365635881844027394
1365636371814240258
1365636692477157376
1365638960555433984
1365639065664557059
1365639396721049608
1365639887953756160
1365640325914632192
1365640735408746499
1365642284000301056
1365668341822738434
1365682261497159681
1365694141758386179
1365695004321153027
1365697253403471874
1365727836389138434
1365728813737459714
1365734131485855746
1365735288492843012
1365746523779268616
1365753572881653766
1365758296389468162
1365759128082210819
1365759855038988292
1365770157268881412
1365788466412404738
1365451964348309507
1365453217384038400
1365454788322865152
1365455928070397955
1365459665266556934
1365469449923530759
1365472867018760196
1365474948031078409
1365476746045231105
1365481784838746114
1365502271618957313
1365510074299543556
1365516280095252481
1365533756891742208
1365534627293581313
1365543247355985921
1365553291577458688
1365557278854807553
1365559681150771203
1365562501782532096
1365566835681337345
1365568081997799425
1365569015674994688
1365569859401187331
1365569871803727876
1365570659724767233
1365571117927124993
1365573640335609856
1365580160720920576
1365581325206487040
1365581941936947201
1365582116466143232
1365582634622017537
1365582758316290050
1365584284438921225
1365585781503492099
1365586007530352640
1365587685998485509
1365587813710913536
1365589992156917762
1365590043293863937
1365590529753436160
1365592508806299651
1365592685457903619
1365592914097803264
1365593658792288258
1365594216718610434
1365594811936497664
1365595243366744064
1365595414628556802
1365595612264222723
1365596072865914880
1365596941451751429
1365597783613399046
1365598090883981312
1365598917652529153
1365599434197897217
1365600146898247681
