1387018556110516229
1387022886108598272
1387002981447606272
1387002912614850563
1386976668464594948
1386833806972358657
1386971411852546050
1386984574161461248
1387047430357544971
1387167317935669251
1386981660651044864
1386995211444838400
1387045229665013762
1386998489784147970
1387004068825075712
1387108693112668162
1387017516011114500
1386984026519527427
1386915511796068356
1387157696479121416
1387185641364934658
1386906312655659008
1386993704259526656
1387126933591400453
1386973911661821955
1386984409119739906
1386967679999823877
1387087515652399110
1386962730951839746
1387010318547755013
1386984696140242944
1386988130549518339
1386971508703170561
1386954548305084417
1387002642002493440
1386837129561530369
1386996681422540800
1386922876675178496
1386961185803747329
1386843157653041152
1387023789754564609
1387151284738961413
1386926312166764546
1386940937121697793
1386999682052894722
1386986536760139778
1387013837480730624
1386968259413544961
1387005742574710789
1386991514820222977
1386859200068919306
1386987560346521601
1387001411783774210
1386988019840913416
1387014033228894210
1386996658471383051
1386968864538439681
1386975909287137288
1387134581883744256
1386885312656416770
1386973782536069125
1386836239106514952
1386835604680450053
1386842066584580105
1386973490583162888
1386979808958164996
1386918623277510662
1386968037023223813
1387005650828468228
1386855165525954560
1386970062473646081
1386959212660592643
1387089958075355136
1386853045875642371
1386968343010320384
1386969974418313218
1387082437549858820
1386943547887214592
1386982200768442368
1386981022261301259
1387012991015473161
1387104876640014336
1387057698336825349
1386989832979746819
1386968100990603265
1387002959532277771
1386989181000376321
1387039603467583492
1387153979755347972
1387017806718308356
1386996706890375168
1387012769149558789
1386967627252355078
1386986650031566853
1387006938089762817
1386832564938215424
1386856027296092167
1386968108892622851
1387003146011123712
1386980257765347331
1386989091036798980
1387015083277041666
1387181956765556739
1386983303383764993
1387015626951204865
1386961809756901380
1386987903239213057
1386976038438191104
1386979859990188033
1386995893191196682
1386936696772628480
1386955251417288704
1386998329960112130
1386847642471346176
1386973761979699200
1386981593961611264
1387018816467701760
1386876639703883776
1386991518787985409
1386892571172032512
1386955690447540226
1386968409565503490
1387014270223855623
1386962263337275395
1387001621419380738
1386877763336933376
1386982926584328195
1387000236699267075
1386978753423814656
1386999584396922880
1387008523784134656
1387014172551098373
1387136986255867912
1387169946078167043
1386867479822147587
1386980167764021251
1386980942577799168
1386990196596543488
1387011739242401793
1386909468819136512
1386968738499543040
1386976951068397569
1387030364078678020
1387119436826611714
1387168049837531140
1386837634308247554
1386857397457760256
1386878594828410880
1386951238890270720
1386961075413868548
1387014433264881672
1386994962600968193
1386839292597706753
1386856933777367043
1386882589336743938
1386971091785105408
1386979845813460992
1387017251690323973
1386842290467926016
1386990656472682496
1386997670150090754
1387057289161494528
1387174270946746369
1386856072498057217
1386955270669180931
1386955696533540873
1386970876424294402
1386983685895901185
1387002801008558094
1387015638636503043
1387079089312444418
1386882572580491264
1386968052630228992
1387016680921051136
1387066526109519877
1387073084642021379
1387146228010475526
1386839735641989121
1386862472439767045
1387003020525846530
1387032922339880962
1387079773676056581
1386937965130125313
1387056273506521115
1387164780994207746
1387186114436415488
1387002163579260928
1387128726278791169
1386858277611388930
1386865407605284865
1386969190855290883
1386982163296444417
1386989593921155074
1387000057459793920
1387182269270355971
1386838192150794242
1386981659510284288
1387013275381125133
1387026584276815876
1387181675248078849
1386953900398415875
1386954287658455041
1386978426272161792
1386984676812902401
1387005408531914752
1387013663245041664
1386845304247496704
1386877763831828483
1386906021029875716
1386968166530617348
1386982890034974720
1386993391695716357
1387004659253002242
1387006659827011593
1387009883237765121
1387024908643979267
1387175977835368450
1386832608466722816
1386862664186433541
1386923125867261952
1387000355746091011
1387008624904392707
1387009918381740032
1387036341893017600
1387091149958037507
1387172097865052160
1386924343968636933
1386969762215956480
1386973830355329027
1386978480605249537
1386988690396823556
1387016175045935110
1387171425744732160
1387177178941509632
1386893452865163264
1386940716799217664
1386947964472549377
1386979206253490176
1386979563406770179
1386991009268109313
1386998560940466180
1387009019877994498
1387012399945986050
1387012508326809601
1387040936882884619
1386885520777744387
1386906009139023873
1386945671190786049
1386982653187051520
1386996149232541700
1386998077748350976
1387071822500450311
1386843702308519937
1386956797815234561
1386960825970315268
1386962676321038336
1386974034840236038
1386994523650379778
1387002254675304453
1387011149099683844
1387014088807657473
1386840029859917824
1386855113445281796
1386855449807495168
1386951651907489795
1386952593033900034
1386978747421691905
1386981310804209667
1386993961785516032
1386994099459350531
1387003511452356608
1387007444749062153
1387009403241603072
1387018801934438400
1387023724587610115
1386932978895532034
1386968758200197121
1386976681915789314
1386976930927456265
1386983226804162562
1386983428118228995
1386996349774835714
1386999960240115712
1387005430157750272
1387006625408561152
1387007084999417856
1387013824570699783
1387014012412514304
1387015889707573248
1387057965706973186
1386870125693915137
1386904699123732483
1386906184595218433
1386935456869326848
1386938515561271297
1386950578165583872
1386993266298601477
1386995241455079424
1387005669002330112
1387008141741678594
1387009385466105860
1387013667506606081
1387014573962629124
1387018107114360842
1387187304796667908
1386957776828653568
1386971504328519680
1386994802089156609
1386995242294030340
1387001075492917249
1387003496688459777
1387005247009300484
1387010802125885441
1387016250459574273
1387134540381097986
1387174817976160256
1386834217397587972
1386837841930506243
1386842241549877250
1386848032663146496
1386858200843137031
1386933620791816192
1386957192415387648
1386967695149649921
1386969088526884866
1386981507810664452
1386984197286465536
1386998644377784325
1386999730912350208
1387018287737868288
1386847260961607685
1386847583994273792
1386873987813150723
1386945697124167681
1386960581526228996
1386977757696036866
1386982897815543808
1386983957934313477
1386991833453039621
1387014917367111683
1387142943501389833
1387172203746271233
1387180736613167105
1386891473291984905
1386936854218424320
1386945693424697346
1386953787676532742
1386966978221514754
1386967955406311425
1386975140467064832
1386982264031125505
1386999051128918016
1386999290061627394
1387007000123486208
1387043044017405953
1387055823973584898
1387102969720619014
1387163083190292490
1386869809925836809
1386918293676728331
1386947828820414464
1386974916914950145
1386978929320382465
1386981507680571395
1386987876206907394
1386992442340265986
1386993294027149313
1387001329747468292
1387002755156529161
1387003451389796355
1387084496369971205
1387111805969833984
1386834931091865602
1386847703649370116
1386859378486267906
1386960550425464836
1386966006329974784
1386968874894209027
1386972501385875457
1386976485626494979
1386976567327350785
1386976777965297664
1386984236331282436
1386985709148516354
1386987399587192837
1387007870043148288
1387010803224678400
1387027235614380034
1387093194282868745
1387097395964661765
1387107956601278471
1386841945834721281
1386847568383070211
1386866438036549635
1386961398236917764
1386962792104726529
1386967864909905921
1386969925357559809
1386979793636298752
1386981708432502791
1386995371474362368
1387000203790667780
1387007625519374342
1387015335442845699
1387016043256766467
1386832486773231616
1386833330126139392
1386834630133919748
1386838340683587594
1386842348362022912
1386874193967337473
1386880457573343233
1386947853122211842
1386968435343691779
1386968722842210309
1386979684202684417
1386980275960299521
1386990611316809730
1386993646491275264
1386996702452887554
1387003448303005703
1387009074013917185
1387017433060417543
1387026751352569859
1387063941021450247
1387093401192079363
1387097712206643200
1387146279738818565
1387161427480350726
1387167961367130116
1386845097698922497
1386945711204311046
1386946418460479490
1386947454747086848
1386953043560869889
1386961831709708289
1386967895557693440
1386968812956917760
1386969713398460417
1386971566387388416
1386977827661172737
1386978255954141191
1386981077160448004
1386985317954211840
1386989367953133570
1386994590868197383
1386998954718597122
1387014146181541892
1387025147278790656
1387028513308479488
1387033628643774466
1387038666615185414
1387089409326129160
1387104332886290436
1386837949464170498
1386851925627445249
1386929228524949505
1386953341914304513
1386953905368674308
1386962246492884992
1386962834219847683
1386965182233075713
1386968395887878147
1386970483762008064
1386971617771851778
1386972134594031617
1386972357089275905
1386972936209371139
1386974053878075393
1386976384669585418
1386976515749974017
1386979124191899651
1386983874169823234
1386985975742611458
1386990560892887041
1387002541959962628
1387005541545922561
1387007353233543170
1387019080171982848
1387127096779153413
1386835987507056644
1386841933910351874
1386845693403443200
1386856071881445376
1386867462701002755
1386877902361436167
1386882775119237120
1386904801674412032
1386938967136817157
1386942556039258113
1386954310370615297
1386954863834275841
1386954907249483776
1386965644281892864
1386968365521006592
1386968487436947459
1386969618556669954
1386975212646850560
1386976147918016515
1386989290987663364
1386990120688001025
1386991045381083136
1386994802579943425
1386995535102586880
1386996358167633921
1386997020968226823
1387003395014332416
1387003744039149570
1387013523851579394
1387024663172288515
1387073814308208640
1387099222420373507
1387131804537262084
1387140390025764865
1387173977362243588
1386850332144283648
1386900365698691076
1386906711085273088
1386914690622763009
1386930611437416449
1386933084902223872
1386953262281146370
1386953543295320065
1386955840901599234
1386957321721499649
1386958556453298179
1386969736848846848
1386970060217016320
1386971697107120129
1386972340232335362
1386973392801341441
1386974518078492672
1386980452762783746
1386980942678413312
1386983759203946496
1386984655027646467
1386984743707762688
1386986123067596800
1386986904302804992
1386987734363951106
1386991302546427906
1386992242150318083
1386994717582315521
1386994747886166016
1386995839428698112
1387009224706863106
1387009732574068742
1387025891310530562
1387037028701720576
1387062835314823169
1387093485220728834
1387095136304312320
1387116838119747586
1387176125454069765
1387176608591749120
1387178046302691335
1387178790808346624
1387185879400206342
1386832466376155145
1386837468931104771
1386853502811508738
1386865511141711888
1386875246029021184
1386885772930859013
1386892571113316352
1386912116603604992
1386933258177454081
1386946175178268674
1386946293667356672
1386949443694567428
1386956408688631812
1386962377694973954
1386966164530733056
1386968166308499458
1386970578486181889
1386974511401218050
1386974946052747265
1386982798590976008
1386984589521035264
1386995344555266048
1386995662626115590
1386995810504675328
1386995811536494592
1386996408419377156
1386999075329949701
1386999791067058176
1387001554226515970
1387003613197869057
1387005396754354179
1387007012337160192
1387007870038732806
1387009049846288385
1387012625704366083
1387012825839808514
1387013205449486336
1387013702096932865
1387014152821088261
1387015676326551552
1387044761681350667
1387060460130873347
1387063989901828099
1387087689363693569
1387119701789192195
1387155211882569731
1387179755007627264
1387180750273871880
1387186112901361665
1386833817563017216
1386847025313026051
1386863054789529600
1386879636873809922
1386930612221657089
1386934385744678914
1386944468390195205
1386946087131525120
1386955250326716416
1386955875416518657
1386957035468640258
1386957551019909121
1386959076299509761
1386960778725666817
1386964585203204100
1386968168040706049
1386968333204008961
1386968338178379777
1386968693893124097
1386969115122798593
1386970158766362635
1386971379627565057
1386971548100304898
1386972032408166400
1386975494135066632
1386979425246457859
1386979758085484545
1386981926834249732
1386983225696862210
1386983234303582208
1386983854414589956
1386983896714293253
1386984214491369476
1386991798342520833
1386993094437048320
1386994531657207808
1386998144563548160
1386998626526846986
1386998897252311044
1387001412295569414
1387005109897515011
1387006501575856129
1387009635480182784
1387011471373176836
1387013746753785856
1387017434134102019
1387029265020039170
1387039892664770564
1387062695497814025
1387087658506194947
1387093577054965767
1387097872114589708
1387155308707975175
1387164653902462976
1387174989313495042
1387185767022202883
1387186548035162113
1386832596118736902
1386864956549836800
1386865408209264640
1386867704930373649
1386874941899956224
1386879687150948354
1386885312601751555
1386887829058326532
1386925094392537088
1386933590026506240
1386935302485381121
1386938355053563911
1386944966836908033
1386952909682794497
1386954215268966401
1386955228684107777
1386955732231274498
1386956758443245569
1386963548488667139
1386964417435291649
1386966419376644096
1386966597995204608
1386968054932836352
1386968286445899782
1386969998359465984
1386970029846061058
1386971092884066311
1386974906781474816
1386976636722204674
1386976851344695297
1386979768587927553
1386980478343860224
1386980698012143616
1386981583010283521
1386983464499437568
1386983465199960066
1386984327091789826
1386985975784542212
1386987259015090182
1386988377841573888
1386989880555839488
1386992209635987457
1386996073244282882
1386997051033014279
1386997141311311875
1386997475165286400
1386999528688136199
1387002339874283526
1387004518018191360
1387004919509573637
1387005846555607048
1387005887039029248
1387007115273850890
1387008157201874946
1387008810884255745
1387009102241488899
1387009254880591872
1387009901117931522
1387013665354706946
1387014901768593410
1387015120283443200
1387015983676678145
1387017896694632448
1387034751697973253
1387084163526938635
1387084651643166722
1387091733222150148
1387116135942967305
1387123130112561157
1387128241148813314
1387167281223028742
1387170549424611328
1387179755418574850
1387183527385604097
1386836136526557186
1386842054622334979
1386850344622243841
1386873337905831936
1386882392099536896
1386885313188941824
1386894392162717696
1386897050869157888
1386900263546638338
1386902803688431617
1386905456300396544
1386907024210944002
1386910912678961155
1386917082185576448
1386926836026810371
1386934631681908738
1386937607599398912
1386943783732973570
1386947984873689091
1386952563598282754
1386952775611846658
1386955395307089920
1386959551640096769
1386960138318274563
1386961450288222209
1386961465903665154
1386963127611297792
1386964349579898881
1386964932302868481
1386965281256398848
1386966609387008000
1386967245243490304
1386968520362242048
1386968523839262723
1386968814441713664
1386969470950854658
1386969545949188096
1386969975580200961
1386971043311591425
1386973382965702658
1386974453666619392
1386974494523285509
1386976357943582720
1386977547750158343
1386977740310695936
1386978497416019970
1386979389917868033
1386979684664057858
1386980401017724929
1386982207974166529
1386984114075672578
1386984117653446659
1386985661614415874
1386986530712006657
1386986857225916419
1386987234067374085
1386987273904865280
1386989877485576194
1386990152246075392
1386990297796812802
1386991015551250432
1386991487808937988
1386991821327421447
1386991909189603332
1386993996921192448
1386995575631990785
1386996666109136901
1386999057814540290
1386999316485652489
1387001196888694787
1387001685554483205
1387003060900225025
1387003437066473473
1387003511020396545
1387004171325427716
1387008929142644738
1387011680304091139
1387012316265385990
1387012555676151811
1387013488049074181
1387013659872751617
1387013818136420358
1387014429447921668
1387020780186255369
1387021664676941829
1387023177310687236
1387024983184969733
1387026291161976832
1387035951650594817
1387068570593488896
1387073282780897280
1387074416769650690
1387107126494081024
1387108123190644736
1387128185494687750
1387134789308854280
1387158608002101250
1387172177976385543
1387172533472989185
1387175430759882758
1387177598854311937
1387179560970633220
1387183097171566594
1387185919644557312
1387186302009942019
1386837266694291457
1386838231178690560
1386839898687221760
1386846985840480258
1386850671807377411
1386851077232943106
1386862396522868741
1386879879694671872
1386898440190406657
1386913762259709957
1386914261700681730
1386924990436622339
1386935820033142786
1386946774338883586
1386953299434168320
1386954542374338563
1386954686477963270
1386954973263577091
1386957035439153154
1386957370018963457
1386960833977192448
1386962981674790915
1386963111308005376
1386963948159881216
1386966598079049728
1386967699612479490
1386967753677025283
1386967999609982976
1386971610591154178
1386972457354018818
1386972567894994944
1386973393128361986
1386974580280119296
1386977244409745408
1386977430578073604
1386978426196742145
1386978445847154689
1386979186548645888
1386979487947055114
1386980417086046210
1386980667427368961
1386981491494768642
1386982449880592384
1386982778835767301
1386983794570301441
1386985336354615298
1386985613702832130
1386986347500613637
1386987567783026690
1386988492379598849
1386989728843579393
1386989918568730626
1386991081791934464
1386992049992384512
1386992487005257728
1386993276742418433
1386993480782733312
1386993797507264513
1386993818432647170
1386994024771379201
1386998426689327108
1386998610034929664
1386999020816683008
1386999130082451456
1387001897022857217
1387002332664287234
1387002617381982215
1387003514484928516
1387003591861276679
1387005019401170944
1387007026107191299
1387007234157203457
1387007323290411008
1387007444455460868
1387008679040495621
1387010981658873860
1387012139911626753
1387013603665006593
1387015129573756932
1387015376442118145
1387016175050129413
1387017993251610632
1387021085443383296
1387026111549382661
1387032741464743938
1387043866122018816
1387043931519545354
1387075094623703043
1387077021889617926
1387077806715191297
1387091681707806727
1387118175159046151
1387119342316408836
1387127081327382532
1387127144082546693
1387129372209991686
1387135333813440513
1387145741764907009
1387145878830465027
1387149558820524033
1387151464817217539
1387171588655747084
1387173941219930114
1387175174647255045
1387177596249640960
1387178403678281733
1387178558485893125
1387185350792171524
1387187303588716546
1386835024104894464
1386836101441204227
1386845818817327105
1386851338726825991
1386864579469324295
1386865651407638534
1386868682589151237
1386877767501950976
1386880588011999233
1386883761992830976
1386892918875725824
1386896614485368833
1386899748423143424
1386899845819027457
1386901873098207234
1386905333633888258
1386907962749464580
1386918064722223106
1386918090731147264
1386920054491684864
1386932907793584128
1386933382496595973
1386933725892681733
1386936902306045955
1386937657024991232
1386941316668481537
1386941935571464192
1386952756880199682
1386953262285434882
1386955761474064387
1386955834689732611
1386956065632313345
1386956637030830088
1386956788222906369
1386958427679858689
1386958463734005760
1386959183220707329
1386960678796279808
1386963448932753409
1386965302924124161
1386968373997801473
1386968685538119681
1386968781621243907
1386968863376650240
1386969323349200900
1386969446619783173
1386969879627063297
1386971265131503617
